2905
2903
2903
2900
2896
2896
2900
2897
2896
2892
2889
2891
2890
2887
2885
2884
2882
2879
2877
2874
2873
2870
2867
2866
2862
2860
2857
2854
2851
2844
2843
2841
2843
2839
2837
2834
2833
2831
2829
2822
2822
2823
2820
2818
2814
2814
2813
2811
2810
2809
2803
2802
2806
2804
2802
2801
2798
2792
2792
2796
2793
2792
2790
2789
2787
2786
2785
2784
2782
2781
2781
2779
2779
2774
2774
2777
2776
2775
2769
2771
2774
2773
2768
2769
2767
2771
2770
2769
2770
2766
2766
2768
2768
2768
2768
2767
2766
2764
2762
2762
2760
2756
2755
2759
2757
2755
2754
2754
2754
2754
2755
2756
2750
2751
2753
2755
2754
2750
2750
2754
2753
2751
2751
2749
2747
2748
2747
2747
2743
2742
2742
2745
2744
2743
2742
2743
2742
2742
2742
2742
2741
2740
2741
2740
2742
2741
2739
2735
2734
2739
2738
2733
2734
2735
2738
2736
2736
2735
2734
2734
2732
2731
2730
2729
2728
2728
2728
2727
2727
2726
2723
2723
2726
2727
2727
2726
2725
2721
2721
2726
2725
2721
2722
2726
2729
2728
2729
2730
2732
2731
2731
2731
2730
2726
2726
2729
2727
2727
2727
2727
2725
2725
2724
2721
2721
2720
2721
2722
2722
2717
2717
2721
2718
2713
2715
2715
2718
2718
2713
2713
2718
2717
2717
2718
2719
2720
2720
2720
2721
2719
2719
2720
2724
2724
2723
2723
2721
2719
2719
2719
2718
2718
2718
2715
2715
2714
2713
2714
2709
2709
2715
2713
2713
2713
2712
2712
2710
2706
2706
2712
2710
2710
2711
2710
2710
2711
2707
2708
2710
2715
2716
2713
2714
2720
2718
2719
2718
2717
2716
2717
2716
2715
2714
2712
2713
2713
2713
2710
2711
2716
2717
2716
2712
2713
2716
2715
2710
2710
2711
2713
2712
2713
2713
2709
2710
2716
2717
2718
2718
2719
2720
2720
2722
2722
2722
2722
2723
2724
2723
2725
2724
2721
2720
2720
2724
2726
2727
2729
2725
2725
2725
2728
2727
2725
2725
2725
2725
2725
2725
2725
2725
2725
2726
2726
2724
2724
2724
2723
2722
2720
2721
2726
2726
2724
2722
2722
2728
2728
2724
2726
2728
2734
2733
2735
2737
2738
2739
2738
2739
2740
2744
2745
2740
2741
2747
2747
2747
2746
2748
2747
2749
2749
2749
2750
2750
2750
2751
2751
2751
2751
2751
2752
2753
2754
2754
2756
2756
2758
2759
2760
2757
2761
2766
2768
2769
2769
2772
2769
2771
2776
2778
2775
2779
2783
2787
2787
2784
2787
2793
2794
2796
2798
2799
2802
2804
2806
2808
2810
2811
2811
2813
2815
2813
2815
2821
2822
2820
2820
2824
2828
2829
2832
2833
2835
2838
2840
2842
2844
2843
2845
2853
2855
2857
2857
2859
2859
2862
2870
2872
2871
2874
2878
2884
2887
2888
2892
2894
2897
2899
2904
2906
2911
2914
2917
2921
2923
2928
2931
2935
2938
2942
2945
2949
2953
2956
2959
2964
2963
2968
2978
2981
2984
2985
2988
2998
3001
3005
3010
3015
3016
3019
3027
3029
3034
3038
3039
3043
3048
3054
3060
3061
3067
3077
3082
3085
3089
3095
3100
3103
3107
3109
3111
3117
3121
3124
3129
3127
3134
3140
3147
3151
3150
3157
3165
3169
3174
3178
3183
3187
3193
3198
3202
3207
3213
3219
3225
3229
3229
3235
3246
3249
3253
3258
3264
3269
3274
3273
3281
3292
3294
3300
3304
3310
3314
3320
3323
3330
3334
3345
3352
3358
3363
3368
3375
3378
3382
3391
3402
3405
3411
3417
3423
3429
3434
3442
3447
3454
3459
3464
3472
3477
3482
3490
3496
3501
3505
3509
3520
3529
3532
3536
3541
3554
3559
3564
3571
3577
3579
3587
3597
3603
3611
3615
3622
3623
3630
3641
3646
3654
3658
3666
3673
3677
3685
3691
3692
3700
3713
3717
3725
3728
3735
3741
3745
3747
3754
3761
3768
3773
3779
3782
3788
3792
3799
3803
3810
3809
3819
3829
3833
3833
3840
3846
3859
3864
3872
3876
3884
3888
3897
3903
3911
3916
3924
3926
3932
3943
3950
3958
3965
3970
3977
3983
3983
3992
3997
4007
4013
4016
4022
4026
4031
4034
4039
4044
4044
4049
4059
4063
4068
4073
4079
4079
4085
4096
4097
4103
4105
4110
4114
4120
4124
4128
4134
4138
4144
4149
4155
4153
4158
4168
4172
4173
4175
4178
4177
4180
4186
4189
4190
4193
4194
4200
4203
4210
4213
4211
4220
4224
4235
4235
4244
4245
4252
4255
4258
4258
4263
4274
4277
4279
4288
4289
4294
4298
4296
4303
4310
4317
4319
4327
4330
4335
4339
4340
4347
4361
4364
4366
4372
4378
4388
4394
4399
4407
4404
4413
4417
4428
4431
4433
4440
4437
4445
4452
4460
4464
4468
4473
4479
4482
4486
4493
4496
4502
4507
4509
4514
4516
4523
4528
4531
4535
4538
4544
4545
4549
4551
4553
4553
4563
4565
4571
4573
4575
4576
4580
4590
4591
4588
4592
4603
4606
4610
4612
4615
4618
4621
4616
4623
4623
4630
4628
4632
4631
4634
4632
4632
4629
4634
4639
4641
4639
4643
4642
4644
4644
4650
4649
4649
4652
4656
4657
4661
4658
4664
4671
4673
4667
4671
4679
4681
4683
4684
4686
4684
4683
4694
4693
4696
4697
4699
4700
4702
4697
4699
4703
4708
4711
4713
4710
4715
4715
4716
4718
4718
4723
4725
4726
4728
4730
4733
4736
4741
4739
4738
4742
4748
4748
4751
4746
4750
4757
4756
4757
4756
4754
4754
4755
4760
4762
4762
4761
4764
4762
4762
4759
4760
4750
4751
4757
4752
4751
4749
4747
4747
4746
4745
4748
4747
4745
4749
4748
4753
4747
4751
4760
4758
4762
4757
4756
4766
4765
4764
4765
4764
4758
4761
4768
4767
4765
4764
4763
4761
4758
4753
4752
4757
4757
4751
4751
4750
4758
4757
4754
4756
4750
4750
4751
4756
4755
4754
4753
4745
4749
4750
4753
4753
4749
4752
4753
4753
4751
4753
4753
4755
4756
4756
4758
4761
4761
4765
4763
4766
4765
4765
4763
4765
4763
4765
4764
4767
4764
4758
4761
4766
4764
4766
4757
4759
4767
4768
4761
4764
4767
4772
4771
4773
4773
4773
4776
4773
4772
4776
4780
4778
4776
4778
4777
4774
4778
4771
4772
4781
4777
4775
4776
4774
4768
4769
4775
4771
4770
4768
4766
4766
4762
4757
4754
4757
4758
4756
4756
4754
4745
4748
4752
4747
4739
4737
4740
4743
4739
4741
4738
4738
4735
4738
4735
4734
4734
4733
4733
4728
4729
4727
4725
4727
4723
4724
4722
4721
4722
4719
4714
4716
4716
4717
4714
4713
4709
4712
4709
4704
4703
4704
4702
4702
4700
4700
4696
4695
4687
4684
4693
4688
4685
4678
4676
4678
4678
4667
4666
4668
4665
4663
4658
4653
4652
4648
4644
4641
4638
4638
4635
4630
4631
4624
4623
4624
4623
4621
4614
4611
4619
4616
4614
4613
4610
4611
4610
4600
4604
4611
4604
4605
4598
4598
4603
4599
4599
4597
4595
4596
4593
4590
4590
4581
4584
4588
4586
4586
4584
4581
4582
4578
4578
4573
4572
4571
4570
4569
4568
4561
4559
4559
4561
4561
4558
4556
4549
4548
4552
4550
4545
4540
4537
4542
4540
4535
4533
4534
4530
4530
4524
4525
4515
4515
4516
4519
4515
4514
4512
4510
4507
4503
4503
4497
4496
4493
4491
4488
4482
4481
4479
4482
4477
4471
4467
4471
4465
4463
4455
4451
4455
4449
4448
4443
4442
4438
4435
4429
4426
4432
4426
4423
4421
4418
4416
4412
4410
4407
4405
4404
4402
4400
4400
4395
4395
4390
4390
4386
4383
4384
4385
4385
4375
4377
4382
4378
4376
4375
4371
4365
4362
4370
4365
4362
4362
4357
4356
4353
4350
4347
4344
4341
4335
4331
4329
4321
4321
4322
4321
4317
4309
4311
4311
4310
4306
4306
4302
4297
4296
4297
4297
4293
4292
4286
4287
4283
4281
4277
4270
4272
4274
4271
4269
4269
4263
4262
4259
4256
4254
4254
4249
4249
4252
4248
4246
4240
4238
4234
4232
4229
4227
4223
4220
4217
4216
4211
4210
4207
4199
4197
4200
4195
4193
4184
4183
4187
4181
4177
4174
4175
4173
4170
4161
4162
4163
4163
4157
4157
4153
4152
4150
4146
4146
4145
4142
4143
4140
4137
4136
4133
4130
4127
4125
4121
4123
4119
4118
4110
4108
4114
4109
4107
4102
4099
4096
4091
4080
4081
4078
4078
4076
4067
4067
4071
4067
4062
4056
4056
4058
4056
4048
4050
4053
4052
4049
4042
4041
4045
4043
4039
4039
4036
4035
4033
4034
4031
4024
4024
4028
4025
4023
4021
4020
4016
4016
4014
4013
4012
4009
4009
4006
4005
4001
4002
3998
3997
3995
3994
3989
3991
3988
3985
3982
3982
3979
3979
3968
3971
3973
3972
3969
3959
3960
3965
3964
3963
3960
3956
3952
3949
3952
3951
3947
3947
3943
3942
3939
3938
3936
3929
3930
3933
3932
3929
3927
3926
3919
3918
3924
3918
3918
3908
3909
3912
3908
3905
3903
3902
3898
3898
3896
3893
3890
3889
3886
3887
3883
3878
3875
3880
3878
3876
3872
3873
3868
3869
3865
3864
3862
3861
3854
3853
3849
3854
3852
3848
3846
3851
3849
3848
3845
3843
3842
3840
3838
3837
3835
3832
3832
3828
3828
3823
3822
3821
3819
3819
3811
3812
3815
3814
3805
3803
3801
3804
3802
3792
3792
3794
3792
3787
3781
3778
3781
3777
3775
3773
3769
3765
3764
3760
3759
3757
3755
3754
3750
3750
3743
3742
3745
3743
3740
3740
3736
3736
3734
3727
3725
3728
3728
3721
3719
3718
3721
3719
3715
3713
3709
3707
3705
3698
3698
3701
3698
3691
3690
3688
3692
3690
3690
3688
3687
3685
3685
3680
3681
3679
3676
3675
3673
3672
3669
3667
3668
3663
3663
3663
3656
3655
3654
3657
3657
3655
3652
3650
3650
3644
3641
3641
3643
3641
3639
3635
3636
3633
3631
3625
3622
3627
3625
3617
3619
3616
3620
3617
3613
3612
3616
3613
3612
3610
3605
3606
3604
3603
3604
3596
3595
3596
3598
3596
3594
3594
3591
3590
3589
3589
3588
3587
3587
3584
3583
3583
3581
3580
3581
3577
3577
3576
3574
3575
3572
3568
3567
3569
3569
3564
3564
3563
3553
3554
3555
3551
3544
3542
3543
3540
3538
3539
3536
3536
3531
3531
3528
3527
3525
3521
3522
3520
3518
3518
3516
3515
3515
3513
3515
3513
3512
3509
3505
3505
3509
3506
3502
3500
3502
3499
3497
3496
3492
3491
3489
3487
3486
3485
3483
3483
3476
3477
3481
3478
3478
3477
3475
3473
3472
3465
3464
3469
3466
3464
3457
3457
3461
3457
3457
3454
3454
3454
3452
3451
3450
3448
3448
3446
3446
3443
3438
3437
3442
3436
3437
3437
3435
3434
3433
3429
3428
3433
3432
3428
3427
3427
3424
3424
3423
3421
3417
3414
3412
3418
3416
3412
3412
3410
3407
3407
3403
3400
3405
3401
3402
3400
3400
3398
3398
3396
3394
3395
3393
3389
3390
3388
3387
3387
3382
3380
3387
3383
3382
3378
3376
3382
3380
3377
3377
3377
3369
3369
3374
3372
3363
3364
3367
3367
3365
3364
3364
3363
3360
3359
3359
3357
3354
3355
3354
3350
3349
3350
3347
3343
3344
3343
3342
3336
3338
3341
3341
3341
3337
3337
3342
3340
3340
3338
3336
3333
3333
3335
3333
3327
3329
3328
3333
3332
3331
3329
3328
3328
3322
3320
3321
3325
3322
3321
3321
3316
3314
3313
3311
3308
3305
3304
3304
3301
3299
3293
3293
3296
3294
3293
3293
3290
3288
3287
3288
3287
3287
3287
3287
3288
3289
3283
3283
3288
3286
3280
3279
3279
3284
3282
3275
3275
3281
3280
3273
3270
3272
3276
3271
3269
3268
3268
3266
3265
3257
3256
3261
3259
3256
3254
3253
3252
3250
3249
3248
3247
3245
3244
3243
3242
3241
3239
3241
3240
3238
3238
3239
3238
3237
3231
3233
3237
3233
3232
3232
3229
3228
3228
3224
3223
3224
3222
3219
3216
3215
3220
3216
3215
3216
3216
3210
3210
3215
3215
3214
3214
3215
3211
3210
3215
3215
3207
3208
3211
3212
3209
3208
3208
3203
3201
3206
3206
3203
3201
3199
3197
3197
3190
3187
3189
3192
3191
3184
3184
3191
3189
3186
3184
3184
3184
3184
3181
3181
3181
3181
3179
3178
3178
3176
3175
3174
3174
3173
3169
3170
3170
3169
3163
3162
3166
3165
3164
3160
3160
3163
3161
3162
3161
3158
3158
3158
3158
3156
3151
3151
3152
3154
3153
3148
3148
3152
3151
3150
3150
3150
3148
3148
3148
3147
3147
3145
3144
3144
3143
3139
3139
3143
3142
3142
3139
3140
3138
3138
3137
3137
3135
3133
3131
3133
3133
3131
3130
3124
3125
3124
3127
3126
3126
3124
3118
3118
3119
3122
3119
3118
3117
3112
3109
3114
3115
3112
3106
3110
3113
3112
3111
3112
3111
3105
3106
3111
3107
3108
3107
3105
3105
3106
3104
3104
3102
3102
3100
3099
3098
3100
3100
3099
3098
3093
3093
3092
3096
3096
3095
3093
3091
3091
3092
3091
3089
3087
3086
3086
3086
3084
3084
3084
3084
3083
3081
3082
3078
3080
3080
3083
3084
3080
3080
3086
3085
3084
3085
3083
3079
3078
3083
3081
3078
3075
3076
3082
3079
3078
3077
3077
3074
3072
3072
3071
3069
3067
3065
3066
3064
3060
3061
3063
3062
3057
3057
3060
3060
3060
3055
3057
3060
3060
3060
3058
3060
3059
3058
3052
3052
3056
3056
3052
3050
3050
3050
3047
3046
3045
3043
3043
3041
3040
3039
3039
3038
3037
3036
3036
3034
3033
3032
3030
3025
3026
3026
3030
3029
3025
3024
3030
3028
3028
3030
3030
3030
3031
3027
3027
3032
3032
3032
3030
3028
3027
3027
3026
3025
3024
3023
3019
3018
3018
3011
3014
3015
3016
3015
3011
3009
3013
3012
3007
3006
3006
3008
3007
3002
3004
3011
3010
3011
3009
3011
3012
3010
3006
3008
3010
3011
3010
3008
3008
3008
3007
3006
3006
3005
3005
3005
3003
3003
3003
3003
3002
3002
3002
3003
3002
3000
3001
3004
3006
3004
2998
2998
3000
2998
2994
2993
2993
2997
2992
2993
2991
2990
2992
2990
2984
2986
2988
2987
2987
2986
2983
2982
2982
2987
2985
2985
2984
2985
2985
2985
2984
2985
2985
2985
2987
2986
2987
2982
2982
2987
2985
2984
2984
2981
2979
2979
2984
2982
2981
2983
2982
2981
2982
2978
2978
2983
2979
2981
2978
2977
2977
2976
2975
2974
2968
2968
2971
2970
2968
2967
2966
2965
2964
2957
2958
2959
2962
2961
2959
2957
2958
2956
2956
2955
2954
2954
2954
2947
2949
2952
2951
2950
2945
2945
2950
2948
2947
2945
2945
2944
2942
2939
2940
2944
2942
2941
2941
2942
2937
2939
2943
2942
2941
2941
2939
2939
2939
2938
2938
2938
2937
2936
2936
2936
2934
2935
2935
2932
2933
2932
2931
2932
2932
2925
2927
2929
2930
2930
2924
2925
2928
2928
2923
2924
2924
2927
2926
2920
2921
2926
2926
2926
2926
2925
2926
2926
2926
2926
2926
2926
2926
2926
2925
2925
2924
2924
2924
2922
2923
2922
2924
2926
2922
2923
2923
2926
2925
2921
2921
2926
2925
2922
2923
2924
2927
2927
2926
2923
2923
2923
2922
2920
2919
2918
2917
2916
2915
2915
2913
2913
2909
2910
2914
2913
2913
2912
2912
2913
2912
2912
2912
2906
2907
2907
2911
2910
2905
2905
2909
2908
2908
2905
2904
2909
2908
2907
2908
2905
2904
2905
2909
2909
2907
2905
2907
2906
2905
2905
2906
2905
2904
2903
2902
2902
2903
2903
2902
2904
2903
2904
2903
2899
2900
2903
2902
2896
2896
2900
2899
2896
2896
2895
2890
2891
2896
2894
2893
2893
2892
2891
2889
2884
2887
2890
2891
2890
2889
2889
2888
2889
2886
2884
2884
2879
2879
2884
2882
2882
2882
2882
2883
2883
2880
2881
2887
2885
2886
2887
2886
2885
2885
2885
2883
2883
2882
2882
2880
2879
2875
2876
2883
2883
2882
2876
2876
2880
2879
2873
2873
2875
2876
2876
2874
2872
2874
2875
2875
2877
2878
2879
2880
2877
2878
2883
2882
2882
2881
2881
2880
2880
2878
2878
2877
2877
2876
2877
2875
2870
2871
2877
2875
2875
2870
2870
2875
2873
2874
2876
2877
2876
2877
2875
2877
2878
2879
2877
2877
2878
2884
2885
2878
2881
2885
2884
2882
2882
2882
2877
2876
2880
2878
2877
2877
2875
2874
2872
2871
2869
2870
2869
2869
2868
2867
2861
2863
2867
2867
2865
2861
2860
2864
2864
2862
2861
2860
2858
2858
2857
2857
2858
2855
2852
2849
2851
2854
2852
2848
2848
2852
2851
2850
2850
2848
2848
2848
2848
2847
2846
2847
2845
2846
2846
2842
2842
2845
2847
2847
2846
2848
2846
2846
2844
2843
2842
2846
2845
2844
2845
2844
2845
2844
2840
2840
2846
2846
2841
2842
2845
2847
2847
2844
2846
2852
2851
2850
2850
2850
2850
2849
2850
2850
2850
2850
2848
2847
2847
2845
2845
2845
2844
2841
2840
2839
2843
2842
2841
2841
2842
2842
2843
2840
2843
2847
2847
2845
2845
2845
2843
2843
2838
2839
2843
2842
2838
2836
2836
2840
2839
2838
2836
2835
2833
2831
2831
2831
2831
2831
2826
2827
2829
2831
2830
2831
2830
2827
2828
2827
2829
2829
2824
2824
2828
2828
2822
2822
2823
2826
2826
2821
2821
2826
2824
2824
2823
2822
2822
2822
2822
2822
2821
2823
2822
2823
2823
2817
2818
2824
2822
2822
2818
2819
2823
2822
2821
2820
2821
2820
2818
2819
2818
2812
2814
2817
2817
2817
2817
2816
2815
2815
2811
2813
2813
2817
2817
2816
2815
2815
2815
2815
2815
2816
2815
2814
2809
2811
2812
2813
2813
2807
2809
2815
2814
2815
2813
2812
2814
2813
2813
2811
2808
2809
2810
2814
2815
2813
2813
2814
2814
2814
2814
2813
2813
2813
2813
2814
2809
2811
2813
2816
2816
2816
2816
2815
2815
2814
2810
2809
2813
2812
2811
2811
2807
2805
2805
2808
2808
2803
2804
2803
2805
2806
2809
2808
2808
2807
2805
2804
2804
2804
2803
2802
2801
2801
2801
2802
2802
2802
2801
2801
2800
2798
2794
2794
2795
2799
2798
2793
2793
2798
2797
2795
2795
2796
2793
2794
2794
2794
2791
2791
2791
2795
2794
2794
2792
2792
2793
2793
2792
2792
2788
2789
2795
2795
2795
2796
2796
2793
2794
2799
2798
2797
2797
2796
2796
2795
2795
2796
2796
2796
2795
2794
2794
2791
2790
2790
2789
2788
2788
2787
2783
2783
2788
2788
2785
2782
2783
2787
2785
2780
2781
2785
2785
2783
2783
2784
2782
2781
2780
2781
2779
2777
2776
2782
2778
2778
2776
2777
2776
2776
2775
2775
2774
2773
2773
2773
2773
2773
2774
2770
2770
2775
2773
2773
2770
2770
2774
2772
2766
2768
2771
2772
2772
2769
2769
2774
2773
2773
2773
2774
2772
2771
2772
2772
2772
2772
2773
2774
2775
2770
2772
2777
2777
2775
2773
2773
2778
2776
2772
2774
2776
2776
2775
2774
2773
2772
2771
2771
2772
2772
2771
2771
2771
2772
2772
2771
2771
2772
2771
2771
2771
2770
2771
2771
2770
2770
2770
2770
2766
2768
2772
2772
2771
2769
2771
2772
2771
2771
2771
2768
2767
2766
2771
2769
2769
2768
2768
2767
2767
2768
2768
2767
2768
2764
2765
2767
2770
2770
2766
2766
2771
2769
2768
2767
2766
2762
2762
2766
2766
2759
2760
2760
2765
2763
2763
2762
2762
2764
2763
2761
2762
2767
2765
2766
2765
2766
2764
2764
2759
2760
2764
2761
2762
2761
2761
2761
2760
2760
2759
2759
2759
2758
2757
2756
2756
2756
2756
2755
2753
2752
2753
2758
2758
2756
2757
2757
2757
2757
2753
2753
2757
2757
2752
2754
2754
2758
2757
2754
2754
2759
2757
2757
2758
2756
2756
2756
2755
2756
2755
2754
2756
2756
2755
2756
2755
2756
2757
2756
2752
2755
2759
2759
2754
2754
2757
2759
2758
2755
2754
2759
2760
2759
2760
2759
2760
2758
2759
2758
2757
2759
2758
2756
2757
2757
2758
2757
2757
2754
2754
2752
2755
2755
2754
2752
2747
2748
2748
2752
2751
2750
2750
2745
2745
2747
2752
2752
2752
2753
2750
2751
2752
2754
2752
2752
2751
2751
2750
2749
2748
2748
2747
2747
2745
2744
2739
2739
2740
2743
2742
2738
2738
2743
2742
2741
2740
2741
2741
2741
2742
2742
2743
2744
2742
2742
2742
2742
2742
2738
2738
2739
2742
2741
2737
2737
2742
2740
2739
2738
2738
2735
2734
2738
2737
2733
2733
2733
2737
2737
2735
2736
2737
2736
2736
2736
2735
2735
2735
2735
2735
2736
2736
2736
2735
2735
2735
2734
2729
2730
2731
2735
2735
2735
2735
2729
2730
2731
2734
2733
2733
2734
2729
2729
2731
2734
2732
2727
2730
2734
2734
2734
2732
2734
2733
2732
2733
2731
2732
2731
2731
2730
2730
2731
2729
2730
2731
2732
2734
2735
2732
2733
2739
2737
2736
2737
2737
2732
2734
2735
2735
2729
2730
2730
2734
2734
2729
2729
2735
2734
2736
2735
2736
2732
2733
2737
2736
2737
2737
2736
2737
2737
2738
2737
2739
2741
2743
2745
2746
2743
2746
2750
2748
2748
2749
2750
2750
2750
2751
2750
2749
2750
2749
2745
2745
2749
2747
2746
2747
2745
2743
2743
2741
2741
2740
2740
2737
2736
2735
2739
2738
2736
2736
2734
2734
2733
2732
2732
2727
2727
2731
2730
2728
2724
2723
2726
2726
2721
2721
2724
2726
2725
2720
2721
2725
2726
2725
2725
2724
2723
2724
2724
2723
2724
2724
2724
2724
2724
2725
2725
2726
2727
2724
2722
2725
2729
2728
2724
2725
2732
2732
2730
2730
2731
2731
2730
2730
2730
2729
2728
2727
2727
2727
2727
2726
2726
2725
2724
2720
2721
2725
2723
2717
2717
2719
2721
2719
2718
2717
2717
2717
2717
2712
2713
2717
2716
2716
2717
2717
2715
2718
2723
2724
2726
2726
2724
2727
2730
2735
2737
2737
2740
2749
2751
2755
2754
2760
2768
2772
2775
2780
2783
2788
2793
2798
2802
2804
2809
2818
2822
2826
2828
2831
2840
2844
2849
2854
2858
2859
2864
2871
2874
2877
2881
2883
2886
2888
2890
2891
2892
2893
2894
2894
