2719
2717
2714
2711
2712
2717
2714
2712
2712
2710
2708
2709
2703
2701
2703
2702
2700
2698
2696
2694
2692
2688
2686
2684
2683
2679
2676
2674
2676
2673
2671
2669
2668
2664
2663
2660
2659
2655
2655
2652
2651
2648
2646
2646
2644
2644
2637
2636
2637
2637
2635
2632
2632
2634
2632
2630
2628
2628
2623
2623
2626
2624
2618
2616
2616
2619
2618
2616
2616
2615
2614
2610
2607
2607
2610
2608
2607
2606
2605
2604
2604
2603
2602
2601
2600
2598
2596
2597
2597
2595
2595
2594
2589
2588
2590
2590
2590
2584
2585
2589
2588
2583
2583
2583
2585
2585
2579
2579
2584
2582
2582
2581
2580
2580
2580
2580
2579
2578
2577
2576
2575
2575
2575
2574
2574
2574
2572
2573
2572
2572
2572
2567
2568
2567
2570
2570
2565
2566
2571
2570
2566
2565
2566
2569
2568
2563
2563
2567
2567
2566
2564
2564
2560
2560
2565
2564
2564
2563
2562
2562
2561
2561
2561
2561
2562
2562
2560
2562
2559
2559
2556
2556
2557
2560
2560
2560
2559
2560
2560
2560
2556
2555
2560
2560
2560
2559
2557
2556
2557
2562
2562
2556
2559
2562
2561
2561
2561
2560
2557
2556
2562
2559
2559
2558
2557
2557
2556
2556
2555
2555
2556
2556
2551
2551
2556
2555
2549
2550
2551
2555
2555
2554
2553
2548
2550
2549
2552
2551
2551
2550
2549
2549
2548
2549
2549
2548
2548
2548
2548
2549
2548
2549
2548
2547
2547
2545
2546
2546
2545
2547
2545
2542
2543
2547
2547
2544
2543
2544
2547
2546
2541
2541
2546
2546
2545
2542
2542
2545
2544
2545
2545
2545
2541
2542
2545
2544
2539
2539
2544
2545
2545
2543
2543
2543
2542
2541
2542
2542
2540
2541
2537
2538
2542
2542
2541
2540
2540
2540
2540
2541
2540
2540
2541
2540
2541
2541
2541
2540
2536
2535
2536
2541
2540
2537
2536
2541
2541
2540
2537
2538
2542
2541
2541
2541
2541
2540
2540
2541
2539
2538
2537
2543
2541
2542
2539
2540
2545
2545
2545
2544
2544
2544
2544
2546
2546
2547
2546
2547
2547
2547
2544
2544
2549
2549
2545
2544
2545
2550
2550
2550
2550
2550
2549
2549
2550
2549
2549
2549
2550
2549
2548
2546
2549
2554
2552
2552
2551
2552
2553
2554
2554
2554
2554
2555
2552
2553
2554
2558
2559
2559
2560
2560
2560
2560
2560
2561
2561
2563
2559
2560
2566
2567
2569
2566
2566
2574
2574
2575
2576
2576
2574
2575
2580
2580
2578
2581
2584
2589
2589
2592
2594
2595
2596
2596
2596
2597
2598
2599
2600
2599
2596
2599
2602
2606
2606
2607
2607
2605
2608
2613
2615
2616
2619
2620
2620
2621
2623
2624
2628
2627
2629
2636
2637
2638
2639
2640
2641
2644
2645
2647
2648
2651
2653
2655
2655
2657
2658
2657
2659
2665
2668
2669
2668
2669
2677
2678
2675
2678
2682
2687
2689
2691
2694
2696
2697
2700
2704
2706
2708
2711
2709
2714
2722
2724
2726
2727
2729
2734
2735
2738
2742
2745
2747
2749
2753
2755
2757
2760
2760
2761
2766
2774
2775
2777
2781
2784
2788
2789
2792
2796
2799
2802
2804
2806
2811
2814
2815
2820
2824
2822
2825
2832
2836
2840
2840
2842
2851
2854
2852
2857
2863
2868
2873
2873
2877
2885
2889
2892
2896
2898
2904
2907
2913
2916
2920
2925
2929
2932
2936
2941
2943
2948
2954
2954
2961
2966
2968
2975
2976
2980
2985
2994
2998
3001
3007
3007
3011
3021
3027
3031
3032
3036
3046
3051
3048
3053
3059
3066
3069
3073
3078
3083
3086
3089
3096
3098
3101
3108
3112
3116
3122
3125
3132
3135
3139
3147
3152
3150
3158
3161
3172
3176
3180
3186
3189
3196
3202
3206
3212
3215
3222
3220
3228
3235
3243
3246
3248
3252
3263
3269
3271
3278
3280
3284
3287
3299
3304
3309
3314
3318
3324
3326
3334
3336
3342
3344
3351
3355
3361
3359
3367
3376
3382
3385
3390
3396
3403
3406
3410
3415
3415
3422
3426
3437
3440
3445
3450
3452
3457
3459
3465
3470
3479
3483
3487
3490
3495
3499
3503
3506
3512
3511
3517
3525
3531
3533
3539
3542
3542
3546
3559
3559
3564
3564
3569
3579
3582
3587
3589
3595
3598
3604
3607
3613
3615
3620
3623
3628
3631
3634
3640
3641
3647
3645
3649
3657
3662
3666
3671
3674
3681
3683
3686
3691
3693
3701
3703
3702
3708
3719
3723
3727
3732
3734
3737
3742
3752
3758
3759
3766
3769
3770
3775
3783
3789
3790
3795
3799
3803
3807
3805
3810
3819
3825
3829
3831
3836
3839
3843
3841
3846
3856
3858
3864
3868
3871
3873
3878
3886
3891
3896
3894
3899
3911
3911
3917
3922
3924
3931
3936
3940
3946
3949
3953
3958
3961
3963
3964
3968
3972
3974
3977
3978
3980
3983
3985
3984
3987
3996
3995
3999
3999
4003
4003
4006
4008
4008
4011
4010
4013
4020
4022
4026
4029
4031
4034
4035
4038
4040
4044
4049
4047
4051
4055
4064
4064
4063
4065
4073
4077
4076
4076
4080
4089
4089
4094
4096
4099
4103
4105
4107
4104
4108
4109
4110
4114
4111
4109
4111
4116
4118
4119
4119
4120
4119
4119
4128
4128
4122
4128
4135
4134
4137
4134
4136
4145
4146
4148
4151
4154
4154
4157
4159
4158
4154
4155
4158
4159
4158
4154
4157
4153
4151
4151
4153
4152
4146
4149
4156
4157
4152
4154
4155
4161
4162
4162
4163
4164
4165
4167
4169
4173
4174
4174
4177
4180
4183
4182
4185
4182
4183
4189
4191
4190
4189
4192
4193
4193
4195
4198
4198
4198
4200
4200
4200
4203
4201
4196
4200
4204
4206
4203
4203
4203
4197
4197
4205
4203
4201
4197
4199
4204
4201
4195
4197
4198
4199
4200
4200
4198
4200
4201
4199
4201
4202
4198
4199
4206
4205
4208
4208
4208
4210
4210
4207
4209
4203
4206
4207
4206
4208
4207
4206
4205
4205
4206
4203
4206
4204
4203
4199
4201
4207
4208
4207
4202
4205
4210
4210
4208
4210
4210
4212
4212
4211
4212
4213
4211
4210
4211
4210
4211
4210
4208
4212
4206
4207
4209
4215
4215
4208
4209
4215
4215
4215
4216
4214
4209
4210
4217
4216
4215
4214
4217
4218
4214
4216
4218
4211
4214
4216
4222
4222
4221
4219
4219
4220
4217
4213
4214
4210
4208
4207
4206
4200
4198
4198
4204
4202
4199
4201
4193
4192
4196
4197
4197
4191
4190
4200
4197
4195
4195
4194
4191
4190
4195
4196
4193
4195
4194
4192
4191
4183
4185
4190
4187
4187
4184
4183
4179
4178
4177
4174
4174
4171
4171
4162
4161
4167
4164
4157
4156
4155
4161
4158
4156
4157
4155
4156
4153
4151
4151
4142
4144
4148
4146
4145
4143
4142
4138
4139
4136
4136
4132
4132
4131
4125
4125
4131
4127
4124
4128
4126
4127
4128
4120
4121
4125
4124
4119
4115
4116
4119
4118
4116
4115
4116
4114
4113
4112
4112
4110
4109
4110
4107
4108
4101
4104
4108
4108
4104
4106
4102
4102
4101
4106
4105
4099
4098
4103
4101
4102
4098
4100
4090
4091
4094
4093
4089
4088
4084
4083
4079
4077
4074
4071
4069
4065
4064
4060
4054
4051
4054
4051
4048
4047
4044
4041
4038
4032
4031
4031
4034
4034
4030
4029
4025
4026
4023
4022
4020
4021
4019
4019
4018
4012
4013
4014
4017
4016
4012
4014
4006
4007
4007
4012
4009
4008
4006
4003
4003
3998
3999
3994
3993
3990
3988
3985
3985
3982
3981
3974
3975
3978
3977
3973
3973
3972
3971
3970
3970
3970
3967
3965
3959
3957
3957
3959
3956
3949
3947
3950
3949
3945
3941
3941
3945
3940
3940
3936
3936
3932
3930
3923
3923
3926
3923
3920
3920
3917
3916
3913
3911
3910
3907
3906
3905
3904
3901
3901
3897
3897
3892
3894
3886
3886
3891
3887
3881
3879
3880
3881
3878
3870
3871
3875
3872
3869
3869
3866
3860
3861
3865
3864
3859
3860
3857
3854
3853
3850
3849
3845
3845
3842
3839
3838
3838
3836
3831
3832
3830
3828
3826
3821
3819
3821
3818
3812
3810
3808
3812
3810
3806
3804
3810
3806
3805
3800
3799
3795
3792
3792
3787
3785
3783
3780
3778
3775
3770
3767
3774
3770
3770
3763
3762
3765
3764
3761
3755
3755
3753
3752
3751
3749
3744
3742
3748
3744
3742
3740
3738
3737
3734
3731
3730
3728
3724
3724
3717
3715
3720
3714
3714
3710
3708
3701
3698
3702
3697
3695
3694
3692
3688
3688
3685
3682
3682
3679
3677
3675
3674
3672
3670
3665
3662
3665
3666
3662
3663
3661
3660
3658
3650
3652
3649
3653
3648
3643
3643
3648
3647
3644
3637
3638
3639
3639
3636
3631
3631
3629
3628
3628
3625
3624
3624
3619
3619
3617
3612
3611
3608
3608
3600
3600
3600
3603
3599
3597
3596
3589
3590
3591
3592
3588
3587
3584
3584
3581
3574
3575
3574
3580
3575
3575
3574
3571
3570
3570
3560
3558
3562
3558
3557
3554
3551
3551
3548
3538
3541
3542
3541
3539
3539
3538
3530
3530
3532
3529
3528
3526
3524
3524
3519
3518
3518
3515
3514
3513
3512
3511
3512
3510
3507
3507
3499
3499
3499
3501
3500
3492
3492
3496
3492
3492
3484
3482
3487
3480
3481
3479
3476
3477
3473
3465
3466
3468
3464
3464
3461
3461
3457
3457
3456
3455
3453
3453
3451
3449
3450
3448
3446
3447
3445
3442
3441
3440
3431
3430
3435
3432
3427
3425
3427
3427
3427
3418
3419
3422
3420
3417
3415
3413
3407
3406
3409
3406
3405
3401
3402
3398
3397
3396
3393
3394
3390
3390
3387
3387
3386
3386
3385
3385
3382
3382
3378
3378
3376
3375
3374
3370
3368
3367
3370
3370
3369
3369
3368
3366
3366
3364
3362
3356
3358
3360
3358
3353
3350
3347
3352
3349
3343
3341
3345
3345
3344
3336
3336
3339
3337
3336
3334
3334
3332
3331
3322
3326
3328
3328
3326
3324
3322
3321
3321
3313
3314
3316
3317
3316
3312
3313
3310
3309
3300
3301
3297
3302
3298
3296
3294
3293
3293
3289
3289
3286
3286
3283
3283
3279
3281
3278
3280
3277
3278
3268
3270
3272
3271
3268
3267
3267
3266
3265
3258
3256
3258
3259
3257
3257
3255
3256
3254
3249
3249
3247
3251
3248
3247
3245
3241
3242
3239
3235
3234
3237
3236
3233
3234
3232
3224
3226
3229
3228
3226
3225
3225
3222
3220
3220
3220
3212
3213
3217
3214
3213
3209
3209
3206
3205
3205
3203
3203
3197
3197
3201
3199
3198
3199
3195
3195
3195
3188
3189
3192
3190
3187
3186
3187
3192
3190
3185
3185
3189
3189
3187
3188
3187
3181
3182
3183
3181
3181
3178
3178
3174
3172
3171
3168
3168
3164
3165
3158
3157
3161
3158
3157
3156
3153
3153
3151
3148
3148
3145
3145
3144
3142
3142
3140
3140
3139
3137
3138
3135
3135
3135
3134
3133
3131
3126
3128
3125
3132
3128
3123
3122
3128
3123
3125
3124
3122
3124
3122
3116
3116
3122
3120
3119
3113
3114
3119
3117
3117
3116
3115
3111
3110
3116
3114
3114
3114
3111
3113
3110
3109
3111
3109
3109
3108
3107
3106
3103
3102
3104
3103
3100
3101
3097
3096
3097
3096
3095
3088
3088
3089
3089
3088
3087
3085
3081
3079
3084
3084
3080
3076
3074
3079
3076
3075
3076
3073
3074
3073
3072
3073
3071
3071
3072
3068
3068
3064
3066
3063
3061
3062
3059
3057
3057
3057
3054
3055
3049
3048
3049
3051
3051
3046
3044
3051
3048
3045
3043
3040
3045
3042
3035
3037
3040
3038
3038
3036
3035
3034
3032
3031
3031
3029
3031
3029
3023
3025
3029
3028
3025
3021
3021
3025
3022
3023
3023
3021
3021
3021
3017
3019
3023
3023
3022
3022
3019
3021
3018
3017
3017
3015
3014
3013
3011
3010
3009
3005
3001
2999
3005
3003
3000
3000
2998
2992
2994
2996
2995
2994
2992
2992
2991
2986
2988
2986
2986
2988
2987
2984
2983
2987
2987
2985
2984
2984
2982
2981
2975
2975
2980
2977
2976
2972
2969
2974
2973
2965
2968
2969
2970
2972
2969
2970
2969
2968
2969
2969
2967
2966
2965
2963
2963
2959
2960
2959
2958
2959
2954
2955
2961
2961
2959
2959
2958
2956
2957
2955
2954
2953
2950
2949
2949
2946
2943
2941
2946
2946
2943
2943
2943
2941
2942
2935
2935
2938
2938
2936
2937
2935
2929
2932
2936
2934
2935
2934
2932
2931
2930
2935
2934
2932
2932
2931
2929
2931
2929
2930
2929
2926
2927
2932
2929
2925
2924
2926
2926
2925
2922
2923
2921
2921
2921
2919
2919
2918
2915
2916
2913
2912
2913
2912
2911
2910
2911
2913
2910
2911
2907
2906
2906
2911
2910
2903
2903
2908
2906
2904
2900
2899
2903
2900
2899
2899
2899
2900
2900
2898
2898
2898
2898
2898
2897
2894
2891
2890
2895
2894
2892
2892
2892
2892
2889
2889
2889
2887
2888
2886
2883
2884
2886
2886
2881
2881
2886
2885
2884
2879
2879
2884
2883
2882
2881
2879
2878
2876
2874
2874
2871
2871
2871
2871
2872
2866
2866
2869
2869
2864
2863
2862
2868
2866
2864
2864
2864
2862
2864
2859
2860
2866
2864
2865
2864
2866
2866
2864
2866
2867
2865
2865
2862
2864
2863
2868
2866
2865
2864
2859
2858
2859
2863
2862
2863
2859
2861
2858
2858
2857
2856
2854
2853
2852
2851
2851
2849
2848
2848
2847
2843
2842
2845
2844
2843
2839
2840
2843
2840
2835
2837
2838
2840
2841
2839
2839
2834
2835
2840
2840
2840
2833
2833
2837
2836
2835
2834
2832
2830
2830
2828
2828
2828
2828
2827
2827
2828
2828
2830
2826
2827
2832
2830
2830
2830
2830
2828
2826
2824
2825
2823
2821
2818
2819
2817
2817
2814
2811
2809
2809
2813
2812
2806
2807
2814
2813
2812
2807
2809
2815
2816
2815
2814
2814
2815
2814
2815
2817
2811
2810
2812
2813
2814
2813
2814
2812
2811
2806
2806
2809
2812
2811
2805
2805
2808
2806
2804
2803
2802
2801
2800
2799
2798
2797
2795
2795
2795
2793
2793
2792
2792
2792
2791
2789
2788
2788
2788
2784
2785
2786
2790
2789
2785
2785
2789
2787
2786
2785
2786
2791
2790
2787
2788
2793
2794
2794
2790
2793
2796
2795
2795
2793
2793
2791
2790
2788
2787
2785
2783
2783
2782
2782
2782
2781
2780
2780
2779
2779
2778
2773
2775
2780
2778
2773
2773
2773
2776
2776
2776
2776
2776
2775
2774
2773
2773
2775
2772
2772
2773
2768
2769
2769
2775
2773
2769
2771
2776
2776
2776
2772
2771
2777
2775
2774
2775
2775
2775
2775
2769
2769
2774
2773
2773
2772
2770
2769
2767
2766
2764
2765
2765
2764
2764
2763
2761
2761
2756
2756
2760
2762
2760
2759
2760
2755
2754
2759
2757
2757
2752
2752
2757
2754
2751
2752
2752
2750
2750
2745
2746
2752
2751
2750
2749
2749
2748
2747
2747
2745
2745
2746
2745
2745
2744
2740
2741
2744
2743
2742
2740
2740
2740
2739
2738
2737
2736
2734
2734
2739
2737
2736
2735
2735
2733
2733
2734
2733
2734
2734
2730
2733
2733
2737
2738
2734
2735
2739
2737
2735
2732
2732
2736
2734
2734
2733
2732
2732
2732
2728
2730
2735
2732
2732
2731
2730
2729
2728
2728
2728
2728
2727
2726
2725
2724
2723
2722
2722
2722
2718
2717
2718
2723
2722
2721
2722
2717
2718
2719
2723
2724
2719
2720
2724
2723
2721
2719
2718
2721
2720
2719
2717
2713
2712
2713
2716
2713
2713
2712
2712
2713
2713
2714
2714
2714
2716
2716
2717
2715
2713
2714
2718
2717
2716
2716
2716
2715
2715
2715
2714
2709
2709
2714
2713
2712
2712
2711
2706
2706
2711
2710
2709
2709
2708
2708
2707
2708
2707
2707
2707
2706
2700
2701
2703
2702
2702
2701
2701
2697
2697
2701
2701
2695
2696
2698
2699
2698
2694
2694
2698
2697
2692
2692
2692
2696
2695
2695
2695
2694
2693
2694
2693
2694
2693
2693
2692
2691
2690
2687
2689
2693
2691
2687
2685
2691
2690
2689
2691
2691
2687
2690
2695
2694
2693
2693
2691
2690
2690
2689
2688
2687
2687
2687
2687
2687
2683
2684
2688
2687
2686
2682
2683
2686
2686
2685
2685
2683
2683
2682
2677
2677
2683
2681
2679
2680
2679
2679
2679
2676
2676
2680
2681
2681
2682
2683
2685
2685
2685
2684
2685
2685
2684
2679
2681
2685
2684
2682
2678
2678
2681
2679
2678
2678
2678
2678
2677
2678
2677
2674
2676
2681
2681
2680
2679
2680
2679
2680
2673
2675
2677
2678
2676
2674
2674
2673
2672
2671
2670
2669
2666
2665
2670
2669
2668
2667
2667
2663
2664
2669
2669
2663
2665
2667
2669
2668
2669
2669
2671
2670
2671
2671
2671
2667
2668
2669
2668
2663
2664
2663
2666
2664
2663
2663
2662
2661
2661
2660
2658
2658
2658
2653
2654
2658
2658
2656
2657
2657
2656
2656
2656
2657
2655
2653
2653
2657
2657
2657
2657
2657
2657
2656
2655
2655
2656
2656
2657
2657
2659
2655
2654
2660
2659
2658
2657
2656
2650
2652
2655
2654
2648
2648
2650
2652
2651
2646
2647
2652
2651
2646
2646
2645
2650
2648
2647
2647
2647
2646
2646
2646
2644
2644
2644
2642
2643
2642
2642
2641
2638
2638
2642
2641
2640
2640
2640
2639
2639
2638
2638
2637
2638
2638
2638
2638
2634
2634
2638
2637
2635
2631
2631
2636
2635
2629
2630
2634
2633
2633
2633
2632
2632
2632
2629
2631
2630
2631
2631
2627
2629
2634
2634
2635
2636
2635
2636
2635
2636
2636
2636
2636
2636
2636
2634
2630
2629
2634
2634
2632
2632
2631
2630
2629
2624
2626
2628
2630
2629
2630
2629
2625
2626
2630
2628
2630
2631
2629
2630
2631
2626
2626
2626
2630
2629
2629
2629
2629
2629
2628
2627
2627
2622
2622
2626
2625
2624
2624
2623
2619
2619
2623
2622
2622
2624
2625
2624
2623
2629
2629
2629
2630
2629
2629
2628
2627
2626
2626
2625
2621
2622
2622
2625
2625
2624
2623
2625
2625
2623
2622
2622
2621
2621
2620
2620
2620
2619
2619
2614
2613
2619
2617
2612
2612
2612
2615
2615
2611
2611
2615
2615
2613
2613
2613
2612
2612
2612
2611
2609
2607
2607
2612
2611
2610
2609
2609
2609
2609
2608
2607
2608
2608
2604
2604
2605
2608
2607
2607
2608
2602
2604
2607
2608
2608
2604
2604
2610
2608
2608
2608
2608
2608
2608
2606
2608
2607
2607
2609
2605
2605
2609
2608
2607
2608
2608
2607
2607
2607
2606
2606
2605
2605
2605
2605
2604
2603
2602
2602
2597
2599
2601
2603
2603
2600
2601
2606
2605
2605
2604
2604
2603
2603
2602
2601
2601
2601
2602
2602
2603
2598
2599
2605
2604
2604
2601
2602
2605
2605
2603
2602
2602
2601
2601
2601
2601
2602
2603
2603
2604
2604
2600
2601
2604
2604
2603
2602
2602
2601
2602
2604
2603
2599
2600
2602
2605
2605
2604
2605
2600
2599
2604
2604
2603
2603
2601
2596
2598
2602
2601
2601
2599
2598
2602
2603
2597
2598
2602
2603
2602
2602
2601
2601
2601
2600
2599
2597
2597
2596
2596
2595
2594
2592
2591
2589
2590
2589
2590
2584
2585
2588
2590
2589
2585
2586
2591
2590
2584
2586
2587
2592
2590
2590
2591
2591
2591
2590
2588
2590
2590
2591
2592
2591
2589
2587
2589
2595
2593
2593
2592
2589
2589
2590
2593
2597
2597
2598
2599
2600
2599
2596
2598
2602
2600
2595
2596
2598
2599
2596
2595
2594
2594
2594
2593
2592
2591
2592
2591
2590
2589
2590
2590
2590
2590
2591
2589
2590
2585
2583
2586
2588
2588
2584
2584
2589
2587
2587
2589
2589
2584
2583
2587
2585
2585
2584
2584
2583
2582
2579
2580
2583
2581
2579
2577
2578
2581
2580
2575
2575
2580
2581
2580
2582
2580
2582
2582
2578
2581
2583
2587
2585
2586
2586
2585
2585
2584
2585
2585
2583
2582
2585
2586
2586
2585
2584
2583
2583
2582
2583
2582
2581
2579
2578
2578
2579
2577
2578
2577
2576
2576
2576
2571
2571
2576
2576
2571
2572
2571
2574
2575
2574
2575
2575
2575
2575
2574
2573
2570
2571
2575
2573
2570
2567
2567
2570
2569
2569
2569
2568
2568
2567
2567
2567
2567
2567
2567
2568
2567
2567
2568
2569
2569
2563
2563
2565
2567
2566
2563
2564
2568
2567
2561
2561
2562
2565
2564
2566
2565
2559
2560
2560
2564
2564
2563
2562
2562
2561
2562
2562
2562
2562
2560
2563
2561
2563
2562
2564
2562
2563
2568
2567
2566
2567
2568
2565
2566
2570
2570
2570
2571
2571
2570
2567
2569
2568
2569
2570
2564
2565
2566
2570
2570
2564
2565
2569
2568
2567
2567
2566
2566
2566
2564
2566
2565
2566
2566
2567
2567
2567
2566
2562
2564
2566
2570
2569
2565
2565
2569
2569
2569
2566
2567
2571
2571
2567
2567
2570
2570
2569
2574
2573
2572
2572
2571
2572
2570
2571
2570
2570
2570
2569
2570
2570
2570
2570
2568
2568
2568
2568
2567
2566
2566
2567
2567
2566
2566
2567
2566
2565
2565
2564
2559
2560
2566
2564
2563
2560
2561
2564
2563
2563
2563
2562
2560
2560
2564
2563
2562
2561
2561
2561
2560
2557
2556
2561
2560
2561
2560
2560
2557
2558
2559
2557
2557
2557
2557
2556
2556
2555
2554
2554
2551
2551
2552
2551
2552
2552
2548
2548
2553
2551
2552
2549
2549
2554
2554
2549
2550
2554
2556
2556
2553
2552
2557
2557
2552
2553
2553
2559
2559
2557
2558
2558
2560
2559
2560
2560
2559
2558
2557
2557
2554
2555
2556
2555
2554
2550
2551
2554
2554
2554
2554
2554
2555
2554
2554
2554
2554
2553
2553
2552
2552
2552
2550
2549
2549
2550
2549
2549
2549
2547
2544
2544
2543
2547
2546
2542
2542
2547
2547
2548
2546
2548
2548
2550
2547
2549
2552
2554
2557
2556
2559
2566
2569
2568
2572
2576
2585
2589
2589
2593
2603
2607
2610
2616
2620
2624
2629
2633
2638
2642
2648
2651
2655
2659
2662
2667
2671
2675
2679
2682
2687
2690
2694
2697
2699
2702
2701
2706
2711
2712
2710
2713
2715
