3539
3535
3535
3535
3531
3531
3530
3527
3524
3517
3514
3518
3515
3511
3508
3504
3496
3494
3497
3492
3488
3485
3481
3475
3473
3475
3472
3464
3462
3461
3464
3459
3456
3453
3450
3448
3445
3441
3439
3435
3432
3429
3427
3425
3423
3421
3418
3415
3414
3412
3410
3407
3406
3402
3401
3406
3403
3402
3403
3403
3401
3400
3393
3392
3395
3391
3387
3383
3380
3382
3380
3378
3378
3370
3369
3369
3372
3368
3367
3365
3365
3363
3362
3361
3360
3360
3358
3357
3355
3352
3349
3349
3353
3350
3350
3349
3344
3343
3342
3346
3344
3339
3339
3343
3341
3340
3339
3338
3338
3337
3336
3336
3334
3334
3333
3334
3333
3333
3333
3327
3328
3327
3331
3330
3329
3329
3329
3329
3329
3328
3329
3328
3327
3327
3328
3327
3323
3325
3332
3329
3332
3331
3326
3327
3329
3332
3330
3325
3326
3332
3330
3329
3328
3329
3328
3327
3326
3325
3323
3322
3321
3319
3318
3317
3316
3310
3310
3310
3312
3311
3307
3308
3313
3309
3308
3303
3301
3307
3305
3305
3305
3303
3301
3301
3304
3304
3303
3302
3301
3301
3300
3302
3300
3300
3301
3301
3302
3304
3304
3304
3304
3304
3303
3303
3301
3300
3299
3304
3303
3305
3303
3300
3301
3302
3308
3307
3304
3305
3304
3303
3303
3298
3297
3302
3300
3294
3294
3295
3298
3296
3298
3298
3298
3300
3301
3300
3300
3297
3297
3301
3299
3293
3295
3295
3300
3298
3293
3293
3298
3297
3297
3294
3294
3294
3295
3295
3293
3294
3295
3296
3293
3294
3301
3299
3298
3300
3298
3297
3297
3297
3297
3297
3296
3297
3296
3296
3294
3295
3296
3295
3291
3291
3293
3295
3294
3290
3292
3297
3297
3298
3296
3295
3296
3296
3295
3293
3294
3294
3294
3295
3294
3291
3293
3298
3299
3299
3298
3299
3299
3299
3299
3298
3298
3294
3296
3300
3299
3294
3296
3298
3300
3301
3302
3300
3300
3301
3297
3298
3299
3304
3303
3300
3301
3307
3307
3306
3307
3308
3308
3309
3305
3307
3311
3314
3315
3311
3312
3318
3317
3313
3315
3315
3321
3321
3321
3322
3322
3324
3325
3327
3327
3327
3330
3330
3331
3331
3332
3334
3336
3335
3336
3338
3340
3340
3341
3342
3344
3345
3347
3345
3348
3349
3355
3356
3354
3357
3365
3365
3365
3363
3366
3373
3373
3370
3374
3379
3381
3383
3384
3387
3390
3391
3389
3392
3397
3403
3406
3406
3410
3411
3413
3417
3418
3420
3423
3425
3427
3430
3434
3437
3439
3439
3444
3451
3453
3451
3453
3459
3466
3469
3470
3473
3482
3483
3486
3489
3493
3493
3498
3507
3508
3508
3515
3519
3527
3530
3533
3539
3538
3546
3549
3559
3561
3567
3570
3575
3581
3587
3593
3597
3597
3603
3612
3617
3623
3629
3633
3632
3639
3649
3653
3660
3665
3671
3677
3682
3688
3693
3700
3704
3712
3718
3724
3728
3735
3735
3744
3755
3761
3767
3772
3780
3787
3792
3797
3806
3814
3820
3826
3830
3838
3851
3856
3859
3867
3874
3888
3893
3895
3905
3919
3925
3932
3936
3945
3956
3962
3971
3979
3987
3993
4001
4009
4018
4021
4029
4041
4051
4060
4068
4077
4081
4090
4105
4111
4122
4130
4137
4143
4154
4167
4175
4185
4194
4203
4208
4220
4226
4239
4246
4257
4266
4275
4285
4293
4302
4313
4322
4331
4340
4351
4355
4365
4383
4391
4400
4404
4414
4430
4436
4442
4453
4463
4477
4487
4495
4503
4513
4523
4526
4538
4547
4561
4572
4581
4590
4600
4607
4618
4627
4636
4653
4662
4670
4681
4691
4697
4710
4725
4734
4737
4750
4766
4772
4784
4795
4805
4815
4825
4836
4843
4855
4864
4871
4883
4892
4903
4915
4921
4927
4938
4950
4958
4964
4971
4987
4993
5000
5002
5012
5024
5031
5039
5045
5052
5060
5067
5075
5084
5092
5101
5109
5118
5128
5139
5148
5160
5170
5172
5185
5194
5207
5217
5227
5237
5248
5264
5275
5284
5295
5312
5320
5331
5340
5349
5362
5372
5375
5387
5398
5404
5411
5419
5431
5444
5451
5461
5473
5481
5495
5504
5517
5526
5535
5544
5543
5553
5559
5567
5570
5567
5574
5581
5582
5590
5588
5592
5599
5601
5603
5613
5624
5629
5638
5643
5652
5659
5665
5668
5675
5681
5685
5692
5700
5709
5719
5727
5741
5748
5758
5766
5770
5776
5779
5777
5786
5789
5799
5806
5804
5810
5825
5834
5840
5849
5860
5865
5878
5880
5890
5902
5910
5916
5918
5929
5939
5945
5952
5963
5971
5977
5986
5992
5999
6000
6013
6020
6030
6040
6045
6049
6057
6061
6062
6066
6064
6064
6069
6075
6074
6076
6076
6076
6078
6078
6080
6082
6076
6083
6090
6094
6103
6100
6105
6119
6124
6132
6135
6144
6151
6155
6161
6169
6174
6181
6187
6191
6200
6206
6211
6218
6222
6228
6232
6240
6240
6245
6258
6262
6259
6266
6274
6282
6289
6290
6296
6296
6301
6307
6316
6318
6321
6324
6328
6331
6333
6336
6341
6339
6344
6356
6357
6361
6365
6367
6369
6372
6375
6376
6381
6383
6385
6389
6392
6392
6393
6395
6400
6399
6400
6404
6401
6402
6409
6406
6405
6408
6406
6399
6400
6403
6397
6389
6392
6391
6393
6395
6390
6392
6400
6400
6398
6398
6404
6409
6408
6413
6413
6406
6409
6410
6419
6421
6420
6419
6420
6417
6415
6415
6413
6409
6409
6409
6405
6405
6403
6401
6397
6402
6408
6407
6408
6403
6406
6401
6402
6408
6405
6400
6399
6396
6393
6389
6388
6382
6378
6375
6369
6364
6363
6358
6359
6349
6353
6361
6358
6360
6356
6357
6357
6356
6347
6349
6354
6357
6359
6352
6353
6362
6359
6359
6363
6363
6365
6369
6373
6371
6365
6370
6375
6383
6382
6388
6388
6391
6395
6398
6405
6404
6408
6413
6405
6410
6415
6420
6418
6410
6407
6411
6407
6396
6393
6390
6390
6383
6383
6379
6364
6362
6356
6357
6348
6345
6336
6331
6326
6321
6318
6314
6309
6308
6304
6302
6297
6298
6294
6292
6292
6288
6286
6285
6282
6278
6278
6275
6270
6271
6262
6262
6267
6270
6266
6266
6264
6265
6262
6253
6251
6252
6254
6250
6238
6236
6238
6230
6225
6212
6206
6209
6203
6197
6191
6183
6184
6180
6180
6176
6175
6175
6172
6174
6174
6176
6174
6173
6171
6169
6171
6171
6167
6169
6173
6174
6173
6171
6167
6160
6163
6162
6158
6151
6147
6149
6142
6135
6135
6129
6125
6121
6120
6119
6115
6108
6106
6109
6107
6107
6105
6106
6103
6104
6102
6099
6099
6099
6099
6096
6094
6089
6086
6087
6086
6083
6083
6078
6069
6070
6074
6071
6066
6061
6058
6058
6055
6057
6054
6056
6056
6051
6052
6057
6062
6062
6064
6063
6056
6060
6058
6059
6060
6056
6056
6048
6046
6049
6051
6049
6051
6052
6048
6044
6045
6042
6036
6038
6035
6021
6022
6025
6018
6016
6004
6000
5999
5995
5982
5978
5977
5979
5972
5969
5966
5955
5954
5960
5957
5956
5954
5949
5950
5946
5941
5940
5937
5937
5936
5935
5934
5932
5927
5921
5917
5909
5907
5899
5887
5885
5885
5878
5873
5861
5856
5859
5851
5842
5839
5836
5840
5833
5832
5829
5825
5825
5822
5817
5812
5806
5800
5797
5790
5780
5776
5772
5775
5772
5762
5763
5769
5764
5760
5758
5756
5752
5752
5742
5743
5741
5744
5739
5731
5732
5734
5727
5725
5720
5716
5715
5710
5706
5704
5704
5699
5696
5695
5693
5688
5686
5682
5677
5672
5666
5662
5663
5662
5655
5650
5648
5646
5643
5640
5637
5637
5635
5632
5630
5628
5620
5617
5622
5614
5601
5599
5597
5591
5586
5575
5569
5570
5564
5559
5555
5548
5542
5539
5532
5529
5522
5515
5512
5505
5501
5496
5494
5483
5478
5478
5476
5472
5465
5460
5464
5460
5457
5454
5451
5445
5439
5445
5440
5434
5433
5429
5425
5423
5419
5415
5414
5409
5406
5405
5401
5396
5396
5399
5397
5396
5394
5392
5391
5388
5385
5384
5380
5378
5375
5367
5367
5368
5363
5360
5358
5357
5353
5351
5344
5343
5349
5346
5336
5334
5333
5334
5330
5324
5318
5311
5308
5303
5296
5291
5292
5288
5283
5276
5272
5268
5264
5261
5255
5253
5251
5247
5246
5243
5240
5237
5234
5233
5221
5218
5220
5219
5215
5208
5205
5208
5203
5194
5189
5185
5185
5182
5175
5173
5168
5162
5159
5157
5152
5151
5148
5136
5137
5136
5135
5133
5124
5123
5132
5128
5121
5117
5116
5118
5116
5114
5110
5103
5099
5099
5100
5100
5096
5092
5087
5085
5083
5087
5083
5078
5076
5075
5070
5066
5062
5060
5056
5052
5051
5045
5044
5037
5033
5030
5025
5022
5017
5012
5011
5008
5002
4998
4994
4992
4982
4981
4982
4982
4977
4972
4969
4967
4964
4956
4956
4952
4956
4952
4943
4942
4944
4941
4937
4930
4926
4932
4928
4919
4917
4917
4919
4917
4917
4913
4913
4910
4909
4904
4900
4896
4891
4889
4883
4880
4876
4874
4865
4862
4867
4863
4862
4859
4860
4852
4849
4854
4848
4841
4837
4843
4839
4835
4834
4829
4830
4828
4826
4828
4825
4825
4820
4819
4814
4805
4804
4802
4803
4798
4797
4792
4790
4788
4777
4776
4775
4774
4771
4764
4760
4756
4751
4746
4742
4741
4730
4727
4731
4725
4721
4716
4713
4716
4712
4708
4705
4704
4700
4696
4691
4688
4690
4690
4678
4679
4673
4680
4673
4671
4668
4660
4659
4657
4658
4656
4655
4651
4647
4640
4641
4637
4637
4634
4634
4624
4624
4627
4625
4622
4620
4619
4615
4617
4614
4612
4609
4608
4607
4603
4603
4600
4600
4595
4592
4592
4584
4585
4588
4587
4577
4574
4572
4575
4571
4564
4560
4567
4563
4559
4560
4556
4553
4555
4547
4546
4551
4548
4548
4545
4544
4541
4540
4537
4535
4535
4536
4535
4531
4531
4527
4528
4522
4520
4517
4522
4516
4511
4506
4512
4508
4508
4504
4502
4492
4493
4495
4494
4490
4487
4486
4483
4481
4471
4473
4470
4473
4469
4466
4463
4463
4459
4459
4455
4456
4456
4455
4454
4455
4447
4447
4446
4446
4445
4443
4441
4439
4437
4430
4425
4420
4425
4419
4416
4412
4405
4403
4399
4400
4400
4398
4397
4393
4394
4389
4384
4380
4382
4382
4377
4375
4370
4366
4364
4370
4367
4362
4362
4360
4356
4358
4358
4353
4353
4350
4343
4343
4344
4345
4345
4343
4342
4335
4335
4335
4339
4335
4335
4328
4330
4327
4328
4327
4326
4319
4317
4323
4320
4320
4316
4317
4314
4313
4311
4310
4309
4306
4305
4302
4302
4296
4295
4300
4296
4288
4287
4286
4289
4285
4285
4280
4279
4277
4275
4271
4271
4268
4268
4262
4263
4259
4258
4257
4251
4250
4251
4250
4240
4242
4240
4243
4238
4239
4234
4234
4233
4231
4227
4228
4223
4222
4216
4215
4214
4215
4213
4211
4207
4208
4204
4204
4202
4200
4197
4195
4191
4189
4194
4191
4189
4186
4184
4184
4183
4176
4176
4178
4177
4177
4174
4173
4170
4170
4163
4164
4160
4168
4162
4162
4160
4153
4153
4154
4158
4156
4151
4151
4150
4148
4143
4138
4140
4144
4141
4141
4136
4136
4133
4130
4130
4129
4129
4128
4121
4120
4123
4126
4123
4124
4121
4121
4116
4117
4112
4113
4105
4105
4107
4106
4098
4101
4099
4103
4103
4101
4097
4097
4096
4097
4090
4088
4092
4090
4086
4086
4080
4079
4073
4078
4077
4076
4074
4068
4068
4065
4071
4067
4066
4063
4064
4061
4062
4059
4060
4056
4056
4057
4057
4055
4055
4053
4053
4052
4052
4048
4042
4041
4041
4043
4041
4041
4039
4033
4032
4034
4037
4035
4029
4030
4029
4026
4024
4020
4022
4024
4024
4016
4018
4020
4020
4018
4014
4011
4017
4013
4013
4011
4008
4007
4006
4005
4000
4000
3997
3997
3994
3995
3994
3992
3992
3991
3992
3989
3990
3986
3986
3983
3982
3980
3979
3976
3977
3975
3968
3966
3972
3970
3965
3962
3959
3965
3960
3957
3956
3961
3957
3957
3950
3950
3954
3951
3946
3947
3946
3950
3948
3947
3945
3944
3941
3940
3938
3938
3929
3930
3934
3932
3928
3928
3926
3926
3925
3920
3919
3925
3921
3921
3918
3919
3917
3916
3914
3914
3909
3906
3907
3910
3910
3903
3905
3908
3908
3907
3903
3904
3907
3906
3904
3903
3905
3904
3903
3901
3902
3900
3900
3895
3896
3894
3895
3894
3888
3888
3890
3889
3887
3885
3884
3881
3881
3879
3879
3879
3880
3877
3878
3875
3875
3875
3872
3871
3870
3875
3872
3865
3864
3869
3865
3866
3859
3859
3863
3861
3859
3858
3856
3853
3854
3851
3853
3847
3850
3852
3851
3849
3849
3848
3847
3846
3845
3843
3844
3839
3835
3840
3837
3829
3829
3829
3831
3830
3829
3826
3825
3823
3824
3823
3822
3821
3820
3826
3821
3822
3819
3818
3816
3813
3813
3811
3811
3812
3809
3805
3804
3810
3806
3802
3798
3800
3802
3800
3794
3795
3801
3799
3801
3800
3803
3801
3803
3803
3803
3804
3802
3802
3797
3796
3801
3799
3796
3795
3794
3790
3789
3788
3789
3786
3783
3785
3784
3785
3781
3781
3786
3783
3783
3779
3779
3775
3773
3771
3768
3773
3770
3766
3761
3760
3765
3760
3760
3758
3752
3752
3750
3755
3753
3752
3753
3750
3749
3751
3747
3748
3745
3747
3742
3745
3742
3741
3742
3737
3736
3742
3740
3737
3738
3735
3731
3731
3736
3733
3726
3727
3727
3729
3728
3728
3726
3721
3721
3723
3726
3723
3723
3721
3722
3721
3720
3720
3720
3717
3718
3712
3712
3719
3715
3713
3714
3713
3713
3712
3706
3709
3708
3711
3711
3712
3711
3707
3707
3713
3713
3710
3708
3707
3712
3710
3710
3710
3709
3708
3706
3706
3708
3706
3707
3705
3705
3705
3703
3704
3702
3702
3699
3700
3697
3696
3695
3695
3694
3686
3688
3686
3692
3690
3685
3685
3690
3690
3687
3687
3687
3685
3688
3685
3684
3679
3682
3680
3676
3675
3682
3680
3675
3675
3676
3683
3682
3683
3683
3681
3681
3682
3680
3681
3678
3679
3678
3676
3672
3671
3670
3673
3669
3664
3664
3667
3667
3666
3661
3663
3667
3668
3665
3665
3663
3665
3663
3660
3660
3666
3662
3657
3657
3655
3661
3658
3657
3658
3656
3656
3655
3656
3655
3651
3653
3651
3651
3649
3647
3647
3649
3649
3641
3644
3647
3645
3645
3643
3644
3641
3640
3641
3637
3638
3639
3637
3638
3638
3636
3637
3634
3635
3634
3634
3635
3628
3632
3635
3637
3636
3631
3633
3637
3633
3635
3634
3633
3633
3631
3624
3626
3631
3627
3625
3621
3621
3626
3623
3622
3621
3620
3617
3619
3614
3613
3619
3617
3616
3614
3616
3613
3611
3612
3612
3609
3612
3609
3607
3607
3610
3609
3603
3606
3609
3609
3607
3605
3606
3599
3601
3607
3604
3602
3604
3601
3600
3597
3598
3598
3596
3595
3594
3593
3592
3593
3594
3592
3592
3593
3586
3590
3596
3593
3593
3592
3591
3594
3592
3592
3591
3591
3589
3586
3583
3583
3587
3585
3580
3579
3583
3584
3581
3579
3580
3577
3577
3576
3575
3576
3570
3572
3577
3574
3570
3571
3573
3574
3573
3569
3571
3573
3574
3573
3574
3574
3574
3575
3577
3576
3575
3576
3575
3572
3573
3573
3571
3574
3572
3570
3569
3568
3572
3573
3565
3568
3572
3571
3570
3565
3564
3570
3569
3567
3566
3566
3561
3564
3563
3565
3561
3561
3558
3555
3555
3554
3552
3552
3549
3549
3546
3549
3548
3548
3547
3546
3548
3548
3548
3542
3543
3547
3543
3538
3540
3541
3544
3543
3541
3541
3540
3538
3539
3538
3536
3533
3532
3538
3535
3536
3536
3533
3534
3531
3528
3530
3533
3534
3533
3531
3532
3526
3526
3530
3529
3528
3528
3527
3524
3523
3528
3528
3526
3527
3525
3525
3525
3523
3525
3525
3522
3525
3523
3520
3523
3523
3521
3525
3524
3523
3524
3520
3521
3527
3524
3525
3524
3523
3518
3518
3521
3521
3516
3514
3517
3519
3517
3513
3513
3518
3517
3515
3515
3518
3517
3520
3522
3522
3522
3524
3521
3522
3522
3519
3519
3518
3516
3517
3514
3514
3511
3509
3515
3514
3510
3510
3508
3507
3505
3507
3504
3504
3503
3503
3504
3503
3503
3503
3500
3499
3502
3502
3502
3496
3499
3501
3502
3496
3498
3500
3503
3503
3498
3499
3504
3504
3504
3502
3504
3503
3501
3504
3503
3501
3502
3502
3496
3499
3504
3504
3505
3503
3503
3504
3503
3505
3503
3498
3499
3501
3504
3501
3496
3495
3499
3496
3495
3491
3489
3489
3485
3479
3481
3484
3481
3480
3478
3477
3479
3475
3469
3470
3473
3475
3473
3471
3471
3468
3469
3468
3466
3466
3464
3466
3465
3466
3460
3463
3465
3470
3472
3469
3470
3478
3477
3477
3474
3474
3480
3478
3474
3474
3472
3469
3469
3467
3466
3461
3460
3465
3464
3463
3462
3463
3463
3463
3459
3459
3459
3464
3463
3462
3460
3459
3459
3457
3457
3457
3451
3451
3457
3454
3453
3453
3452
3452
3452
3449
3451
3452
3450
3451
3451
3452
3448
3448
3454
3455
3452
3451
3452
3451
3449
3446
3444
3450
3450
3450
3450
3447
3448
3446
3446
3449
3449
3450
3450
3446
3445
3452
3449
3447
3446
3444
3450
3447
3442
3442
3448
3446
3444
3444
3444
3443
3441
3443
3442
3442
3439
3439
3443
3443
3440
3440
3440
3437
3439
3437
3440
3439
3439
3437
3442
3441
3442
3444
3438
3440
3447
3445
3443
3440
3441
3444
3444
3438
3439
3442
3444
3442
3444
3444
3442
3442
3440
3440
3438
3437
3437
3434
3434
3427
3431
3431
3434
3434
3432
3432
3431
3429
3430
3427
3428
3429
3427
3425
3425
3431
3432
3430
3428
3430
3433
3433
3430
3431
3431
3424
3424
3428
3425
3424
3426
3421
3418
3419
3423
3420
3420
3420
3417
3416
3419
3417
3417
3417
3416
3416
3417
3416
3410
3411
3415
3414
3415
3414
3412
3410
3411
3416
3415
3414
3414
3414
3414
3415
3414
3415
3415
3414
3414
3415
3415
3410
3411
3414
3412
3413
3411
3408
3407
3406
3410
3410
3408
3408
3407
3406
3406
3403
3402
3408
3406
3405
3408
3405
3402
3402
3405
3406
3406
3405
3405
3406
3403
3404
3405
3403
3403
3403
3401
3400
3398
3396
3401
3402
3400
3399
3400
3399
3398
3400
3397
3397
3398
3397
3392
3393
3397
3396
3390
3392
3398
3396
3396
3391
3393
3396
3395
3391
3391
3393
3397
3394
3395
3394
3388
3390
3390
3393
3393
3393
3391
3391
3392
3390
3389
3390
3385
3385
3391
3387
3388
3388
3387
3387
3387
3386
3387
3387
3384
3387
3385
3384
3387
3385
3378
3381
3386
3383
3383
3382
3383
3377
3380
3385
3383
3383
3382
3382
3380
3378
3385
3384
3382
3383
3381
3381
3382
3376
3378
3383
3380
3381
3376
3376
3381
3380
3379
3379
3379
3377
3379
3377
3377
3373
3373
3375
3377
3376
3372
3371
3375
3376
3370
3372
3370
3377
3375
3376
3377
3369
3372
3372
3378
3376
3376
3374
3374
3375
3373
3375
3375
3375
3376
3371
3372
3377
3374
3376
3375
3375
3375
3375
3371
3373
3371
3376
3375
3370
3371
3376
3376
3373
3374
3372
3372
3373
3373
3373
3371
3370
3371
3365
3368
3371
3371
3366
3365
3367
3370
3369
3370
3369
3370
3368
3366
3365
3364
3370
3368
3369
3367
3362
3362
3362
3367
3363
3363
3363
3356
3359
3358
3362
3363
3362
3361
3357
3357
3360
3361
3361
3362
3360
3356
3357
3362
3361
3359
3360
3358
3358
3359
3356
3359
3357
3357
3358
3356
3355
3356
3354
3356
3356
3356
3353
3353
3358
3357
3352
3354
3353
3359
3356
3352
3354
3357
3356
3355
3352
3351
3355
3354
3352
3354
3352
3353
3353
3351
3353
3351
3353
3347
3349
3347
3353
3352
3350
3350
3348
3349
3351
3351
3350
3346
3348
3352
3350
3351
3349
3350
3345
3347
3350
3350
3350
3349
3348
3349
3348
3343
3345
3351
3348
3349
3344
3344
3349
3350
3343
3343
3347
3347
3347
3349
3346
3347
3346
3344
3346
3344
3345
3345
3339
3341
3346
3345
3344
3344
3342
3344
3344
3342
3342
3341
3343
3340
3342
3340
3335
3338
3341
3339
3339
3335
3333
3340
3337
3331
3334
3333
3336
3337
3332
3333
3337
3336
3337
3332
3336
3340
3341
3340
3342
3337
3338
3340
3343
3344
3344
3342
3343
3341
3340
3342
3339
3340
3341
3339
3340
3340
3340
3340
3338
3340
3337
3339
3336
3335
3336
3331
3332
3335
3335
3335
3332
3334
3328
3329
3335
3332
3333
3333
3329
3329
3327
3334
3331
3327
3327
3331
3332
3329
3329
3328
3328
3328
3323
3323
3325
3326
3326
3326
3324
3324
3325
3323
3325
3323
3319
3321
3324
3325
3325
3324
3324
3323
3324
3322
3323
3322
3323
3324
3318
3320
3324
3323
3323
3322
3323
3322
3322
3322
3322
3324
3323
3321
3321
3322
3317
3318
3321
3321
3321
3321
3320
3319
3320
3318
3320
3314
3316
3317
3320
3319
3316
3315
3319
3319
3320
3320
3320
3315
3318
3320
3320
3316
3315
3317
3319
3319
3320
3317
3319
3317
3318
3317
3317
3318
3316
3318
3317
3317
3316
3315
3313
3313
3319
3316
3311
3314
3313
3319
3317
3318
3317
3316
3315
3316
3317
3317
3317
3318
3312
3314
3319
3317
3317
3316
3315
3311
3311
3318
3316
3316
3314
3315
3315
3313
3310
3309
3311
3313
3313
3312
3311
3313
3311
3308
3309
3308
3312
3310
3313
3311
3313
3312
3311
3311
3312
3314
3313
3310
3310
3312
3314
3313
3313
3314
3312
3312
3313
3311
3312
3310
3311
3304
3306
3312
3308
3309
3309
3309
3307
3307
3306
3306
3306
3307
3307
3310
3311
3309
3312
3318
3321
3323
3326
3329
3333
3339
3338
3344
3348
3359
3364
3364
3372
3381
3389
3390
3395
3400
3412
3416
3417
3424
3434
3442
3444
3449
3453
3465
3468
3475
3478
3481
3488
3492
3493
3498
3506
3507
3511
3515
3517
3518
3521
3524
3525
3522
3524
3523
