2764
2763
2763
2762
2756
2757
2759
2761
2759
2753
2752
2756
2753
2751
2750
2748
2745
2744
2742
2740
2737
2735
2733
2731
2729
2723
2722
2725
2723
2720
2714
2713
2715
2711
2709
2707
2703
2701
2700
2703
2701
2699
2697
2695
2693
2690
2690
2687
2685
2684
2682
2681
2680
2676
2675
2669
2668
2672
2669
2667
2666
2665
2664
2662
2658
2658
2654
2654
2652
2656
2654
2654
2652
2654
2652
2650
2649
2649
2646
2645
2649
2647
2642
2643
2643
2647
2646
2644
2644
2644
2643
2642
2642
2640
2636
2636
2641
2637
2635
2634
2634
2637
2636
2636
2636
2635
2634
2633
2632
2631
2631
2629
2629
2629
2628
2629
2628
2623
2624
2628
2626
2626
2624
2623
2622
2621
2620
2619
2619
2620
2620
2616
2618
2624
2625
2624
2624
2623
2619
2621
2625
2623
2617
2617
2618
2619
2619
2618
2619
2619
2619
2617
2617
2616
2617
2617
2612
2611
2615
2614
2612
2611
2611
2610
2608
2608
2607
2606
2606
2606
2612
2611
2612
2612
2612
2610
2609
2604
2605
2609
2608
2602
2602
2601
2605
2603
2602
2603
2603
2603
2602
2601
2602
2604
2607
2603
2606
2610
2611
2611
2611
2611
2611
2610
2606
2606
2604
2608
2606
2601
2601
2604
2604
2604
2604
2603
2601
2601
2600
2601
2600
2599
2598
2598
2596
2597
2597
2595
2595
2595
2595
2594
2594
2594
2592
2592
2590
2589
2589
2593
2593
2588
2588
2591
2590
2589
2586
2586
2592
2591
2587
2588
2589
2592
2591
2591
2592
2591
2590
2590
2589
2588
2587
2587
2587
2586
2582
2582
2581
2586
2584
2584
2583
2583
2583
2584
2581
2582
2587
2586
2583
2583
2585
2587
2586
2586
2586
2587
2587
2587
2587
2587
2588
2586
2585
2584
2585
2586
2585
2584
2585
2581
2584
2588
2587
2586
2582
2583
2586
2587
2585
2586
2588
2586
2586
2583
2583
2587
2587
2587
2587
2588
2587
2586
2586
2587
2583
2582
2583
2584
2583
2579
2580
2584
2582
2581
2581
2581
2580
2579
2579
2579
2575
2576
2577
2582
2584
2583
2584
2585
2586
2588
2590
2592
2589
2591
2598
2599
2596
2597
2599
2602
2602
2603
2603
2603
2604
2602
2601
2601
2601
2601
2601
2602
2601
2600
2599
2598
2599
2599
2600
2599
2599
2599
2595
2597
2603
2602
2597
2597
2598
2603
2604
2605
2605
2601
2603
2605
2608
2609
2608
2609
2609
2609
2610
2612
2612
2612
2612
2609
2612
2618
2618
2619
2616
2616
2622
2623
2624
2625
2625
2626
2628
2630
2632
2633
2635
2633
2637
2638
2645
2647
2647
2649
2646
2649
2651
2655
2655
2655
2656
2652
2655
2657
2660
2660
2659
2660
2656
2660
2666
2668
2670
2671
2674
2677
2680
2676
2678
2680
2685
2685
2687
2689
2690
2690
2690
2688
2692
2697
2699
2701
2701
2699
2700
2702
2707
2709
2711
2711
2714
2716
2717
2719
2722
2724
2727
2730
2732
2733
2737
2739
2741
2743
2742
2745
2752
2754
2756
2759
2762
2759
2762
2771
2772
2776
2774
2777
2785
2786
2790
2793
2795
2799
2803
2803
2807
2816
2819
2823
2827
2831
2834
2837
2840
2842
2844
2846
2849
2851
2853
2856
2859
2856
2861
2866
2870
2872
2871
2875
2884
2885
2884
2889
2892
2900
2902
2907
2907
2911
2915
2920
2923
2928
2928
2932
2943
2944
2947
2949
2953
2963
2967
2970
2974
2977
2981
2986
2991
2996
3000
3005
3010
3016
3020
3023
3030
3035
3039
3043
3046
3053
3056
3060
3061
3066
3076
3079
3081
3087
3092
3095
3100
3100
3106
3118
3119
3125
3125
3131
3139
3143
3143
3150
3157
3165
3170
3173
3178
3178
3186
3195
3199
3203
3207
3213
3218
3224
3228
3234
3237
3243
3248
3254
3260
3260
3265
3274
3280
3286
3291
3295
3295
3302
3314
3318
3322
3326
3330
3336
3339
3344
3347
3352
3353
3359
3367
3371
3376
3383
3385
3389
3395
3404
3410
3410
3417
3427
3434
3439
3444
3450
3457
3461
3469
3473
3478
3484
3489
3493
3500
3506
3512
3516
3520
3524
3535
3542
3547
3552
3559
3564
3568
3572
3577
3587
3593
3597
3602
3607
3608
3611
3623
3628
3631
3635
3638
3641
3645
3650
3651
3656
3659
3658
3661
3668
3676
3678
3684
3687
3692
3699
3699
3703
3705
3717
3718
3723
3727
3730
3737
3740
3744
3750
3753
3758
3765
3769
3775
3774
3780
3790
3793
3797
3801
3803
3810
3813
3816
3821
3832
3835
3838
3839
3845
3854
3856
3851
3857
3864
3866
3871
3867
3870
3876
3879
3879
3880
3883
3882
3884
3885
3887
3890
3892
3895
3899
3901
3905
3907
3911
3916
3918
3924
3926
3931
3936
3938
3945
3948
3954
3957
3958
3965
3973
3974
3971
3975
3981
3987
3989
3995
3996
3995
4000
4013
4012
4018
4023
4026
4030
4032
4038
4038
4044
4043
4050
4059
4062
4059
4064
4069
4078
4078
4086
4087
4091
4097
4102
4106
4106
4112
4114
4115
4118
4129
4131
4131
4135
4139
4142
4144
4139
4144
4150
4157
4161
4154
4159
4170
4169
4169
4172
4175
4179
4182
4183
4186
4189
4193
4197
4202
4205
4207
4212
4215
4220
4222
4224
4225
4225
4229
4236
4238
4233
4239
4239
4247
4247
4251
4251
4248
4251
4252
4259
4260
4263
4263
4262
4264
4269
4274
4276
4278
4280
4282
4283
4285
4286
4288
4288
4290
4290
4295
4296
4296
4299
4296
4299
4294
4299
4306
4305
4303
4301
4306
4308
4311
4309
4312
4307
4309
4312
4317
4317
4316
4316
4317
4316
4318
4316
4319
4318
4320
4315
4316
4322
4325
4324
4325
4323
4321
4320
4327
4327
4326
4327
4326
4327
4330
4330
4330
4331
4330
4331
4330
4331
4330
4332
4330
4334
4332
4327
4329
4333
4332
4326
4324
4328
4331
4328
4323
4322
4330
4325
4326
4325
4322
4322
4320
4314
4315
4318
4322
4320
4317
4318
4325
4323
4318
4322
4322
4330
4328
4332
4328
4331
4332
4332
4332
4335
4328
4332
4339
4337
4340
4339
4342
4342
4343
4342
4343
4344
4343
4344
4345
4345
4345
4348
4346
4344
4345
4345
4346
4346
4348
4339
4343
4347
4349
4349
4345
4346
4352
4354
4343
4348
4350
4351
4356
4348
4347
4355
4355
4352
4351
4349
4348
4347
4344
4342
4341
4342
4341
4341
4342
4343
4342
4340
4338
4343
4344
4343
4341
4341
4328
4329
4325
4330
4325
4324
4321
4321
4316
4313
4307
4309
4312
4311
4310
4308
4301
4300
4300
4302
4302
4298
4299
4297
4297
4294
4292
4291
4298
4294
4296
4294
4295
4295
4295
4293
4293
4293
4292
4292
4293
4293
4290
4292
4290
4290
4285
4285
4286
4289
4289
4286
4284
4283
4283
4277
4273
4274
4276
4274
4262
4265
4268
4263
4259
4252
4252
4253
4252
4247
4246
4243
4241
4238
4237
4235
4231
4230
4228
4226
4224
4223
4220
4215
4215
4221
4219
4219
4217
4214
4215
4212
4214
4210
4212
4205
4206
4212
4209
4205
4205
4206
4212
4209
4202
4203
4211
4206
4207
4204
4204
4205
4202
4203
4201
4202
4200
4200
4200
4199
4194
4193
4200
4196
4198
4196
4195
4188
4188
4191
4190
4189
4188
4190
4181
4182
4188
4186
4186
4182
4181
4177
4179
4176
4177
4172
4174
4171
4169
4168
4166
4163
4159
4156
4154
4153
4149
4140
4140
4142
4138
4130
4128
4128
4128
4128
4117
4115
4118
4112
4110
4106
4104
4100
4099
4090
4090
4090
4090
4086
4081
4081
4079
4076
4076
4072
4068
4068
4066
4065
4063
4061
4058
4059
4056
4054
4055
4052
4051
4049
4044
4044
4045
4050
4045
4044
4043
4037
4035
4034
4037
4037
4034
4034
4028
4026
4027
4032
4028
4028
4025
4025
4022
4023
4021
4022
4019
4019
4017
4018
4016
4015
4011
4005
4004
4008
4006
3997
3996
3998
3996
3995
3988
3986
3989
3987
3977
3976
3974
3977
3973
3964
3963
3963
3959
3957
3958
3954
3952
3950
3948
3946
3944
3943
3939
3939
3936
3935
3929
3928
3926
3923
3922
3918
3916
3916
3913
3909
3908
3906
3905
3903
3902
3901
3900
3899
3898
3894
3887
3888
3889
3888
3882
3879
3879
3882
3882
3879
3877
3877
3873
3872
3870
3869
3866
3867
3864
3863
3862
3860
3858
3852
3850
3857
3853
3848
3846
3844
3849
3847
3843
3844
3840
3840
3840
3838
3837
3831
3827
3833
3828
3823
3823
3818
3810
3810
3813
3806
3799
3797
3794
3800
3795
3794
3792
3789
3787
3784
3782
3781
3772
3770
3776
3772
3770
3767
3766
3765
3760
3759
3757
3754
3754
3748
3747
3746
3742
3741
3735
3735
3732
3731
3730
3722
3722
3727
3722
3721
3714
3715
3717
3715
3709
3707
3711
3709
3709
3706
3706
3704
3702
3703
3699
3698
3696
3695
3685
3687
3691
3688
3687
3684
3683
3675
3676
3681
3679
3673
3671
3672
3675
3675
3669
3665
3669
3665
3665
3660
3658
3655
3653
3651
3647
3644
3637
3636
3640
3635
3632
3628
3628
3623
3623
3620
3619
3618
3615
3608
3608
3606
3608
3607
3604
3604
3600
3596
3597
3594
3593
3592
3591
3591
3588
3585
3585
3585
3588
3588
3581
3582
3585
3584
3580
3580
3574
3570
3568
3574
3569
3569
3566
3565
3562
3562
3558
3558
3555
3555
3552
3551
3548
3548
3546
3536
3539
3536
3540
3536
3538
3535
3535
3535
3530
3527
3525
3529
3525
3527
3522
3518
3516
3518
3520
3518
3511
3512
3516
3514
3511
3503
3505
3506
3504
3498
3496
3498
3497
3496
3493
3493
3490
3489
3488
3486
3486
3483
3482
3480
3480
3478
3477
3474
3470
3470
3473
3471
3468
3468
3464
3466
3462
3462
3459
3455
3456
3459
3460
3458
3458
3456
3454
3451
3452
3448
3448
3444
3442
3440
3441
3437
3438
3436
3435
3431
3427
3424
3429
3425
3424
3423
3423
3416
3415
3419
3418
3415
3413
3410
3408
3406
3406
3403
3398
3398
3398
3400
3396
3392
3391
3395
3391
3386
3382
3381
3386
3382
3381
3378
3378
3375
3375
3371
3371
3369
3368
3367
3364
3364
3361
3361
3359
3359
3352
3351
3356
3354
3353
3350
3348
3347
3346
3338
3339
3339
3342
3340
3335
3333
3339
3334
3333
3333
3333
3330
3328
3329
3326
3322
3320
3320
3323
3322
3319
3319
3317
3317
3314
3313
3313
3309
3312
3305
3305
3305
3308
3307
3301
3303
3306
3306
3299
3300
3298
3302
3298
3298
3294
3294
3291
3290
3288
3287
3286
3284
3282
3283
3280
3279
3278
3272
3272
3277
3275
3269
3269
3267
3272
3270
3270
3269
3261
3264
3261
3267
3265
3259
3258
3262
3262
3257
3256
3256
3254
3254
3251
3250
3248
3248
3249
3245
3246
3244
3244
3237
3236
3238
3239
3239
3232
3233
3235
3235
3231
3229
3229
3227
3227
3226
3226
3224
3225
3223
3219
3218
3221
3221
3218
3217
3216
3210
3211
3216
3214
3213
3210
3210
3208
3206
3204
3203
3202
3199
3197
3197
3196
3189
3189
3194
3192
3190
3189
3189
3188
3186
3180
3180
3185
3181
3180
3181
3180
3173
3172
3178
3177
3170
3168
3170
3174
3171
3171
3171
3169
3167
3165
3166
3163
3162
3162
3161
3161
3161
3160
3158
3158
3159
3158
3155
3150
3150
3152
3154
3151
3147
3146
3148
3146
3144
3143
3141
3134
3135
3140
3137
3135
3134
3135
3133
3133
3132
3132
3134
3134
3133
3133
3133
3126
3127
3132
3130
3128
3129
3128
3125
3124
3123
3121
3120
3118
3116
3110
3110
3114
3110
3106
3104
3104
3109
3107
3102
3102
3107
3103
3103
3103
3101
3098
3097
3096
3093
3094
3093
3091
3090
3089
3083
3083
3087
3087
3086
3080
3080
3086
3085
3082
3081
3081
3078
3075
3080
3080
3074
3072
3072
3074
3072
3071
3069
3069
3068
3063
3061
3060
3065
3063
3061
3059
3057
3058
3057
3056
3053
3052
3052
3051
3050
3047
3047
3047
3045
3046
3041
3040
3045
3045
3045
3043
3042
3041
3041
3041
3040
3039
3037
3037
3039
3039
3038
3038
3037
3034
3034
3039
3037
3031
3033
3037
3034
3033
3034
3032
3027
3027
3033
3030
3027
3023
3022
3025
3022
3022
3021
3019
3018
3018
3015
3013
3016
3016
3011
3010
3009
3013
3012
3008
3009
3007
3006
3007
3004
3003
3010
3010
3011
3010
3009
3010
3010
3012
3011
3011
3010
3003
3004
3004
3006
3005
3003
3003
3003
3001
3002
3001
3001
3002
3000
2999
2999
2999
2996
2997
2995
2995
2994
2990
2990
2990
2988
2987
2986
2981
2980
2984
2984
2983
2975
2976
2981
2978
2972
2972
2975
2975
2973
2972
2970
2964
2965
2970
2968
2966
2966
2964
2963
2964
2962
2961
2960
2954
2954
2960
2957
2957
2954
2954
2955
2954
2954
2952
2947
2949
2954
2953
2952
2947
2947
2952
2950
2943
2943
2945
2947
2946
2940
2941
2945
2944
2943
2944
2942
2942
2943
2942
2942
2941
2938
2940
2941
2939
2937
2936
2931
2932
2930
2935
2934
2934
2935
2928
2930
2933
2934
2932
2931
2931
2930
2930
2928
2929
2927
2927
2928
2927
2927
2922
2924
2924
2929
2929
2924
2923
2927
2927
2925
2925
2923
2922
2922
2921
2919
2919
2918
2919
2915
2915
2913
2912
2907
2908
2907
2910
2908
2908
2907
2907
2906
2903
2899
2898
2903
2902
2903
2902
2901
2903
2903
2898
2898
2903
2901
2901
2899
2899
2895
2893
2901
2900
2899
2899
2899
2899
2899
2899
2897
2896
2896
2895
2895
2895
2891
2892
2895
2895
2889
2888
2887
2890
2891
2889
2888
2887
2885
2884
2883
2881
2881
2880
2877
2877
2881
2880
2878
2874
2874
2878
2876
2874
2874
2873
2873
2873
2873
2869
2870
2870
2871
2870
2870
2866
2866
2871
2871
2866
2865
2866
2870
2868
2862
2864
2868
2865
2864
2859
2860
2864
2862
2860
2859
2858
2857
2856
2856
2854
2854
2853
2853
2853
2851
2851
2850
2850
2849
2847
2847
2846
2846
2848
2842
2844
2848
2846
2846
2845
2845
2840
2840
2845
2844
2838
2839
2839
2843
2841
2836
2836
2842
2841
2839
2834
2836
2841
2840
2839
2839
2839
2838
2840
2840
2839
2840
2839
2839
2837
2837
2838
2839
2835
2836
2841
2839
2840
2836
2837
2842
2840
2839
2837
2837
2837
2837
2837
2836
2835
2834
2833
2832
2832
2832
2832
2828
2828
2832
2831
2830
2824
2824
2827
2826
2825
2825
2826
2825
2823
2824
2825
2826
2827
2821
2821
2821
2826
2825
2819
2819
2824
2823
2822
2822
2820
2818
2817
2817
2815
2812
2810
2809
2812
2811
2810
2811
2810
2810
2809
2807
2808
2804
2805
2811
2810
2810
2810
2807
2808
2808
2808
2808
2804
2800
2800
2805
2804
2802
2804
2799
2798
2800
2804
2802
2802
2802
2795
2797
2798
2801
2799
2798
2798
2797
2799
2798
2799
2799
2796
2797
2802
2801
2800
2798
2796
2796
2795
2792
2793
2793
2792
2793
2791
2790
2795
2796
2795
2794
2795
2795
2795
2796
2795
2791
2792
2797
2795
2796
2792
2792
2788
2788
2791
2791
2789
2789
2788
2787
2788
2786
2785
2785
2785
2785
2779
2778
2783
2782
2779
2778
2779
2780
2777
2772
2773
2779
2777
2778
2776
2775
2780
2780
2774
2775
2778
2780
2779
2778
2779
2778
2777
2775
2774
2775
2774
2772
2774
2771
2770
2770
2769
2768
2767
2767
2766
2759
2761
2761
2764
2765
2763
2763
2758
2760
2763
2762
2762
2756
2757
2761
2759
2760
2762
2760
2761
2762
2761
2762
2761
2761
2760
2759
2759
2759
2758
2753
2753
2760
2762
2762
2761
2762
2761
2761
2761
2760
2758
2758
2759
2758
2758
2754
2755
2756
2757
2756
2756
2756
2754
2753
2750
2750
2751
2753
2753
2749
2749
2753
2753
2753
2749
2747
2753
2752
2747
2746
2750
2751
2752
2751
2750
2745
2746
2750
2749
2750
2747
2748
2747
2747
2743
2744
2742
2746
2747
2746
2746
2745
2745
2746
2745
2743
2743
2742
2742
2742
2741
2741
2741
2740
2741
2740
2739
2737
2737
2738
2738
2736
2736
2736
2734
2735
2733
2732
2731
2732
2730
2730
2730
2730
2729
2729
2724
2725
2729
2728
2722
2723
2724
2726
2726
2721
2723
2727
2725
2724
2726
2725
2720
2720
2726
2725
2722
2723
2723
2727
2727
2727
2728
2726
2726
2727
2727
2726
2725
2725
2724
2724
2723
2722
2721
2717
2718
2722
2720
2716
2717
2716
2720
2719
2716
2716
2720
2719
2718
2720
2719
2718
2717
2717
2718
2717
2716
2715
2712
2713
2717
2716
2716
2717
2718
2718
2718
2717
2719
2717
2717
2716
2715
2716
2711
2710
2717
2713
2712
2710
2709
2713
2712
2708
2706
2713
2711
2710
2709
2707
2708
2706
2706
2706
2707
2708
2706
2707
2707
2709
2710
2707
2708
2709
2707
2708
2712
2712
2708
2708
2710
2712
2713
2714
2711
2708
2708
2707
2710
2708
2707
2707
2706
2706
2703
2700
2702
2707
2706
2704
2705
2697
2698
2699
2702
2700
2695
2697
2700
2699
2698
2696
2697
2697
2697
2697
2695
2695
2694
2692
2692
2692
2692
2693
2688
2688
2687
2692
2691
2692
2692
2688
2688
2688
2693
2692
2693
2692
2693
2694
2692
2692
2692
2692
2692
2693
2690
2692
2690
2690
2686
2686
2691
2691
2692
2692
2694
2694
2693
2692
2692
2692
2690
2690
2689
2691
2696
2694
2691
2693
2696
2695
2695
2690
2691
2694
2692
2688
2686
2687
2691
2691
2692
2690
2689
2689
2687
2685
2685
2683
2684
2683
2680
2680
2679
2678
2675
2676
2678
2677
2677
2677
2677
2675
2676
2681
2680
2679
2679
2679
2679
2680
2681
2679
2680
2680
2681
2680
2679
2674
2674
2678
2678
2679
2679
2679
2680
2681
2681
2679
2674
2674
2676
2677
2678
2672
2673
2676
2672
2674
2671
2673
2674
2674
2671
2671
2677
2675
2675
2675
2675
2675
2676
2670
2672
2673
2675
2675
2675
2675
2675
2674
2673
2672
2671
2665
2667
2669
2668
2668
2667
2667
2666
2666
2661
2660
2666
2666
2666
2664
2666
2667
2666
2661
2661
2665
2664
2663
2662
2661
2661
2660
2659
2659
2660
2660
2660
2656
2657
2662
2660
2657
2655
2656
2660
2658
2658
2658
2658
2657
2657
2651
2651
2656
2656
2656
2656
2656
2654
2654
2653
2654
2650
2651
2652
2653
2653
2652
2652
2650
2649
2644
2645
2645
2650
2648
2649
2647
2647
2647
2646
2647
2646
2647
2648
2641
2644
2644
2647
2646
2646
2647
2642
2644
2650
2650
2650
2648
2649
2648
2648
2648
2649
2649
2645
2646
2651
2651
2651
2651
2650
2650
2649
2649
2649
2649
2649
2651
2651
2650
2650
2648
2648
2648
2644
2644
2644
2646
2645
2641
2640
2646
2645
2643
2640
2639
2644
2641
2643
2643
2643
2644
2644
2640
2640
2646
2646
2646
2647
2647
2648
2647
2643
2645
2652
2651
2651
2649
2648
2648
2648
2648
2649
2648
2648
2648
2643
2643
2648
2648
2643
2644
2643
2647
2646
2645
2645
2643
2644
2644
2643
2642
2638
2639
2644
2643
2643
2641
2641
2641
2641
2638
2640
2643
2642
2642
2641
2643
2642
2641
2639
2640
2640
2640
2639
2635
2636
2640
2638
2633
2633
2634
2637
2636
2635
2633
2632
2632
2631
2632
2631
2625
2625
2631
2629
2628
2628
2627
2627
2626
2621
2623
2627
2627
2625
2626
2626
2625
2626
2627
2628
2629
2629
2628
2622
2623
2628
2628
2624
2623
2623
2628
2626
2625
2625
2626
2624
2625
2626
2625
2626
2625
2622
2623
2623
2625
2625
2624
2624
2619
2620
2622
2625
2625
2625
2625
2628
2627
2629
2628
2629
2628
2628
2622
2622
2627
2627
2625
2625
2625
2625
2625
2624
2623
2622
2621
2619
2619
2619
2619
2619
2614
2616
2615
2618
2618
2615
2616
2622
2622
2622
2623
2623
2619
2620
2625
2625
2624
2624
2624
2625
2624
2620
2621
2625
2625
2626
2621
2623
2628
2627
2627
2628
2627
2627
2628
2627
2627
2627
2626
2625
2623
2623
2627
2626
2620
2621
2624
2624
2622
2622
2620
2620
2619
2614
2616
2616
2620
2620
2620
2619
2620
2618
2618
2617
2615
2616
2617
2617
2618
2619
2619
2619
2616
2616
2620
2618
2618
2619
2619
2616
2617
2622
2619
2620
2617
2618
2616
2616
2616
2616
2616
2616
2615
2614
2613
2612
2612
2609
2611
2616
2614
2613
2614
2613
2611
2611
2615
2615
2611
2608
2609
2613
2613
2613
2611
2612
2613
2613
2613
2613
2608
2609
2614
2612
2611
2608
2608
2612
2610
2611
2608
2609
2607
2608
2608
2608
2608
2607
2606
2606
2606
2606
2605
2603
2602
2598
2599
2600
2602
2603
2599
2598
2603
2604
2601
2601
2601
2602
2601
2598
2597
2601
2601
2601
2602
2600
2601
2600
2596
2597
2598
2601
2600
2599
2599
2594
2595
2597
2599
2599
2595
2595
2600
2600
2598
2597
2597
2596
2596
2598
2596
2596
2597
2597
2595
2595
2596
2595
2590
2592
2593
2596
2594
2594
2595
2594
2593
2590
2591
2591
2595
2594
2593
2594
2593
2593
2594
2593
2593
2588
2590
2595
2596
2594
2592
2594
2600
2599
2600
2600
2600
2600
2600
2600
2599
2600
2598
2598
2597
2598
2594
2595
2600
2599
2594
2595
2598
2601
2602
2603
2603
2604
2605
2602
2603
2604
2609
2608
2609
2608
2608
2607
2606
2601
2602
2605
2604
2598
2599
2600
2601
2600
2595
2593
2598
2597
2597
2597
2596
2593
2592
2596
2596
2594
2593
2591
2592
2591
2592
2592
2592
2591
2590
2589
2588
2587
2586
2587
2587
2588
2587
2587
2587
2587
2587
2587
2588
2589
2591
2592
2593
2593
2594
2592
2593
2592
2591
2592
2589
2587
2591
2590
2589
2589
2588
2588
2588
2587
2587
2587
2588
2588
2589
2589
2591
2591
2587
2590
2593
2599
2600
2600
2603
2612
2613
2614
2618
2623
2630
2633
2632
2638
2648
2648
2652
2656
2660
2662
2665
2676
2677
2684
2682
2688
2697
2701
2699
2704
2711
2714
2720
2720
2722
2731
2734
2737
2740
2742
2745
2747
2750
2751
2753
2753
2753
2754
2756
2757
