3413
3410
3411
3412
3412
3409
3408
3407
3405
3402
3396
3395
3398
3394
3385
3385
3386
3384
3380
3377
3375
3370
3366
3364
3362
3359
3354
3352
3350
3347
3339
3338
3333
3337
3333
3330
3327
3322
3320
3320
3317
3315
3312
3309
3305
3304
3299
3296
3295
3297
3295
3287
3286
3289
3287
3284
3284
3280
3277
3276
3276
3273
3270
3270
3266
3266
3265
3258
3258
3264
3261
3259
3253
3255
3259
3256
3251
3252
3251
3253
3249
3248
3248
3247
3244
3243
3244
3240
3239
3238
3237
3236
3234
3234
3235
3227
3227
3232
3230
3223
3225
3225
3227
3226
3225
3225
3224
3223
3222
3221
3220
3216
3216
3220
3218
3219
3218
3217
3213
3214
3218
3216
3211
3212
3213
3215
3215
3215
3215
3212
3211
3211
3212
3210
3208
3209
3209
3206
3206
3207
3207
3202
3203
3208
3206
3200
3202
3204
3205
3205
3205
3205
3203
3201
3201
3201
3200
3195
3195
3199
3197
3190
3193
3191
3196
3193
3193
3194
3194
3193
3192
3193
3193
3193
3192
3191
3193
3193
3193
3192
3193
3194
3189
3188
3194
3193
3191
3185
3186
3191
3190
3181
3183
3183
3188
3186
3184
3182
3187
3186
3186
3185
3186
3183
3184
3185
3183
3183
3183
3183
3183
3182
3182
3181
3179
3181
3181
3179
3179
3176
3177
3182
3181
3179
3178
3178
3174
3174
3180
3178
3178
3178
3178
3178
3178
3177
3176
3172
3174
3174
3179
3176
3174
3176
3172
3172
3177
3176
3176
3176
3174
3171
3171
3176
3176
3176
3174
3172
3174
3174
3167
3170
3172
3174
3174
3176
3173
3173
3174
3174
3171
3173
3173
3172
3172
3174
3170
3169
3170
3176
3175
3177
3175
3178
3178
3176
3179
3179
3178
3177
3177
3179
3175
3173
3175
3180
3177
3172
3174
3179
3177
3178
3178
3176
3178
3178
3171
3173
3175
3178
3174
3175
3176
3174
3175
3173
3173
3173
3178
3178
3171
3174
3179
3177
3178
3176
3175
3180
3180
3175
3177
3177
3181
3181
3177
3178
3185
3185
3184
3185
3184
3187
3187
3187
3188
3190
3191
3190
3191
3191
3191
3192
3192
3195
3196
3193
3195
3201
3200
3201
3203
3200
3199
3201
3205
3206
3207
3207
3209
3209
3209
3209
3208
3216
3215
3217
3219
3219
3222
3221
3220
3223
3228
3229
3228
3229
3229
3236
3237
3237
3237
3240
3241
3243
3247
3247
3246
3248
3255
3257
3258
3260
3261
3261
3265
3267
3267
3269
3268
3272
3278
3282
3283
3283
3287
3290
3292
3293
3296
3296
3298
3308
3308
3310
3307
3312
3318
3322
3319
3325
3331
3334
3338
3341
3344
3343
3347
3357
3357
3362
3364
3366
3371
3374
3376
3382
3383
3388
3392
3395
3399
3404
3406
3412
3417
3420
3425
3428
3434
3438
3438
3442
3449
3458
3460
3463
3468
3480
3483
3486
3492
3497
3503
3508
3508
3514
3524
3531
3535
3536
3540
3553
3557
3561
3566
3573
3577
3584
3590
3597
3601
3608
3615
3616
3624
3634
3641
3646
3651
3656
3662
3667
3679
3685
3686
3694
3706
3713
3718
3723
3730
3740
3744
3748
3755
3766
3776
3784
3791
3800
3807
3816
3825
3830
3840
3846
3854
3863
3868
3876
3884
3891
3900
3908
3918
3925
3935
3941
3951
3957
3968
3971
3979
3993
4003
4006
4014
4023
4035
4043
4051
4060
4067
4075
4084
4088
4100
4114
4121
4124
4135
4144
4160
4167
4176
4186
4194
4202
4213
4221
4230
4240
4246
4257
4266
4267
4280
4292
4306
4313
4323
4334
4338
4350
4360
4375
4383
4387
4397
4413
4421
4427
4439
4449
4452
4461
4479
4486
4493
4502
4513
4521
4532
4542
4550
4559
4570
4577
4586
4598
4606
4614
4624
4633
4638
4647
4656
4667
4677
4685
4694
4696
4707
4716
4730
4737
4740
4751
4764
4771
4777
4787
4795
4801
4809
4823
4832
4840
4847
4857
4865
4874
4882
4890
4899
4907
4918
4925
4935
4942
4951
4956
4969
4976
4992
5001
5003
5013
5030
5037
5039
5049
5060
5072
5080
5088
5096
5105
5111
5117
5128
5138
5146
5152
5157
5169
5177
5189
5200
5208
5215
5224
5233
5239
5247
5255
5260
5269
5276
5281
5287
5296
5301
5304
5314
5329
5332
5333
5344
5355
5367
5372
5381
5387
5389
5401
5414
5421
5429
5434
5442
5450
5459
5460
5466
5475
5488
5491
5496
5505
5510
5518
5526
5533
5539
5547
5557
5562
5570
5579
5585
5593
5600
5606
5604
5610
5623
5626
5631
5634
5639
5637
5644
5658
5661
5666
5668
5675
5683
5688
5695
5697
5699
5705
5712
5720
5727
5730
5737
5736
5743
5751
5764
5769
5772
5778
5779
5788
5791
5794
5800
5799
5801
5815
5819
5823
5826
5832
5831
5840
5849
5854
5856
5861
5866
5871
5877
5882
5882
5889
5894
5896
5894
5897
5905
5904
5902
5906
5912
5913
5916
5917
5917
5918
5919
5919
5921
5923
5919
5924
5932
5933
5925
5932
5938
5941
5947
5944
5949
5956
5958
5963
5964
5967
5974
5979
5982
5984
5987
5991
5999
6002
6002
6001
6006
6017
6017
6023
6028
6027
6033
6034
6039
6043
6039
6042
6045
6051
6054
6057
6059
6060
6065
6068
6065
6069
6077
6077
6081
6082
6080
6084
6086
6087
6088
6092
6096
6096
6096
6098
6100
6104
6100
6102
6113
6110
6116
6112
6117
6123
6124
6125
6126
6124
6126
6129
6128
6128
6132
6133
6132
6133
6136
6135
6138
6146
6146
6144
6149
6152
6156
6158
6158
6161
6169
6168
6172
6171
6172
6174
6177
6173
6175
6180
6181
6180
6177
6177
6178
6175
6169
6174
6174
6178
6178
6179
6177
6175
6177
6175
6172
6172
6173
6175
6173
6174
6168
6167
6168
6172
6171
6164
6165
6172
6169
6166
6159
6162
6167
6162
6163
6163
6159
6154
6153
6162
6161
6157
6155
6154
6157
6152
6149
6147
6145
6144
6135
6137
6137
6140
6139
6139
6134
6134
6136
6134
6134
6133
6131
6134
6125
6127
6133
6135
6133
6123
6120
6127
6128
6127
6125
6120
6112
6114
6121
6115
6113
6111
6111
6106
6105
6103
6104
6094
6094
6096
6096
6091
6086
6087
6084
6083
6080
6077
6075
6074
6073
6072
6067
6069
6064
6061
6063
6060
6053
6056
6061
6060
6057
6056
6057
6050
6046
6053
6052
6041
6041
6039
6041
6039
6030
6028
6033
6029
6025
6023
6020
6017
6015
6008
6007
6012
6008
6003
5994
5991
5994
5990
5979
5975
5973
5977
5971
5966
5965
5963
5957
5956
5953
5951
5946
5942
5946
5945
5941
5937
5936
5933
5931
5927
5923
5923
5919
5917
5917
5915
5908
5906
5911
5909
5905
5902
5900
5896
5896
5892
5893
5889
5885
5882
5880
5877
5873
5871
5868
5862
5862
5858
5855
5851
5849
5844
5843
5841
5842
5840
5832
5832
5835
5831
5824
5823
5822
5822
5817
5814
5813
5810
5809
5808
5805
5802
5795
5796
5799
5794
5795
5790
5784
5777
5778
5779
5770
5768
5767
5761
5759
5755
5754
5753
5742
5740
5739
5740
5734
5731
5731
5727
5719
5719
5713
5708
5705
5704
5694
5690
5695
5694
5692
5687
5687
5684
5681
5678
5674
5670
5668
5666
5655
5654
5656
5651
5646
5639
5635
5636
5634
5631
5628
5620
5616
5612
5614
5610
5606
5601
5596
5592
5590
5584
5579
5575
5570
5565
5561
5557
5552
5550
5547
5545
5533
5530
5533
5532
5528
5522
5520
5512
5511
5514
5508
5506
5505
5502
5491
5488
5494
5489
5487
5484
5480
5472
5473
5476
5470
5468
5466
5463
5460
5457
5456
5456
5451
5447
5446
5443
5441
5436
5436
5432
5428
5426
5421
5417
5420
5416
5414
5408
5406
5404
5402
5391
5387
5391
5387
5384
5379
5376
5376
5370
5363
5361
5366
5360
5354
5352
5351
5345
5342
5339
5336
5332
5329
5326
5321
5319
5317
5313
5309
5306
5305
5296
5295
5296
5292
5286
5283
5280
5282
5278
5276
5273
5262
5261
5263
5262
5257
5254
5253
5244
5243
5246
5241
5238
5236
5231
5228
5227
5224
5221
5218
5217
5214
5210
5209
5206
5201
5195
5195
5191
5188
5183
5176
5174
5180
5174
5169
5160
5161
5164
5158
5150
5151
5148
5147
5143
5141
5140
5130
5127
5129
5128
5123
5119
5117
5113
5111
5107
5101
5098
5094
5093
5083
5081
5085
5082
5077
5071
5068
5070
5068
5063
5059
5054
5051
5049
5045
5044
5035
5035
5037
5034
5029
5026
5022
5020
5016
5014
5014
5008
5002
4998
5000
4999
4989
4986
4988
4986
4982
4974
4969
4973
4968
4963
4960
4955
4952
4949
4947
4944
4940
4938
4933
4931
4929
4920
4918
4923
4916
4911
4908
4904
4907
4899
4898
4894
4892
4891
4887
4877
4879
4879
4877
4872
4873
4868
4865
4864
4859
4856
4847
4846
4849
4844
4844
4836
4832
4834
4832
4821
4820
4818
4821
4818
4813
4812
4808
4807
4802
4798
4797
4794
4790
4789
4783
4783
4779
4778
4772
4769
4774
4770
4763
4760
4757
4758
4754
4752
4750
4738
4737
4735
4737
4733
4731
4726
4722
4718
4713
4710
4705
4707
4704
4701
4701
4699
4694
4692
4690
4686
4678
4679
4684
4677
4675
4672
4669
4666
4665
4655
4653
4655
4653
4648
4643
4641
4645
4644
4631
4631
4629
4630
4629
4621
4618
4624
4618
4615
4613
4612
4608
4605
4602
4598
4597
4595
4591
4585
4582
4585
4582
4579
4577
4574
4571
4570
4567
4564
4555
4554
4555
4556
4553
4553
4549
4548
4546
4545
4542
4541
4537
4533
4531
4530
4522
4523
4521
4523
4520
4516
4510
4500
4497
4493
4495
4494
4489
4487
4483
4480
4478
4474
4471
4468
4468
4466
4467
4457
4458
4457
4457
4458
4446
4448
4451
4448
4444
4441
4439
4436
4432
4431
4429
4428
4425
4423
4421
4418
4414
4413
4418
4415
4413
4407
4403
4409
4406
4404
4402
4399
4398
4393
4389
4387
4386
4383
4381
4377
4374
4380
4375
4375
4372
4371
4368
4367
4363
4364
4360
4360
4356
4356
4351
4345
4345
4350
4344
4337
4337
4337
4337
4335
4332
4331
4329
4328
4325
4321
4322
4317
4316
4313
4309
4309
4306
4306
4303
4301
4295
4292
4299
4295
4294
4293
4288
4283
4281
4285
4281
4276
4274
4275
4277
4275
4273
4272
4270
4266
4265
4263
4260
4253
4251
4255
4251
4248
4247
4243
4242
4238
4236
4235
4232
4231
4228
4226
4226
4217
4214
4222
4216
4213
4212
4210
4204
4205
4210
4208
4205
4204
4201
4199
4196
4193
4190
4188
4184
4181
4179
4175
4172
4173
4168
4167
4164
4162
4160
4158
4158
4151
4150
4153
4151
4150
4143
4142
4142
4138
4142
4139
4139
4135
4136
4132
4132
4122
4123
4122
4123
4120
4118
4118
4116
4113
4113
4110
4109
4106
4106
4101
4102
4095
4095
4093
4100
4096
4094
4091
4088
4085
4088
4086
4088
4085
4086
4078
4079
4081
4082
4079
4073
4071
4076
4071
4071
4068
4066
4064
4061
4062
4058
4056
4055
4052
4051
4048
4046
4042
4038
4036
4042
4039
4039
4032
4035
4038
4036
4033
4031
4030
4029
4028
4028
4027
4030
4026
4027
4020
4019
4022
4019
4016
4013
4013
4008
4009
4005
4001
4001
3996
3990
3987
3987
3987
3985
3978
3977
3980
3978
3974
3974
3973
3971
3972
3969
3969
3967
3967
3965
3964
3963
3961
3960
3959
3957
3958
3951
3951
3954
3953
3944
3944
3946
3947
3945
3938
3936
3940
3940
3936
3936
3932
3931
3929
3930
3927
3927
3924
3923
3923
3921
3920
3918
3919
3917
3917
3916
3915
3910
3910
3914
3911
3910
3910
3909
3906
3906
3911
3911
3912
3909
3908
3908
3908
3905
3903
3897
3895
3894
3897
3892
3888
3885
3890
3885
3885
3881
3883
3877
3876
3874
3873
3870
3868
3868
3865
3866
3864
3864
3864
3863
3865
3865
3866
3864
3864
3856
3857
3857
3857
3855
3851
3849
3841
3841
3846
3846
3842
3840
3838
3843
3840
3834
3833
3834
3835
3833
3832
3829
3828
3827
3824
3824
3820
3819
3816
3813
3813
3809
3807
3805
3804
3804
3799
3802
3793
3793
3795
3797
3797
3790
3794
3799
3798
3795
3793
3796
3799
3798
3792
3791
3796
3792
3793
3792
3791
3791
3789
3790
3789
3787
3788
3786
3785
3785
3776
3777
3776
3775
3773
3768
3767
3767
3762
3758
3758
3759
3763
3760
3761
3758
3755
3757
3752
3751
3750
3747
3747
3745
3745
3746
3744
3742
3744
3741
3742
3742
3736
3737
3739
3742
3741
3741
3740
3733
3737
3735
3738
3737
3733
3733
3733
3730
3727
3726
3724
3729
3725
3724
3722
3722
3720
3720
3716
3714
3716
3716
3710
3709
3709
3713
3710
3703
3705
3710
3706
3704
3705
3704
3698
3698
3703
3700
3696
3697
3696
3695
3694
3692
3690
3690
3689
3688
3688
3688
3681
3682
3686
3682
3681
3680
3677
3677
3676
3673
3673
3673
3670
3669
3669
3667
3668
3667
3661
3661
3664
3664
3663
3660
3660
3663
3665
3663
3665
3665
3663
3663
3663
3660
3660
3658
3658
3656
3657
3650
3650
3658
3656
3655
3656
3654
3648
3648
3655
3652
3650
3649
3650
3644
3642
3647
3647
3645
3643
3642
3642
3641
3639
3639
3637
3638
3636
3634
3634
3633
3633
3631
3633
3633
3633
3635
3633
3633
3629
3630
3635
3634
3634
3628
3629
3633
3631
3623
3626
3626
3627
3625
3624
3623
3620
3617
3614
3612
3611
3614
3613
3610
3607
3607
3606
3605
3600
3600
3603
3602
3602
3601
3602
3597
3599
3600
3597
3599
3600
3596
3594
3597
3603
3600
3600
3599
3599
3599
3598
3597
3595
3590
3589
3594
3592
3588
3584
3585
3588
3585
3585
3584
3584
3584
3581
3579
3578
3577
3577
3571
3573
3573
3575
3573
3573
3572
3570
3571
3569
3566
3566
3570
3569
3563
3564
3567
3566
3567
3564
3562
3568
3567
3566
3564
3562
3562
3560
3560
3560
3559
3556
3557
3557
3558
3559
3559
3560
3561
3562
3562
3561
3560
3560
3558
3557
3555
3554
3554
3549
3549
3551
3550
3546
3549
3548
3550
3551
3546
3547
3549
3546
3544
3544
3541
3541
3541
3533
3533
3538
3538
3537
3529
3529
3534
3530
3528
3526
3525
3524
3522
3517
3518
3524
3522
3521
3520
3520
3517
3517
3522
3522
3519
3517
3517
3516
3515
3514
3513
3511
3510
3510
3509
3509
3506
3505
3505
3505
3504
3503
3503
3498
3499
3503
3501
3494
3497
3497
3500
3501
3500
3500
3500
3499
3501
3501
3500
3502
3503
3497
3498
3503
3503
3502
3501
3501
3501
3500
3494
3493
3494
3499
3499
3493
3494
3499
3497
3498
3496
3495
3495
3494
3494
3493
3489
3488
3486
3481
3481
3484
3484
3475
3476
3473
3478
3476
3476
3475
3470
3471
3470
3475
3474
3476
3473
3475
3474
3474
3472
3473
3472
3473
3471
3469
3468
3468
3466
3462
3462
3468
3467
3469
3470
3468
3470
3470
3469
3469
3469
3469
3469
3469
3467
3465
3466
3462
3463
3460
3459
3460
3465
3462
3456
3459
3468
3465
3464
3465
3463
3462
3462
3461
3459
3454
3454
3452
3454
3454
3453
3449
3444
3445
3443
3446
3445
3438
3440
3444
3443
3442
3440
3440
3439
3437
3438
3437
3437
3438
3436
3432
3432
3437
3435
3430
3431
3430
3434
3433
3433
3432
3432
3435
3434
3434
3436
3436
3434
3436
3435
3433
3433
3432
3429
3428
3430
3428
3421
3422
3424
3426
3425
3421
3418
3426
3424
3426
3424
3424
3419
3417
3424
3420
3418
3418
3418
3414
3415
3414
3411
3412
3411
3412
3409
3409
3407
3407
3411
3411
3409
3407
3408
3404
3404
3407
3407
3406
3405
3405
3404
3405
3405
3405
3404
3405
3405
3405
3405
3399
3400
3405
3403
3400
3397
3398
3400
3400
3401
3400
3400
3402
3402
3402
3403
3400
3398
3403
3402
3402
3400
3402
3398
3396
3402
3402
3401
3394
3396
3400
3396
3396
3396
3395
3393
3394
3394
3394
3390
3391
3395
3393
3392
3392
3392
3389
3391
3385
3385
3386
3390
3388
3389
3388
3388
3386
3386
3389
3387
3385
3386
3385
3385
3386
3388
3387
3387
3388
3388
3387
3381
3384
3384
3386
3385
3384
3382
3382
3381
3376
3375
3376
3379
3376
3371
3372
3375
3372
3373
3370
3367
3373
3372
3371
3368
3368
3368
3368
3367
3367
3366
3366
3365
3364
3365
3361
3364
3367
3366
3366
3364
3365
3364
3361
3363
3362
3365
3362
3363
3359
3360
3365
3362
3359
3358
3364
3363
3361
3358
3358
3363
3361
3354
3357
3358
3361
3361
3361
3361
3360
3360
3360
3359
3357
3357
3356
3355
3354
3354
3356
3355
3354
3354
3353
3354
3353
3355
3354
3351
3354
3358
3359
3352
3353
3355
3357
3356
3351
3352
3358
3356
3352
3351
3352
3356
3356
3355
3353
3353
3355
3355
3353
3352
3351
3352
3351
3351
3351
3348
3347
3352
3354
3351
3349
3353
3352
3353
3351
3352
3349
3349
3353
3351
3351
3346
3345
3348
3348
3347
3346
3343
3342
3342
3340
3339
3332
3334
3338
3339
3338
3339
3339
3340
3339
3339
3338
3337
3337
3336
3334
3334
3330
3330
3330
3331
3329
3329
3329
3322
3323
3326
3326
3325
3323
3322
3323
3324
3324
3323
3322
3322
3323
3318
3319
3324
3324
3322
3319
3318
3324
3322
3323
3323
3317
3318
3319
3323
3321
3318
3318
3314
3315
3312
3317
3317
3317
3317
3311
3312
3313
3316
3316
3316
3316
3315
3314
3316
3315
3314
3313
3315
3313
3315
3312
3313
3311
3308
3309
3314
3314
3314
3314
3314
3313
3311
3311
3312
3311
3310
3311
3310
3309
3306
3307
3307
3307
3302
3305
3306
3309
3308
3303
3304
3308
3309
3307
3305
3305
3309
3307
3306
3307
3306
3305
3305
3301
3302
3307
3305
3306
3306
3307
3306
3305
3306
3306
3307
3308
3306
3305
3306
3302
3301
3305
3305
3303
3302
3300
3295
3296
3298
3297
3291
3295
3295
3299
3299
3300
3298
3297
3298
3298
3293
3296
3300
3300
3298
3299
3300
3300
3299
3299
3301
3297
3297
3300
3299
3298
3296
3296
3290
3291
3294
3292
3290
3289
3291
3286
3287
3291
3290
3289
3290
3289
3288
3288
3288
3287
3285
3287
3284
3285
3285
3280
3280
3284
3284
3284
3280
3282
3287
3290
3289
3289
3290
3290
3290
3288
3287
3293
3292
3288
3290
3288
3287
3287
3283
3284
3288
3287
3284
3282
3282
3283
3285
3284
3283
3284
3285
3283
3283
3283
3285
3286
3282
3281
3283
3291
3290
3288
3290
3288
3290
3291
3292
3291
3291
3290
3292
3289
3288
3288
3289
3288
3285
3284
3283
3275
3277
3276
3278
3276
3272
3274
3277
3273
3274
3270
3268
3272
3271
3269
3267
3262
3263
3264
3267
3269
3264
3266
3270
3271
3271
3271
3273
3274
3277
3278
3278
3278
3278
3278
3276
3277
3274
3271
3269
3266
3265
3269
3268
3261
3260
3266
3264
3263
3257
3257
3262
3259
3259
3258
3257
3256
3257
3256
3255
3250
3251
3255
3254
3253
3252
3253
3254
3254
3249
3250
3251
3256
3256
3254
3255
3253
3253
3253
3251
3248
3252
3251
3250
3251
3253
3253
3253
3254
3254
3254
3253
3254
3253
3251
3250
3250
3250
3250
3244
3244
3246
3251
3251
3247
3247
3251
3250
3252
3250
3249
3245
3246
3247
3248
3249
3249
3250
3247
3247
3252
3253
3254
3253
3252
3251
3250
3252
3254
3254
3253
3255
3254
3254
3249
3251
3256
3254
3252
3251
3251
3250
3250
3249
3247
3245
3245
3245
3243
3242
3238
3238
3242
3238
3240
3240
3238
3239
3237
3232
3235
3241
3239
3238
3233
3234
3238
3238
3232
3233
3236
3240
3241
3241
3240
3241
3243
3241
3241
3241
3240
3242
3241
3241
3236
3239
3241
3246
3247
3249
3248
3243
3245
3245
3252
3251
3251
3251
3246
3246
3250
3253
3253
3255
3254
3253
3253
3252
3251
3250
3248
3247
3246
3242
3236
3236
3237
3239
3237
3235
3234
3234
3234
3234
3233
3232
3227
3229
3236
3235
3229
3231
3235
3240
3242
3240
3242
3242
3241
3242
3244
3243
3241
3238
3237
3237
3236
3236
3236
3235
3234
3233
3232
3233
3231
3231
3230
3231
3230
3228
3229
3228
3229
3228
3227
3226
3224
3224
3224
3219
3219
3218
3220
3218
3218
3218
3213
3215
3213
3217
3217
3210
3211
3215
3214
3213
3209
3210
3215
3214
3215
3216
3216
3218
3220
3221
3222
3221
3220
3214
3214
3214
3219
3216
3216
3214
3211
3210
3209
3206
3207
3211
3208
3207
3208
3207
3208
3208
3204
3206
3210
3208
3209
3207
3208
3208
3208
3208
3209
3207
3206
3205
3202
3204
3210
3209
3205
3206
3209
3209
3211
3208
3208
3213
3211
3212
3212
3212
3213
3212
3211
3212
3212
3213
3211
3213
3212
3210
3210
3215
3215
3216
3216
3216
3215
3215
3215
3214
3207
3210
3208
3210
3208
3208
3205
3205
3204
3202
3202
3200
3200
3200
3192
3194
3198
3199
3196
3190
3193
3197
3195
3195
3194
3194
3194
3193
3188
3191
3197
3196
3194
3194
3194
3192
3193
3188
3189
3191
3193
3193
3192
3192
3192
3192
3192
3191
3192
3194
3193
3193
3192
3186
3190
3192
3196
3195
3192
3193
3200
3199
3193
3192
3193
3198
3197
3196
3195
3192
3194
3194
3197
3198
3198
3197
3197
3195
3195
3195
3196
3196
3197
3197
3195
3193
3193
3193
3193
3193
3186
3186
3191
3190
3190
3187
3188
3182
3183
3191
3187
3186
3187
3185
3186
3185
3184
3185
3182
3184
3186
3190
3191
3188
3190
3197
3198
3199
3195
3196
3198
3198
3193
3193
3193
3197
3194
3192
3191
3190
3190
3189
3188
3188
3188
3186
3187
3188
3188
3188
3187
3188
3190
3191
3192
3195
3193
3194
3191
3191
3195
3194
3194
3193
3192
3191
3189
3189
3188
3187
3187
3189
3188
3189
3190
3190
3188
3189
3195
3195
3198
3202
3205
3207
3213
3222
3225
3226
3230
3234
3244
3249
3246
3253
3261
3265
3271
3272
3278
3289
3293
3297
3302
3309
3315
3320
3325
3331
3331
3337
3345
3351
3355
3359
3365
3368
3370
3375
3378
3381
3384
3387
3387
3388
3385
3389
3389
