4410
4409
4407
4405
4403
4396
4396
4394
4395
4390
4385
4384
4379
4375
4370
4365
4360
4356
4352
4349
4346
4341
4334
4329
4324
4321
4314
4312
4313
4309
4307
4302
4298
4295
4291
4282
4280
4279
4276
4272
4265
4263
4263
4260
4253
4249
4247
4249
4245
4242
4239
4235
4232
4229
4222
4220
4222
4219
4216
4213
4211
4205
4203
4200
4199
4197
4195
4188
4186
4187
4189
4185
4181
4178
4184
4181
4179
4178
4177
4170
4170
4173
4172
4168
4165
4163
4162
4163
4160
4157
4155
4156
4153
4154
4152
4152
4153
4143
4143
4145
4148
4145
4145
4145
4144
4147
4146
4144
4145
4148
4147
4148
4145
4147
4144
4141
4136
4136
4141
4139
4131
4130
4129
4133
4132
4131
4131
4130
4129
4129
4130
4130
4129
4128
4125
4125
4118
4121
4121
4123
4123
4121
4123
4121
4122
4121
4119
4120
4124
4120
4114
4115
4116
4118
4116
4114
4114
4113
4113
4112
4112
4109
4111
4111
4110
4111
4109
4109
4110
4110
4109
4109
4111
4107
4107
4108
4109
4106
4103
4103
4107
4102
4101
4101
4100
4100
4099
4094
4094
4100
4099
4097
4097
4095
4096
4095
4091
4091
4093
4094
4094
4089
4090
4098
4099
4096
4099
4099
4105
4108
4110
4112
4111
4110
4111
4112
4112
4113
4112
4111
4111
4110
4111
4111
4109
4108
4103
4101
4107
4104
4102
4097
4098
4103
4102
4096
4098
4099
4103
4104
4105
4106
4104
4104
4103
4101
4102
4099
4096
4097
4095
4087
4087
4085
4087
4086
4084
4084
4083
4082
4079
4079
4076
4077
4077
4071
4072
4076
4078
4076
4071
4073
4080
4077
4078
4077
4080
4083
4082
4079
4084
4093
4095
4096
4096
4098
4099
4100
4097
4096
4098
4101
4101
4099
4097
4096
4095
4092
4093
4091
4095
4095
4095
4095
4088
4088
4091
4095
4093
4094
4095
4095
4094
4094
4096
4096
4099
4099
4101
4103
4104
4106
4106
4101
4101
4105
4103
4104
4104
4105
4105
4106
4102
4105
4112
4112
4109
4107
4108
4113
4113
4115
4113
4112
4114
4115
4113
4112
4116
4117
4120
4117
4119
4122
4121
4122
4123
4124
4126
4127
4130
4131
4127
4133
4141
4143
4142
4144
4148
4154
4155
4153
4154
4163
4162
4163
4165
4166
4165
4167
4171
4172
4174
4175
4179
4175
4179
4187
4188
4189
4193
4197
4200
4202
4207
4211
4215
4216
4220
4224
4228
4231
4236
4242
4247
4250
4256
4259
4262
4266
4271
4275
4281
4285
4289
4288
4294
4305
4308
4310
4318
4322
4326
4330
4331
4338
4348
4351
4352
4356
4361
4371
4377
4377
4386
4396
4402
4407
4415
4424
4428
4436
4451
4457
4463
4469
4476
4481
4488
4497
4505
4509
4514
4521
4535
4542
4548
4555
4564
4571
4578
4589
4596
4604
4612
4617
4629
4637
4648
4658
4662
4673
4687
4693
4703
4712
4723
4731
4742
4752
4760
4769
4780
4790
4797
4806
4808
4821
4837
4844
4852
4862
4872
4881
4889
4894
4907
4921
4934
4944
4954
4967
4976
4991
4996
5009
5025
5043
5055
5068
5081
5093
5105
5116
5130
5143
5149
5163
5180
5188
5198
5208
5220
5236
5249
5258
5270
5289
5302
5317
5328
5343
5358
5373
5388
5404
5421
5434
5449
5467
5481
5499
5515
5527
5544
5562
5581
5598
5612
5629
5641
5658
5676
5697
5714
5730
5744
5754
5771
5788
5806
5817
5825
5837
5857
5866
5876
5888
5899
5908
5915
5918
5931
5945
5950
5959
5967
5978
5985
6001
6017
6029
6045
6055
6072
6090
6105
6120
6136
6151
6167
6183
6200
6212
6229
6242
6255
6271
6286
6297
6310
6320
6334
6338
6349
6360
6374
6384
6390
6401
6419
6432
6443
6456
6466
6474
6489
6509
6516
6532
6542
6553
6563
6574
6581
6593
6607
6618
6630
6641
6656
6675
6689
6702
6724
6743
6761
6778
6793
6806
6822
6835
6852
6867
6882
6898
6912
6929
6946
6961
6976
6989
7006
7019
7032
7042
7056
7067
7079
7089
7099
7108
7118
7123
7132
7147
7156
7165
7167
7179
7195
7203
7205
7214
7223
7236
7243
7244
7250
7264
7271
7275
7287
7295
7302
7314
7323
7334
7344
7357
7369
7382
7394
7403
7415
7429
7437
7445
7455
7464
7474
7487
7489
7502
7517
7531
7541
7551
7566
7587
7598
7606
7623
7638
7652
7662
7673
7682
7679
7689
7698
7708
7716
7716
7725
7740
7747
7754
7763
7773
7783
7791
7802
7812
7822
7830
7841
7846
7858
7874
7881
7894
7906
7915
7920
7929
7940
7943
7949
7953
7957
7962
7967
7972
7975
7979
7984
7978
7982
7986
7992
7991
7982
7983
7988
7986
7988
7993
7998
8005
8013
8021
8031
8039
8048
8057
8066
8072
8078
8084
8090
8098
8100
8099
8106
8116
8120
8116
8124
8132
8144
8151
8157
8166
8170
8181
8188
8190
8193
8201
8207
8217
8226
8238
8247
8261
8271
8282
8286
8296
8312
8320
8327
8332
8337
8338
8344
8357
8360
8366
8377
8387
8393
8403
8422
8430
8434
8444
8448
8458
8465
8470
8476
8480
8484
8484
8488
8488
8489
8488
8483
8482
8483
8484
8478
8476
8471
8471
8465
8463
8458
8457
8456
8459
8460
8465
8461
8465
8471
8482
8486
8485
8491
8500
8502
8505
8510
8515
8521
8526
8527
8531
8532
8530
8529
8531
8531
8529
8533
8545
8542
8544
8546
8546
8543
8545
8553
8550
8549
8547
8544
8534
8532
8532
8528
8527
8520
8520
8517
8515
8514
8512
8506
8507
8509
8516
8516
8517
8517
8515
8519
8518
8520
8525
8529
8531
8532
8532
8526
8531
8537
8544
8543
8545
8549
8551
8557
8559
8563
8565
8570
8575
8580
8580
8585
8584
8587
8588
8585
8586
8585
8579
8576
8578
8582
8578
8570
8572
8580
8574
8571
8565
8566
8567
8566
8559
8560
8563
8562
8565
8561
8561
8571
8571
8570
8571
8571
8570
8571
8568
8569
8567
8567
8567
8565
8565
8564
8564
8565
8563
8561
8556
8558
8561
8559
8550
8550
8556
8552
8549
8548
8546
8541
8539
8532
8533
8530
8531
8528
8521
8520
8521
8515
8511
8510
8506
8505
8501
8499
8498
8496
8496
8496
8492
8492
8491
8488
8487
8485
8484
8478
8471
8475
8475
8468
8468
8476
8477
8477
8475
8478
8483
8484
8487
8487
8487
8489
8489
8490
8486
8486
8487
8484
8479
8481
8474
8476
8475
8472
8466
8463
8464
8470
8467
8459
8455
8465
8461
8457
8455
8450
8440
8436
8438
8427
8419
8410
8406
8398
8389
8380
8371
8364
8358
8348
8340
8337
8323
8318
8323
8316
8310
8303
8297
8307
8306
8304
8303
8305
8300
8303
8310
8312
8307
8307
8300
8297
8295
8289
8285
8278
8273
8277
8272
8271
8267
8267
8268
8266
8263
8258
8255
8250
8243
8238
8228
8218
8214
8206
8204
8193
8186
8176
8158
8156
8159
8146
8136
8123
8116
8112
8102
8093
8085
8077
8065
8053
8053
8045
8031
8026
8025
8020
8012
8005
8001
7996
7990
7983
7978
7976
7974
7974
7975
7972
7974
7971
7970
7969
7964
7962
7961
7959
7959
7956
7953
7956
7961
7957
7951
7951
7956
7953
7951
7953
7947
7947
7946
7949
7946
7947
7937
7936
7940
7936
7933
7926
7921
7914
7910
7905
7899
7894
7894
7880
7879
7880
7882
7877
7872
7874
7879
7879
7875
7877
7874
7872
7870
7869
7866
7861
7858
7856
7860
7855
7857
7856
7855
7855
7855
7848
7849
7852
7849
7845
7841
7834
7827
7821
7816
7807
7796
7789
7781
7774
7762
7751
7741
7731
7724
7718
7713
7707
7701
7699
7695
7694
7684
7685
7682
7683
7681
7674
7673
7675
7672
7668
7664
7664
7653
7651
7652
7648
7645
7640
7636
7630
7628
7629
7622
7617
7609
7603
7592
7586
7578
7569
7564
7556
7550
7540
7533
7526
7520
7507
7504
7503
7495
7488
7478
7472
7472
7467
7462
7455
7451
7448
7446
7435
7433
7437
7433
7431
7425
7423
7420
7419
7414
7412
7406
7403
7402
7402
7398
7397
7393
7389
7385
7382
7378
7374
7372
7370
7358
7356
7357
7356
7351
7347
7342
7334
7330
7333
7326
7318
7311
7308
7299
7291
7277
7273
7267
7265
7257
7241
7236
7237
7227
7220
7213
7201
7194
7189
7181
7174
7165
7162
7156
7153
7147
7141
7135
7129
7125
7120
7115
7111
7100
7095
7097
7090
7080
7069
7059
7063
7053
7045
7038
7025
7019
7010
7010
7000
6994
6986
6970
6964
6960
6956
6952
6945
6941
6933
6930
6923
6921
6915
6909
6907
6905
6903
6898
6891
6887
6877
6873
6874
6867
6857
6855
6850
6849
6843
6834
6830
6824
6816
6809
6807
6803
6800
6794
6779
6773
6774
6765
6756
6749
6741
6734
6728
6719
6715
6708
6702
6696
6693
6687
6684
6682
6680
6678
6676
6676
6677
6676
6673
6666
6668
6669
6672
6669
6665
6664
6671
6670
6667
6666
6666
6659
6656
6663
6664
6659
6656
6656
6660
6660
6653
6649
6652
6648
6641
6637
6632
6629
6625
6620
6615
6612
6608
6605
6600
6593
6591
6589
6585
6580
6575
6571
6569
6567
6561
6557
6553
6547
6545
6539
6530
6527
6527
6522
6516
6509
6502
6492
6488
6488
6480
6476
6467
6464
6464
6460
6451
6448
6452
6448
6443
6435
6435
6439
6436
6432
6429
6426
6425
6424
6420
6417
6412
6408
6402
6402
6398
6392
6385
6376
6372
6375
6365
6360
6356
6351
6343
6343
6344
6338
6335
6332
6330
6328
6327
6317
6318
6319
6317
6312
6305
6304
6303
6301
6297
6291
6289
6284
6277
6273
6268
6262
6258
6250
6243
6239
6230
6227
6214
6210
6206
6203
6198
6188
6187
6190
6184
6178
6172
6168
6167
6163
6160
6156
6156
6155
6152
6147
6144
6141
6138
6129
6125
6127
6122
6118
6113
6108
6100
6097
6090
6087
6080
6070
6064
6066
6059
6055
6054
6049
6039
6033
6035
6028
6023
6019
6015
6013
6010
6001
5998
6001
5992
5982
5979
5972
5971
5963
5959
5951
5938
5936
5932
5930
5924
5919
5916
5901
5901
5902
5898
5896
5896
5893
5886
5885
5883
5879
5876
5869
5866
5868
5863
5861
5859
5855
5856
5855
5855
5850
5845
5843
5843
5837
5835
5831
5826
5819
5814
5815
5809
5805
5795
5794
5796
5791
5785
5781
5780
5778
5774
5772
5770
5764
5763
5761
5759
5757
5750
5748
5754
5751
5745
5746
5742
5747
5746
5741
5738
5735
5734
5729
5728
5726
5726
5722
5721
5721
5715
5709
5707
5708
5706
5697
5696
5697
5695
5693
5691
5686
5679
5678
5681
5673
5671
5670
5664
5662
5658
5649
5647
5647
5648
5643
5643
5640
5638
5636
5637
5635
5632
5634
5631
5626
5626
5619
5619
5621
5623
5618
5614
5611
5615
5611
5607
5606
5602
5598
5597
5593
5589
5579
5576
5574
5575
5571
5568
5565
5555
5555
5551
5556
5550
5549
5543
5544
5541
5538
5536
5536
5530
5531
5537
5531
5524
5525
5521
5523
5518
5514
5510
5506
5503
5499
5494
5494
5489
5488
5483
5480
5476
5473
5470
5473
5473
5469
5470
5463
5462
5462
5462
5460
5458
5453
5445
5445
5443
5445
5443
5439
5436
5435
5432
5430
5423
5423
5426
5423
5423
5420
5419
5417
5415
5415
5413
5408
5407
5411
5410
5406
5397
5396
5396
5393
5391
5386
5381
5376
5373
5375
5371
5369
5364
5363
5360
5357
5356
5353
5348
5348
5347
5345
5341
5342
5337
5333
5335
5341
5337
5334
5332
5330
5332
5330
5327
5325
5323
5323
5319
5317
5314
5313
5309
5307
5307
5306
5302
5303
5295
5294
5298
5296
5291
5286
5285
5290
5290
5280
5280
5286
5283
5282
5279
5280
5280
5281
5278
5276
5273
5267
5267
5258
5256
5260
5255
5250
5246
5242
5238
5237
5232
5231
5229
5229
5226
5223
5225
5218
5218
5221
5221
5219
5214
5211
5215
5213
5207
5207
5207
5210
5208
5202
5199
5204
5200
5197
5192
5188
5187
5185
5181
5176
5173
5168
5168
5163
5157
5153
5150
5147
5145
5140
5138
5138
5136
5134
5126
5128
5131
5126
5125
5119
5116
5122
5120
5111
5111
5112
5115
5113
5112
5112
5110
5105
5102
5100
5099
5100
5097
5097
5095
5092
5092
5090
5090
5085
5085
5083
5082
5080
5078
5071
5069
5075
5072
5071
5068
5064
5061
5058
5061
5059
5052
5049
5050
5047
5043
5039
5038
5033
5033
5030
5032
5029
5028
5026
5020
5019
5025
5022
5015
5015
5013
5015
5011
5010
5009
5007
5004
5004
5002
4998
4999
5000
4999
4996
4994
4993
4989
4993
4991
4992
4990
4987
4984
4986
4988
4985
4980
4980
4985
4983
4981
4977
4976
4976
4973
4972
4971
4970
4961
4961
4965
4963
4961
4962
4957
4953
4952
4956
4953
4951
4951
4950
4948
4948
4943
4940
4945
4942
4940
4939
4939
4937
4935
4934
4933
4930
4930
4929
4929
4929
4930
4928
4926
4921
4923
4921
4917
4916
4916
4910
4910
4915
4912
4909
4904
4904
4908
4905
4898
4900
4901
4901
4900
4895
4898
4901
4899
4893
4892
4892
4898
4898
4897
4895
4896
4892
4891
4890
4885
4883
4882
4879
4874
4875
4871
4870
4864
4863
4868
4866
4863
4862
4861
4858
4858
4856
4853
4853
4849
4849
4849
4849
4847
4848
4841
4844
4844
4845
4843
4844
4844
4840
4843
4848
4847
4847
4839
4839
4844
4842
4837
4835
4833
4828
4825
4824
4821
4816
4814
4813
4809
4806
4802
4801
4807
4805
4802
4799
4799
4798
4798
4798
4797
4789
4791
4790
4794
4793
4789
4789
4793
4794
4788
4789
4788
4784
4783
4777
4776
4781
4778
4776
4770
4767
4770
4766
4757
4756
4755
4757
4754
4752
4752
4749
4751
4748
4748
4748
4746
4745
4745
4742
4736
4739
4737
4743
4743
4740
4741
4742
4740
4739
4736
4738
4742
4742
4743
4739
4737
4739
4737
4736
4738
4732
4732
4739
4737
4736
4735
4734
4726
4728
4732
4730
4730
4728
4724
4721
4719
4715
4715
4711
4710
4709
4700
4698
4703
4698
4696
4692
4690
4688
4685
4683
4684
4682
4681
4681
4678
4677
4676
4675
4669
4670
4673
4676
4678
4673
4674
4678
4676
4674
4672
4669
4667
4666
4659
4655
4662
4660
4657
4655
4654
4648
4647
4652
4649
4645
4641
4640
4641
4640
4640
4639
4639
4637
4637
4636
4636
4637
4636
4636
4636
4634
4635
4635
4634
4634
4633
4632
4628
4627
4628
4632
4631
4627
4628
4631
4629
4629
4628
4629
4623
4622
4627
4624
4624
4623
4623
4622
4622
4614
4616
4619
4621
4621
4619
4620
4615
4615
4620
4618
4616
4616
4617
4616
4615
4610
4611
4612
4615
4613
4615
4613
4612
4611
4609
4607
4606
4605
4606
4601
4602
4609
4609
4610
4607
4608
4614
4610
4608
4605
4602
4599
4597
4596
4593
4592
4590
4589
4586
4585
4583
4583
4575
4576
4579
4577
4576
4571
4570
4575
4573
4566
4566
4565
4571
4567
4566
4566
4566
4566
4562
4560
4561
4564
4565
4564
4562
4563
4561
4560
4559
4560
4558
4558
4558
4558
4558
4558
4558
4557
4556
4550
4552
4552
4555
4553
4553
4551
4552
4552
4553
4551
4550
4550
4548
4549
4548
4549
4548
4548
4545
4545
4551
4551
4543
4544
4546
4547
4545
4540
4539
4543
4540
4539
4538
4536
4531
4530
4535
4532
4531
4530
4529
4528
4528
4526
4526
4519
4519
4520
4522
4520
4519
4518
4516
4515
4517
4516
4515
4512
4512
4515
4514
4513
4513
4513
4512
4511
4511
4510
4511
4509
4506
4502
4503
4507
4505
4503
4502
4502
4500
4500
4496
4499
4502
4501
4495
4497
4497
4500
4498
4497
4495
4494
4491
4490
4489
4489
4491
4493
4486
4487
4492
4489
4488
4488
4486
4482
4482
4487
4485
4483
4481
4480
4481
4479
4473
4472
4474
4475
4474
4472
4472
4473
4474
4475
4476
4479
4481
4483
4480
4483
4489
4484
4483
4483
4484
4482
4481
4474
4475
4476
4476
4474
4475
4475
4471
4473
4479
4476
4475
4469
4468
4470
4465
4458
4458
4456
4458
4455
4452
4452
4452
4451
4448
4447
4445
4445
4445
4446
4444
4443
4442
4440
4440
4440
4437
4438
4430
4431
4432
4435
4432
4426
4428
4432
4430
4428
4427
4425
4422
4422
4427
4425
4425
4424
4426
4427
4426
4425
4426
4419
4420
4419
4423
4421
4420
4418
4414
4415
4415
4417
4416
4415
4416
4416
4416
4410
4410
4412
4415
4411
4410
4407
4407
4403
4402
4397
4398
4401
4399
4397
4395
4394
4392
4392
4391
4391
4391
4391
4388
4392
4394
4401
4400
4400
4397
4391
4392
4392
4395
4392
4386
4385
4391
4389
4386
4386
4385
4381
4379
4381
4382
4382
4381
4380
4380
4379
4382
4379
4379
4379
4381
4381
4379
4378
4378
4379
4380
4379
4378
4379
4376
4379
4384
4386
4384
4386
4389
4390
4391
4387
4388
4392
4388
4387
4384
4383
4375
4374
4378
4373
4372
4370
4371
4368
4367
4366
4362
4362
4361
4361
4357
4356
4362
4361
4356
4357
4358
4363
4361
4359
4357
4357
4358
4357
4356
4355
4355
4355
4355
4355
4353
4355
4356
4357
4357
4351
4351
4358
4356
4352
4347
4349
4352
4349
4340
4343
4346
4345
4343
4338
4339
4343
4342
4339
4342
4341
4342
4340
4340
4340
4341
4341
4339
4337
4340
4334
4334
4339
4336
4337
4336
4335
4333
4334
4330
4330
4336
4333
4333
4327
4326
4331
4330
4330
4326
4326
4326
4326
4324
4324
4323
4325
4322
4323
4322
4323
4320
4320
4321
4315
4316
4316
4321
4319
4315
4315
4323
4321
4321
4319
4318
4319
4320
4318
4319
4319
4314
4316
4320
4322
4320
4320
4321
4320
4320
4322
4321
4320
4318
4314
4317
4317
4320
4319
4313
4315
4321
4317
4314
4315
4315
4314
4313
4307
4309
4315
4311
4309
4306
4306
4309
4308
4306
4307
4306
4301
4303
4305
4304
4305
4304
4303
4302
4300
4300
4301
4300
4301
4296
4296
4296
4302
4302
4301
4300
4295
4297
4299
4302
4304
4302
4302
4297
4297
4297
4298
4297
4297
4299
4297
4297
4295
4297
4298
4292
4291
4295
4292
4291
4290
4291
4290
4289
4289
4288
4289
4289
4283
4284
4283
4288
4287
4286
4286
4284
4285
4285
4282
4282
4281
4282
4276
4277
4278
4283
4283
4282
4281
4283
4285
4287
4290
4289
4291
4289
4283
4286
4287
4284
4283
4284
4283
4283
4284
4286
4281
4280
4275
4277
4283
4281
4280
4282
4279
4276
4275
4279
4278
4272
4271
4276
4273
4274
4272
4270
4267
4266
4266
4265
4263
4262
4262
4266
4267
4263
4264
4264
4265
4265
4263
4261
4254
4257
4261
4261
4260
4254
4253
4259
4258
4256
4257
4256
4254
4253
4253
4251
4248
4248
4250
4253
4250
4251
4251
4245
4244
4251
4249
4250
4250
4252
4250
4250
4246
4246
4247
4252
4252
4252
4254
4254
4254
4254
4256
4256
4254
4254
4250
4251
4244
4243
4243
4246
4243
4236
4236
4241
4239
4238
4238
4237
4236
4238
4236
4236
4236
4234
4234
4232
4232
4231
4231
4229
4230
4230
4234
4234
4231
4234
4239
4238
4236
4235
4235
4237
4238
4234
4236
4240
4243
4244
4244
4243
4245
4246
4246
4245
4246
4243
4245
4236
4238
4241
4238
4234
4229
4230
4232
4226
4226
4226
4226
4225
4222
4217
4218
4223
4220
4218
4217
4217
4219
4218
4215
4215
4216
4215
4213
4215
4214
4213
4213
4213
4215
4215
4213
4214
4218
4218
4215
4214
4220
4217
4219
4215
4216
4218
4217
4215
4218
4217
4216
4214
4208
4209
4213
4211
4210
4208
4207
4206
4207
4207
4206
4207
4205
4206
4207
4205
4206
4206
4204
4204
4205
4200
4200
4203
4203
4199
4199
4201
4203
4200
4200
4200
4200
4200
4202
4199
4201
4199
4200
4197
4197
4200
4199
4198
4195
4195
4199
4195
4197
4197
4194
4195
4195
4189
4190
4195
4194
4196
4193
4192
4189
4191
4197
4197
4197
4195
4196
4195
4195
4190
4191
4196
4196
4196
4192
4193
4195
4195
4197
4197
4191
4194
4196
4198
4198
4198
4198
4198
4197
4197
4197
4196
4195
4195
4190
4191
4192
4193
4191
4191
4190
4191
4190
4191
4191
4191
4191
4190
4185
4185
4190
4190
4190
4187
4185
4190
4188
4184
4186
4181
4179
4179
4181
4180
4179
4178
4177
4177
4176
4176
4174
4173
4173
4173
4173
4174
4174
4175
4170
4172
4177
4178
4174
4174
4171
4177
4178
4172
4174
4179
4177
4177
4176
4176
4175
4176
4177
4176
4175
4173
4176
4180
4179
4181
4183
4185
4186
4186
4188
4189
4184
4185
4190
4188
4186
4186
4183
4177
4176
4182
4179
4177
4176
4176
4176
4177
4170
4169
4171
4172
4170
4169
4168
4167
4167
4167
4165
4166
4161
4162
4164
4163
4161
4162
4161
4159
4157
4156
4156
4156
4158
4159
4161
4160
4162
4164
4160
4163
4167
4167
4168
4164
4165
4168
4169
4162
4164
4161
4166
4164
4163
4162
4159
4155
4155
4151
4151
4151
4149
4145
4146
4151
4151
4150
4145
4144
4149
4148
4143
4145
4145
4150
4146
4145
4145
4145
4145
4146
4145
4145
4143
4143
4142
4141
4141
4141
4140
4142
4141
4137
4141
4147
4146
4144
4145
4144
4144
4143
4139
4140
4141
4142
4140
4136
4138
4143
4140
4137
4137
4138
4142
4140
4141
4142
4139
4141
4142
4141
4142
4142
4143
4138
4143
4148
4151
4153
4154
4155
4154
4155
4153
4152
4152
4150
4149
4148
4146
4140
4141
4139
4142
4140
4134
4134
4137
4136
4134
4132
4132
4132
4132
4133
4133
4134
4133
4136
4131
4132
4136
4137
4134
4134
4133
4128
4128
4133
4131
4129
4129
4130
4129
4129
4129
4128
4128
4128
4126
4126
4127
4125
4124
4128
4128
4128
4128
4125
4126
4125
4124
4124
4123
4123
4123
4123
4122
4119
4120
4126
4125
4121
4123
4126
4130
4130
4128
4134
4139
4142
4144
4144
4149
4160
4163
4173
4178
4187
4196
4202
4205
4213
4226
4234
4242
4248
4257
4260
4269
4281
4287
4293
4300
4308
4315
4322
4324
4332
4344
4348
4354
4359
4363
4370
4373
4379
4383
4386
4389
4393
4396
4399
