4293
4292
4289
4288
4287
4285
4283
4281
4276
4273
4277
4269
4265
4260
4258
4258
4253
4243
4239
4243
4238
4233
4230
4224
4218
4215
4210
4209
4205
4199
4196
4189
4185
4187
4182
4176
4172
4171
4163
4161
4159
4154
4150
4147
4145
4142
4138
4131
4127
4130
4128
4125
4121
4119
4117
4115
4112
4107
4104
4102
4100
4100
4101
4100
4098
4096
4093
4093
4091
4090
4090
4088
4082
4081
4080
4082
4080
4074
4071
4076
4073
4071
4072
4070
4070
4067
4060
4062
4067
4065
4062
4056
4054
4057
4054
4054
4053
4053
4052
4049
4048
4046
4044
4044
4043
4043
4043
4038
4036
4041
4039
4031
4033
4032
4035
4033
4030
4030
4027
4027
4026
4021
4022
4025
4024
4019
4019
4021
4021
4019
4019
4019
4019
4018
4017
4018
4015
4011
4012
4014
4015
4015
4014
4012
4011
4009
4009
4009
4009
4009
4007
4006
4007
4012
4011
4006
4008
4014
4011
4012
4010
4009
4008
4009
4006
4008
4007
4003
4002
4007
4004
4003
4000
4001
4002
4001
4000
4001
4000
4002
3995
3997
3996
3999
3997
3996
3997
3991
3992
3992
3996
3992
3992
3992
3985
3988
3990
3991
3992
3993
3994
3996
3997
3997
3999
3999
3993
3995
3998
3996
3996
3997
3995
3993
3993
3993
3994
3988
3988
3991
3993
3991
3992
3992
3991
3990
3990
3989
3987
3987
3986
3981
3981
3988
3987
3988
3989
3990
3992
3993
3987
3991
3994
3996
3996
3989
3989
3993
3991
3990
3988
3986
3985
3984
3983
3983
3978
3979
3979
3981
3980
3981
3982
3981
3981
3983
3984
3985
3987
3987
3986
3985
3980
3979
3982
3986
3988
3989
3990
3985
3988
3989
3994
3993
3995
3995
3988
3990
3992
3992
3991
3987
3987
3992
3987
3987
3986
3986
3986
3986
3986
3985
3986
3986
3985
3986
3986
3987
3986
3987
3987
3988
3986
3987
3987
3986
3983
3983
3990
3986
3986
3987
3988
3988
3987
3980
3982
3984
3987
3988
3983
3984
3988
3987
3985
3985
3985
3990
3990
3990
3990
3986
3988
3990
3994
3994
3995
3997
3993
3994
3995
4002
4004
4006
4007
4010
4013
4013
4014
4015
4017
4020
4023
4025
4022
4024
4030
4034
4039
4041
4041
4045
4046
4051
4048
4051
4060
4061
4059
4062
4066
4067
4067
4068
4071
4068
4071
4080
4078
4079
4082
4084
4088
4089
4084
4090
4095
4102
4103
4104
4110
4112
4117
4117
4120
4125
4131
4134
4138
4141
4146
4149
4153
4159
4164
4171
4177
4182
4185
4191
4195
4202
4201
4208
4217
4218
4224
4228
4236
4243
4249
4251
4257
4272
4276
4280
4286
4290
4288
4293
4307
4307
4312
4316
4317
4318
4326
4335
4338
4343
4347
4353
4365
4371
4375
4383
4389
4397
4402
4409
4418
4427
4435
4442
4448
4455
4464
4473
4477
4486
4499
4508
4514
4520
4530
4544
4551
4558
4569
4580
4588
4597
4604
4613
4619
4628
4642
4651
4660
4668
4678
4691
4700
4709
4717
4726
4737
4747
4761
4771
4779
4791
4801
4813
4824
4835
4845
4858
4870
4881
4893
4903
4911
4925
4942
4952
4967
4979
4991
5001
5011
5022
5033
5037
5046
5063
5072
5085
5092
5103
5117
5130
5143
5156
5168
5178
5190
5208
5219
5232
5243
5255
5267
5281
5297
5311
5318
5331
5349
5363
5375
5385
5398
5417
5431
5448
5462
5476
5488
5506
5521
5536
5550
5565
5577
5591
5606
5626
5635
5643
5657
5677
5685
5698
5715
5729
5741
5756
5771
5788
5800
5813
5830
5851
5863
5880
5893
5905
5916
5929
5938
5950
5959
5971
5986
5997
6010
6025
6034
6049
6062
6077
6092
6105
6116
6131
6151
6165
6171
6186
6202
6217
6229
6239
6255
6273
6290
6305
6319
6335
6352
6367
6379
6395
6414
6425
6436
6451
6460
6469
6477
6492
6503
6512
6523
6537
6554
6566
6576
6588
6601
6612
6627
6638
6654
6674
6690
6709
6725
6742
6750
6768
6790
6802
6815
6829
6839
6850
6856
6862
6871
6887
6893
6901
6913
6924
6938
6949
6959
6967
6968
6978
6988
6997
7002
7009
7017
7024
7033
7043
7051
7063
7069
7078
7094
7107
7120
7134
7146
7158
7175
7194
7204
7218
7229
7243
7256
7269
7277
7295
7311
7319
7327
7332
7337
7340
7346
7353
7359
7364
7374
7377
7381
7387
7394
7402
7411
7418
7428
7437
7446
7457
7465
7468
7478
7492
7497
7504
7505
7517
7532
7534
7541
7547
7555
7556
7558
7570
7569
7572
7574
7579
7583
7589
7586
7593
7604
7605
7611
7619
7626
7628
7641
7657
7668
7670
7682
7691
7707
7715
7720
7728
7727
7737
7747
7758
7768
7776
7788
7797
7809
7814
7823
7830
7839
7847
7854
7857
7866
7872
7879
7885
7888
7895
7902
7902
7912
7916
7926
7933
7944
7952
7956
7959
7962
7971
7975
7977
7982
7984
7989
7988
7994
8006
8014
8022
8023
8035
8053
8058
8067
8071
8080
8090
8095
8101
8108
8107
8108
8109
8107
8111
8110
8110
8107
8106
8106
8101
8096
8101
8095
8087
8086
8083
8088
8091
8090
8093
8099
8106
8112
8117
8124
8128
8138
8152
8158
8152
8157
8158
8164
8164
8162
8157
8154
8151
8145
8138
8141
8149
8151
8152
8155
8160
8166
8172
8173
8179
8191
8196
8204
8214
8223
8233
8246
8256
8263
8277
8288
8297
8309
8316
8315
8319
8329
8327
8326
8319
8315
8309
8307
8301
8300
8292
8295
8297
8302
8303
8299
8302
8314
8315
8316
8318
8320
8327
8330
8332
8334
8337
8343
8346
8349
8352
8356
8360
8362
8361
8358
8357
8357
8347
8346
8350
8347
8343
8339
8339
8334
8337
8344
8342
8347
8346
8346
8346
8344
8336
8339
8347
8340
8340
8333
8333
8340
8339
8338
8337
8334
8334
8333
8327
8324
8324
8323
8321
8318
8316
8316
8315
8308
8308
8310
8305
8303
8302
8305
8309
8311
8313
8316
8319
8323
8325
8322
8321
8332
8331
8332
8331
8329
8324
8319
8306
8302
8304
8301
8298
8295
8292
8284
8283
8283
8277
8278
8270
8272
8278
8276
8278
8281
8279
8276
8276
8283
8280
8276
8268
8261
8250
8239
8229
8216
8207
8203
8199
8194
8191
8183
8184
8190
8189
8188
8186
8184
8186
8185
8178
8182
8185
8184
8179
8175
8169
8168
8155
8148
8138
8129
8118
8105
8088
8082
8076
8066
8061
8054
8046
8041
8037
8036
8033
8037
8033
8028
8036
8034
8035
8035
8023
8020
8026
8020
8017
8011
8007
8009
8003
8001
7994
7988
7984
7979
7976
7974
7964
7968
7974
7971
7971
7969
7969
7975
7973
7973
7974
7973
7970
7966
7964
7962
7961
7960
7958
7956
7956
7952
7953
7952
7948
7944
7943
7946
7948
7946
7946
7946
7945
7943
7945
7942
7941
7941
7941
7938
7938
7937
7935
7935
7935
7937
7933
7935
7941
7941
7943
7939
7939
7942
7940
7932
7933
7928
7930
7922
7910
7908
7911
7905
7903
7901
7897
7891
7891
7896
7892
7890
7883
7880
7876
7868
7862
7859
7853
7847
7841
7840
7839
7838
7836
7824
7826
7827
7823
7819
7813
7812
7813
7806
7804
7800
7794
7790
7788
7784
7781
7770
7767
7762
7761
7755
7739
7738
7733
7726
7713
7705
7695
7692
7685
7676
7666
7656
7647
7633
7626
7617
7610
7603
7591
7583
7578
7575
7564
7556
7548
7542
7536
7532
7526
7524
7519
7515
7515
7514
7511
7509
7510
7500
7505
7509
7507
7503
7500
7498
7499
7491
7481
7477
7478
7470
7462
7455
7447
7437
7431
7426
7417
7405
7397
7393
7390
7381
7376
7368
7361
7357
7350
7347
7343
7338
7332
7328
7322
7313
7306
7303
7300
7295
7285
7285
7287
7281
7280
7275
7273
7265
7263
7266
7260
7252
7245
7237
7227
7221
7220
7214
7206
7199
7194
7181
7177
7177
7171
7163
7160
7154
7158
7150
7144
7139
7133
7128
7123
7117
7111
7102
7098
7089
7083
7076
7066
7059
7052
7048
7031
7028
7032
7022
7017
7007
7002
7005
7001
6992
6990
6988
6982
6975
6969
6967
6973
6968
6960
6959
6955
6960
6956
6951
6946
6944
6940
6932
6928
6923
6919
6914
6912
6907
6905
6903
6903
6892
6891
6896
6893
6886
6880
6879
6881
6875
6872
6871
6862
6863
6859
6859
6856
6851
6849
6855
6850
6848
6842
6840
6844
6841
6839
6834
6834
6829
6826
6821
6819
6815
6813
6810
6804
6805
6802
6801
6797
6794
6790
6784
6780
6774
6770
6764
6759
6753
6747
6739
6734
6728
6730
6726
6718
6718
6717
6712
6707
6699
6693
6696
6687
6683
6677
6670
6660
6653
6654
6645
6643
6635
6633
6628
6621
6618
6613
6608
6605
6599
6595
6590
6586
6580
6575
6571
6563
6558
6556
6553
6547
6541
6535
6530
6526
6518
6510
6507
6505
6502
6489
6489
6491
6488
6483
6474
6471
6477
6472
6462
6457
6455
6455
6448
6439
6435
6429
6423
6416
6412
6407
6404
6396
6392
6386
6382
6375
6374
6368
6365
6360
6357
6354
6351
6347
6338
6334
6335
6327
6317
6313
6315
6311
6305
6297
6292
6279
6275
6273
6266
6255
6249
6240
6236
6225
6223
6215
6213
6207
6204
6196
6197
6201
6191
6190
6183
6183
6177
6176
6161
6161
6161
6156
6150
6139
6134
6135
6127
6118
6111
6109
6109
6105
6101
6099
6094
6092
6089
6087
6086
6082
6079
6073
6068
6056
6057
6051
6053
6044
6040
6031
6030
6022
6019
6014
6008
6001
5997
5987
5982
5983
5978
5976
5972
5969
5958
5958
5961
5957
5953
5947
5946
5950
5949
5948
5946
5944
5945
5940
5943
5938
5938
5934
5932
5932
5930
5922
5921
5922
5919
5910
5912
5907
5909
5906
5903
5900
5899
5895
5888
5887
5879
5881
5878
5870
5869
5870
5870
5868
5863
5860
5866
5862
5862
5859
5858
5856
5852
5849
5845
5840
5838
5832
5830
5825
5816
5812
5813
5808
5803
5801
5797
5793
5792
5783
5786
5787
5785
5783
5779
5779
5776
5774
5765
5759
5758
5754
5747
5741
5736
5724
5721
5721
5717
5713
5701
5698
5698
5691
5689
5685
5682
5678
5675
5670
5670
5667
5667
5660
5659
5655
5654
5649
5649
5643
5640
5631
5630
5630
5626
5622
5618
5612
5609
5609
5609
5605
5603
5599
5598
5594
5592
5585
5586
5586
5583
5579
5579
5573
5573
5566
5564
5558
5557
5553
5542
5538
5536
5535
5530
5518
5514
5514
5508
5503
5494
5491
5490
5489
5486
5485
5482
5480
5479
5470
5468
5470
5467
5462
5461
5457
5458
5455
5453
5449
5452
5448
5451
5446
5447
5438
5440
5444
5443
5442
5441
5441
5437
5434
5430
5425
5415
5413
5411
5408
5407
5400
5397
5391
5389
5384
5378
5376
5370
5369
5372
5370
5363
5362
5359
5364
5359
5350
5351
5358
5350
5350
5348
5345
5337
5332
5339
5334
5332
5328
5329
5325
5325
5322
5325
5322
5322
5319
5316
5314
5310
5306
5302
5301
5297
5296
5292
5288
5286
5291
5287
5284
5279
5279
5283
5281
5281
5276
5275
5270
5268
5265
5262
5253
5251
5255
5250
5246
5243
5244
5240
5240
5237
5236
5230
5227
5226
5230
5227
5222
5220
5222
5220
5220
5218
5217
5216
5213
5206
5202
5202
5200
5198
5193
5191
5184
5182
5181
5186
5182
5182
5180
5180
5177
5178
5173
5171
5168
5165
5159
5157
5161
5156
5152
5149
5145
5149
5144
5142
5138
5135
5134
5130
5130
5127
5127
5123
5119
5113
5112
5113
5111
5101
5100
5105
5101
5101
5098
5098
5096
5091
5090
5088
5088
5084
5083
5079
5074
5069
5067
5071
5067
5067
5060
5060
5063
5061
5059
5057
5055
5048
5047
5049
5048
5044
5044
5044
5036
5037
5041
5040
5037
5037
5036
5034
5033
5032
5027
5024
5019
5017
5011
5012
5005
5004
5001
4999
4989
4989
4988
4990
4986
4980
4979
4983
4981
4976
4972
4973
4965
4965
4970
4964
4964
4963
4962
4958
4957
4963
4961
4960
4959
4957
4955
4954
4952
4952
4943
4945
4943
4941
4939
4938
4932
4933
4930
4930
4928
4928
4924
4925
4915
4915
4920
4918
4913
4911
4909
4901
4901
4903
4897
4894
4892
4890
4888
4886
4880
4878
4884
4878
4878
4873
4870
4873
4872
4868
4866
4864
4860
4859
4857
4853
4852
4850
4846
4847
4844
4841
4840
4836
4833
4835
4832
4831
4826
4824
4829
4830
4820
4821
4819
4822
4821
4820
4817
4811
4809
4812
4810
4811
4808
4807
4804
4802
4795
4795
4796
4799
4793
4794
4793
4788
4788
4788
4784
4781
4777
4774
4781
4776
4776
4776
4770
4772
4770
4764
4766
4770
4766
4765
4766
4764
4762
4763
4756
4760
4759
4764
4764
4760
4761
4762
4761
4759
4757
4759
4763
4761
4754
4754
4760
4761
4759
4760
4760
4758
4759
4758
4756
4756
4758
4753
4754
4750
4745
4743
4741
4736
4734
4727
4724
4728
4726
4724
4723
4722
4714
4715
4718
4713
4708
4708
4708
4711
4708
4708
4707
4705
4705
4703
4704
4704
4701
4704
4701
4699
4701
4701
4699
4697
4695
4701
4702
4700
4700
4698
4693
4696
4699
4698
4697
4695
4695
4693
4694
4688
4687
4691
4687
4686
4684
4682
4676
4675
4677
4674
4674
4670
4669
4669
4666
4667
4667
4661
4664
4667
4667
4669
4663
4664
4667
4663
4659
4658
4654
4651
4649
4643
4641
4645
4646
4643
4642
4642
4635
4633
4640
4639
4634
4636
4637
4635
4632
4630
4629
4628
4626
4627
4625
4624
4625
4624
4623
4622
4618
4613
4611
4614
4614
4605
4603
4604
4602
4599
4595
4593
4596
4594
4590
4587
4587
4583
4583
4579
4576
4582
4579
4577
4576
4572
4569
4570
4572
4574
4572
4570
4570
4570
4571
4574
4572
4573
4573
4570
4574
4572
4568
4569
4569
4568
4566
4566
4563
4560
4561
4554
4552
4557
4552
4553
4553
4551
4552
4550
4544
4547
4546
4549
4549
4542
4541
4548
4544
4543
4538
4538
4542
4541
4539
4537
4538
4537
4535
4531
4530
4535
4535
4533
4532
4531
4531
4527
4531
4530
4528
4529
4529
4524
4524
4529
4526
4527
4528
4524
4520
4521
4525
4521
4521
4520
4520
4518
4519
4513
4516
4520
4517
4516
4518
4516
4517
4515
4515
4512
4514
4514
4508
4508
4511
4514
4514
4509
4510
4516
4514
4512
4510
4511
4507
4509
4506
4505
4506
4500
4498
4503
4500
4498
4497
4497
4493
4492
4492
4492
4488
4485
4486
4484
4481
4479
4480
4476
4473
4474
4473
4472
4469
4469
4473
4473
4467
4468
4468
4470
4468
4468
4464
4460
4459
4468
4466
4466
4465
4466
4458
4461
4466
4463
4463
4462
4460
4460
4458
4462
4462
4461
4459
4459
4459
4457
4459
4458
4458
4460
4460
4456
4456
4462
4460
4450
4451
4448
4453
4451
4448
4446
4446
4443
4444
4444
4445
4446
4444
4437
4438
4442
4439
4435
4433
4433
4425
4423
4430
4427
4423
4424
4423
4424
4421
4421
4421
4422
4421
4421
4422
4421
4416
4418
4424
4420
4420
4422
4421
4413
4415
4418
4416
4415
4413
4412
4414
4413
4406
4408
4409
4409
4410
4404
4405
4412
4411
4408
4410
4410
4408
4408
4402
4402
4404
4403
4401
4399
4397
4396
4394
4395
4391
4392
4391
4389
4390
4392
4386
4389
4396
4395
4395
4394
4392
4391
4393
4385
4386
4386
4388
4386
4382
4381
4385
4384
4379
4376
4377
4378
4375
4375
4373
4371
4368
4368
4367
4364
4363
4362
4360
4359
4356
4355
4354
4353
4351
4349
4348
4348
4346
4345
4345
4342
4341
4343
4341
4339
4340
4335
4334
4339
4337
4329
4334
4333
4334
4335
4331
4332
4335
4335
4331
4328
4331
4333
4332
4334
4333
4333
4334
4335
4332
4334
4337
4339
4338
4335
4333
4333
4331
4328
4326
4325
4325
4323
4322
4319
4315
4315
4320
4321
4320
4322
4324
4323
4324
4324
4322
4314
4317
4314
4316
4316
4315
4314
4316
4317
4314
4315
4313
4309
4309
4313
4310
4303
4303
4305
4309
4307
4301
4301
4304
4302
4302
4300
4299
4297
4299
4303
4303
4301
4300
4299
4301
4300
4298
4298
4298
4297
4296
4296
4296
4295
4294
4295
4295
4296
4298
4300
4299
4300
4303
4303
4301
4302
4301
4300
4299
4300
4296
4297
4297
4295
4294
4294
4288
4289
4294
4292
4288
4283
4284
4282
4283
4274
4276
4277
4276
4274
4270
4267
4275
4270
4265
4267
4265
4271
4269
4268
4268
4267
4266
4266
4268
4266
4266
4269
4268
4268
4269
4269
4266
4266
4268
4266
4266
4263
4262
4260
4266
4264
4258
4260
4265
4261
4263
4258
4257
4263
4260
4260
4261
4260
4259
4259
4260
4258
4257
4256
4257
4255
4256
4250
4251
4257
4254
4248
4247
4249
4253
4248
4250
4252
4250
4250
4249
4247
4249
4252
4253
4254
4252
4255
4254
4253
4256
4254
4253
4255
4254
4252
4250
4253
4252
4250
4249
4251
4249
4246
4242
4243
4247
4245
4244
4241
4235
4238
4239
4243
4241
4235
4238
4242
4239
4239
4233
4234
4237
4235
4234
4233
4230
4226
4228
4226
4223
4221
4221
4221
4222
4222
4223
4226
4225
4225
4232
4231
4227
4227
4223
4221
4218
4216
4215
4212
4209
4209
4212
4210
4204
4203
4209
4205
4203
4205
4204
4197
4199
4206
4201
4201
4202
4201
4199
4199
4200
4201
4201
4199
4201
4202
4202
4201
4203
4204
4205
4204
4200
4203
4208
4205
4199
4202
4201
4204
4203
4199
4198
4201
4198
4198
4196
4195
4193
4194
4189
4189
4192
4191
4190
4191
4188
4190
4187
4186
4187
4186
4184
4184
4184
4185
4185
4184
4183
4182
4184
4186
4186
4185
4185
4178
4178
4178
4182
4180
4179
4178
4179
4177
4176
4177
4177
4176
4179
4174
4175
4178
4177
4177
4176
4177
4181
4179
4178
4177
4177
4173
4172
4175
4173
4172
4173
4172
4173
4172
4172
4171
4170
4169
4168
4169
4169
4164
4164
4168
4169
4163
4164
4162
4165
4164
4165
4165
4160
4159
4161
4166
4164
4162
4161
4161
4161
4161
4158
4159
4159
4160
4158
4159
4154
4153
4155
4160
4159
4152
4156
4161
4159
4159
4159
4159
4157
4157
4157
4157
4155
4155
4156
4156
4153
4154
4154
4152
4155
4156
4150
4153
4159
4161
4153
4159
4160
4162
4165
4164
4166
4161
4161
4166
4167
4166
4168
4167
4162
4162
4167
4166
4164
4164
4164
4164
4162
4161
4161
4158
4158
4156
4155
4154
4152
4152
4152
4152
4152
4147
4149
4152
4149
4143
4145
4145
4147
4145
4141
4141
4146
4143
4142
4142
4143
4142
4141
4135
4137
4140
4139
4140
4137
4136
4136
4138
4141
4141
4143
4144
4145
4144
4144
4141
4143
4141
4140
4141
4135
4135
4138
4137
4133
4130
4132
4135
4133
4130
4131
4131
4132
4129
4123
4126
4130
4130
4128
4128
4127
4129
4131
4125
4124
4132
4128
4127
4126
4125
4125
4126
4120
4121
4128
4125
4129
4129
4130
4128
4130
4124
4126
4128
4133
4133
4134
4133
4134
4134
4135
4136
4136
4134
4136
4139
4139
4138
4138
4136
4132
4131
4136
4133
4133
4132
4130
4128
4127
4125
4122
4117
4116
4118
4116
4115
4115
4112
4112
4112
4108
4106
4105
4109
4109
4107
4105
4099
4100
4101
4104
4107
4106
4107
4107
4106
4105
4105
4104
4105
4104
4103
4103
4102
4103
4102
4096
4095
4100
4099
4096
4096
4094
4089
4089
4092
4093
4092
4093
4090
4087
4088
4094
4092
4091
4090
4090
4091
4091
4090
4089
4088
4088
4083
4083
4085
4089
4088
4082
4083
4089
4088
4082
4081
4081
4086
4085
4083
4082
4083
4082
4083
4080
4080
4078
4079
4077
4076
4077
4075
4074
4077
4075
4075
4075
4073
4070
4071
4072
4071
4063
4065
4071
4069
4067
4068
4067
4063
4066
4071
4069
4071
4069
4070
4074
4075
4076
4076
4077
4077
4077
4076
4075
4075
4074
4074
4070
4070
4070
4069
4065
4065
4070
4067
4066
4061
4061
4065
4063
4056
4057
4061
4061
4060
4058
4058
4058
4058
4056
4054
4053
4050
4051
4055
4054
4052
4054
4053
4053
4053
4052
4051
4053
4054
4053
4055
4054
4054
4057
4051
4052
4060
4059
4057
4052
4055
4060
4057
4057
4057
4056
4055
4054
4056
4057
4058
4059
4060
4061
4061
4060
4061
4058
4059
4062
4060
4061
4060
4058
4056
4056
4054
4053
4052
4047
4046
4051
4050
4042
4045
4047
4048
4046
4044
4046
4041
4042
4046
4047
4045
4042
4041
4047
4046
4045
4044
4043
4044
4041
4044
4042
4042
4042
4043
4044
4042
4043
4045
4044
4044
4039
4041
4040
4043
4043
4044
4043
4046
4046
4046
4042
4045
4047
4044
4042
4044
4048
4051
4051
4049
4053
4060
4062
4060
4063
4064
4068
4067
4067
4065
4065
4065
4063
4061
4059
4056
4054
4052
4050
4046
4043
4043
4041
4037
4035
4035
4036
4038
4037
4033
4032
4039
4038
4038
4037
4037
4037
4037
4032
4033
4037
4035
4033
4032
4031
4025
4025
4029
4028
4027
4025
4024
4020
4020
4024
4023
4024
4024
4022
4020
4021
4020
4021
4019
4018
4018
4019
4019
4015
4017
4021
4021
4016
4016
4019
4020
4020
4015
4016
4023
4021
4020
4020
4019
4016
4017
4022
4022
4021
4021
4025
4027
4025
4026
4026
4028
4026
4025
4024
4024
4024
4024
4022
4018
4019
4020
4019
4011
4013
4019
4018
4013
4011
4010
4016
4017
4011
4012
4017
4015
4015
4009
4009
4015
4014
4013
4012
4010
4008
4009
4010
4010
4011
4012
4011
4014
4014
4015
4017
4017
4016
4009
4006
4010
4014
4012
4012
4010
4005
4008
4007
4011
4008
4005
4005
4006
4006
4005
4004
4003
4003
4003
4003
4001
4000
4001
4002
3998
3997
4000
4001
4000
3998
3999
3999
3998
3997
3998
3998
3997
3995
3993
3991
3998
3996
3995
3996
3992
3994
3994
3997
3998
3995
3998
4004
4005
4009
4008
4011
4020
4024
4025
4033
4039
4048
4055
4058
4066
4078
4085
4087
4098
4104
4119
4126
4133
4138
4139
4151
4157
4166
4174
4179
4187
4195
4200
4206
4212
4218
4228
4232
4238
4243
4247
4250
4253
4258
4260
4264
4264
4265
4266
