2737
2736
2736
2735
2729
2728
2733
2731
2730
2729
2727
2725
2722
2720
2718
2718
2716
2715
2712
2710
2704
2704
2706
2703
2699
2693
2691
2694
2692
2689
2686
2683
2678
2676
2678
2676
2675
2674
2671
2667
2667
2664
2663
2661
2658
2657
2655
2653
2648
2646
2649
2648
2641
2641
2639
2641
2638
2638
2637
2631
2632
2632
2631
2629
2628
2627
2626
2626
2623
2623
2622
2621
2619
2619
2616
2618
2618
2615
2611
2612
2616
2614
2609
2610
2614
2613
2613
2613
2611
2610
2609
2608
2608
2606
2604
2604
2604
2604
2599
2598
2599
2602
2600
2600
2599
2594
2595
2597
2597
2596
2596
2594
2594
2592
2592
2591
2591
2586
2587
2590
2590
2584
2585
2587
2589
2587
2587
2586
2585
2585
2584
2584
2583
2581
2581
2581
2581
2581
2580
2581
2576
2577
2581
2579
2578
2578
2577
2577
2577
2576
2576
2572
2573
2578
2576
2577
2576
2577
2571
2572
2577
2576
2576
2570
2571
2575
2573
2573
2573
2570
2567
2567
2571
2568
2567
2569
2568
2568
2568
2563
2564
2570
2569
2569
2568
2568
2568
2567
2568
2567
2567
2568
2568
2569
2570
2570
2572
2571
2571
2567
2567
2567
2570
2569
2563
2564
2569
2567
2566
2563
2562
2566
2565
2564
2566
2567
2566
2567
2565
2566
2571
2569
2568
2567
2567
2567
2566
2565
2564
2565
2565
2563
2562
2561
2561
2561
2557
2558
2560
2562
2562
2562
2563
2563
2563
2561
2561
2562
2568
2567
2561
2562
2567
2565
2565
2564
2564
2560
2561
2564
2563
2563
2561
2561
2560
2560
2559
2559
2558
2557
2556
2557
2557
2556
2555
2555
2555
2554
2551
2552
2554
2554
2555
2553
2551
2548
2549
2553
2553
2549
2550
2553
2550
2552
2551
2551
2551
2551
2547
2548
2548
2552
2552
2552
2552
2552
2552
2553
2553
2553
2554
2554
2554
2555
2551
2551
2553
2556
2556
2557
2558
2553
2554
2553
2558
2557
2553
2554
2558
2558
2557
2557
2555
2555
2554
2555
2556
2553
2554
2554
2559
2558
2557
2557
2558
2558
2558
2559
2558
2558
2557
2557
2555
2556
2557
2556
2553
2555
2561
2560
2559
2559
2560
2564
2563
2559
2561
2566
2565
2564
2563
2564
2563
2563
2564
2565
2565
2563
2564
2567
2567
2563
2565
2568
2569
2570
2570
2571
2572
2571
2568
2569
2570
2574
2575
2576
2576
2572
2575
2578
2582
2583
2583
2584
2585
2586
2586
2587
2587
2588
2588
2589
2589
2590
2591
2592
2593
2594
2589
2590
2597
2597
2596
2595
2597
2603
2603
2600
2601
2607
2608
2609
2611
2612
2612
2614
2616
2618
2618
2621
2623
2624
2626
2622
2624
2627
2631
2633
2634
2637
2639
2639
2642
2643
2645
2648
2650
2648
2651
2658
2659
2660
2661
2662
2663
2666
2662
2666
2669
2673
2674
2675
2678
2681
2684
2682
2684
2688
2694
2696
2698
2699
2701
2704
2706
2708
2709
2712
2714
2715
2717
2719
2721
2723
2725
2729
2727
2729
2736
2738
2741
2739
2743
2750
2751
2748
2753
2756
2765
2768
2771
2772
2776
2779
2781
2784
2786
2786
2790
2798
2801
2799
2803
2807
2814
2816
2815
2820
2829
2830
2833
2834
2839
2843
2845
2844
2848
2854
2860
2863
2866
2868
2872
2875
2877
2881
2883
2888
2891
2895
2898
2902
2906
2910
2913
2917
2921
2926
2929
2934
2936
2938
2943
2952
2955
2955
2960
2969
2973
2976
2981
2984
2988
2993
2998
3003
3007
3008
3013
3021
3026
3026
3031
3036
3043
3048
3048
3051
3061
3065
3069
3073
3078
3083
3088
3093
3099
3104
3110
3115
3120
3127
3131
3136
3140
3146
3152
3156
3158
3163
3167
3173
3177
3183
3186
3191
3193
3197
3206
3213
3212
3216
3221
3230
3232
3236
3239
3242
3246
3249
3249
3254
3262
3268
3267
3273
3282
3284
3288
3289
3294
3303
3307
3310
3315
3318
3321
3326
3324
3331
3341
3344
3350
3352
3358
3365
3368
3378
3383
3385
3391
3397
3403
3407
3413
3417
3422
3428
3434
3440
3447
3451
3458
3463
3468
3473
3478
3485
3490
3496
3501
3509
3513
3517
3521
3524
3530
3540
3542
3548
3551
3556
3559
3567
3564
3573
3582
3585
3589
3590
3595
3606
3610
3611
3619
3628
3635
3639
3644
3651
3649
3657
3666
3673
3676
3682
3687
3691
3698
3702
3709
3710
3713
3717
3727
3730
3735
3739
3745
3747
3752
3756
3763
3766
3772
3768
3776
3779
3790
3791
3797
3800
3806
3809
3815
3819
3821
3826
3829
3828
3836
3844
3846
3850
3849
3852
3863
3863
3868
3868
3874
3875
3880
3874
3881
3888
3890
3890
3890
3892
3899
3905
3906
3911
3910
3912
3917
3924
3927
3930
3933
3933
3940
3940
3945
3946
3948
3954
3954
3960
3961
3966
3972
3973
3979
3976
3985
3992
3999
4000
4005
4009
4009
4013
4023
4027
4029
4034
4034
4033
4040
4050
4052
4055
4055
4060
4067
4071
4072
4074
4079
4080
4083
4088
4089
4091
4092
4094
4098
4100
4102
4103
4107
4110
4107
4112
4115
4124
4125
4129
4131
4133
4138
4134
4137
4142
4148
4151
4151
4154
4156
4157
4164
4166
4166
4165
4168
4179
4178
4179
4178
4182
4190
4192
4193
4198
4200
4201
4206
4200
4204
4211
4209
4210
4210
4209
4211
4208
4211
4209
4212
4213
4213
4215
4217
4218
4219
4218
4221
4217
4221
4219
4220
4220
4214
4218
4223
4222
4220
4214
4216
4219
4220
4213
4214
4217
4219
4221
4218
4216
4226
4223
4224
4225
4226
4228
4231
4230
4235
4236
4238
4241
4243
4247
4247
4251
4251
4253
4254
4256
4257
4259
4261
4258
4259
4266
4267
4266
4264
4265
4273
4275
4270
4274
4278
4285
4286
4287
4288
4290
4290
4291
4291
4293
4300
4299
4298
4302
4301
4305
4304
4305
4309
4303
4304
4309
4308
4308
4303
4304
4303
4302
4299
4299
4301
4305
4304
4304
4307
4306
4306
4309
4310
4309
4308
4308
4309
4310
4307
4310
4309
4308
4309
4305
4306
4313
4313
4313
4310
4310
4316
4318
4313
4316
4325
4325
4323
4326
4320
4321
4321
4318
4320
4316
4310
4307
4313
4309
4306
4310
4306
4301
4303
4301
4297
4299
4297
4291
4293
4294
4297
4300
4297
4296
4298
4295
4296
4296
4295
4296
4295
4294
4294
4294
4289
4291
4295
4298
4295
4293
4296
4293
4293
4288
4289
4292
4292
4284
4284
4286
4289
4286
4286
4286
4277
4279
4280
4281
4280
4278
4276
4275
4272
4268
4268
4264
4263
4262
4256
4257
4261
4257
4258
4255
4255
4249
4249
4252
4256
4251
4251
4250
4242
4245
4252
4248
4249
4248
4245
4247
4248
4244
4245
4245
4241
4242
4242
4240
4239
4239
4231
4232
4233
4236
4235
4232
4231
4230
4230
4226
4224
4223
4229
4227
4218
4218
4223
4218
4216
4214
4213
4211
4209
4201
4200
4200
4205
4201
4201
4201
4197
4198
4198
4195
4193
4193
4191
4184
4186
4193
4190
4187
4182
4180
4184
4183
4178
4175
4172
4170
4168
4165
4166
4165
4161
4159
4158
4156
4155
4152
4153
4151
4145
4147
4144
4148
4147
4141
4140
4145
4144
4139
4134
4135
4138
4137
4129
4128
4133
4132
4130
4123
4122
4128
4124
4122
4120
4116
4117
4114
4111
4112
4110
4107
4107
4106
4105
4100
4100
4099
4097
4092
4093
4092
4096
4095
4092
4088
4082
4083
4081
4084
4083
4080
4077
4074
4073
4069
4070
4067
4065
4064
4061
4060
4054
4052
4052
4056
4055
4045
4047
4051
4046
4046
4040
4041
4040
4038
4036
4034
4032
4028
4026
4027
4024
4015
4015
4018
4017
4013
4012
4011
4009
4005
4003
4000
3998
3999
3995
3995
3993
3985
3986
3987
3986
3985
3978
3975
3979
3976
3969
3967
3967
3969
3966
3966
3961
3962
3961
3956
3955
3953
3946
3947
3953
3948
3945
3940
3938
3942
3939
3936
3936
3934
3932
3930
3928
3928
3925
3923
3923
3921
3916
3913
3912
3914
3911
3905
3904
3903
3907
3904
3901
3901
3900
3898
3895
3895
3891
3891
3890
3884
3881
3885
3884
3881
3872
3873
3878
3874
3871
3871
3867
3862
3862
3864
3864
3861
3858
3857
3855
3852
3850
3849
3841
3840
3846
3842
3840
3833
3832
3836
3834
3826
3824
3826
3829
3826
3825
3825
3816
3817
3821
3819
3815
3815
3813
3812
3810
3810
3806
3804
3805
3801
3798
3798
3797
3793
3795
3792
3788
3788
3786
3778
3778
3780
3777
3776
3768
3766
3771
3767
3759
3759
3756
3755
3757
3755
3753
3751
3751
3746
3742
3743
3744
3743
3742
3739
3737
3735
3732
3732
3727
3727
3724
3721
3721
3717
3712
3711
3714
3712
3712
3707
3708
3705
3704
3703
3699
3700
3697
3696
3696
3693
3694
3689
3690
3687
3687
3687
3684
3680
3677
3684
3681
3672
3671
3672
3675
3674
3672
3670
3665
3664
3656
3653
3650
3652
3648
3643
3642
3632
3631
3630
3632
3631
3624
3623
3630
3624
3623
3619
3618
3611
3610
3614
3608
3608
3603
3603
3594
3594
3597
3593
3594
3591
3588
3587
3587
3585
3582
3580
3578
3577
3574
3572
3570
3568
3567
3564
3565
3561
3561
3554
3554
3559
3555
3555
3551
3551
3548
3547
3541
3539
3545
3541
3541
3539
3536
3533
3528
3535
3531
3529
3528
3526
3525
3522
3523
3519
3519
3516
3517
3514
3514
3514
3511
3507
3505
3508
3511
3509
3503
3501
3508
3503
3504
3500
3500
3498
3496
3490
3489
3494
3489
3489
3486
3487
3483
3481
3473
3475
3474
3477
3474
3471
3471
3465
3465
3468
3467
3465
3462
3462
3457
3458
3454
3454
3449
3451
3446
3446
3443
3443
3440
3438
3436
3434
3433
3432
3429
3427
3420
3421
3419
3421
3419
3420
3417
3413
3411
3411
3413
3412
3406
3405
3409
3407
3408
3405
3402
3400
3400
3394
3395
3398
3397
3393
3393
3390
3391
3386
3381
3381
3380
3385
3383
3382
3380
3379
3377
3376
3374
3373
3369
3370
3369
3365
3362
3359
3360
3362
3360
3359
3358
3351
3351
3350
3354
3351
3349
3347
3345
3346
3343
3338
3337
3341
3339
3337
3336
3330
3330
3328
3331
3330
3329
3328
3327
3325
3324
3319
3317
3322
3318
3319
3315
3316
3309
3311
3312
3312
3310
3308
3306
3307
3306
3299
3298
3304
3299
3299
3296
3296
3295
3294
3291
3292
3284
3285
3285
3287
3284
3284
3282
3281
3280
3279
3278
3276
3274
3273
3273
3269
3270
3269
3267
3267
3267
3258
3258
3264
3262
3261
3260
3259
3253
3253
3257
3255
3249
3249
3248
3252
3249
3242
3243
3249
3245
3244
3241
3241
3238
3238
3231
3233
3233
3233
3232
3231
3231
3229
3227
3226
3223
3224
3221
3222
3215
3216
3220
3219
3217
3211
3210
3216
3213
3207
3208
3207
3209
3207
3207
3207
3206
3204
3203
3202
3200
3201
3199
3194
3193
3197
3196
3193
3193
3191
3191
3189
3184
3184
3185
3185
3185
3185
3184
3180
3179
3186
3183
3184
3181
3182
3180
3178
3177
3175
3174
3172
3169
3166
3165
3168
3166
3165
3164
3162
3162
3160
3154
3153
3156
3156
3156
3157
3154
3151
3150
3154
3154
3151
3149
3149
3149
3144
3144
3142
3142
3137
3137
3139
3137
3131
3131
3135
3132
3131
3127
3128
3124
3123
3121
3121
3119
3119
3116
3117
3114
3114
3112
3113
3110
3111
3110
3111
3105
3106
3111
3110
3107
3109
3103
3106
3105
3104
3103
3104
3098
3098
3102
3101
3098
3099
3096
3096
3093
3089
3088
3093
3091
3091
3089
3089
3086
3086
3085
3084
3079
3078
3079
3080
3080
3075
3074
3077
3075
3072
3073
3071
3071
3071
3068
3069
3069
3068
3069
3065
3065
3069
3071
3070
3070
3069
3067
3068
3066
3067
3064
3064
3062
3053
3055
3057
3056
3053
3052
3048
3046
3046
3050
3048
3044
3043
3050
3046
3046
3045
3043
3043
3040
3040
3037
3037
3035
3033
3030
3030
3034
3033
3030
3030
3029
3028
3028
3026
3026
3025
3023
3024
3022
3021
3021
3018
3018
3018
3016
3018
3017
3012
3013
3016
3015
3011
3008
3008
3010
3011
3004
3005
3010
3006
3005
3006
3005
3004
3005
3001
3002
3003
3006
3006
3006
3003
3002
3002
3001
2999
2997
2998
2995
2996
2993
2994
2994
2995
2989
2989
2994
2992
2990
2989
2987
2985
2985
2990
2989
2984
2983
2987
2986
2982
2984
2983
2982
2981
2976
2976
2975
2978
2978
2974
2972
2972
2970
2967
2966
2965
2965
2963
2961
2960
2955
2956
2956
2958
2958
2959
2959
2953
2955
2957
2959
2960
2959
2959
2960
2961
2959
2959
2959
2957
2957
2955
2955
2950
2951
2949
2955
2955
2950
2949
2956
2956
2955
2954
2954
2947
2945
2950
2948
2944
2940
2940
2943
2941
2938
2937
2934
2936
2936
2934
2933
2933
2932
2932
2931
2932
2931
2930
2925
2925
2929
2928
2928
2927
2926
2920
2921
2925
2923
2922
2921
2922
2919
2919
2917
2918
2916
2916
2916
2912
2911
2915
2914
2909
2908
2907
2910
2909
2908
2907
2905
2904
2904
2904
2904
2904
2906
2906
2904
2905
2904
2904
2904
2904
2898
2898
2902
2900
2900
2899
2899
2900
2899
2898
2899
2895
2896
2897
2900
2899
2895
2895
2898
2897
2896
2895
2896
2890
2890
2895
2891
2891
2890
2888
2882
2882
2886
2886
2882
2882
2881
2879
2879
2874
2874
2878
2875
2876
2875
2874
2872
2871
2865
2866
2868
2869
2869
2869
2869
2868
2869
2869
2870
2870
2869
2870
2866
2867
2871
2871
2871
2871
2871
2865
2866
2869
2869
2868
2866
2865
2864
2864
2860
2861
2863
2863
2861
2863
2860
2860
2857
2857
2857
2856
2855
2852
2851
2851
2845
2846
2846
2848
2848
2848
2848
2848
2846
2845
2845
2844
2845
2846
2844
2845
2838
2838
2838
2843
2843
2841
2841
2840
2839
2838
2836
2835
2839
2836
2831
2831
2837
2838
2838
2839
2837
2838
2837
2832
2831
2832
2835
2835
2834
2832
2832
2833
2830
2828
2829
2831
2830
2830
2830
2825
2824
2825
2827
2825
2827
2824
2824
2826
2824
2817
2817
2823
2824
2822
2821
2819
2817
2816
2816
2815
2814
2812
2812
2812
2811
2807
2806
2811
2811
2811
2812
2812
2813
2812
2813
2814
2810
2811
2813
2815
2814
2813
2813
2812
2811
2809
2809
2809
2806
2805
2811
2809
2808
2809
2807
2803
2802
2807
2807
2806
2805
2803
2802
2801
2796
2796
2799
2798
2798
2798
2798
2798
2797
2796
2796
2790
2791
2791
2796
2795
2794
2792
2792
2790
2791
2791
2790
2790
2789
2786
2785
2788
2788
2789
2786
2787
2792
2792
2792
2791
2791
2791
2790
2789
2790
2791
2791
2789
2789
2788
2782
2781
2786
2784
2780
2779
2778
2781
2779
2778
2778
2778
2777
2776
2776
2777
2778
2779
2774
2776
2778
2781
2780
2779
2780
2781
2780
2779
2780
2778
2777
2778
2775
2776
2781
2779
2780
2778
2779
2779
2778
2778
2779
2777
2776
2774
2769
2768
2773
2771
2766
2766
2765
2770
2769
2768
2768
2763
2764
2764
2768
2767
2764
2762
2763
2762
2759
2756
2756
2760
2759
2758
2758
2759
2759
2760
2754
2754
2758
2756
2757
2757
2757
2754
2755
2753
2755
2749
2749
2751
2754
2752
2749
2749
2748
2749
2745
2745
2745
2749
2747
2746
2745
2744
2745
2744
2743
2743
2742
2740
2740
2739
2737
2734
2735
2740
2739
2739
2740
2739
2739
2739
2738
2740
2739
2740
2735
2735
2737
2742
2742
2742
2741
2741
2742
2742
2741
2741
2737
2736
2740
2740
2734
2733
2733
2737
2735
2731
2731
2734
2732
2731
2729
2728
2726
2728
2727
2725
2725
2724
2723
2722
2724
2723
2722
2721
2721
2721
2719
2720
2713
2715
2719
2720
2719
2720
2719
2714
2716
2721
2721
2719
2718
2716
2723
2722
2721
2721
2716
2717
2718
2723
2721
2721
2719
2720
2720
2719
2720
2718
2715
2715
2721
2720
2719
2718
2719
2717
2718
2711
2712
2714
2714
2715
2711
2713
2714
2714
2718
2716
2716
2713
2712
2711
2709
2708
2707
2706
2706
2706
2706
2706
2705
2704
2704
2702
2702
2701
2701
2700
2700
2700
2700
2700
2696
2696
2699
2698
2693
2696
2697
2699
2698
2698
2696
2693
2693
2698
2699
2699
2698
2698
2698
2697
2697
2698
2697
2697
2697
2696
2697
2697
2696
2696
2695
2694
2690
2691
2695
2694
2693
2692
2692
2688
2688
2693
2692
2685
2686
2686
2688
2687
2688
2687
2687
2687
2686
2682
2682
2687
2685
2681
2683
2686
2687
2683
2685
2684
2684
2684
2683
2683
2684
2684
2683
2679
2679
2683
2682
2682
2681
2680
2679
2679
2679
2679
2679
2679
2679
2675
2676
2679
2679
2678
2677
2677
2673
2673
2677
2676
2674
2674
2672
2672
2671
2667
2669
2674
2674
2674
2674
2675
2674
2674
2675
2674
2671
2672
2672
2676
2674
2671
2671
2676
2675
2675
2675
2674
2673
2672
2671
2671
2672
2672
2672
2668
2668
2672
2671
2670
2669
2669
2665
2665
2669
2669
2669
2668
2667
2667
2667
2666
2666
2666
2667
2666
2665
2665
2666
2665
2664
2664
2665
2664
2664
2660
2662
2666
2665
2659
2659
2662
2665
2665
2666
2666
2663
2664
2670
2671
2671
2669
2670
2675
2674
2673
2674
2674
2673
2673
2671
2671
2670
2670
2669
2668
2668
2668
2668
2668
2667
2664
2664
2664
2667
2666
2661
2661
2665
2664
2663
2663
2663
2662
2664
2659
2661
2662
2664
2664
2664
2662
2657
2657
2661
2661
2661
2660
2660
2660
2660
2654
2655
2655
2659
2658
2658
2657
2657
2656
2655
2655
2653
2653
2651
2646
2647
2651
2650
2648
2648
2648
2646
2646
2641
2642
2643
2647
2646
2645
2644
2640
2639
2642
2644
2642
2643
2642
2642
2643
2644
2643
2642
2642
2642
2642
2642
2642
2641
2641
2637
2637
2642
2641
2636
2637
2640
2643
2643
2639
2641
2641
2641
2638
2638
2638
2643
2642
2641
2641
2635
2635
2636
2639
2638
2633
2635
2639
2638
2636
2637
2636
2635
2635
2634
2634
2634
2634
2634
2634
2635
2631
2633
2640
2640
2641
2642
2645
2646
2646
2646
2647
2648
2648
2647
2643
2643
2648
2645
2644
2641
2640
2636
2635
2639
2639
2637
2635
2634
2634
2634
2634
2635
2635
2636
2638
2638
2637
2638
2638
2632
2634
2638
2636
2635
2636
2635
2635
2635
2633
2635
2635
2633
2634
2630
2630
2635
2633
2631
2627
2627
2630
2629
2624
2623
2628
2626
2626
2621
2621
2625
2625
2624
2623
2623
2622
2621
2619
2619
2614
2615
2616
2619
2619
2619
2619
2621
2621
2619
2619
2620
2620
2621
2618
2618
2623
2623
2623
2623
2623
2623
2623
2622
2622
2620
2619
2618
2622
2622
2622
2621
2617
2616
2618
2621
2620
2620
2620
2615
2616
2616
2620
2619
2620
2621
2619
2618
2618
2615
2617
2617
2616
2617
2615
2612
2613
2613
2617
2616
2616
2615
2615
2614
2614
2615
2614
2610
2611
2615
2616
2611
2609
2609
2615
2614
2609
2609
2614
2613
2613
2612
2613
2612
2611
2610
2610
2610
2610
2608
2609
2608
2607
2607
2606
2603
2604
2609
2607
2602
2602
2606
2607
2607
2602
2603
2607
2607
2606
2605
2604
2600
2602
2606
2606
2600
2601
2601
2603
2602
2602
2603
2601
2602
2601
2601
2602
2602
2602
2601
2601
2601
2602
2602
2599
2598
2602
2601
2601
2601
2600
2600
2598
2599
2599
2599
2599
2595
2596
2596
2601
2601
2597
2598
2603
2602
2603
2601
2603
2607
2607
2607
2606
2606
2606
2605
2606
2607
2603
2603
2609
2608
2608
2605
2605
2610
2608
2606
2604
2603
2603
2604
2603
2602
2602
2602
2601
2602
2600
2600
2598
2598
2599
2597
2598
2597
2596
2596
2597
2596
2594
2595
2594
2598
2597
2593
2594
2598
2595
2596
2594
2594
2594
2596
2592
2593
2597
2597
2597
2592
2593
2597
2596
2590
2591
2591
2594
2592
2588
2589
2595
2593
2591
2592
2591
2591
2591
2592
2593
2594
2595
2594
2594
2594
2594
2593
2594
2594
2593
2595
2594
2594
2594
2588
2589
2589
2593
2592
2591
2591
2590
2591
2587
2588
2587
2592
2590
2589
2588
2588
2587
2586
2582
2582
2587
2586
2585
2585
2583
2579
2580
2584
2583
2578
2578
2583
2583
2582
2580
2580
2580
2579
2576
2578
2579
2584
2583
2583
2583
2583
2583
2583
2582
2581
2580
2580
2580
2579
2574
2574
2575
2579
2579
2578
2577
2577
2577
2577
2572
2573
2577
2576
2577
2576
2575
2574
2573
2575
2574
2574
2574
2574
2575
2575
2572
2574
2580
2581
2582
2582
2583
2584
2584
2585
2585
2584
2584
2582
2580
2581
2585
2584
2581
2581
2585
2585
2585
2581
2582
2587
2585
2584
2583
2583
2581
2581
2586
2584
2585
2586
2585
2586
2586
2580
2581
2585
2585
2584
2583
2583
2581
2581
2579
2579
2579
2580
2579
2580
2579
2579
2578
2578
2580
2580
2580
2578
2579
2579
2576
2577
2581
2579
2579
2575
2574
2579
2578
2576
2577
2577
2575
2576
2571
2572
2576
2576
2575
2576
2575
2575
2576
2575
2575
2573
2574
2573
2572
2573
2573
2573
2568
2571
2571
2576
2576
2576
2575
2569
2571
2571
2573
2572
2568
2570
2576
2575
2575
2573
2574
2574
2574
2569
2570
2575
2576
2574
2573
2574
2575
2574
2575
2573
2573
2571
2572
2575
2574
2570
2571
2575
2573
2572
2572
2572
2572
2571
2572
2571
2573
2573
2572
2573
2571
2564
2565
2567
2571
2570
2570
2569
2570
2571
2567
2569
2568
2572
2571
2571
2571
2570
2571
2570
2571
2571
2571
2572
2571
2572
2572
2571
2571
2570
2568
2565
2566
2569
2570
2569
2565
2566
2570
2570
2570
2574
2573
2569
2570
2576
2577
2580
2583
2583
2582
2586
2592
2597
2594
2597
2605
2610
2615
2614
2619
2627
2630
2635
2639
2642
2647
2651
2655
2660
2664
2669
2672
2676
2680
2684
2688
2687
2691
2700
2703
2705
2708
2711
2712
2716
2719
2721
2723
2721
2722
2728
2729
2725
2726
2728
