4383
4377
4379
4381
4383
4381
4380
4378
4376
4371
4365
4363
4360
4361
4358
4354
4349
4342
4341
4336
4330
4328
4320
4315
4318
4313
4308
4298
4295
4296
4291
4285
4282
4277
4275
4270
4263
4259
4262
4256
4253
4248
4244
4243
4238
4232
4230
4233
4228
4227
4218
4216
4218
4214
4211
4207
4206
4202
4198
4198
4193
4190
4187
4192
4190
4186
4184
4183
4182
4177
4177
4173
4172
4167
4166
4164
4161
4161
4159
4157
4155
4153
4154
4153
4147
4146
4151
4148
4145
4141
4141
4143
4141
4134
4135
4135
4134
4132
4131
4130
4130
4129
4123
4121
4123
4125
4124
4117
4116
4121
4118
4116
4115
4111
4110
4111
4111
4111
4110
4107
4106
4108
4106
4101
4100
4104
4105
4105
4106
4105
4104
4103
4096
4099
4098
4100
4097
4098
4095
4097
4097
4093
4088
4088
4093
4092
4085
4086
4090
4091
4092
4092
4092
4092
4091
4091
4094
4094
4093
4094
4089
4089
4096
4095
4096
4094
4095
4096
4096
4095
4094
4094
4092
4091
4092
4093
4089
4092
4097
4094
4094
4088
4087
4091
4089
4089
4089
4087
4088
4086
4082
4081
4087
4085
4085
4085
4085
4085
4083
4084
4083
4081
4080
4077
4074
4073
4076
4074
4067
4067
4069
4073
4073
4067
4069
4074
4071
4068
4069
4068
4069
4067
4060
4060
4065
4063
4063
4062
4062
4062
4062
4061
4061
4059
4059
4059
4058
4057
4058
4057
4055
4053
4053
4058
4058
4057
4055
4049
4052
4051
4054
4053
4053
4052
4048
4046
4047
4051
4051
4052
4051
4046
4049
4050
4053
4051
4049
4051
4051
4053
4052
4052
4051
4047
4048
4054
4054
4052
4052
4052
4053
4054
4054
4055
4056
4058
4060
4061
4059
4060
4059
4060
4061
4063
4062
4062
4065
4068
4069
4069
4062
4065
4066
4069
4068
4063
4068
4076
4075
4070
4070
4071
4076
4073
4065
4067
4072
4071
4070
4065
4065
4070
4070
4070
4070
4070
4072
4074
4076
4080
4074
4080
4087
4087
4087
4081
4084
4090
4089
4083
4084
4085
4090
4092
4091
4089
4090
4092
4095
4095
4095
4096
4096
4097
4097
4096
4098
4098
4099
4101
4103
4105
4106
4108
4110
4111
4114
4115
4117
4114
4117
4119
4123
4127
4125
4127
4135
4137
4139
4142
4145
4142
4144
4151
4153
4154
4155
4157
4152
4155
4164
4164
4165
4167
4170
4173
4174
4176
4181
4183
4185
4185
4190
4193
4200
4205
4206
4213
4222
4224
4229
4234
4238
4240
4246
4249
4252
4256
4260
4265
4266
4268
4278
4281
4281
4287
4291
4295
4299
4300
4306
4318
4320
4323
4327
4333
4344
4348
4353
4359
4366
4370
4378
4386
4391
4394
4402
4412
4421
4430
4434
4441
4453
4460
4465
4473
4479
4486
4492
4495
4502
4515
4522
4530
4538
4545
4552
4561
4567
4576
4585
4595
4603
4610
4617
4626
4638
4648
4655
4663
4673
4683
4689
4697
4703
4713
4724
4739
4748
4759
4769
4774
4787
4801
4812
4824
4834
4846
4858
4869
4882
4890
4904
4913
4925
4942
4953
4960
4975
4990
5006
5013
5019
5032
5047
5056
5064
5073
5083
5091
5101
5109
5120
5126
5138
5148
5165
5177
5186
5200
5219
5231
5244
5254
5266
5280
5292
5305
5319
5330
5342
5358
5376
5389
5400
5414
5422
5432
5444
5455
5469
5479
5489
5503
5517
5531
5546
5560
5573
5587
5602
5614
5623
5638
5654
5677
5688
5699
5719
5740
5756
5771
5783
5797
5816
5827
5837
5849
5860
5866
5878
5894
5903
5916
5927
5933
5947
5958
5974
5982
5993
6004
6018
6030
6041
6053
6067
6082
6098
6112
6128
6145
6161
6174
6186
6203
6225
6243
6259
6274
6289
6306
6322
6337
6353
6372
6389
6410
6421
6436
6458
6468
6485
6500
6512
6530
6546
6556
6573
6599
6611
6620
6635
6649
6670
6686
6690
6707
6726
6735
6751
6760
6770
6783
6797
6806
6820
6830
6845
6858
6864
6881
6900
6908
6922
6935
6949
6965
6977
6981
6999
7015
7022
7032
7040
7048
7056
7068
7086
7091
7102
7113
7119
7131
7141
7151
7156
7162
7165
7168
7171
7174
7179
7182
7195
7204
7213
7222
7231
7251
7258
7266
7277
7283
7299
7306
7318
7332
7336
7350
7371
7387
7400
7415
7429
7443
7458
7470
7482
7500
7511
7525
7532
7548
7566
7578
7588
7594
7608
7625
7630
7638
7649
7657
7660
7670
7679
7681
7685
7697
7696
7710
7720
7733
7740
7753
7760
7767
7780
7793
7807
7818
7825
7834
7845
7852
7858
7866
7872
7869
7874
7885
7886
7892
7896
7901
7905
7912
7915
7917
7926
7929
7935
7947
7954
7966
7976
7989
8001
8008
8018
8030
8043
8053
8062
8072
8079
8089
8102
8117
8127
8129
8140
8157
8159
8168
8176
8188
8201
8211
8214
8227
8240
8250
8258
8267
8273
8272
8280
8294
8295
8297
8298
8297
8297
8296
8295
8295
8295
8290
8285
8280
8277
8269
8262
8255
8247
8240
8231
8227
8232
8231
8225
8226
8226
8231
8225
8217
8216
8225
8221
8222
8228
8230
8235
8240
8246
8247
8251
8255
8261
8263
8270
8276
8282
8286
8293
8298
8301
8301
8304
8305
8305
8311
8313
8315
8320
8318
8321
8331
8333
8329
8329
8331
8337
8338
8337
8344
8354
8354
8349
8346
8347
8337
8335
8336
8324
8317
8311
8305
8303
8298
8297
8295
8291
8289
8289
8288
8290
8302
8302
8307
8311
8319
8325
8332
8335
8341
8356
8360
8362
8369
8372
8377
8378
8374
8379
8387
8388
8387
8390
8392
8395
8399
8397
8402
8408
8416
8419
8424
8423
8422
8420
8414
8407
8409
8411
8411
8411
8414
8415
8414
8422
8429
8430
8429
8427
8418
8414
8415
8416
8414
8414
8415
8408
8409
8415
8418
8415
8413
8413
8408
8403
8404
8398
8399
8399
8395
8392
8387
8385
8383
8377
8374
8363
8358
8348
8331
8324
8317
8309
8291
8286
8277
8267
8259
8246
8238
8232
8225
8216
8199
8193
8185
8177
8164
8150
8142
8136
8125
8115
8109
8102
8096
8093
8092
8091
8084
8092
8098
8101
8104
8110
8112
8120
8122
8122
8125
8126
8128
8130
8127
8134
8133
8133
8137
8137
8142
8150
8151
8150
8156
8163
8167
8166
8163
8166
8173
8175
8179
8177
8181
