3604
3603
3602
3595
3597
3597
3597
3593
3591
3589
3585
3584
3577
3573
3578
3571
3570
3566
3562
3559
3555
3549
3546
3550
3546
3542
3538
3533
3538
3533
3531
3528
3524
3523
3522
3517
3517
3512
3510
3511
3510
3507
3498
3497
3499
3496
3494
3489
3490
3485
3484
3480
3477
3476
3474
3472
3471
3467
3466
3463
3460
3458
3455
3452
3452
3448
3447
3441
3439
3444
3440
3436
3436
3434
3434
3431
3425
3427
3424
3427
3424
3419
3417
3422
3420
3418
3418
3416
3416
3416
3416
3414
3409
3411
3411
3412
3412
3411
3410
3400
3403
3403
3405
3404
3404
3402
3403
3401
3400
3398
3397
3401
3400
3400
3400
3396
3396
3398
3401
3399
3399
3399
3398
3400
3399
3396
3397
3396
3395
3396
3395
3393
3394
3393
3394
3394
3392
3392
3389
3387
3388
3392
3390
3385
3384
3390
3388
3388
3389
3388
3384
3381
3385
3386
3384
3384
3381
3378
3376
3379
3378
3378
3375
3375
3375
3373
3371
3372
3366
3368
3369
3371
3369
3371
3370
3369
3370
3367
3370
3371
3369
3370
3372
3372
3373
3374
3373
3368
3371
3375
3373
3371
3370
3371
3370
3371
3368
3366
3372
3371
3368
3365
3365
3371
3368
3363
3362
3369
3365
3366
3364
3363
3362
3361
3362
3361
3360
3357
3356
3363
3361
3362
3360
3359
3358
3358
3357
3358
3358
3359
3357
3357
3359
3358
3357
3354
3355
3361
3358
3361
3357
3359
3357
3356
3357
3355
3355
3357
3356
3357
3356
3353
3355
3358
3356
3357
3353
3353
3358
3356
3350
3353
3352
3354
3354
3354
3352
3353
3350
3350
3351
3349
3348
3351
3348
3347
3354
3353
3353
3356
3356
3355
3357
3357
3358
3360
3360
3361
3360
3360
3354
3356
3357
3358
3357
3352
3353
3358
3357
3355
3355
3355
3349
3351
3356
3353
3348
3351
3350
3353
3353
3352
3351
3353
3353
3350
3351
3351
3357
3358
3358
3357
3358
3360
3358
3360
3361
3361
3360
3356
3360
3361
3366
3366
3362
3365
3369
3368
3369
3369
3367
3369
3368
3366
3368
3367
3367
3368
3367
3367
3367
3367
3368
3369
3369
3367
3371
3376
3374
3376
3377
3376
3374
3376
3381
3381
3376
3379
3387
3385
3388
3389
3389
3391
3393
3395
3393
3396
3394
3398
3403
3403
3401
3402
3407
3411
3411
3409
3413
3416
3419
3423
3424
3425
3422
3427
3432
3434
3437
3439
3440
3442
3445
3445
3448
3451
3453
3454
3457
3460
3460
3463
3465
3467
3469
3472
3474
3478
3481
3483
3484
3489
3490
3494
3497
3499
3497
3501
3510
3507
3511
3516
3517
3522
3526
3524
3528
3537
3540
3542
3543
3547
3556
3560
3557
3562
3568
3576
3578
3583
3586
3589
3595
3600
3604
3607
3611
3617
3622
3628
3626
3632
3640
3648
3654
3655
3660
3670
3675
3678
3685
3689
3695
3702
3700
3708
3717
3723
3730
3734
3739
3747
3750
3757
3764
3768
3775
3780
3785
3793
3799
3805
3813
3819
3826
3829
3837
3850
3854
3861
3867
3873
3879
3884
3889
3896
3902
3908
3916
3920
3929
3935
3943
3946
3953
3964
3974
3980
3982
3990
4002
4010
4013
4020
4029
4041
4052
4062
4069
4081
4091
4097
4104
4112
4126
4131
4132
4142
4147
4161
4167
4174
4184
4185
4196
4207
4215
4226
4231
4243
4252
4260
4263
4275
4283
4298
4308
4316
4327
4336
4347
4357
4366
4376
4388
4397
4407
4419
4429
4440
4453
4463
4476
4486
4497
4508
4519
4532
4536
4550
4562
4573
4577
4589
4600
4615
4620
4630
4637
4647
4654
4663
4672
4681
4685
4697
4713
4721
4733
4741
4756
4762
4772
4786
4793
4802
4806
4815
4815
4822
4836
4840
4850
4858
4869
4875
4885
4888
4901
4913
4924
4930
4942
4950
4959
4966
4977
4984
4993
5003
5014
5023
5034
5042
5051
5072
5081
5092
5103
5114
5124
5138
5142
5157
5174
5186
5195
5202
5212
5229
5235
5242
5248
5257
5262
5266
5268
5273
5286
5290
5295
5300
5308
5315
5325
5333
5342
5340
5352
5362
5374
5382
5385
5395
5410
5416
5425
5433
5440
5451
5458
5469
5479
5489
5498
5509
5516
5523
5529
5537
5538
5551
5562
5579
5585
5589
5597
5611
5618
5623
5625
5630
5646
5649
5658
5662
5670
5678
5688
5696
5704
5714
5723
5728
5740
5750
5766
5774
5779
5791
5795
5804
5808
5816
5822
5830
5836
5845
5852
5863
5871
5880
5886
5896
5898
5905
5917
5921
5925
5924
5928
5939
5944
5942
5951
5958
5972
5973
5982
5988
5994
6002
6003
6008
6010
6019
6015
6016
6017
6017
6018
6022
6026
6028
6037
6038
6045
6048
6054
6056
6062
6064
6066
6060
6065
6068
6072
6071
6066
6070
6077
6079
6074
6081
6086
6100
6102
6108
6113
6124
6131
6142
6142
6152
6164
6173
6181
6189
6193
6201
6213
6217
6229
6237
6244
6253
6260
6272
6278
6288
6295
6305
6302
6317
6321
6335
6341
6341
6349
6361
6365
6367
6370
6375
6376
6380
6382
6382
6388
6390
6394
6390
6399
6409
6412
6408
6416
6423
6432
6436
6442
6448
6453
6459
6464
6468
6472
6478
6481
6497
6497
6496
6501
6507
6514
6520
6524
6525
6519
6525
6527
6536
6535
6539
6538
6541
6540
6545
6543
6545
6546
6548
6544
6547
6554
6556
6556
6553
6557
6567
6565
6569
6571
6574
6573
6578
6573
6579
6583
6584
6582
6586
6584
6587
6585
6589
6588
6585
6588
6592
6598
6598
6599
6600
6603
6605
6604
6604
6606
6605
6609
6601
6608
6610
6612
6610
6613
6611
6612
6613
6612
6610
6605
6603
6596
6589
6590
6597
6592
6592
6584
6583
6576
6574
6564
6563
6560
6559
6550
6549
6540
6533
6527
6515
6511
6508
6510
6502
6499
6492
6483
6479
6476
6478
6472
6472
6468
6463
6460
6455
6451
6446
6436
6437
6438
6432
6429
6428
6424
6418
6416
6422
6417
6413
6411
6407
6405
6401
6395
6393
6401
6396
6394
6391
6391
6386
6386
6385
6382
6386
6386
6388
6379
6382
6385
6384
6378
6381
6380
6385
6382
6378
6376
6383
6379
6376
6375
6373
6380
6375
6376
6372
6366
6364
6363
6367
6365
6364
6363
6365
6363
6363
6361
6360
6355
6354
6361
6357
6357
6357
6356
6350
6350
6360
6354
6357
6358
6356
6356
6359
6354
6355
6352
6354
6350
6350
6350
6342
6344
6333
6333
6334
6334
6331
6321
6323
6324
6321
6311
6312
6312
6317
6316
6308
6308
6312
6309
6307
6307
6307
6299
6299
6304
6299
6297
6294
6294
6289
6288
6286
6283
6279
6281
6277
6272
6269
6276
6272
6269
6267
6265
6260
6258
6261
6257
6253
6249
6250
6245
6243
6237
6238
6239
6238
6229
6228
6232
6233
6230
6225
6222
6229
6226
6222
6221
6217
6218
6213
6212
6209
6203
6203
6197
6205
6199
6198
6195
6194
6193
6189
6189
6185
6178
6175
6183
6174
6173
6165
6163
6153
6151
6154
6147
6144
6138
6138
6137
6133
6132
6129
6121
6123
6124
6129
6126
6119
6118
6124
6119
6115
6105
6103
6096
6093
6086
6080
6077
6068
6062
6056
6051
6045
6042
6036
6031
6027
6021
6019
6013
6011
5999
6000
5999
5999
5996
5992
5991
5987
5983
5976
5968
5969
5971
5965
5965
5958
5956
5951
5945
5942
5937
5930
5929
5931
5927
5922
5917
5915
5911
5908
5901
5901
5890
5884
5882
5881
5879
5867
5866
5868
5866
5859
5852
5849
5850
5847
5842
5842
5839
5833
5828
5834
5828
5826
5825
5821
5818
5813
5807
5805
5798
5793
5785
5781
5776
5773
5767
5767
5759
5752
5748
5748
5751
5746
5737
5733
5738
5732
5729
5726
5721
5719
5712
5713
5705
5702
5699
5696
5689
5687
5676
5676
5681
5673
5670
5664
5661
5648
5646
5647
5641
5636
5630
5627
5621
5621
5614
5613
5608
5607
5604
5604
5600
5601
5599
5593
5595
5595
5602
5600
5598
5597
5591
5590
5592
5593
5592
5589
5588
5576
5577
5582
5575
5570
5568
5564
5561
5555
5552
5544
5541
5534
5529
5524
5517
5512
5507
5501
5492
5490
5479
5475
5477
5473
5463
5457
5454
5456
5448
5445
5439
5432
5427
5424
5427
5421
5420
5415
5408
5408
5408
5410
5405
5405
5402
5400
5397
5394
5393
5388
5387
5381
5378
5373
5367
5364
5359
5355
5348
5340
5334
5338
5330
5328
5321
5319
5307
5307
5306
5304
5299
5294
5292
5277
5276
5278
5271
5261
5257
5251
5250
5244
5240
5233
5228
5225
5218
5214
5208
5201
5200
5194
5189
5183
5180
5178
5172
5170
5167
5165
5162
5160
5158
5153
5151
5155
5153
5143
5146
5146
5147
5142
5133
5131
5135
5129
5125
5121
5121
5111
5111
5113
5111
5108
5105
5104
5100
5101
5097
5096
5095
5092
5092
5089
5088
5088
5083
5085
5082
5080
5078
5073
5073
5069
5062
5063
5067
5063
5060
5052
5054
5052
5049
5048
5047
5045
5041
5039
5029
5031
5033
5030
5027
5022
5021
5016
5015
5006
5004
5005
5003
4999
4994
4991
4985
4986
4981
4980
4973
4974
4971
4965
4963
4970
4964
4963
4961
4956
4951
4947
4951
4946
4938
4937
4933
4931
4927
4918
4912
4916
4910
4905
4901
4898
4887
4882
4886
4881
4878
4872
4871
4866
4865
4860
4858
4853
4851
4847
4845
4841
4840
4835
4827
4826
4825
4827
4821
4820
4815
4815
4812
4807
4803
4806
4807
4807
4799
4799
4800
4799
4794
4787
4783
4787
4781
4780
4776
4773
4769
4765
4762
4758
4755
4749
4748
4744
4740
4732
4730
4731
4728
4724
4722
4717
4713
4710
4706
4705
4693
4695
4694
4693
4686
4685
4678
4674
4670
4660
4659
4655
4656
4653
4650
4646
4644
4643
4639
4631
4632
4634
4632
4628
4624
4622
4616
4616
4617
4613
4612
4611
4607
4607
4601
4601
4596
4598
4592
4590
4589
4586
4580
4577
4583
4579
4577
4575
4570
4567
4566
4568
4567
4563
4562
4553
4554
4553
4554
4554
4549
4549
4548
4546
4542
4537
4535
4541
4536
4534
4532
4530
4527
4526
4521
4520
4519
4515
4514
4513
4509
4503
4504
4502
4500
4497
4494
4491
4484
4484
4486
4488
4484
4482
4481
4480
4482
4474
4475
4477
4477
4471
4469
4464
4460
4457
4455
4451
4446
4447
4442
4440
4437
4436
4433
4431
4429
4424
4423
4420
4425
4421
4421
4419
4418
4417
4413
4414
4410
4405
4403
4409
4403
4402
4394
4393
4393
4391
4389
4386
4383
4381
4379
4372
4370
4375
4371
4365
4364
4365
4366
4366
4363
4363
4353
4356
4354
4361
4358
4356
4357
4354
4353
4350
4351
4348
4349
4348
4341
4340
4347
4344
4341
4335
4338
4340
4338
4336
4335
4336
4333
4334
4334
4334
4332
4332
4329
4329
4328
4327
4325
4318
4319
4322
4320
4317
4314
4315
4311
4309
4300
4302
4300
4304
4303
4301
4300
4291
4293
4293
4292
4290
4288
4289
4285
4284
4283
4279
4279
4274
4273
4269
4267
4257
4259
4255
4258
4255
4252
4250
4240
4242
4242
4244
4243
4234
4235
4238
4236
4233
4231
4230
4225
4223
4223
4222
4214
4213
4213
4216
4214
4214
4212
4210
4211
4210
4212
4212
4211
4211
4209
4207
4197
4197
4194
4197
4194
4187
4187
4189
4188
4185
4180
4182
4186
4185
4184
4183
4184
4182
4178
4178
4172
4171
4168
4165
4165
4161
4155
4154
4156
4153
4151
4149
4146
4144
4144
4140
4138
4138
4137
4136
4132
4132
4129
4129
4123
4120
4125
4123
4121
4115
4115
4118
4118
4114
4114
4112
4107
4106
4110
4105
4103
4101
4100
4099
4097
4092
4092
4097
4095
4094
4091
4089
4085
4084
4088
4088
4077
4080
4078
4082
4081
4080
4078
4079
4074
4075
4072
4071
4073
4072
4073
4071
4071
4071
4067
4068
4066
4063
4063
4057
4057
4056
4052
4053
4044
4044
4049
4043
4040
4033
4035
4036
4036
4033
4030
4030
4027
4028
4025
4024
4022
4021
4015
4016
4016
4019
4019
4010
4012
4015
4013
4011
4012
4008
4008
4007
4005
4004
4003
4002
4000
4000
3999
3999
3999
3992
3993
3994
3997
3999
3990
3991
3997
3995
3993
3990
3993
3995
3995
3995
3994
3993
3993
3989
3990
3990
3981
3983
3986
3985
3983
3979
3978
3971
3971
3976
3971
3970
3968
3961
3964
3959
3957
3958
3951
3953
3950
3955
3952
3944
3944
3950
3946
3943
3945
3941
3942
3940
3937
3936
3937
3934
3934
3926
3929
3931
3930
3926
3927
3926
3920
3921
3923
3924
3923
3920
3920
3917
3917
3917
3915
3916
3914
3913
3910
3908
3914
3912
3911
3910
3909
3907
3910
3908
3907
3908
3905
3900
3902
3903
3906
3903
3904
3900
3901
3900
3895
3895
3892
3897
3894
3893
3894
3891
3891
3889
3886
3884
3887
3884
3884
3885
3882
3878
3876
3878
3879
3870
3873
3874
3876
3874
3873
3873
3871
3872
3869
3869
3866
3866
3864
3864
3864
3861
3862
3861
3861
3860
3859
3856
3859
3857
3856
3852
3853
3857
3856
3855
3851
3853
3852
3851
3849
3849
3840
3843
3848
3846
3843
3839
3838
3844
3841
3835
3835
3837
3839
3838
3831
3833
3835
3835
3831
3833
3829
3829
3828
3829
3828
3826
3826
3826
3823
3822
3827
3825
3823
3825
3821
3824
3823
3821
3822
3815
3817
3821
3819
3817
3812
3812
3815
3813
3812
3811
3812
3810
3810
3805
3805
3810
3809
3808
3804
3805
3804
3803
3802
3801
3800
3799
3796
3798
3796
3794
3793
3793
3791
3791
3788
3789
3786
3788
3781
3785
3784
3786
3783
3781
3779
3784
3782
3782
3779
3780
3774
3773
3779
3777
3777
3774
3775
3775
3777
3772
3773
3780
3778
3778
3778
3776
3777
3774
3770
3769
3774
3771
3768
3767
3765
3766
3763
3765
3761
3760
3754
3753
3756
3754
3754
3751
3752
3749
3750
3747
3747
3746
3746
3743
3742
3738
3739
3735
3736
3736
3730
3729
3730
3733
3731
3727
3724
3733
3729
3728
3724
3724
3731
3725
3726
3726
3725
3726
3726
3719
3721
3724
3727
3723
3724
3723
3721
3722
3719
3721
3719
3720
3716
3716
3715
3720
3716
3717
3716
3709
3712
3710
3716
3713
3709
3709
3716
3713
3713
3712
3711
3712
3710
3710
3709
3711
3709
3711
3705
3707
3712
3711
3710
3709
3710
3708
3708
3707
3708
3707
3705
3705
3699
3698
3704
3700
3701
3698
3694
3691
3690
3696
3694
3688
3687
3693
3689
3689
3689
3685
3686
3684
3686
3683
3681
3682
3682
3676
3676
3684
3680
3679
3679
3677
3672
3671
3675
3675
3673
3671
3673
3670
3669
3665
3664
3672
3671
3672
3673
3670
3671
3672
3671
3673
3667
3668
3667
3669
3668
3667
3663
3659
3658
3658
3662
3662
3663
3663
3657
3659
3659
3662
3665
3662
3663
3661
3661
3662
3659
3660
3661
3659
3660
3659
3657
3657
3655
3651
3652
3654
3655
3649
3650
3648
3652
3650
3646
3645
3649
3645
3640
3638
3634
3640
3636
3634
3634
3628
3627
3628
3632
3634
3635
3633
3633
3630
3629
3630
3628
3627
3626
3623
3625
3622
3621
3623
3623
3622
3623
3623
3621
3622
3621
3620
3621
3618
3617
3612
3612
3614
3616
3616
3610
3610
3617
3615
3611
3610
3610
3614
3613
3612
3612
3611
3612
3609
3610
3608
3606
3609
3606
3605
3607
3605
3604
3601
3601
3607
3607
3605
3606
3607
3606
3607
3600
3601
3606
3602
3603
3598
3597
3603
3599
3599
3599
3597
3598
3596
3593
3593
3598
3599
3598
3597
3599
3597
3597
3595
3597
3597
3594
3595
3595
3594
3593
3593
3591
3591
3591
3586
3586
3592
3588
3582
3583
3586
3588
3587
3585
3584
3580
3576
3584
3584
3582
3581
3581
3575
3576
3581
3579
3579
3577
3578
3576
3577
3575
3575
3574
3571
3572
3578
3577
3579
3581
3581
3583
3584
3584
3584
3582
3582
3578
3577
3578
3583
3580
3575
3576
3578
3577
3575
3575
3576
3578
3576
3572
3574
3578
3577
3576
3575
3572
3572
3569
3570
3568
3569
3567
3565
3563
3564
3562
3562
3558
3557
3556
3561
3559
3559
3560
3552
3555
3555
3560
3558
3556
3554
3563
3560
3559
3553
3555
3557
3555
3553
3551
3554
3553
3554
3552
3551
3551
3551
3552
3553
3554
3554
3555
3554
3553
3554
3554
3555
3556
3557
3559
3559
3552
3556
3556
3559
3557
3552
3552
3554
3554
3551
3552
3549
3547
3548
3545
3546
3545
3543
3545
3539
3539
3542
3540
3534
3533
3535
3534
3533
3531
3531
3529
3528
3522
3522
3522
3525
3526
3523
3524
3521
3522
3523
3520
3521
3521
3520
3520
3519
3516
3514
3515
3519
3516
3520
3519
3521
3525
3525
3523
3525
3530
3529
3527
3528
3526
3527
3528
3519
3522
3525
3524
3521
3520
3520
3513
3515
3517
3518
3515
3513
3513
3508
3511
3515
3515
3516
3513
3514
3513
3514
3516
3516
3516
3515
3515
3515
3514
3512
3510
3516
3515
3511
3512
3510
3504
3506
3509
3508
3507
3507
3503
3503
3502
3497
3497
3502
3501
3496
3496
3494
3499
3499
3492
3495
3499
3496
3498
3495
3497
3497
3500
3499
3497
3499
3497
3498
3492
3494
3502
3497
3498
3496
3496
3496
3493
3492
3492
3489
3491
3489
3485
3487
3491
3491
3491
3491
3490
3492
3493
3488
3491
3496
3495
3495
3493
3493
3493
3491
3488
3486
3492
3489
3486
3487
3485
3485
3486
3480
3484
3483
3490
3490
3490
3492
3492
3494
3494
3495
3495
3500
3500
3499
3498
3491
3491
3490
3492
3492
3489
3490
3489
3489
3489
3487
3489
3488
3486
3485
3483
3480
3476
3476
3480
3480
3479
3481
3477
3476
3478
3482
3479
3479
3479
3473
3475
3473
3478
3476
3472
3471
3475
3474
3468
3466
3467
3468
3466
3466
3465
3465
3463
3464
3463
3463
3462
3461
3465
3464
3465
3467
3466
3466
3468
3468
3469
3465
3465
3466
3468
3469
3462
3463
3465
3463
3465
3463
3463
3462
3463
3461
3460
3460
3459
3456
3457
3456
3450
3453
3454
3457
3456
3454
3455
3454
3455
3452
3452
3453
3448
3448
3455
3451
3454
3456
3455
3457
3457
3451
3453
3455
3454
3454
3452
3453
3448
3447
3453
3451
3451
3451
3449
3448
3450
3448
3448
3448
3448
3447
3445
3446
3443
3443
3440
3441
3445
3447
3445
3447
3448
3443
3445
3449
3450
3450
3448
3450
3444
3446
3448
3448
3447
3448
3445
3447
3446
3445
3447
3443
3440
3443
3446
3446
3441
3441
3448
3447
3445
3445
3444
3440
3442
3446
3447
3446
3444
3445
3443
3443
3443
3444
3440
3440
3441
3439
3441
3436
3434
3441
3439
3438
3441
3438
3441
3440
3440
3441
3441
3440
3440
3440
3438
3436
3437
3436
3435
3435
3429
3430
3434
3432
3433
3431
3431
3424
3425
3431
3428
3425
3426
3428
3432
3432
3436
3440
3435
3440
3440
3444
3443
3438
3438
3441
3439
3437
3436
3435
3439
3437
3437
3435
3433
3433
3432
3432
3431
3432
3431
3431
3431
3430
3429
3431
3431
3430
3432
3432
3428
3429
3428
3435
3433
3433
3434
3432
3434
3435
3429
3431
3433
3433
3428
3427
3431
3431
3428
3424
3422
3428
3426
3423
3423
3422
3422
3422
3416
3417
3422
3420
3420
3421
3422
3422
3422
3423
3421
3418
3419
3417
3423
3422
3418
3419
3418
3416
3417
3412
3411
3413
3413
3410
3409
3408
3406
3407
3405
3405
3405
3404
3403
3404
3404
3399
3400
3405
3406
3404
3405
3407
3406
3406
3407
3408
3402
3404
3402
3405
3406
3401
3399
3401
3402
3403
3399
3402
3396
3396
3399
3400
3398
3397
3396
3395
3395
3396
3393
3392
3394
3393
3392
3393
3392
3390
3392
3393
3394
3393
3395
3394
3395
3400
3399
3400
3399
3397
3397
3398
3393
3393
3397
3396
3395
3394
3394
3396
3395
3389
3389
3393
3394
3392
3392
3392
3387
3386
3393
3392
3393
3392
3394
3393
3390
3391
3391
3393
3388
3389
3396
3394
3392
3394
3395
3393
3393
3390
3392
3394
3392
3393
3393
3391
3390
3391
3391
3390
3386
3389
3389
3392
3392
3391
3389
3388
3389
3387
3386
3386
3382
3383
3386
3385
3379
3380
3380
3385
3384
3383
3382
3382
3382
3382
3377
3377
3383
3382
3377
3377
3380
3383
3382
3379
3381
3381
3381
3376
3377
3379
3383
3382
3382
3384
3383
3382
3382
3383
3382
3382
3382
3383
3383
3383
3381
3382
3382
3381
3374
3376
3382
3381
3379
3380
3380
3379
3378
3378
3378
3376
3374
3373
3375
3376
3376
3375
3373
3373
3371
3375
3375
3370
3370
3376
3375
3373
3370
3370
3374
3373
3369
3370
3369
3372
3372
3366
3367
3372
3370
3366
3367
3366
3371
3371
3371
3369
3369
3370
3367
3366
3368
3367
3364
3366
3365
3363
3365
3365
3360
3361
3367
3366
3362
3363
3362
3365
3365
3365
3365
3364
3364
3366
3360
3361
3366
3363
3363
3364
3364
3362
3363
3358
3357
3363
3362
3360
3363
3363
3358
3359
3365
3363
3360
3361
3362
3360
3360
3357
3359
3363
3361
3362
3361
3360
3360
3360
3361
3360
3357
3357
3357
3361
3363
3360
3360
3361
3361
3358
3354
3355
3359
3357
3358
3356
3357
3357
3356
3356
3356
3351
3353
3357
3357
3356
3355
3357
3354
3353
3359
3361
3361
3359
3361
3362
3360
3356
3359
3361
3364
3364
3366
3366
3366
3363
3364
3365
3363
3362
3361
3360
3360
3360
3360
3358
3355
3355
3359
3356
3352
3352
3352
3355
3354
3356
3356
3355
3356
3353
3352
3354
3357
3358
3354
3353
3360
3358
3357
3359
3357
3356
3356
3348
3349
3349
3352
3353
3353
3352
3352
3352
3352
3353
3350
3351
3349
3350
3349
3351
3353
3352
3351
3350
3351
3350
3351
3352
3350
3346
3347
3349
3350
3349
3348
3347
3346
3346
3347
3347
3347
3349
3351
3357
3358
3356
3360
3367
3371
3370
3374
3379
3387
3393
3392
3399
3410
3413
3418
3421
3428
3438
3442
3450
3454
3461
3467
3474
3475
3483
3495
3498
3505
3510
3514
3522
3526
3531
3537
3541
3546
3552
3555
3559
3563
3568
3570
3571
3571
3573
3573
3578
