3909
3906
3905
3905
3908
3905
3904
3902
3902
3898
3895
3893
3890
3887
3884
3883
3876
3872
3866
3863
3865
3862
3855
3853
3851
3846
3841
3835
3833
3833
3828
3823
3820
3818
3811
3806
3810
3808
3805
3803
3801
3795
3793
3795
3793
3792
3786
3782
3781
3777
3774
3773
3768
3766
3766
3765
3761
3760
3759
3756
3751
3744
3746
3744
3743
3741
3737
3735
3736
3735
3736
3732
3730
3730
3729
3725
3724
3724
3722
3722
3716
3715
3721
3719
3718
3717
3714
3714
3710
3710
3707
3701
3702
3703
3700
3701
3699
3695
3692
3692
3695
3693
3692
3690
3688
3688
3686
3685
3687
3686
3682
3682
3687
3684
3684
3684
3683
3683
3684
3680
3681
3687
3685
3679
3683
3683
3685
3687
3683
3682
3683
3682
3681
3682
3679
3679
3680
3678
3675
3675
3674
3672
3669
3669
3671
3671
3671
3667
3667
3665
3664
3668
3666
3663
3659
3660
3661
3660
3662
3663
3658
3660
3661
3661
3661
3659
3659
3660
3656
3659
3656
3656
3657
3658
3658
3657
3657
3657
3657
3651
3652
3656
3653
3649
3648
3649
3652
3649
3644
3646
3649
3647
3649
3650
3649
3655
3653
3653
3655
3647
3648
3650
3652
3649
3648
3650
3642
3643
3647
3646
3644
3644
3643
3644
3646
3646
3646
3646
3646
3646
3642
3640
3649
3647
3645
3645
3644
3648
3648
3645
3647
3641
3640
3640
3642
3641
3643
3640
3635
3637
3639
3640
3642
3640
3639
3641
3639
3637
3639
3636
3636
3636
3636
3637
3633
3633
3632
3632
3633
3631
3629
3626
3625
3625
3631
3629
3624
3626
3630
3629
3629
3627
3631
3629
3627
3628
3627
3626
3625
3626
3622
3622
3627
3627
3620
3621
3624
3626
3626
3623
3621
3628
3629
3626
3628
3628
3625
3628
3627
3626
3627
3627
3626
3626
3626
3626
3627
3626
3624
3627
3627
3625
3622
3623
3627
3627
3629
3628
3629
3624
3626
3631
3630
3628
3626
3627
3634
3633
3632
3633
3634
3632
3632
3629
3633
3636
3636
3638
3638
3637
3636
3636
3644
3645
3642
3644
3645
3644
3646
3646
3645
3646
3649
3647
3649
3650
3651
3653
3650
3651
3658
3659
3658
3661
3661
3658
3661
3667
3665
3665
3665
3666
3673
3672
3672
3676
3675
3676
3679
3679
3680
3679
3682
3688
3689
3692
3689
3691
3701
3700
3699
3704
3708
3710
3715
3716
3718
3719
3724
3732
3732
3735
3738
3740
3744
3746
3746
3752
3751
3754
3758
3758
3764
3765
3767
3771
3772
3776
3777
3781
3784
3786
3790
3794
3796
3800
3805
3806
3812
3810
3815
3819
3826
3829
3834
3841
3846
3851
3854
3857
3861
3871
3874
3878
3883
3881
3885
3891
3900
3903
3905
3912
3920
3924
3928
3929
3933
3944
3950
3954
3958
3966
3969
3974
3980
3988
3993
3997
4005
4012
4015
4023
4028
4032
4038
4046
4050
4056
4059
4064
4075
4081
4080
4088
4098
4105
4110
4113
4122
4132
4138
4146
4150
4158
4166
4171
4179
4188
4193
4200
4208
4213
4219
4232
4241
4244
4255
4266
4276
4285
4295
4301
4307
4317
4325
4334
4341
4346
4357
4373
4381
4388
4397
4407
4416
4424
4434
4446
4454
4462
4471
4480
4490
4504
4516
4522
4533
4551
4561
4573
4583
4595
4600
4612
4633
4641
4652
4662
4675
4687
4695
4703
4715
4726
4735
4746
4759
4769
4773
4784
4805
4815
4823
4832
4846
4862
4872
4886
4900
4911
4920
4933
4945
4957
4967
4978
4985
4999
5012
5029
5042
5055
5066
5077
5089
5099
5107
5120
5136
5142
5146
5157
5170
5182
5190
5200
5212
5216
5227
5241
5249
5263
5272
5281
5289
5300
5310
5317
5324
5335
5342
5349
5356
5366
5376
5384
5389
5400
5416
5428
5432
5445
5460
5472
5487
5500
5511
5522
5535
5549
5564
5574
5590
5607
5621
5635
5641
5659
5675
5691
5704
5711
5726
5746
5758
5771
5786
5795
5809
5824
5837
5848
5858
5870
5882
5896
5908
5913
5926
5944
5954
5968
5979
5989
6001
6008
6014
6028
6042
6055
6065
6069
6081
6099
6110
6112
6127
6136
6152
6161
6172
6182
6192
6204
6216
6226
6238
6247
6257
6261
6275
6287
6300
6310
6316
6325
6334
6339
6345
6351
6356
6362
6371
6381
6386
6388
6399
6406
6421
6426
6436
6443
6451
6459
6469
6476
6486
6488
6498
6514
6520
6522
6536
6545
6559
6567
6575
6580
6579
6590
6594
6610
6614
6615
6622
6633
6637
6638
6643
6645
6651
6656
6661
6669
6669
6680
6691
6703
6712
6722
6730
6739
6747
6757
6767
6778
6783
6791
6809
6817
6825
6830
6835
6842
6849
6855
6860
6866
6871
6877
6886
6893
6892
6898
6912
6917
6924
6923
6930
6944
6946
6953
6960
6969
6974
6980
6983
6991
6993
7002
7015
7019
7024
7030
7037
7039
7047
7059
7061
7062
7060
7066
7076
7080
7082
7083
7080
7083
7084
7089
7087
7089
7090
7090
7093
7093
7092
7089
7088
7090
7099
7100
7100
7103
7108
7112
7115
7112
7118
7128
7133
7143
7149
7154
7160
7166
7161
7172
7175
7188
7190
7190
7198
7210
7216
7217
7221
7224
7228
7230
7232
7233
7237
7237
7237
7236
7239
7235
7241
7248
7248
7253
7257
7256
7257
7260
7263
7265
7267
7272
7271
7276
7282
7287
7293
7291
7295
7301
7313
7317
7318
7322
7331
7333
7333
7335
7337
7334
7341
7340
7342
7345
7349
7352
7348
7351
7362
7362
7357
7357
7358
7363
7360
7350
7352
7355
7353
7354
7350
7351
7352
7346
7347
7345
7343
7334
7332
7337
7334
7331
7331
7328
7323
7323
7319
7316
7323
7324
7322
7323
7325
7325
7330
7326
7326
7335
7336
7337
7337
7340
7337
7340
7349
7348
7353
7355
7357
7356
7357
7359
7362
7364
7367
7370
7368
7369
7378
7379
7378
7377
7378
7379
7379
7375
7374
7375
7373
7365
7362
7362
7364
7361
7359
7359
7361
7361
7359
7357
7353
7343
7340
7342
7335
7327
7319
7314
7302
7303
7312
7307
7309
7309
7315
7319
7322
7317
7321
7334
7335
7337
7337
7334
7336
7332
7326
7331
7332
7334
7333
7329
7326
7321
7318
7307
7298
7290
7277
7269
7266
7251
7243
7236
7225
7214
7211
7215
7210
7199
7199
7196
7201
7194
7188
7183
7172
7169
7168
7164
7162
7158
7153
7152
7153
7154
7152
7151
7153
7154
7152
7152
7148
7151
7155
7161
7160
7158
7158
7159
7160
7154
7153
7156
7164
7161
7159
7157
7152
7156
7156
7159
7157
7158
7158
7149
7151
7150
7157
7155
7153
7147
7147
7147
7145
7143
7140
7140
7138
7135
7133
7133
7128
7125
7116
7115
7117
7116
7112
7108
7106
7099
7097
7100
7092
7087
7085
7080
7075
7069
7061
7058
7059
7053
7050
7046
7043
7035
7035
7039
7035
7023
7022
7021
7026
7024
7025
7025
7023
7023
7022
7019
7016
7013
7009
7003
6999
6995
6993
6986
6979
6975
6965
6961
6961
6953
6947
6930
6922
6919
6908
6903
6899
6892
6886
6880
6873
6871
6871
6867
6868
6867
6862
6860
6858
6855
6852
6842
6845
6843
6844
6840
6837
6831
6824
6820
6815
6805
6801
6795
6795
6788
6783
6776
6769
6760
6750
6739
6738
6729
6719
6712
6704
6700
6697
6687
6682
6684
6681
6672
6672
6671
6673
6670
6661
6660
6664
6659
6656
6650
6647
6643
6643
6633
6634
6634
6635
6632
6628
6623
6621
6617
6611
6607
6609
6605
6602
6598
6597
6595
6591
6587
6581
6578
6569
6566
6567
6562
6557
6550
6546
6550
6547
6544
6543
6534
6533
6531
6535
6532
6526
6526
6530
6524
6521
6519
6517
6515
6510
6497
6495
6492
6496
6490
6485
6478
6471
6467
6464
6456
6452
6445
6438
6432
6425
6413
6412
6408
6407
6400
6393
6389
6384
6377
6370
6366
6363
6360
6358
6349
6347
6348
6348
6345
6343
6338
6335
6335
6334
6331
6331
6328
6328
6327
6325
6324
6322
6323
6317
6313
6319
6317
6316
6314
6306
6303
6305
6308
6302
6295
6292
6295
6291
6290
6282
6276
6277
6274
6263
6261
6258
6256
6251
6250
6245
6240
6236
6230
6227
6223
6220
6213
6210
6207
6198
6197
6194
6195
6189
6183
6178
6175
6173
6166
6160
6155
6156
6152
6146
6140
6136
6130
6126
6124
6119
6116
6111
6106
6102
6095
6087
6081
6075
6069
6052
6046
6043
6043
6038
6028
6026
6017
6014
6016
6011
6008
6007
6003
5996
5992
5998
5996
5995
5992
5988
5982
5983
5988
5982
5978
5969
5969
5968
5961
5958
5954
5950
5942
5937
5925
5923
5927
5917
5911
5907
5904
5900
5892
5886
5882
5880
5876
5877
5871
5867
5863
5860
5857
5852
5846
5843
5837
5831
5822
5809
5802
5800
5793
5782
5772
5768
5756
5751
5753
5745
5739
5734
5731
5727
5722
5712
5710
5710
5707
5705
5696
5693
5698
5692
5681
5677
5673
5675
5672
5664
5661
5656
5652
5646
5643
5644
5642
5641
5632
5631
5632
5631
5629
5625
5621
5619
5618
5612
5609
5604
5600
5597
5586
5583
5586
5578
5573
5566
5563
5562
5559
5548
5545
5546
5544
5541
5535
5528
5525
5522
5519
5514
5513
5505
5504
5508
5506
5498
5500
5499
5501
5501
5499
5493
5493
5492
5486
5483
5479
5481
5479
5470
5470
5477
5473
5475
5472
5469
5467
5465
5464
5461
5460
5457
5455
5451
5444
5444
5442
5440
5436
5432
5426
5423
5425
5421
5414
5411
5408
5399
5397
5400
5392
5382
5381
5379
5382
5375
5371
5366
5362
5360
5358
5355
5351
5348
5346
5346
5343
5340
5338
5336
5333
5331
5324
5322
5328
5324
5318
5312
5308
5310
5308
5303
5299
5294
5290
5287
5280
5278
5283
5277
5268
5268
5267
5269
5267
5264
5260
5252
5251
5251
5251
5247
5243
5241
5238
5235
5231
5230
5229
5230
5227
5226
5226
5224
5221
5218
5218
5217
5216
5213
5210
5207
5205
5200
5200
5195
5192
5195
5191
5184
5183
5181
5182
5180
5173
5172
5175
5170
5170
5167
5160
5157
5154
5152
5148
5143
5139
5136
5126
5123
5125
5118
5117
5115
5113
5111
5109
5106
5102
5102
5097
5095
5092
5090
5089
5087
5077
5077
5076
5077
5073
5067
5066
5069
5066
5058
5053
5054
5059
5055
5052
5049
5049
5048
5047
5043
5041
5042
5036
5036
5032
5027
5024
5021
5020
5017
5012
5008
5006
5005
5000
4995
4993
4993
4989
4981
4979
4979
4981
4973
4964
4960
4967
4962
4959
4951
4947
4950
4948
4943
4939
4935
4934
4932
4929
4925
4919
4917
4920
4915
4911
4904
4904
4906
4900
4900
4897
4893
4890
4889
4888
4884
4883
4882
4878
4875
4872
4874
4872
4873
4870
4865
4864
4863
4862
4860
4856
4854
4853
4852
4850
4844
4840
4842
4840
4836
4837
4832
4829
4828
4823
4821
4825
4822
4821
4819
4815
4811
4811
4803
4803
4806
4801
4801
4794
4792
4794
4789
4786
4782
4781
4776
4772
4772
4772
4770
4765
4757
4759
4758
4761
4758
4755
4753
4754
4750
4747
4747
4744
4744
4742
4739
4738
4738
4738
4735
4732
4731
4726
4725
4731
4728
4725
4725
4723
4719
4720
4724
4719
4717
4712
4714
4716
4714
4711
4709
4707
4706
4703
4706
4702
4703
4701
4698
4696
4695
4693
4691
4690
4690
4689
4688
4687
4685
4684
4689
4686
4677
4677
4677
4678
4675
4670
4668
4660
4658
4663
4657
4655
4652
4650
4639
4637
4643
4641
4634
4630
4630
4626
4623
4621
4618
4617
4615
4611
4610
4608
4607
4604
4602
4600
4599
4592
4590
4593
4588
4585
4582
4582
4576
4575
4577
4574
4568
4570
4572
4570
4566
4563
4560
4558
4554
4553
4552
4552
4550
4547
4547
4545
4542
4540
4538
4533
4530
4532
4531
4524
4523
4524
4523
4523
4517
4517
4521
4519
4517
4515
4513
4512
4513
4510
4509
4508
4509
4504
4497
4497
4501
4496
4494
4493
4492
4487
4486
4483
4482
4481
4480
4477
4476
4476
4471
4470
4474
4470
4465
4466
4465
4469
4467
4460
4461
4465
4460
4454
4454
4451
4454
4449
4451
4448
4446
4447
4445
4438
4437
4441
4438
4436
4434
4433
4431
4428
4427
4427
4425
4424
4421
4417
4417
4417
4417
4409
4407
4413
4411
4410
4407
4405
4403
4403
4396
4397
4398
4402
4400
4394
4392
4395
4395
4393
4390
4387
4383
4381
4386
4381
4382
4380
4378
4376
4376
4371
4369
4374
4373
4373
4366
4366
4370
4368
4368
4366
4364
4363
4363
4356
4356
4360
4356
4357
4356
4354
4352
4350
4344
4346
4351
4344
4344
4342
4339
4334
4336
4340
4336
4334
4334
4332
4329
4329
4331
4328
4326
4324
4325
4323
4324
4316
4315
4320
4318
4315
4314
4311
4310
4309
4303
4302
4306
4306
4303
4303
4303
4303
4300
4292
4294
4294
4298
4294
4295
4294
4287
4287
4288
4293
4291
4287
4286
4284
4285
4282
4280
4278
4278
4276
4274
4275
4275
4272
4269
4269
4271
4266
4265
4268
4268
4266
4260
4260
4264
4264
4256
4255
4259
4259
4255
4254
4256
4253
4253
4247
4250
4251
4253
4250
4250
4250
4248
4248
4246
4249
4245
4247
4245
4244
4243
4241
4242
4241
4240
4240
4239
4239
4239
4238
4237
4237
4237
4235
4233
4227
4228
4228
4229
4227
4227
4224
4223
4224
4220
4218
4215
4221
4220
4213
4210
4216
4215
4214
4207
4206
4212
4212
4209
4206
4207
4204
4206
4209
4208
4207
4209
4206
4207
4206
4203
4203
4204
4202
4199
4197
4196
4194
4191
4184
4183
4191
4186
4185
4186
4183
4176
4177
4182
4179
4172
4171
4172
4176
4172
4173
4172
4170
4168
4166
4167
4166
4161
4160
4168
4165
4164
4159
4160
4164
4162
4162
4161
4161
4158
4156
4157
4158
4156
4155
4157
4156
4158
4160
4157
4152
4157
4164
4163
4160
4155
4156
4158
4153
4154
4150
4149
4147
4143
4140
4140
4147
4143
4141
4139
4137
4137
4136
4136
4134
4132
4131
4132
4132
4132
4131
4129
4130
4129
4127
4127
4126
4129
4130
4124
4125
4131
4130
4130
4125
4123
4127
4126
4122
4118
4117
4111
4111
4113
4110
4108
4108
4105
4103
4101
4100
4100
4100
4099
4097
4097
4097
4096
4094
4086
4085
4091
4087
4087
4082
4082
4087
4082
4079
4081
4083
4082
4080
4074
4076
4080
4080
4079
4079
4078
4077
4076
4076
4073
4073
4071
4071
4068
4068
4072
4070
4071
4069
4067
4067
4066
4066
4066
4061
4061
4065
4062
4060
4060
4058
4058
4058
4056
4056
4051
4047
4046
4051
4052
4051
4048
4045
4045
4047
4052
4052
4052
4050
4049
4049
4048
4047
4047
4046
4043
4045
4044
4041
4040
4039
4044
4045
4044
4045
4045
4044
4041
4037
4036
4043
4041
4041
4039
4037
4032
4031
4036
4034
4032
4031
4027
4026
4026
4026
4026
4027
4027
4024
4025
4025
4022
4023
4030
4029
4023
4025
4027
4029
4028
4020
4019
4025
4022
4020
4019
4017
4016
4015
4012
4011
4009
4008
4006
4001
4001
4005
4004
4002
4001
3998
3998
3997
3997
3996
3989
3989
3990
3994
3993
3994
3994
3992
3993
3988
3989
3989
3993
3993
3992
3992
3991
3992
3990
3989
3989
3988
3987
3986
3984
3982
3983
3983
3980
3979
3984
3982
3980
3980
3978
3977
3977
3971
3975
3980
3977
3975
3972
3972
3971
3971
3964
3964
3964
3967
3967
3967
3965
3959
3958
3961
3961
3961
3958
3958
3963
3961
3959
3959
3956
3956
3957
3958
3959
3952
3952
3953
3956
3955
3953
3953
3953
3953
3953
3952
3953
3953
3954
3954
3953
3947
3945
3947
3952
3953
3952
3950
3943
3945
3945
3950
3952
3947
3948
3951
3950
3946
3946
3944
3951
3949
3950
3949
3944
3944
3942
3946
3947
3946
3944
3941
3940
3938
3939
3936
3935
3932
3931
3932
3933
3932
3928
3928
3927
3928
3928
3921
3921
3922
3927
3925
3924
3925
3926
3923
3922
3922
3922
3919
3919
3919
3919
3916
3916
3916
3921
3920
3914
3914
3919
3918
3919
3919
3918
3917
3919
3916
3920
3920
3923
3920
3920
3923
3917
3918
3921
3919
3920
3918
3918
3918
3916
3911
3910
3912
3914
3912
3910
3910
3909
3909
3907
3905
3906
3903
3902
3907
3905
3902
3904
3904
3901
3902
3906
3904
3903
3900
3900
3900
3901
3899
3898
3897
3896
3897
3895
3895
3896
3895
3889
3889
3891
3894
3893
3893
3891
3893
3895
3893
3894
3892
3894
3894
3887
3886
3891
3890
3891
3885
3886
3891
3890
3883
3886
3889
3890
3888
3882
3883
3887
3887
3883
3883
3882
3887
3887
3884
3885
3884
3882
3881
3878
3879
3878
3877
3875
3873
3869
3869
3868
3867
3865
3860
3860
3866
3865
3863
3858
3857
3862
3862
3861
3862
3862
3861
3863
3865
3867
3862
3864
3867
3868
3869
3869
3869
3867
3867
3869
3868
3867
3866
3865
3860
3861
3867
3863
3859
3853
3853
3856
3854
3850
3850
3852
3852
3849
3843
3842
3848
3846
3844
3845
3842
3841
3840
3839
3837
3837
3838
3837
3836
3834
3837
3838
3837
3835
3834
3836
3837
3836
3833
3828
3831
3838
3834
3832
3831
3831
3833
3832
3831
3833
3835
3830
3831
3835
3834
3830
3831
3831
3831
3830
3826
3828
3831
3829
3830
3830
3829
3823
3823
3827
3827
3826
3824
3823
3823
3821
3821
3822
3822
3821
3819
3819
3820
3818
3815
3814
3815
3815
3814
3815
3809
3809
3815
3814
3813
3812
3810
3809
3808
3811
3811
3811
3812
3812
3809
3811
3810
3810
3805
3805
3811
3810
3808
3803
3805
3811
3808
3804
3806
3804
3800
3802
3807
3804
3801
3804
3805
3803
3804
3801
3803
3810
3809
3808
3808
3810
3810
3810
3809
3807
3805
3805
3804
3804
3802
3802
3802
3802
3803
3800
3799
3799
3803
3803
3803
3803
3804
3805
3806
3800
3803
3808
3806
3802
3801
3801
3800
3798
3796
3793
3788
3788
3791
3790
3790
3785
3786
3790
3789
3782
3784
3786
3793
3792
3792
3792
3794
3794
3794
3793
3793
3794
3794
3793
3791
3788
3788
3787
3790
3787
3786
3786
3786
3785
3783
3785
3786
3785
3786
3780
3784
3783
3786
3784
3783
3783
3779
3780
3784
3782
3781
3776
3780
3782
3779
3779
3778
3777
3775
3776
3776
3774
3773
3773
3773
3772
3773
3775
3774
3771
3771
3768
3768
3768
3773
3771
3770
3772
3767
3768
3766
3770
3769
3768
3766
3758
3760
3762
3768
3766
3759
3759
3766
3764
3764
3762
3761
3763
3763
3762
3761
3758
3760
3760
3763
3763
3763
3763
3756
3757
3758
3762
3761
3753
3756
3761
3759
3757
3757
3756
3759
3759
3762
3761
3762
3765
3767
3767
3769
3770
3768
3771
3772
3771
3770
3769
3770
3768
3765
3764
3764
3763
3761
3761
3760
3758
3758
3757
3757
3758
3752
3751
3757
3756
3756
3754
3754
3757
3757
3750
3752
3756
3755
3751
3748
3748
3754
3753
3746
3749
3757
3755
3754
3755
3756
3755
3753
3752
3755
3754
3752
3752
3746
3746
3751
3749
3745
3743
3743
3748
3750
3749
3747
3744
3745
3747
3744
3744
3740
3741
3745
3744
3745
3744
3742
3742
3742
3736
3736
3741
3739
3739
3740
3739
3737
3737
3738
3736
3736
3735
3734
3734
3733
3729
3732
3734
3738
3739
3739
3737
3737
3738
3736
3734
3736
3735
3734
3731
3731
3736
3732
3732
3727
3725
3729
3728
3725
3724
3725
3724
3722
3721
3724
3716
3718
3726
3724
3722
3723
3724
3718
3719
3728
3725
3726
3726
3725
3722
3724
3728
3727
3728
3724
3722
3724
3721
3721
3721
3716
3716
3716
3720
3720
3719
3718
3718
3717
3715
3716
3716
3711
3713
3722
3718
3717
3716
3716
3713
3711
3708
3708
3712
3714
3713
3712
3715
3714
3714
3718
3717
3717
3720
3716
3717
3719
3720
3719
3719
3717
3717
3720
3720
3716
3716
3718
3718
3717
3715
3713
3709
3709
3713
3712
3711
3713
3715
3714
3714
3711
3713
3714
3720
3720
3717
3719
3720
3718
3717
3720
3719
3716
3715
3713
3714
3714
3713
3712
3706
3706
3709
3708
3702
3703
3704
3708
3707
3707
3706
3700
3700
3704
3707
3704
3704
3701
3696
3698
3702
3700
3699
3697
3698
3695
3693
3699
3696
3698
3700
3699
3700
3701
3702
3704
3706
3705
3703
3699
3701
3705
3702
3703
3702
3700
3701
3700
3696
3696
3696
3696
3695
3695
3696
3695
3694
3691
3692
3694
3697
3696
3696
3694
3687
3689
3694
3690
3690
3692
3691
3689
3690
3690
3688
3689
3686
3684
3686
3684
3678
3679
3684
3685
3683
3680
3679
3684
3683
3680
3682
3682
3684
3683
3685
3684
3681
3681
3681
3680
3679
3681
3681
3676
3679
3686
3688
3688
3687
3690
3692
3692
3692
3694
3692
3690
3690
3692
3688
3683
3684
3684
3686
3685
3678
3678
3681
3679
3680
3678
3676
3676
3675
3672
3674
3672
3671
3670
3666
3666
3674
3674
3668
3670
3672
3675
3673
3673
3675
3675
3674
3676
3677
3676
3676
3677
3678
3678
3671
3672
3673
3678
3674
3670
3671
3675
3672
3673
3669
3669
3673
3668
3669
3670
3668
3669
3670
3669
3669
3667
3666
3669
3670
3668
3666
3665
3665
3662
3662
3663
3661
3658
3660
3656
3655
3661
3660
3658
3661
3661
3657
3656
3663
3662
3660
3660
3662
3660
3659
3660
3660
3659
3660
3660
3660
3660
3657
3656
3661
3660
3659
3656
3655
3661
3660
3658
3656
3657
3656
3657
3649
3649
3655
3651
3651
3652
3654
3653
3654
3653
3654
3660
3660
3657
3656
3657
3659
3659
3660
3659
3657
3657
3658
3659
3658
3656
3659
3657
3656
3655
3655
3657
3657
3657
3657
3659
3659
3660
3660
3659
3659
3657
3658
3656
3656
3654
3653
3654
3649
3646
3650
3649
3651
3646
3645
3649
3650
3647
3647
3651
3653
3658
3655
3658
3666
3669
3667
3672
3676
3686
3691
3690
3696
3707
3713
3719
3724
3731
3734
3740
3752
3757
3763
3768
3775
3783
3788
3790
3797
3808
3814
3822
3827
3832
3838
3843
3846
3853
3859
3862
3865
3870
3876
3873
3877
3882
3885
3886
