3025
3023
3022
3021
3022
3017
3015
3016
3016
3015
3010
3009
3004
3002
3004
3001
2997
2996
2993
2989
2988
2985
2981
2981
2977
2974
2971
2968
2967
2964
2958
2958
2960
2956
2955
2950
2947
2953
2948
2946
2944
2940
2937
2935
2935
2935
2932
2929
2929
2926
2924
2924
2921
2923
2921
2921
2920
2921
2920
2920
2914
2913
2917
2914
2912
2909
2908
2906
2905
2905
2903
2897
2895
2893
2897
2895
2889
2890
2894
2893
2892
2893
2891
2892
2890
2891
2890
2888
2884
2884
2888
2886
2885
2883
2881
2880
2879
2878
2876
2872
2870
2874
2874
2872
2869
2868
2867
2867
2868
2868
2870
2866
2868
2872
2870
2866
2867
2871
2868
2868
2865
2864
2860
2859
2864
2861
2862
2860
2860
2858
2859
2858
2856
2856
2854
2854
2853
2852
2850
2848
2845
2843
2844
2846
2847
2843
2845
2843
2843
2842
2839
2837
2843
2840
2837
2837
2839
2841
2841
2840
2840
2838
2839
2838
2839
2835
2837
2836
2835
2834
2830
2831
2829
2835
2833
2832
2832
2825
2828
2828
2832
2831
2828
2829
2827
2827
2826
2826
2825
2821
2823
2828
2828
2827
2827
2827
2829
2827
2828
2826
2828
2828
2828
2827
2827
2822
2824
2830
2828
2829
2828
2829
2825
2827
2830
2830
2823
2825
2824
2828
2827
2822
2821
2826
2822
2821
2821
2820
2822
2820
2817
2817
2823
2822
2824
2821
2823
2822
2820
2822
2820
2822
2822
2822
2822
2823
2824
2825
2826
2824
2826
2820
2823
2826
2828
2827
2828
2826
2828
2828
2827
2828
2824
2825
2823
2829
2828
2828
2829
2822
2825
2824
2829
2827
2827
2827
2826
2827
2823
2821
2824
2826
2827
2825
2827
2825
2826
2826
2824
2826
2823
2823
2823
2821
2822
2820
2821
2815
2817
2820
2821
2818
2818
2818
2812
2814
2817
2819
2813
2816
2813
2820
2818
2818
2818
2813
2813
2817
2818
2819
2818
2817
2819
2818
2817
2815
2818
2823
2826
2824
2825
2826
2826
2828
2827
2829
2830
2831
2830
2832
2831
2831
2829
2830
2830
2830
2829
2829
2829
2830
2824
2826
2829
2829
2824
2826
2825
2829
2831
2827
2827
2831
2832
2833
2832
2832
2832
2833
2833
2835
2834
2835
2835
2833
2834
2839
2839
2836
2836
2838
2843
2845
2844
2844
2845
2847
2848
2852
2853
2852
2853
2860
2859
2861
2860
2862
2863
2863
2864
2865
2866
2868
2869
2870
2873
2874
2877
2874
2879
2880
2886
2887
2890
2890
2888
2891
2895
2898
2898
2895
2899
2904
2903
2905
2906
2910
2911
2912
2910
2911
2921
2919
2922
2922
2925
2925
2927
2930
2931
2934
2935
2939
2940
2941
2945
2947
2944
2949
2951
2959
2959
2959
2962
2969
2973
2973
2977
2979
2983
2985
2985
2990
2996
2998
3000
3002
3008
3005
3010
3018
3018
3020
3019
3023
3028
3031
3035
3039
3041
3046
3047
3048
3050
3060
3062
3064
3069
3072
3071
3074
3085
3088
3090
3092
3095
3101
3105
3107
3113
3111
3117
3124
3130
3132
3139
3143
3146
3153
3153
3156
3162
3172
3174
3181
3185
3189
3195
3200
3203
3210
3214
3216
3224
3229
3230
3234
3240
3247
3252
3256
3260
3267
3270
3275
3280
3284
3285
3292
3300
3305
3311
3314
3317
3325
3327
3334
3342
3345
3348
3354
3365
3370
3373
3381
3392
3398
3402
3408
3414
3420
3425
3431
3436
3441
3443
3452
3461
3465
3465
3473
3480
3489
3495
3498
3506
3519
3527
3530
3535
3542
3554
3559
3564
3571
3578
3584
3591
3591
3598
3611
3616
3622
3625
3633
3641
3646
3652
3657
3665
3672
3678
3682
3690
3698
3706
3710
3719
3726
3734
3744
3752
3759
3766
3775
3777
3787
3795
3807
3814
3821
3826
3834
3841
3852
3861
3868
3878
3885
3888
3899
3914
3920
3927
3932
3940
3952
3957
3958
3969
3978
3989
3997
4000
4009
4022
4029
4037
4043
4047
4053
4058
4063
4068
4071
4077
4081
4084
4087
4091
4094
4098
4105
4108
4112
4117
4121
4128
4131
4136
4147
4153
4159
4162
4171
4183
4189
4190
4198
4205
4218
4225
4232
4239
4246
4253
4260
4268
4275
4280
4289
4294
4299
4305
4313
4322
4326
4333
4335
4343
4355
4358
4362
4371
4377
4383
4391
4391
4399
4408
4418
4424
4425
4433
4444
4450
4452
4458
4464
4476
4480
4485
4490
4497
4503
4508
4508
4514
4526
4531
4536
4542
4545
4551
4558
4558
4565
4576
4582
4587
4593
4600
4605
4609
4615
4618
4617
4623
4625
4633
4635
4636
4638
4636
4643
4646
4656
4661
4664
4669
4673
4679
4685
4692
4699
4705
4712
4717
4722
4722
4729
4736
4745
4752
4754
4761
4768
4772
4777
4780
4787
4799
4799
4802
4805
4807
4812
4813
4814
4817
4827
4830
4828
4831
4834
4839
4837
4830
4836
4840
4836
4839
4839
4838
4838
4840
4840
4842
4843
4847
4847
4849
4852
4856
4860
4864
4868
4873
4875
4878
4878
4882
4893
4896
4900
4904
4909
4907
4910
4921
4923
4922
4927
4931
4940
4942
4938
4945
4953
4957
4957
4958
4963
4965
4966
4968
4968
4968
4969
4970
4971
4971
4971
4973
4968
4971
4976
4983
4985
4988
4991
4990
4994
4996
4998
5001
4997
4999
5007
5006
5008
5009
5012
5012
5013
5014
5014
5014
5017
5015
5014
5015
5021
5021
5014
5018
5020
5026
5024
5026
5027
5021
5026
5027
5033
5036
5034
5033
5036
5036
5031
5033
5036
5042
5041
5043
5043
5037
5042
5043
5050
5051
5048
5051
5052
5050
5050
5049
5049
5050
5049
5049
5049
5048
5049
5048
5045
5046
5037
5037
5042
5036
5034
5027
5027
5032
5028
5020
5021
5020
5021
5018
5014
5012
5010
5005
4997
4993
4992
4993
4989
4987
4983
4979
4975
4974
4971
4967
4965
4961
4958
4954
4953
4951
4949
4948
4947
4947
4947
4946
4947
4945
4947
4950
4943
4947
4957
4956
4957
4955
4956
4957
4959
4960
4960
4961
4955
4956
4964
4963
4954
4959
4962
4961
4959
4960
4959
4958
4959
4957
4958
4957
4954
4954
4959
4956
4955
4956
4956
4954
4955
4949
4948
4955
4954
4946
4947
4947
4952
4950
4945
4945
4943
4941
4937
4929
4927
4930
4926
4922
4918
4915
4911
4908
4905
4905
4902
4901
4896
4894
4895
4899
4895
4895
4895
4894
4895
4894
4892
4892
4887
4888
4896
4893
4892
4886
4885
4891
4890
4883
4881
4887
4886
4884
4883
4882
4874
4878
4884
4881
4880
4878
4877
4876
4875
4873
4873
4873
4873
4872
4872
4871
4868
4868
4865
4865
4865
4863
4863
4860
4860
4860
4858
4856
4850
4852
4855
4853
4849
4847
4843
4840
4838
4833
4834
4825
4824
4827
4825
4823
4814
4812
4813
4810
4803
4802
4800
4804
4798
4795
4792
4782
4784
4779
4783
4778
4775
4772
4763
4765
4767
4763
4763
4758
4756
4754
4753
4753
4752
4748
4748
4746
4745
4744
4739
4740
4742
4746
4744
4736
4737
4742
4739
4737
4736
4733
4731
4730
4727
4727
4724
4725
4723
4722
4720
4717
4715
4711
4712
4709
4708
4705
4703
4702
4698
4696
4703
4699
4696
4687
4690
4694
4691
4690
4690
4684
4677
4677
4681
4677
4675
4673
4671
4669
4668
4666
4664
4661
4661
4659
4655
4652
4648
4646
4646
4644
4635
4635
4633
4635
4632
4624
4622
4626
4624
4620
4620
4617
4615
4610
4608
4606
4603
4602
4600
4591
4589
4594
4589
4588
4586
4583
4576
4573
4576
4572
4568
4564
4559
4551
4550
4552
4547
4544
4540
4536
4533
4528
4519
4517
4519
4513
4504
4503
4500
4502
4498
4495
4493
4488
4485
4482
4480
4478
4469
4467
4472
4466
4460
4458
4459
4462
4457
4453
4452
4450
4447
4445
4443
4442
4441
4438
4435
4435
4431
4429
4426
4424
4422
4413
4411
4415
4413
4409
4406
4405
4397
4396
4401
4392
4392
4389
4387
4380
4377
4385
4380
4379
4378
4374
4373
4370
4368
4364
4363
4360
4357
4355
4352
4342
4343
4348
4346
4343
4340
4337
4335
4333
4323
4321
4319
4318
4319
4310
4308
4312
4306
4297
4292
4292
4294
4290
4289
4285
4276
4275
4274
4275
4271
4269
4265
4261
4255
4252
4249
4247
4244
4241
4237
4234
4232
4228
4226
4224
4222
4215
4213
4218
4214
4209
4203
4202
4206
4200
4201
4198
4196
4197
4191
4191
4189
4188
4186
4179
4178
4177
4180
4177
4174
4172
4164
4164
4165
4167
4164
4157
4158
4163
4163
4159
4151
4152
4155
4149
4149
4145
4143
4139
4138
4135
4133
4132
4128
4125
4124
4121
4113
4112
4116
4112
4105
4104
4102
4099
4096
4100
4097
4088
4086
4087
4086
4083
4081
4080
4077
4075
4073
4070
4069
4066
4066
4064
4061
4059
4057
4054
4051
4049
4046
4044
4040
4037
4030
4027
4025
4027
4023
4014
4013
4016
4015
4010
4006
4007
4011
4008
4004
4002
4000
3999
3996
3993
3991
3991
3990
3985
3981
3980
3979
3976
3975
3972
3964
3963
3960
3964
3962
3960
3958
3957
3955
3953
3947
3947
3951
3949
3946
3943
3942
3941
3940
3937
3937
3931
3931
3934
3933
3930
3922
3920
3926
3924
3923
3919
3916
3914
3912
3909
3908
3907
3904
3903
3904
3901
3898
3895
3892
3890
3882
3884
3886
3889
3885
3881
3881
3887
3884
3876
3876
3874
3871
3871
3863
3863
3864
3862
3860
3857
3856
3852
3849
3846
3845
3844
3838
3836
3841
3839
3832
3834
3836
3837
3838
3836
3836
3831
3828
3824
3823
3820
3813
3809
3812
3809
3807
3805
3802
3794
3793
3795
3794
3786
3785
3785
3786
3784
3782
3780
3777
3775
3774
3772
3771
3769
3766
3766
3767
3758
3759
3756
3761
3758
3757
3752
3750
3749
3748
3746
3743
3741
3741
3741
3737
3731
3731
3730
3732
3729
3729
3729
3730
3727
3726
3722
3720
3723
3719
3718
3719
3717
3714
3714
3708
3708
3712
3710
3708
3708
3707
3702
3701
3704
3702
3695
3696
3691
3694
3692
3690
3685
3684
3682
3678
3675
3675
3673
3665
3667
3669
3664
3662
3663
3656
3654
3657
3656
3654
3652
3650
3651
3648
3642
3641
3647
3646
3643
3642
3640
3641
3640
3638
3635
3632
3629
3628
3629
3627
3621
3621
3625
3622
3620
3619
3617
3614
3614
3610
3611
3611
3611
3609
3604
3603
3607
3606
3599
3599
3600
3603
3601
3598
3596
3595
3593
3592
3591
3590
3588
3585
3584
3584
3582
3580
3580
3581
3579
3573
3574
3580
3580
3579
3572
3571
3574
3573
3571
3567
3565
3564
3563
3558
3555
3560
3555
3554
3552
3549
3547
3547
3546
3544
3543
3542
3542
3543
3543
3536
3537
3540
3537
3536
3530
3530
3536
3532
3530
3529
3526
3521
3519
3523
3521
3519
3516
3510
3507
3507
3511
3509
3507
3506
3500
3501
3499
3502
3500
3500
3500
3497
3494
3495
3495
3491
3491
3488
3488
3484
3482
3483
3481
3479
3478
3474
3473
3476
3474
3475
3474
3471
3473
3473
3465
3467
3467
3468
3465
3467
3465
3462
3464
3458
3456
3455
3460
3458
3454
3454
3456
3454
3452
3448
3446
3449
3446
3445
3444
3444
3443
3440
3438
3438
3436
3434
3432
3432
3430
3428
3427
3426
3426
3423
3423
3423
3423
3421
3417
3418
3418
3417
3414
3410
3409
3413
3412
3408
3406
3409
3408
3407
3402
3402
3405
3404
3405
3405
3404
3404
3404
3401
3400
3405
3403
3402
3401
3398
3391
3392
3397
3395
3387
3386
3387
3390
3387
3388
3386
3385
3381
3381
3383
3382
3375
3376
3379
3378
3377
3371
3369
3372
3371
3368
3365
3364
3363
3359
3358
3358
3355
3352
3353
3352
3350
3349
3349
3349
3348
3339
3343
3346
3347
3346
3347
3347
3345
3346
3345
3343
3342
3344
3341
3337
3337
3339
3340
3337
3335
3334
3333
3331
3331
3331
3327
3323
3325
3327
3324
3319
3320
3320
3321
3320
3312
3315
3319
3317
3316
3313
3311
3308
3308
3307
3304
3304
3303
3298
3300
3300
3298
3298
3293
3292
3297
3298
3296
3295
3294
3291
3295
3288
3287
3288
3293
3289
3289
3289
3287
3284
3284
3279
3276
3282
3280
3278
3277
3273
3271
3271
3274
3274
3273
3271
3271
3270
3267
3267
3268
3269
3268
3265
3265
3266
3270
3269
3268
3267
3266
3264
3258
3257
3260
3262
3262
3264
3263
3260
3261
3261
3260
3259
3257
3258
3257
3253
3255
3253
3250
3247
3248
3251
3249
3246
3243
3242
3248
3246
3244
3245
3245
3243
3242
3239
3240
3243
3243
3241
3239
3239
3234
3236
3240
3238
3234
3237
3240
3242
3242
3239
3239
3238
3239
3237
3236
3234
3234
3233
3229
3230
3229
3227
3227
3222
3220
3225
3224
3220
3221
3222
3220
3218
3214
3213
3217
3218
3211
3211
3213
3214
3213
3207
3208
3213
3208
3208
3207
3205
3208
3207
3207
3208
3206
3206
3207
3207
3207
3202
3202
3208
3204
3205
3204
3203
3202
3201
3198
3196
3196
3195
3194
3189
3188
3192
3191
3190
3188
3188
3186
3186
3180
3182
3186
3186
3185
3179
3183
3186
3185
3184
3183
3182
3176
3179
3182
3180
3181
3179
3180
3178
3179
3173
3174
3179
3177
3175
3172
3174
3173
3170
3172
3169
3164
3166
3166
3167
3168
3166
3165
3165
3165
3162
3164
3162
3162
3160
3162
3161
3161
3160
3159
3157
3158
3162
3161
3154
3155
3155
3156
3154
3153
3155
3145
3147
3151
3150
3150
3148
3147
3148
3146
3142
3143
3144
3149
3149
3151
3151
3150
3152
3149
3151
3148
3147
3149
3142
3144
3146
3146
3143
3143
3142
3138
3138
3136
3135
3136
3134
3134
3135
3131
3128
3129
3129
3134
3132
3129
3129
3130
3127
3124
3123
3122
3128
3127
3121
3123
3130
3127
3128
3127
3127
3125
3124
3125
3121
3123
3121
3120
3115
3116
3121
3119
3117
3118
3116
3116
3117
3111
3112
3118
3115
3115
3110
3109
3113
3113
3111
3111
3111
3105
3106
3109
3106
3105
3102
3100
3100
3099
3097
3094
3095
3094
3093
3095
3094
3093
3094
3087
3090
3094
3093
3094
3089
3089
3095
3093
3093
3094
3092
3090
3090
3089
3089
3084
3081
3087
3085
3085
3085
3084
3080
3081
3083
3083
3083
3079
3081
3086
3084
3084
3083
3082
3081
3079
3081
3079
3074
3075
3078
3079
3078
3076
3077
3076
3073
3075
3074
3071
3073
3069
3070
3070
3064
3065
3070
3071
3069
3068
3069
3065
3065
3071
3073
3071
3067
3067
3073
3072
3072
3072
3071
3069
3068
3067
3065
3066
3062
3061
3062
3060
3060
3061
3058
3060
3058
3057
3059
3058
3059
3055
3055
3061
3061
3058
3058
3059
3061
3062
3055
3058
3062
3060
3060
3054
3052
3058
3054
3048
3048
3049
3052
3049
3049
3050
3049
3049
3050
3049
3047
3048
3048
3048
3048
3047
3048
3047
3043
3044
3047
3043
3045
3041
3039
3031
3032
3037
3036
3034
3033
3032
3028
3027
3032
3032
3029
3031
3030
3028
3030
3027
3027
3028
3025
3024
3025
3023
3019
3021
3024
3023
3019
3019
3020
3023
3022
3022
3023
3023
3023
3022
3022
3020
3020
3018
3020
3021
3020
3021
3022
3017
3017
3023
3022
3025
3024
3024
3025
3024
3023
3026
3026
3024
3021
3019
3017
3022
3021
3014
3014
3019
3017
3015
3012
3010
3015
3015
3015
3015
3016
3015
3014
3012
3012
3013
3014
3014
3012
3012
3010
3010
3011
3012
3009
3008
3008
3008
3006
3004
3006
2999
2999
2999
3002
3002
3001
3001
3001
3000
2996
2997
2997
2999
2999
2999
2997
2997
2998
2997
2991
2993
2998
2996
2994
2996
2994
2994
2995
2989
2990
2995
2994
2993
2993
2991
2988
2988
2990
2991
2987
2986
2986
2991
2989
2988
2989
2987
2985
2987
2985
2984
2986
2985
2984
2984
2981
2980
2980
2985
2985
2982
2982
2983
2980
2980
2982
2980
2982
2983
2976
2976
2980
2982
2980
2977
2978
2982
2982
2980
2978
2978
2983
2983
2982
2982
2977
2977
2977
2982
2981
2974
2976
2982
2979
2977
2977
2978
2977
2976
2978
2975
2972
2972
2970
2977
2976
2975
2976
2971
2971
2972
2976
2974
2972
2973
2971
2968
2969
2968
2966
2967
2967
2959
2961
2966
2966
2964
2962
2962
2966
2965
2965
2964
2964
2960
2961
2967
2964
2965
2964
2961
2963
2962
2960
2961
2961
2960
2958
2956
2955
2961
2959
2958
2959
2957
2957
2958
2953
2952
2958
2957
2950
2951
2953
2956
2954
2954
2955
2955
2954
2954
2954
2952
2953
2952
2947
2949
2955
2953
2953
2949
2949
2952
2953
2951
2950
2951
2947
2947
2953
2952
2949
2951
2950
2947
2950
2949
2947
2947
2946
2945
2947
2947
2945
2945
2946
2945
2943
2943
2944
2948
2948
2942
2945
2949
2947
2945
2943
2945
2949
2946
2947
2943
2945
2944
2943
2943
2943
2938
2938
2943
2944
2942
2941
2941
2941
2940
2940
2940
2938
2939
2939
2933
2935
2939
2936
2937
2936
2935
2932
2931
2936
2936
2935
2935
2934
2933
2935
2933
2933
2934
2932
2933
2932
2933
2932
2932
2926
2929
2934
2931
2932
2927
2926
2932
2931
2930
2931
2929
2928
2930
2924
2923
2931
2928
2923
2925
2924
2927
2928
2920
2924
2928
2925
2926
2926
2924
2926
2925
2924
2926
2924
2925
2925
2924
2925
2919
2922
2925
2924
2925
2925
2924
2923
2923
2922
2923
2922
2918
2919
2922
2923
2916
2917
2919
2921
2919
2916
2915
2920
2918
2916
2917
2916
2915
2916
2914
2914
2909
2909
2910
2914
2913
2912
2912
2912
2912
2912
2907
2909
2913
2911
2908
2909
2912
2913
2912
2912
2912
2905
2908
2913
2911
2911
2910
2909
2910
2909
2908
2908
2906
2908
2906
2906
2906
2905
2904
2904
2902
2903
2903
2901
2903
2902
2904
2905
2903
2898
2900
2903
2903
2898
2899
2899
2902
2901
2897
2897
2902
2902
2897
2896
2899
2902
2904
2904
2902
2897
2901
2900
2904
2905
2903
2906
2904
2904
2905
2904
2906
2904
2903
2902
2902
2903
2903
2904
2897
2900
2903
2903
2897
2898
2897
2900
2902
2899
2899
2900
2897
2898
2896
2894
2901
2900
2899
2901
2900
2902
2901
2903
2902
2903
2904
2902
2902
2902
2901
2900
2893
2896
2899
2897
2896
2894
2894
2890
2889
2895
2892
2892
2892
2890
2892
2890
2891
2893
2888
2891
2890
2895
2896
2894
2895
2894
2893
2893
2892
2891
2890
2891
2889
2890
2884
2884
2884
2888
2887
2881
2883
2886
2884
2883
2884
2884
2884
2885
2878
2881
2881
2883
2883
2878
2878
2884
2880
2882
2880
2880
2880
2879
2880
2879
2880
2881
2879
2878
2877
2878
2877
2879
2877
2876
2875
2874
2879
2878
2877
2878
2874
2875
2874
2880
2880
2878
2880
2873
2877
2876
2880
2881
2879
2881
2879
2881
2880
2879
2880
2878
2877
2878
2878
2880
2881
2881
2881
2879
2882
2881
2881
2881
2880
2876
2876
2881
2880
2874
2876
2876
2879
2879
2875
2876
2878
2876
2872
2872
2871
2876
2873
2873
2871
2872
2871
2870
2870
2869
2870
2871
2869
2870
2868
2868
2867
2864
2866
2869
2869
2862
2863
2864
2867
2868
2862
2863
2867
2866
2864
2865
2864
2864
2861
2863
2861
2864
2863
2864
2860
2861
2866
2866
2867
2866
2868
2862
2864
2868
2867
2860
2862
2864
2866
2867
2862
2865
2870
2870
2869
2870
2869
2867
2868
2867
2866
2867
2866
2865
2867
2865
2867
2865
2866
2865
2865
2864
2865
2859
2858
2864
2861
2862
2860
2863
2861
2863
2862
2862
2862
2861
2862
2860
2861
2854
2856
2860
2858
2856
2857
2857
2858
2858
2857
2857
2857
2858
2858
2854
2855
2859
2861
2858
2860
2858
2859
2858
2854
2854
2860
2859
2859
2860
2860
2860
2860
2861
2861
2861
2861
2861
2857
2858
2863
2861
2862
2859
2860
2855
2857
2860
2859
2858
2858
2857
2856
2856
2850
2851
2854
2854
2851
2847
2848
2851
2850
2845
2847
2849
2850
2849
2844
2844
2849
2849
2848
2850
2848
2850
2848
2849
2847
2849
2847
2847
2848
2847
2847
2846
2847
2846
2845
2846
2847
2847
2846
2846
2845
2841
2842
2842
2846
2844
2843
2844
2845
2845
2842
2841
2842
2847
2846
2846
2846
2845
2844
2843
2839
2841
2845
2844
2844
2845
2844
2845
2844
2840
2841
2847
2846
2845
2842
2844
2848
2847
2847
2845
2842
2841
2842
2845
2843
2842
2843
2841
2843
2841
2839
2838
2843
2841
2841
2841
2841
2841
2842
2842
2843
2841
2840
2840
2840
2842
2842
2843
2837
2840
2843
2843
2843
2839
2841
2845
2845
2845
2846
2847
2847
2847
2846
2848
2845
2845
2844
2845
2843
2840
2839
2844
2842
2841
2842
2839
2840
2838
2838
2837
2838
2836
2837
2831
2832
2837
2835
2835
2834
2834
2833
2833
2832
2833
2828
2830
2832
2832
2830
2828
2827
2833
2830
2830
2828
2829
2828
2828
2827
2828
2822
2823
2828
2829
2828
2830
2827
2828
2826
2827
2827
2828
2828
2827
2829
2827
2829
2830
2827
2823
2826
2828
2829
2823
2825
2827
2829
2827
2824
2824
2827
2827
2824
2824
2824
2823
2824
2822
2823
2817
2818
2818
2821
2820
2815
2818
2820
2819
2818
2817
2818
2816
2818
2816
2818
2814
2815
2816
2821
2822
2821
2822
2824
2824
2824
2819
2821
2824
2823
2823
2822
2822
2822
2819
2821
2820
2822
2821
2818
2816
2818
2821
2821
2820
2820
2820
2819
2820
2818
2819
2817
2818
2817
2817
2818
2818
2816
2817
2816
2815
2816
2816
2817
2817
2819
2819
2820
2819
2818
2818
2820
2822
2821
2816
2817
2822
2821
2819
2815
2817
2818
2817
2817
2817
2815
2816
2813
2812
2811
2818
2817
2813
2814
2815
2819
2816
2818
2818
2821
2823
2824
2826
2828
2835
2836
2835
2839
2845
2850
2852
2856
2859
2865
2868
2873
2880
2883
2888
2894
2893
2899
2909
2913
2916
2918
2925
2934
2937
2942
2946
2950
2956
2959
2961
2965
2976
2976
2980
2985
2988
2990
2994
2995
2999
3001
3001
