3967
3965
3957
3958
3957
3960
3957
3952
3952
3947
3946
3941
3939
3938
3933
3930
3925
3922
3918
3916
3912
3908
3905
3901
3898
3894
3891
3889
3881
3878
3879
3876
3866
3864
3865
3862
3859
3857
3855
3852
3851
3849
3844
3843
3836
3834
3836
3834
3826
3825
3823
3823
3819
3817
3816
3813
3810
3808
3806
3803
3798
3798
3801
3802
3800
3797
3797
3792
3790
3794
3790
3790
3788
3786
3784
3783
3782
3780
3779
3778
3775
3774
3772
3770
3768
3768
3766
3761
3763
3761
3767
3765
3759
3758
3763
3758
3756
3752
3752
3756
3753
3752
3748
3748
3748
3747
3745
3744
3741
3740
3745
3744
3743
3742
3741
3741
3739
3739
3738
3738
3738
3738
3738
3739
3739
3739
3739
3738
3736
3736
3735
3737
3736
3729
3730
3729
3732
3730
3725
3725
3730
3728
3725
3725
3724
3721
3721
3715
3715
3718
3719
3718
3714
3711
3715
3714
3713
3712
3711
3708
3710
3713
3712
3712
3711
3714
3715
3716
3714
3714
3721
3719
3719
3721
3721
3722
3723
3722
3722
3719
3719
3718
3717
3715
3714
3714
3708
3707
3706
3709
3707
3706
3705
3704
3703
3701
3700
3699
3695
3696
3699
3698
3697
3697
3696
3693
3693
3699
3697
3692
3693
3693
3698
3696
3694
3694
3699
3697
3696
3696
3693
3692
3691
3691
3691
3691
3691
3689
3683
3685
3689
3689
3691
3690
3690
3689
3690
3689
3687
3687
3687
3684
3685
3686
3690
3690
3691
3690
3686
3684
3686
3691
3691
3690
3691
3691
3691
3689
3689
3688
3687
3685
3684
3684
3684
3684
3684
3679
3681
3685
3684
3682
3683
3681
3678
3678
3683
3682
3681
3679
3680
3679
3680
3677
3679
3685
3682
3680
3680
3680
3684
3684
3683
3683
3683
3683
3683
3679
3680
3687
3688
3688
3689
3691
3693
3695
3690
3692
3697
3698
3697
3698
3697
3696
3698
3697
3696
3694
3694
3694
3693
3691
3688
3689
3694
3692
3691
3690
3690
3694
3693
3694
3693
3693
3693
3695
3697
3697
3699
3699
3700
3699
3702
3703
3706
3704
3707
3714
3715
3715
3716
3717
3713
3716
3722
3721
3720
3720
3719
3725
3724
3725
3726
3726
3729
3731
3730
3732
3734
3736
3738
3738
3739
3742
3741
3745
3744
3746
3751
3755
3758
3761
3762
3762
3765
3767
3764
3767
3769
3777
3779
3778
3780
3787
3789
3791
3794
3797
3798
3801
3802
3805
3804
3805
3808
3816
3818
3814
3817
3826
3828
3830
3829
3833
3840
3844
3847
3849
3851
3856
3860
3866
3870
3874
3879
3879
3881
3885
3895
3897
3900
3906
3913
3917
3922
3927
3934
3937
3943
3948
3954
3955
3958
3961
3970
3974
3973
3981
3986
3993
4000
4003
4008
4015
4022
4024
4033
4036
4042
4048
4047
4054
4067
4072
4076
4079
4088
4098
4104
4112
4115
4123
4127
4137
4148
4157
4163
4172
4177
4186
4191
4195
4202
4213
4219
4226
4234
4240
4249
4254
4263
4269
4278
4287
4295
4306
4312
4324
4331
4341
4350
4362
4372
4380
4393
4401
4408
4417
4435
4440
4451
4458
4467
4482
4489
4496
4505
4519
4528
4538
4548
4558
4566
4575
4587
4598
4609
4621
4633
4643
4656
4664
4677
4686
4694
4708
4723
4731
4744
4750
4765
4774
4784
4797
4809
4815
4828
4846
4859
4870
4880
4891
4911
4923
4934
4948
4958
4966
4976
4994
5000
5015
5023
5037
5047
5061
5071
5083
5094
5105
5114
5126
5140
5155
5165
5173
5186
5207
5217
5226
5241
5251
5263
5274
5279
5295
5308
5321
5332
5342
5354
5365
5377
5390
5400
5412
5426
5435
5448
5460
5472
5485
5498
5513
5525
5539
5552
5569
5580
5592
5607
5619
5624
5637
5656
5665
5672
5685
5697
5714
5724
5733
5747
5753
5765
5779
5798
5809
5824
5834
5840
5855
5870
5880
5894
5900
5912
5928
5939
5951
5964
5975
5982
5992
6007
6014
6025
6031
6038
6046
6054
6060
6069
6076
6088
6095
6104
6113
6124
6132
6143
6153
6164
6175
6186
6192
6204
6219
6230
6239
6252
6262
6274
6285
6290
6299
6315
6320
6324
6333
6340
6357
6366
6373
6382
6394
6400
6411
6414
6422
6438
6447
6455
6467
6477
6490
6501
6508
6520
6531
6540
6550
6555
6564
6565
6570
6583
6587
6593
6596
6603
6605
6613
6620
6624
6628
6639
6649
6663
6671
6683
6690
6700
6713
6718
6727
6737
6753
6760
6764
6780
6796
6804
6813
6822
6835
6840
6850
6855
6865
6874
6877
6891
6898
6906
6918
6921
6930
6935
6939
6947
6952
6957
6961
6967
6975
6976
6986
6992
6996
7007
7008
7022
7030
7045
7049
7059
7064
7071
7076
7078
7084
7090
7093
7098
7105
7111
7113
7117
7122
7127
7130
7136
7135
7132
7138
7139
7147
7153
7150
7155
7167
7164
7164
7165
7165
7173
7175
7176
7183
7195
7194
7200
7202
7209
7214
7220
7218
7224
7223
7227
7227
7226
7229
7230
7232
7240
7247
7248
7256
7265
7269
7277
7275
7284
7293
7304
7312
7317
7327
7333
7340
7347
7353
7363
7371
7375
7374
7376
7384
7386
7386
7390
7390
7389
7390
7399
7395
7397
7391
7393
7401
7404
7407
7410
7416
7417
7423
7430
7436
7446
7450
7454
7454
7453
7459
7453
7449
7445
7442
7440
7438
7436
7435
7426
7426
7425
7424
7416
7415
7411
7404
7404
7408
7408
7406
7404
7408
7406
7411
7404
7410
7422
7420
7419
7417
7414
7406
7404
7400
7402
7403
7398
7399
7404
7408
7407
7408
7402
7400
7403
7409
7408
7410
7413
7417
7419
7424
7435
7433
7432
7432
7442
7441
7442
7444
7444
7452
7452
7456
7457
7462
7462
7467
7467
7472
7473
7473
7482
7486
7489
7492
7494
7493
7496
7508
7511
7512
7520
7520
7528
7531
7534
7530
7533
7534
7532
7528
7528
7530
7525
7511
7509
7503
7504
7500
7496
7494
7491
7491
7486
7485
7483
7484
7486
7487
7487
7491
7493
7495
7496
7503
7500
7504
7512
7514
7511
7511
7513
7518
7521
7518
7517
7516
7514
7515
7506
7511
7516
7515
7509
7509
7507
7500
7499
7504
7500
7486
7487
7479
7481
7478
7470
7467
7462
7460
7453
7452
7449
7444
7444
7434
7432
7433
7426
7419
7410
7402
7387
7378
7379
7370
7365
7361
7350
7348
7341
7339
7333
7331
7327
7323
7319
7315
7313
7307
7307
7302
7298
7293
7290
7297
7290
7279
7281
7275
7272
7267
7262
7261
7250
7251
7250
7251
7249
7242
7244
7244
7243
7238
7233
7235
7237
7234
7232
7227
7227
7222
7223
7215
7211
7208
7204
7203
7196
7194
7193
7189
7188
7182
7181
7183
7178
7177
7174
7171
7166
7162
7159
7156
7153
7153
7141
7140
7144
7138
7130
7127
7129
7131
7131
7126
7128
7135
7133
7128
7130
7131
7137
7133
7126
7128
7134
7130
7130
7129
7129
7128
7125
7124
7126
7122
7116
7114
7110
7105
7101
7096
7097
7093
7092
7085
7084
7092
7086
7083
7080
7074
7070
7063
7053
7050
7050
7045
7039
7029
7028
7032
7029
7023
7018
7013
7004
7000
6995
6987
6980
6973
6963
6956
6948
6940
6931
6919
6913
6913
6903
6895
6885
6876
6860
6854
6854
6844
6836
6831
6828
6830
6830
6822
6823
6826
6825
6826
6823
6820
6821
6816
6811
6806
6801
6797
6788
6785
6780
6779
6773
6767
6763
6764
6761
6761
6756
6752
6740
6736
6737
6738
6735
6731
6726
6714
6711
6707
6708
6700
6692
6686
6688
6681
6674
6667
6665
6666
6663
6660
6656
6652
6648
6648
6643
6644
6643
6640
6638
6635
6633
6630
6626
6618
6615
6618
6614
6608
6607
6599
6596
6596
6594
6594
6584
6585
6584
6586
6582
6576
6576
6582
6580
6574
6568
6563
6564
6561
6556
6553
6552
6547
6543
6538
6536
6534
6530
6528
6527
6526
6519
6515
6520
6515
6509
6510
6509
6512
6509
6504
6499
6493
6488
6482
6475
6468
6470
6465
6458
6452
6448
6443
6439
6434
6429
6424
6422
6421
6419
6413
6404
6403
6404
6399
6394
6391
6389
6384
6380
6367
6360
6361
6352
6349
6341
6336
6325
6320
6321
6311
6310
6304
6300
6291
6288
6287
6282
6272
6268
6268
6263
6260
6257
6255
6251
6247
6243
6242
6238
6235
6229
6226
6218
6215
6210
6205
6196
6190
6191
6184
6178
6171
6165
6160
6157
6153
6146
6137
6130
6133
6127
6125
6118
6113
6103
6102
6106
6099
6095
6093
6089
6089
6084
6081
6077
6072
6071
6067
6066
6061
6059
6056
6042
6044
6039
6041
6036
6033
6032
6023
6022
6019
6020
6015
6009
6010
6014
6009
6004
6003
6000
5998
5998
5990
5986
5991
5987
5985
5980
5977
5969
5965
5968
5967
5961
5956
5955
5953
5951
5947
5945
5943
5938
5933
5931
5929
5926
5919
5920
5916
5910
5907
5904
5892
5891
5898
5891
5885
5885
5885
5882
5880
5873
5871
5872
5870
5864
5853
5850
5850
5844
5839
5833
5830
5820
5817
5818
5812
5806
5800
5794
5785
5782
5782
5780
5766
5765
5765
5761
5753
5749
5744
5737
5731
5728
5723
5722
5716
5712
5708
5704
5701
5698
5696
5688
5688
5692
5688
5687
5687
5681
5677
5673
5662
5658
5656
5651
5645
5640
5634
5629
5625
5612
5610
5613
5609
5605
5597
5595
5597
5591
5590
5587
5581
5580
5579
5574
5568
5568
5567
5563
5561
5560
5554
5553
5554
5553
5551
5546
5544
5543
5537
5531
5529
5531
5528
5520
5515
5515
5519
5515
5512
5511
5507
5503
5500
5495
5491
5488
5482
5478
5478
5474
5469
5464
5462
5457
5448
5444
5440
5434
5430
5421
5419
5420
5415
5411
5407
5407
5402
5398
5393
5393
5396
5389
5388
5385
5381
5372
5371
5377
5372
5366
5363
5364
5361
5356
5354
5352
5346
5343
5342
5345
5343
5336
5334
5338
5332
5331
5330
5326
5321
5321
5325
5320
5316
5316
5313
5310
5307
5304
5302
5302
5298
5295
5291
5292
5283
5282
5284
5277
5276
5271
5266
5262
5260
5258
5255
5251
5246
5245
5237
5236
5237
5230
5222
5221
5219
5218
5213
5208
5203
5195
5193
5191
5192
5189
5184
5181
5179
5178
5173
5169
5163
5158
5155
5146
5144
5148
5140
5137
5135
5133
5128
5124
5116
5114
5112
5116
5112
5108
5106
5105
5102
5098
5097
5094
5092
5090
5089
5086
5080
5080
5079
5083
5080
5078
5076
5071
5071
5070
5073
5071
5064
5063
5065
5058
5055
5050
5048
5045
5041
5034
5032
5029
5024
5021
5011
5011
5015
5011
4999
5000
4998
4999
4997
4992
4988
4985
4984
4978
4973
4969
4970
4967
4967
4963
4960
4957
4956
4955
4951
4949
4950
4949
4945
4942
4938
4939
4942
4938
4939
4937
4930
4928
4927
4929
4928
4927
4924
4921
4918
4916
4910
4908
4912
4905
4903
4899
4894
4893
4891
4883
4882
4885
4882
4880
4879
4875
4872
4871
4871
4870
4861
4861
4859
4864
4861
4858
4857
4857
4853
4853
4845
4844
4845
4844
4841
4836
4833
4830
4829
4834
4833
4827
4825
4829
4828
4828
4828
4825
4817
4816
4817
4814
4811
4806
4802
4800
4801
4800
4796
4795
4793
4790
4790
4786
4780
4779
4772
4770
4770
4772
4771
4768
4768
4759
4761
4758
4761
4757
4749
4749
4753
4749
4746
4745
4742
4740
4737
4728
4729
4733
4726
4722
4719
4717
4716
4712
4711
4707
4706
4705
4703
4701
4700
4700
4700
4699
4699
4698
4694
4693
4685
4686
4693
4692
4691
4690
4687
4685
4681
4681
4680
4681
4675
4679
4684
4681
4675
4673
4676
4675
4671
4664
4662
4663
4660
4659
4657
4654
4647
4645
4647
4642
4640
4636
4635
4632
4629
4633
4628
4625
4624
4621
4619
4617
4612
4609
4605
4604
4603
4599
4595
4592
4590
4587
4585
4583
4585
4583
4580
4586
4589
4588
4578
4577
4578
4577
4575
4573
4571
4565
4565
4571
4568
4566
4561
4560
4563
4562
4561
4561
4562
4558
4558
4556
4557
4553
4554
4558
4557
4559
4557
4556
4554
4553
4551
4549
4549
4542
4540
4546
4544
4544
4544
4542
4539
4537
4537
4536
4536
4536
4531
4528
4526
4528
4524
4523
4523
4521
4519
4518
4518
4518
4513
4511
4516
4511
4507
4499
4497
4500
4497
4487
4487
4488
4487
4484
4478
4478
4483
4482
4479
4479
4477
4476
4473
4473
4472
4471
4471
4469
4466
4464
4465
4464
4463
4462
4459
4455
4455
4456
4454
4448
4447
4452
4448
4446
4441
4442
4446
4444
4442
4441
4440
4439
4438
4439
4438
4430
4431
4434
4433
4431
4426
4427
4431
4428
4425
4425
4423
4422
4422
4423
4420
4419
4421
4419
4418
4416
4418
4415
4416
4414
4410
4409
4407
4410
4408
4401
4399
4405
4400
4396
4395
4394
4392
4392
4386
4383
4383
4387
4383
4385
4381
4380
4380
4378
4376
4375
4374
4374
4372
4372
4368
4369
4370
4364
4365
4372
4369
4361
4363
4363
4363
4363
4361
4358
4358
4357
4353
4353
4351
4351
4347
4345
4346
4340
4337
4339
4341
4337
4331
4332
4336
4332
4329
4325
4323
4325
4322
4320
4319
4319
4319
4317
4313
4314
4309
4307
4313
4312
4309
4309
4308
4306
4307
4305
4303
4305
4300
4296
4300
4301
4300
4301
4299
4298
4296
4300
4302
4299
4296
4297
4293
4292
4290
4287
4285
4285
4282
4281
4281
4278
4280
4278
4277
4278
4274
4271
4271
4269
4270
4271
4264
4263
4268
4266
4265
4259
4261
4264
4259
4259
4259
4259
4259
4258
4252
4251
4257
4257
4255
4256
4257
4254
4257
4255
4253
4253
4252
4252
4253
4249
4250
4250
4248
4246
4247
4245
4246
4239
4239
4245
4241
4237
4237
4235
4238
4239
4232
4231
4238
4234
4233
4234
4232
4227
4229
4234
4230
4230
4226
4224
4231
4227
4228
4226
4225
4226
4225
4225
4224
4222
4221
4220
4220
4222
4221
4218
4219
4216
4213
4214
4212
4208
4209
4203
4203
4208
4204
4203
4202
4200
4201
4201
4195
4199
4203
4201
4203
4198
4198
4205
4202
4201
4202
4200
4200
4197
4197
4197
4191
4191
4191
4191
4191
4188
4188
4182
4180
4185
4184
4181
4181
4178
4178
4179
4177
4178
4176
4176
4175
4176
4177
4175
4174
4169
4168
4168
4170
4168
4164
4163
4170
4166
4165
4162
4160
4167
4164
4163
4164
4161
4161
4158
4157
4158
4154
4153
4153
4151
4149
4142
4145
4148
4145
4146
4144
4143
4137
4134
4140
4139
4135
4137
4135
4130
4132
4135
4133
4134
4133
4130
4130
4132
4132
4133
4135
4133
4135
4133
4136
4136
4135
4135
4132
4134
4131
4131
4128
4125
4129
4125
4116
4116
4115
4117
4113
4109
4108
4105
4104
4100
4100
4098
4093
4092
4096
4093
4091
4091
4089
4089
4086
4087
4086
4081
4083
4086
4087
4088
4082
4084
4089
4086
4086
4084
4085
4085
4085
4083
4084
4082
4082
4081
4077
4077
4072
4071
4076
4074
4072
4072
4070
4068
4066
4073
4071
4062
4062
4064
4067
4068
4061
4060
4069
4065
4064
4064
4065
4063
4061
4064
4061
4065
4064
4063
4065
4063
4064
4063
4062
4063
4061
4063
4062
4063
4063
4056
4056
4061
4062
4064
4065
4064
4060
4060
4063
4065
4063
4060
4061
4067
4066
4066
4066
4066
4064
4064
4061
4057
4054
4055
4051
4048
4047
4038
4039
4046
4041
4040
4038
4038
4043
4042
4035
4038
4043
4040
4037
4037
4035
4033
4033
4023
4025
4026
4028
4024
4020
4023
4027
4027
4027
4026
4027
4027
4025
4024
4024
4021
4021
4020
4017
4017
4015
4014
4012
4011
4010
4004
4005
4009
4008
4005
4004
3998
3997
3996
3999
4000
3998
3997
3992
3991
3993
3997
3996
3993
3995
3993
3993
3991
3991
3990
3989
3991
3988
3988
3984
3984
3983
3985
3987
3979
3981
3986
3984
3983
3982
3983
3976
3977
3982
3979
3979
3975
3976
3979
3976
3979
3978
3978
3978
3976
3974
3973
3980
3980
3979
3979
3979
3980
3980
3981
3978
3979
3978
3979
3976
3978
3974
3973
3972
3972
3973
3970
3973
3972
3972
3967
3967
3974
3970
3970
3966
3965
3971
3966
3968
3966
3966
3968
3965
3960
3958
3963
3962
3960
3960
3959
3955
3955
3958
3956
3955
3952
3953
3950
3950
3948
3945
3947
3944
3945
3944
3944
3945
3944
3941
3939
3944
3944
3943
3937
3937
3944
3942
3940
3941
3940
3939
3939
3936
3935
3942
3940
3940
3937
3937
3932
3933
3940
3936
3936
3933
3935
3931
3932
3930
3931
3924
3926
3925
3930
3926
3923
3923
3929
3925
3926
3923
3925
3919
3922
3925
3926
3925
3923
3925
3924
3923
3918
3918
3926
3923
3923
3920
3921
3920
3921
3918
3919
3920
3920
3919
3918
3920
3918
3916
3923
3921
3922
3917
3915
3924
3921
3924
3922
3925
3925
3924
3925
3925
3929
3928
3928
3927
3925
3926
3923
3924
3922
3919
3916
3916
3920
3919
3912
3913
3918
3914
3914
3911
3911
3905
3909
3915
3913
3912
3908
3910
3912
3913
3911
3911
3909
3906
3907
3904
3907
3904
3905
3903
3903
3900
3902
3898
3899
3900
3898
3899
3896
3893
3893
3897
3897
3895
3895
3892
3893
3892
3889
3889
3893
3893
3887
3885
3887
3890
3891
3884
3885
3891
3889
3888
3891
3888
3889
3888
3890
3890
3891
3890
3892
3890
3891
3890
3891
3893
3892
3893
3890
3888
3893
3890
3885
3885
3888
3889
3889
3884
3884
3889
3887
3883
3881
3882
3885
3886
3883
3884
3882
3882
3881
3881
3881
3883
3882
3877
3877
3878
3881
3880
3879
3879
3879
3877
3880
3879
3881
3881
3882
3876
3880
3883
3885
3883
3881
3878
3884
3880
3877
3875
3875
3879
3875
3875
3872
3872
3871
3872
3871
3874
3874
3878
3878
3880
3881
3880
3882
3875
3877
3879
3878
3868
3870
3867
3869
3869
3865
3866
3859
3863
3863
3864
3862
3864
3861
3863
3860
3861
3858
3858
3856
3856
3855
3857
3850
3853
3853
3858
3855
3853
3853
3860
3859
3858
3859
3858
3858
3855
3856
3856
3857
3856
3854
3857
3856
3857
3856
3851
3852
3855
3856
3855
3849
3851
3855
3853
3851
3851
3849
3849
3847
3848
3844
3844
3842
3841
3839
3840
3834
3836
3841
3840
3840
3837
3837
3843
3841
3836
3837
3840
3841
3841
3839
3842
3841
3844
3838
3843
3843
3849
3846
3847
3845
3846
3845
3847
3845
3846
3845
3845
3844
3844
3838
3838
3836
3839
3836
3839
3835
3835
3832
3832
3826
3826
3830
3831
3829
3827
3826
3824
3825
3819
3820
3825
3826
3825
3829
3829
3829
3829
3834
3833
3834
3832
3833
3826
3829
3830
3826
3826
3826
3823
3823
3821
3821
3818
3819
3816
3816
3814
3814
3813
3813
3811
3812
3810
3811
3811
3807
3808
3811
3813
3810
3812
3812
3813
3812
3809
3810
3815
3814
3813
3812
3810
3807
3804
3810
3807
3806
3805
3804
3799
3798
3803
3801
3803
3802
3803
3803
3803
3804
3801
3804
3801
3802
3800
3800
3794
3797
3800
3799
3797
3798
3799
3799
3804
3797
3801
3805
3805
3803
3800
3800
3805
3802
3796
3794
3799
3798
3798
3796
3797
3795
3795
3794
3792
3792
3792
3792
3790
3791
3791
3790
3788
3787
3788
3786
3787
3786
3787
3783
3779
3781
3784
3785
3786
3785
3780
3781
3781
3788
3787
3784
3785
3791
3788
3791
3789
3791
3789
3790
3790
3790
3790
3786
3789
3792
3792
3786
3787
3792
3790
3790
3783
3785
3789
3786
3786
3783
3783
3783
3781
3780
3782
3777
3781
3774
3775
3775
3779
3778
3777
3778
3776
3777
3775
3775
3773
3775
3773
3775
3775
3777
3776
3777
3773
3776
3781
3782
3780
3781
3779
3776
3776
3781
3779
3780
3778
3780
3777
3777
3774
3772
3771
3772
3770
3768
3767
3773
3771
3768
3768
3771
3774
3773
3772
3772
3766
3769
3774
3775
3772
3773
3771
3767
3767
3775
3771
3770
3770
3768
3768
3767
3769
3770
3770
3773
3774
3777
3778
3777
3778
3781
3780
3782
3776
3779
3779
3780
3772
3773
3771
3775
3774
3768
3767
3771
3768
3767
3766
3765
3763
3763
3761
3761
3760
3758
3757
3752
3753
3757
3756
3754
3755
3754
3753
3753
3749
3750
3754
3754
3753
3756
3754
3757
3757
3753
3753
3759
3755
3756
3754
3754
3752
3751
3752
3751
3750
3744
3746
3749
3750
3747
3748
3744
3743
3742
3746
3745
3747
3743
3746
3744
3743
3744
3746
3745
3745
3745
3743
3743
3743
3743
3742
3743
3738
3738
3740
3741
3741
3736
3736
3741
3741
3738
3739
3742
3745
3746
3739
3743
3747
3746
3744
3743
3742
3741
3740
3738
3739
3736
3739
3735
3733
3733
3740
3737
3733
3737
3736
3740
3739
3735
3735
3743
3739
3738
3738
3736
3737
3735
3737
3737
3737
3738
3736
3739
3740
3742
3741
3742
3740
3741
3740
3740
3739
3741
3741
3741
3742
3740
3742
3736
3738
3741
3741
3739
3740
3739
3732
3734
3739
3739
3738
3737
3735
3730
3729
3734
3732
3730
3730
3730
3730
3728
3730
3729
3732
3730
3731
3732
3730
3731
3730
3728
3731
3735
3735
3732
3731
3731
3736
3731
3732
3729
3729
3729
3727
3725
3722
3728
3730
3730
3732
3732
3727
3730
3734
3735
3726
3730
3728
3733
3731
3728
3726
3727
3725
3724
3723
3724
3722
3723
3723
3721
3719
3716
3719
3722
3723
3722
3723
3722
3720
3721
3717
3718
3722
3722
3718
3719
3717
3718
3716
3714
3713
3719
3716
3718
3715
3714
3716
3715
3714
3715
3715
3715
3712
3714
3713
3713
3714
3711
3713
3710
3706
3706
3709
3708
3702
3705
3704
3708
3706
3708
3706
3707
3709
3708
3710
3714
3714
3714
3712
3712
3719
3716
3716
3717
3716
3717
3716
3718
3717
3719
3717
3717
3718
3717
3714
3714
3719
3717
3718
3718
3720
3728
3730
3726
3732
3733
3739
3743
3741
3747
3759
3762
3766
3767
3777
3787
3790
3798
3803
3802
3809
3815
3824
3831
3836
3839
3847
3854
3858
3867
3871
3876
3884
3889
3896
3900
3904
3911
3915
3918
3920
3924
3936
3935
3940
3943
3943
3941
3946
