4265
4264
4259
4262
4265
4264
4260
4260
4256
4255
4252
4251
4248
4244
4239
4235
4232
4226
4220
4218
4220
4213
4202
4200
4198
4197
4194
4191
4187
4183
4177
4175
4169
4166
4162
4159
4148
4148
4150
4143
4141
4133
4129
4130
4125
4123
4121
4116
4111
4107
4105
4101
4098
4096
4091
4090
4088
4086
4085
4083
4081
4078
4077
4074
4073
4072
4066
4066
4072
4068
4065
4063
4062
4056
4055
4060
4057
4059
4059
4058
4057
4055
4049
4047
4053
4051
4047
4045
4041
4034
4030
4036
4030
4027
4024
4022
4027
4025
4023
4020
4015
4013
4015
4019
4017
4017
4014
4014
4012
4012
4013
4012
4013
4010
4009
4007
4006
4007
4005
4003
4003
3999
4000
4004
4002
4002
3995
3994
4000
3999
3998
3996
3996
3994
3995
3995
3994
3991
3990
3989
3992
3992
3991
3993
3988
3989
3995
3996
3997
3997
3997
3994
3995
3995
3996
3996
3993
3991
3989
3987
3984
3985
3986
3988
3988
3989
3988
3987
3987
3984
3984
3981
3986
3983
3983
3983
3980
3978
3979
3979
3979
3972
3973
3979
3976
3973
3970
3971
3962
3965
3967
3964
3960
3960
3961
3961
3962
3964
3965
3967
3967
3968
3966
3968
3972
3970
3969
3969
3969
3967
3965
3960
3959
3965
3963
3963
3962
3960
3960
3960
3961
3961
3960
3960
3960
3961
3963
3963
3963
3964
3963
3962
3959
3959
3964
3961
3960
3960
3958
3959
3959
3956
3955
3959
3956
3950
3952
3951
3956
3953
3954
3955
3953
3952
3952
3952
3952
3950
3948
3951
3951
3947
3945
3947
3954
3954
3955
3954
3954
3954
3956
3956
3954
3954
3954
3953
3954
3953
3952
3954
3950
3951
3956
3957
3957
3957
3959
3965
3964
3964
3964
3963
3963
3960
3963
3964
3964
3963
3959
3962
3962
3964
3964
3963
3966
3964
3964
3965
3963
3963
3961
3960
3954
3953
3958
3957
3956
3956
3957
3954
3957
3964
3965
3965
3965
3964
3960
3964
3971
3973
3973
3973
3972
3974
3975
3975
3975
3970
3973
3973
3975
3974
3974
3975
3973
3974
3975
3974
3974
3973
3975
3973
3975
3980
3979
3981
3983
3983
3987
3987
3984
3987
3987
3995
3999
3996
3998
4005
4006
4009
4011
4012
4014
4017
4017
4020
4022
4026
4029
4033
4036
4040
4043
4040
4042
4043
4049
4051
4050
4051
4059
4059
4059
4057
4058
4065
4067
4072
4073
4070
4073
4077
4084
4086
4087
4087
4090
4096
4099
4102
4105
4107
4113
4117
4121
4123
4125
4131
4136
4140
4139
4145
4155
4159
4162
4167
4172
4179
4185
4184
4191
4198
4211
4215
4217
4223
4224
4232
4239
4242
4249
4259
4264
4267
4271
4277
4286
4291
4296
4300
4305
4312
4317
4325
4329
4335
4342
4350
4356
4363
4371
4377
4386
4392
4401
4407
4411
4421
4433
4443
4450
4459
4466
4471
4481
4495
4502
4513
4521
4530
4533
4544
4560
4567
4576
4586
4594
4606
4614
4619
4629
4641
4650
4660
4665
4678
4690
4702
4709
4717
4727
4738
4748
4757
4766
4779
4787
4800
4808
4818
4825
4833
4854
4865
4878
4888
4901
4913
4923
4931
4943
4960
4969
4981
4990
5003
5011
5023
5040
5052
5064
5074
5086
5102
5115
5125
5135
5149
5161
5172
5184
5198
5209
5222
5237
5248
5259
5273
5286
5291
5307
5323
5332
5342
5350
5361
5372
5383
5387
5401
5413
5423
5434
5440
5450
5463
5473
5473
5488
5501
5514
5528
5541
5553
5566
5582
5594
5608
5625
5638
5653
5670
5687
5702
5717
5734
5746
5760
5773
5787
5793
5805
5819
5832
5843
5852
5860
5869
5881
5892
5904
5916
5924
5937
5941
5954
5968
5980
5988
5999
6009
6019
6029
6038
6048
6060
6069
6084
6104
6116
6126
6141
6152
6159
6174
6190
6200
6205
6222
6235
6245
6257
6269
6277
6289
6302
6314
6327
6342
6351
6363
6381
6392
6395
6408
6421
6437
6453
6466
6478
6492
6507
6522
6540
6559
6574
6589
6609
6629
6645
6664
6683
6696
6717
6744
6759
6776
6787
6800
6808
6819
6833
6839
6850
6865
6875
6886
6897
6908
6917
6934
6947
6949
6962
6976
6989
7001
7006
7024
7043
7053
7065
7077
7088
7103
7114
7119
7124
7132
7135
7140
7147
7151
7158
7166
7176
7181
7192
7197
7209
7223
7235
7245
7257
7267
7279
7292
7296
7309
7328
7334
7341
7354
7363
7379
7390
7401
7409
7421
7428
7441
7443
7452
7458
7462
7466
7467
7470
7467
7469
7476
7480
7486
7494
7494
7502
7515
7531
7541
7545
7558
7578
7587
7599
7607
7621
7631
7640
7662
7671
7676
7687
7697
7705
7712
7719
7726
7729
7737
7739
7739
7747
7753
7755
7757
7761
7765
7773
7778
7785
7793
7789
7797
7802
7809
7810
7809
7810
7815
7819
7818
7822
7830
7838
7843
7850
7855
7853
7860
7867
7877
7882
7874
7877
7886
7887
7888
7888
7895
7907
7910
7908
7914
7926
7926
7931
7939
7947
7954
7960
7968
7976
7985
7992
7999
8007
8012
8016
8017
8022
8030
8028
8033
8036
8043
8045
8044
8049
8053
8060
8064
8068
8071
8070
8079
8086
8092
8090
8086
8083
8084
8077
8073
8064
8061
8065
8060
8059
8059
8060
8064
8071
8076
8081
8087
8093
8102
8111
8120
8126
8136
8137
8150
8167
8169
8176
8179
8188
8198
8199
8204
8208
8209
8208
8212
8210
8212
8218
8220
8216
8220
8217
8223
8223
8220
8220
8230
8226
8227
8228
8229
8230
8232
8234
8232
8235
8236
8232
8230
8230
8227
8223
8223
8226
8227
8226
8223
8214
8211
8217
8215
8211
8206
8205
8209
8210
8204
8204
8206
8206
8208
8204
8207
8201
8202
8209
8207
8207
8203
8203
8206
8206
8206
8205
8207
8204
8203
8205
8204
8207
8206
8205
8211
8211
8214
8216
8214
8220
8229
8229
8232
8227
8231
8240
8240
8235
8241
8241
8246
8247
8244
8245
8250
8248
8252
8251
8251
8249
8246
8243
8244
8242
8241
8234
8229
8224
8220
8216
8213
8209
8203
8203
8205
8207
8207
8200
8200
8203
8205
8204
8202
8199
8197
8196
8193
8190
8189
8182
8180
8183
8180
8174
8170
8171
8174
8171
8163
8161
8163
8162
8157
8156
8152
8149
8149
8145
8140
8130
8132
8128
8132
8133
8129
8128
8117
8118
8117
8118
8115
8108
8104
8099
8092
8087
8081
8079
8070
8059
8047
8038
8025
8016
8005
7993
7982
7980
7972
7965
7959
7955
7946
7941
7947
7942
7935
7934
7938
7932
7929
7930
7931
7933
7934
7933
7936
7936
7931
7932
7940
7939
7939
7935
7934
7927
7924
7922
7915
7905
7900
7892
7882
7876
7861
7853
7853
7845
7840
7838
7833
7830
7827
7829
7827
7827
7826
7826
7828
7829
7831
7833
7833
7837
7836
7834
7832
7822
7817
7814
7804
7790
7786
7778
7779
7775
7764
7765
7772
7769
7766
7764
7763
7769
7768
7766
7763
7764
7759
7757
7751
7749
7738
7736
7736
7729
7723
7715
7714
7706
7704
7705
7708
7709
7704
7703
7696
7698
7701
7698
7697
7695
7692
7685
7679
7674
7669
7660
7652
7646
7638
7634
7627
7621
7616
7609
7602
7594
7595
7597
7597
7595
7594
7589
7590
7590
7595
7591
7586
7580
7568
7561
7557
7559
7555
7553
7546
7536
7534
7528
7530
7528
7519
7517
7512
7504
7498
7493
7490
7485
7478
7472
7469
7456
7452
7450
7446
7437
7433
7426
7419
7413
7410
7398
7398
7399
7394
7387
7385
7377
7376
7374
7371
7367
7366
7363
7353
7351
7345
7343
7336
7331
7326
7313
7312
7305
7301
7293
7280
7275
7274
7266
7257
7250
7248
7244
7233
7229
7225
7214
7209
7204
7207
7198
7192
7188
7183
7179
7174
7166
7165
7165
7159
7155
7153
7143
7137
7135
7137
7132
7126
7125
7122
7121
7116
7110
7107
7106
7104
7098
7096
7092
7089
7082
7071
7070
7072
7066
7057
7052
7048
7051
7045
7041
7039
7038
7035
7031
7032
7032
7025
7025
7030
7027
7026
7023
7025
7031
7027
7020
7022
7027
7025
7025
7022
7018
7009
7005
7005
6998
6995
6990
6984
6981
6977
6973
6966
6962
6959
6951
6949
6942
6929
6926
6928
6922
6916
6904
6902
6904
6894
6891
6886
6883
6877
6873
6864
6860
6867
6860
6856
6853
6849
6847
6845
6840
6836
6834
6828
6820
6816
6811
6802
6799
6790
6787
6785
6786
6782
6768
6764
6766
6757
6748
6737
6729
6726
6719
6707
6696
6687
6681
6670
6660
6655
6641
6635
6631
6620
6609
6599
6588
6581
6570
6561
6553
6543
6536
6529
6519
6513
6516
6510
6499
6498
6496
6498
6498
6495
6493
6491
6489
6489
6487
6485
6486
6486
6483
6483
6481
6477
6478
6481
6480
6473
6470
6477
6473
6470
6469
6464
6461
6461
6458
6456
6453
6450
6448
6447
6442
6434
6434
6432
6430
6425
6422
6416
6413
6407
6403
6397
6393
6393
6390
6379
6376
6381
6377
6374
6363
6363
6366
6363
6358
6357
6353
6344
6340
6341
6334
6327
6324
6317
6312
6308
6298
6295
6298
6290
6285
6279
6276
6269
6265
6259
6254
6248
6242
6237
6235
6230
6228
6222
6218
6214
6207
6206
6202
6206
6202
6199
6198
6194
6192
6192
6184
6182
6185
6183
6171
6170
6169
6172
6167
6161
6159
6156
6151
6148
6142
6139
6132
6130
6129
6122
6120
6117
6110
6101
6098
6102
6097
6087
6083
6081
6079
6075
6070
6066
6060
6057
6052
6051
6049
6038
6036
6038
6034
6026
6024
6020
6010
6007
6009
6004
5996
5991
5985
5979
5973
5968
5962
5957
5954
5950
5947
5942
5938
5939
5930
5928
5933
5929
5926
5920
5921
5922
5921
5918
5912
5903
5902
5897
5886
5881
5881
5873
5867
5859
5857
5845
5844
5848
5842
5836
5831
5828
5830
5827
5823
5818
5816
5815
5809
5808
5808
5805
5802
5799
5798
5796
5793
5793
5788
5785
5789
5787
5779
5776
5776
5778
5775
5775
5769
5764
5760
5760
5764
5757
5757
5755
5747
5744
5748
5744
5742
5739
5738
5736
5733
5733
5728
5729
5726
5727
5722
5720
5718
5715
5711
5704
5699
5703
5698
5688
5687
5687
5683
5675
5673
5669
5662
5660
5649
5646
5640
5640
5635
5627
5621
5618
5613
5609
5605
5598
5592
5591
5586
5581
5576
5571
5569
5572
5569
5559
5559
5560
5557
5553
5547
5545
5548
5547
5544
5540
5539
5538
5537
5532
5532
5531
5527
5524
5519
5517
5519
5516
5514
5509
5506
5504
5500
5495
5495
5487
5484
5487
5481
5476
5475
5472
5469
5464
5457
5456
5460
5457
5455
5447
5445
5448
5445
5438
5436
5436
5440
5435
5433
5432
5428
5427
5425
5423
5422
5415
5411
5416
5414
5411
5409
5406
5404
5400
5393
5395
5398
5393
5391
5392
5388
5386
5385
5378
5377
5374
5366
5363
5367
5360
5358
5355
5349
5345
5343
5334
5331
5334
5330
5327
5323
5321
5320
5316
5309
5309
5314
5310
5309
5307
5302
5302
5302
5300
5301
5293
5291
5290
5296
5291
5286
5284
5289
5286
5284
5282
5280
5278
5277
5275
5272
5270
5269
5267
5264
5264
5253
5254
5255
5255
5251
5249
5249
5240
5239
5245
5242
5238
5238
5236
5234
5232
5225
5226
5227
5228
5228
5221
5221
5225
5221
5219
5215
5216
5205
5206
5210
5204
5201
5198
5194
5187
5184
5181
5178
5173
5167
5163
5158
5157
5152
5150
5141
5143
5147
5144
5143
5143
5139
5132
5134
5141
5139
5138
5134
5134
5130
5132
5128
5128
5127
5123
5119
5119
5118
5117
5111
5112
5109
5106
5101
5099
5103
5099
5097
5095
5093
5084
5086
5089
5083
5080
5082
5078
5071
5071
5073
5069
5062
5063
5065
5062
5061
5057
5056
5053
5052
5046
5045
5045
5047
5043
5042
5038
5032
5027
5029
5028
5026
5022
5021
5018
5016
5011
5010
5009
5004
5000
5001
5000
4997
4996
4996
4988
4987
4992
4988
4984
4984
4981
4979
4975
4976
4974
4965
4967
4972
4968
4966
4966
4966
4962
4962
4961
4959
4958
4954
4952
4955
4953
4946
4944
4948
4950
4947
4944
4944
4941
4941
4939
4939
4938
4932
4930
4935
4932
4925
4924
4924
4929
4925
4923
4924
4921
4919
4919
4919
4916
4914
4916
4914
4910
4909
4909
4907
4900
4901
4905
4903
4899
4896
4898
4896
4892
4889
4889
4882
4880
4882
4882
4879
4876
4876
4880
4876
4871
4869
4867
4869
4869
4861
4858
4864
4863
4861
4858
4855
4856
4854
4851
4850
4851
4847
4846
4845
4844
4842
4843
4840
4840
4838
4836
4834
4834
4832
4826
4827
4823
4827
4827
4825
4824
4816
4818
4819
4820
4820
4814
4813
4818
4815
4814
4813
4811
4809
4810
4804
4804
4809
4805
4804
4804
4800
4795
4796
4799
4796
4794
4791
4789
4794
4790
4790
4790
4787
4786
4784
4781
4782
4780
4778
4772
4771
4770
4775
4772
4770
4769
4768
4766
4764
4762
4757
4764
4760
4757
4756
4755
4752
4751
4749
4748
4744
4746
4744
4741
4741
4738
4736
4733
4730
4737
4732
4731
4725
4726
4727
4725
4724
4722
4717
4714
4714
4716
4714
4709
4708
4715
4711
4709
4707
4706
4703
4701
4700
4698
4694
4693
4690
4691
4687
4687
4685
4680
4678
4679
4682
4678
4678
4673
4668
4667
4668
4671
4667
4664
4661
4667
4665
4663
4661
4659
4656
4656
4659
4659
4657
4654
4655
4654
4650
4650
4649
4646
4645
4646
4644
4642
4642
4640
4638
4638
4635
4634
4635
4627
4628
4632
4628
4623
4620
4619
4624
4621
4616
4616
4615
4613
4611
4610
4607
4603
4604
4606
4605
4601
4597
4595
4600
4595
4595
4591
4585
4583
4582
4587
4582
4577
4579
4582
4579
4579
4575
4575
4574
4572
4571
4569
4568
4569
4564
4566
4563
4563
4563
4559
4559
4560
4557
4557
4553
4552
4560
4556
4553
4549
4545
4553
4549
4541
4544
4544
4547
4547
4546
4546
4543
4543
4541
4540
4540
4533
4533
4535
4534
4527
4525
4525
4528
4529
4521
4519
4527
4521
4522
4519
4519
4520
4517
4515
4515
4517
4519
4515
4515
4516
4512
4513
4512
4510
4509
4508
4508
4507
4505
4506
4506
4507
4507
4506
4505
4506
4506
4506
4505
4504
4504
4497
4497
4502
4499
4493
4493
4494
4498
4493
4494
4491
4490
4488
4487
4482
4484
4488
4484
4483
4482
4478
4479
4475
4476
4474
4470
4468
4475
4472
4469
4469
4469
4466
4467
4466
4465
4462
4462
4462
4457
4460
4463
4462
4456
4458
4456
4463
4460
4460
4460
4459
4458
4458
4453
4453
4457
4455
4454
4454
4452
4451
4451
4447
4448
4445
4442
4441
4439
4437
4431
4431
4435
4433
4428
4429
4429
4435
4436
4435
4437
4437
4435
4434
4433
4433
4426
4428
4431
4428
4429
4426
4428
4422
4422
4424
4424
4419
4417
4419
4422
4421
4415
4417
4421
4419
4419
4421
4416
4415
4412
4410
4407
4409
4405
4406
4405
4403
4401
4401
4401
4398
4397
4396
4396
4390
4393
4397
4394
4395
4394
4392
4395
4393
4387
4389
4393
4390
4391
4390
4387
4387
4387
4386
4387
4384
4385
4384
4378
4378
4386
4383
4382
4376
4377
4379
4377
4376
4375
4374
4372
4371
4371
4370
4367
4368
4364
4362
4362
4366
4363
4362
4363
4358
4357
4359
4360
4357
4351
4351
4354
4351
4351
4351
4348
4350
4350
4348
4349
4350
4349
4350
4349
4348
4347
4347
4344
4344
4344
4342
4342
4341
4340
4339
4337
4334
4331
4330
4333
4331
4333
4331
4324
4326
4326
4330
4327
4327
4327
4320
4320
4323
4325
4323
4320
4318
4324
4322
4324
4321
4320
4321
4322
4319
4321
4322
4322
4319
4322
4322
4320
4320
4314
4316
4316
4320
4319
4316
4320
4318
4316
4314
4312
4312
4316
4314
4311
4312
4305
4305
4305
4310
4308
4308
4309
4309
4307
4308
4308
4308
4306
4306
4306
4303
4303
4302
4301
4298
4300
4300
4298
4293
4295
4295
4300
4299
4292
4291
4299
4296
4293
4292
4293
4287
4286
4291
4290
4286
4284
4285
4290
4288
4288
4289
4285
4284
4286
4289
4287
4284
4284
4284
4283
4281
4281
4280
4281
4279
4277
4278
4278
4277
4277
4276
4276
4278
4277
4276
4275
4276
4275
4275
4268
4268
4275
4274
4270
4267
4267
4272
4270
4269
4269
4271
4272
4273
4272
4272
4273
4275
4271
4273
4275
4280
4280
4275
4274
4282
4278
4277
4272
4271
4271
4269
4269
4267
4262
4262
4260
4260
4261
4254
4256
4262
4262
4260
4260
4260
4259
4258
4256
4254
4253
4253
4250
4244
4246
4251
4247
4246
4246
4246
4244
4243
4239
4240
4245
4245
4245
4246
4245
4237
4237
4244
4241
4240
4238
4236
4237
4238
4239
4236
4232
4231
4233
4236
4233
4234
4232
4233
4234
4232
4231
4233
4234
4230
4228
4229
4232
4234
4236
4230
4229
4233
4232
4230
4227
4227
4221
4222
4224
4223
4223
4221
4217
4216
4216
4215
4215
4218
4216
4214
4211
4211
4215
4214
4208
4208
4213
4213
4210
4212
4212
4210
4211
4209
4210
4207
4207
4207
4202
4202
4205
4204
4204
4203
4201
4195
4199
4206
4206
4207
4205
4205
4204
4203
4203
4199
4200
4197
4200
4191
4194
4198
4196
4191
4193
4193
4197
4198
4199
4196
4195
4196
4196
4196
4196
4196
4194
4194
4194
4195
4194
4193
4188
4190
4195
4192
4186
4188
4188
4189
4188
4183
4182
4183
4183
4184
4182
4181
4177
4177
4182
4181
4177
4176
4176
4175
4174
4176
4173
4174
4174
4173
4173
4174
4174
4175
4174
4173
4174
4175
4177
4170
4173
4176
4177
4177
4176
4173
4173
4171
4169
4168
4164
4164
4165
4169
4167
4168
4165
4160
4163
4166
4166
4166
4166
4165
4158
4159
4168
4168
4166
4165
4164
4164
4161
4162
4161
4160
4161
4161
4159
4159
4155
4158
4162
4163
4161
4156
4155
4156
4153
4150
4151
4149
4148
4147
4148
4147
4141
4143
4144
4147
4145
4143
4144
4138
4139
4139
4139
4137
4135
4132
4131
4131
4125
4125
4125
4129
4127
4128
4129
4131
4130
4128
4125
4124
4129
4130
4129
4129
4126
4126
4128
4133
4132
4131
4130
4125
4126
4129
4130
4128
4128
4127
4125
4124
4123
4122
4123
4121
4119
4120
4118
4119
4119
4118
4115
4116
4112
4117
4124
4123
4124
4125
4127
4124
4125
4119
4121
4122
4126
4124
4114
4117
4121
4121
4117
4113
4114
4119
4117
4117
4114
4113
4113
4114
4113
4113
4112
4113
4112
4112
4111
4112
4111
4106
4104
4108
4107
4107
4105
4103
4103
4104
4103
4103
4103
4101
4102
4099
4099
4102
4100
4101
4100
4100
4102
4101
4096
4096
4102
4102
4096
4095
4096
4100
4099
4092
4095
4101
4100
4098
4094
4092
4098
4097
4095
4095
4094
4095
4091
4091
4091
4091
4089
4086
4086
4086
4086
4084
4079
4081
4086
4083
4081
4081
4081
4075
4075
4080
4079
4077
4075
4077
4082
4083
4081
4083
4084
4083
4082
4076
4078
4084
4078
4080
4077
4077
4076
4076
4075
4074
4075
4075
4075
4073
4074
4075
4076
4075
4074
4074
4075
4074
4074
4073
4070
4070
4075
4074
4074
4070
4071
4077
4077
4073
4075
4075
4079
4080
4082
4081
4077
4080
4086
4086
4085
4084
4083
4082
4082
4081
4081
4082
4080
4081
4083
4081
4074
4074
4076
4075
4074
4072
4072
4071
4070
4067
4065
4068
4070
4070
4067
4067
4066
4069
4067
4068
4070
4074
4074
4073
4070
4069
4068
4067
4065
4062
4061
4060
4059
4058
4057
4053
4054
4059
4057
4048
4051
4053
4055
4052
4050
4052
4052
4054
4051
4050
4052
4060
4058
4059
4060
4059
4061
4063
4066
4066
4067
4065
4058
4060
4060
4061
4060
4060
4058
4055
4054
4053
4053
4051
4050
4048
4048
4044
4040
4041
4041
4045
4043
4042
4043
4042
4042
4045
4042
4042
4046
4044
4041
4042
4043
4046
4045
4040
4042
4047
4046
4040
4040
4041
4045
4044
4043
4040
4040
4039
4039
4037
4038
4034
4035
4032
4034
4032
4032
4031
4031
4031
4032
4030
4030
4032
4030
4026
4028
4035
4035
4028
4030
4032
4037
4037
4037
4035
4036
4035
4036
4037
4036
4033
4035
4034
4034
4030
4028
4028
4033
4032
4028
4028
4032
4030
4029
4029
4029
4026
4025
4029
4028
4027
4027
4027
4029
4028
4023
4022
4025
4028
4026
4026
4027
4028
4028
4028
4027
4029
4032
4033
4031
4032
4039
4040
4039
4035
4035
4037
4036
4033
4032
4031
4029
4026
4027
4027
4022
4025
4030
4028
4027
4027
4027
4027
4028
4022
4023
4024
4024
4022
4021
4021
4016
4016
4018
4017
4015
4014
4014
4014
4014
4012
4011
4009
4009
4010
4008
4007
4006
4007
4004
4000
4000
4006
4008
4007
4008
4008
4008
4008
4009
4011
4011
4014
4010
4011
4011
4017
4020
4021
4019
4013
4014
4015
4018
4017
4013
4014
4018
4019
4013
4014
4015
4018
4015
4016
4015
4015
4016
4016
4016
4018
4017
4015
4014
4014
4012
4011
4010
4011
4006
4005
4004
4004
4005
4004
3999
3998
4005
4001
3996
3996
3995
3999
4000
4000
4001
3995
3995
3998
4003
4003
4005
4006
4001
4003
4008
4007
4007
4008
4008
4010
4006
4000
4003
4006
4012
4011
4012
4008
4010
4011
4009
4011
4007
4004
4003
4009
4005
4006
4006
4005
4004
4002
4001
4001
3995
3994
3995
3999
3998
3998
3996
3994
3993
3992
3991
3991
3991
3989
3982
3985
3989
3987
3986
3986
3988
3989
3989
3987
3990
3991
3991
3991
3985
3986
3992
3991
3989
3982
3984
3987
3987
3982
3981
3988
3985
3985
3985
3986
3987
3986
3985
3985
3984
3984
3985
3983
3983
3983
3983
3982
3980
3980
3976
3977
3981
3984
3983
3984
3986
3988
3986
3982
3984
3989
3986
3985
3980
3983
3986
3984
3981
3984
3985
3987
3989
3994
3995
3990
3994
4001
4006
4007
4011
4014
4018
4023
4028
4034
4038
4038
4046
4057
4063
4068
4078
4084
4091
4096
4104
4110
4120
4128
4129
4135
4145
4155
4163
4161
4169
4182
4188
4191
4192
4199
4210
4214
4217
4220
4225
4228
4230
4232
4235
