2845
2844
2843
2842
2843
2842
2841
2839
2838
2832
2832
2836
2832
2830
2824
2823
2824
2821
2814
2812
2813
2812
2809
2807
2804
2802
2800
2794
2791
2791
2793
2789
2788
2784
2781
2780
2778
2777
2774
2772
2769
2768
2766
2763
2762
2759
2754
2754
2756
2754
2748
2748
2747
2750
2748
2741
2741
2744
2743
2742
2738
2737
2736
2736
2735
2734
2730
2728
2727
2729
2728
2726
2725
2727
2725
2724
2722
2721
2716
2717
2721
2720
2718
2717
2717
2712
2712
2716
2714
2712
2712
2711
2711
2710
2709
2707
2708
2706
2705
2705
2704
2703
2704
2703
2703
2704
2699
2699
2703
2701
2700
2698
2695
2694
2694
2699
2698
2698
2696
2696
2695
2695
2693
2692
2686
2686
2690
2689
2688
2685
2684
2687
2686
2680
2681
2684
2685
2685
2684
2683
2682
2680
2679
2679
2678
2680
2679
2676
2677
2681
2682
2682
2682
2684
2684
2684
2684
2684
2684
2683
2685
2684
2685
2685
2684
2679
2679
2680
2683
2682
2676
2676
2680
2678
2677
2676
2674
2674
2673
2668
2670
2673
2674
2673
2673
2672
2669
2671
2675
2674
2673
2673
2672
2670
2669
2668
2667
2667
2666
2666
2666
2665
2665
2665
2662
2661
2661
2667
2667
2665
2667
2672
2672
2671
2667
2666
2671
2669
2668
2668
2667
2668
2667
2668
2669
2666
2667
2669
2670
2668
2668
2667
2665
2665
2664
2664
2665
2664
2663
2659
2659
2664
2663
2662
2663
2663
2661
2661
2657
2658
2659
2659
2659
2658
2658
2657
2658
2659
2658
2658
2654
2655
2661
2660
2657
2658
2659
2662
2662
2660
2660
2659
2659
2658
2657
2657
2652
2653
2657
2657
2655
2656
2655
2655
2655
2649
2652
2654
2654
2654
2653
2653
2652
2651
2652
2651
2651
2651
2651
2651
2649
2651
2651
2652
2654
2657
2655
2658
2663
2664
2661
2660
2661
2664
2663
2659
2661
2665
2665
2665
2665
2665
2663
2664
2668
2667
2666
2667
2666
2666
2665
2666
2667
2665
2666
2667
2667
2667
2667
2667
2666
2665
2666
2665
2666
2662
2661
2666
2666
2661
2663
2663
2668
2668
2663
2664
2669
2668
2666
2663
2664
2668
2669
2669
2668
2667
2670
2671
2669
2670
2672
2671
2671
2673
2673
2674
2675
2676
2677
2671
2674
2676
2680
2681
2677
2679
2685
2684
2685
2687
2688
2687
2688
2685
2686
2692
2694
2694
2696
2695
2697
2700
2701
2704
2706
2704
2707
2711
2712
2714
2715
2714
2712
2715
2719
2719
2720
2721
2722
2721
2723
2724
2726
2728
2729
2726
2729
2731
2737
2737
2739
2741
2743
2744
2746
2747
2747
2748
2751
2753
2755
2758
2760
2762
2760
2763
2769
2770
2768
2771
2774
2779
2780
2782
2784
2781
2784
2789
2792
2793
2796
2799
2801
2805
2803
2806
2810
2818
2819
2818
2821
2829
2831
2833
2835
2838
2837
2841
2849
2852
2856
2860
2862
2865
2870
2872
2875
2879
2882
2884
2887
2890
2894
2898
2895
2900
2905
2914
2917
2919
2923
2927
2931
2933
2935
2938
2947
2951
2954
2958
2962
2966
2970
2974
2980
2984
2989
2989
2994
2998
3007
3010
3008
3013
3024
3027
3028
3031
3035
3045
3048
3053
3057
3063
3066
3071
3077
3082
3084
3092
3098
3102
3106
3106
3111
3121
3124
3125
3132
3139
3144
3148
3152
3157
3162
3165
3171
3175
3181
3182
3188
3196
3200
3206
3212
3217
3223
3229
3233
3239
3240
3248
3258
3264
3270
3274
3280
3282
3287
3300
3303
3309
3314
3319
3322
3330
3340
3343
3348
3355
3360
3367
3372
3376
3383
3389
3394
3399
3404
3408
3414
3419
3423
3428
3432
3436
3442
3450
3457
3458
3464
3472
3480
3487
3493
3497
3502
3508
3512
3517
3522
3529
3533
3534
3541
3550
3555
3559
3565
3569
3574
3580
3584
3588
3597
3603
3606
3609
3615
3630
3635
3638
3643
3651
3661
3669
3669
3676
3689
3691
3696
3703
3707
3711
3716
3721
3725
3731
3735
3739
3744
3751
3751
3755
3767
3772
3779
3779
3786
3799
3801
3801
3809
3813
3824
3827
3830
3836
3841
3846
3852
3856
3860
3867
3872
3879
3883
3886
3890
3899
3905
3913
3918
3923
3930
3933
3939
3942
3948
3955
3958
3965
3970
3976
3975
3981
3993
3997
3997
4002
4012
4018
4023
4029
4032
4034
4038
4050
4055
4057
4064
4065
4067
4071
4068
4073
4077
4083
4087
4082
4087
4093
4097
4098
4101
4106
4107
4110
4112
4116
4119
4124
4129
4127
4133
4140
4144
4143
4147
4153
4161
4167
4172
4176
4181
4187
4192
4195
4203
4206
4214
4217
4223
4222
4228
4234
4245
4249
4254
4259
4261
4267
4272
4279
4282
4284
4292
4294
4298
4303
4307
4313
4312
4317
4325
4329
4327
4332
4337
4345
4349
4349
4355
4350
4356
4359
4368
4370
4375
4375
4377
4379
4390
4392
4397
4399
4403
4406
4411
4415
4420
4421
4426
4426
4431
4434
4439
4439
4443
4444
4451
4447
4452
4459
4459
4455
4459
4461
4471
4469
4466
4470
4478
4478
4480
4481
4484
4482
4487
4488
4490
4492
4495
4499
4497
4500
4511
4511
4512
4514
4519
4521
4525
4525
4531
4527
4527
4534
4544
4547
4548
4554
4548
4554
4557
4565
4565
4564
4565
4564
4566
4562
4566
4565
4566
4567
4565
4567
4560
4560
4562
4569
4566
4560
4562
4569
4568
4568
4570
4569
4569
4571
4572
4571
4567
4568
4571
4578
4577
4576
4579
4573
4576
4577
4584
4583
4580
4581
4590
4586
4588
4586
4588
4585
4588
4585
4587
4583
4586
4584
4581
4580
4589
4585
4586
4585
4586
4588
4585
4585
4584
4583
4583
4584
4578
4579
4583
4586
4578
4581
4580
4580
4581
4587
4587
4586
4586
4583
4585
4582
4583
4581
4580
4578
4580
4577
4577
4576
4577
4576
4576
4579
4577
4574
4576
4575
4583
4581
4576
4578
4582
4582
4581
4579
4579
4581
4579
4580
4580
4581
4581
4580
4582
4581
4582
4582
4581
4582
4581
4588
4588
4588
4590
4585
4585
4590
4595
4596
4596
4597
4591
4591
4595
4598
4598
4596
4598
4596
4593
4593
4588
4588
4586
4586
4582
4577
4575
4576
4571
4573
4568
4558
4559
4561
4558
4554
4546
4544
4548
4542
4536
4534
4539
4535
4534
4526
4526
4530
4525
4521
4520
4517
4512
4510
4516
4509
4508
4504
4503
4498
4500
4495
4494
4491
4489
4484
4484
4483
4480
4482
4473
4475
4479
4478
4476
4474
4474
4475
4476
4468
4468
4468
4471
4472
4470
4469
4468
4470
4466
4466
4465
4464
4463
4458
4459
4451
4451
4449
4455
4451
4445
4445
4450
4447
4444
4436
4437
4442
4436
4431
4431
4434
4431
4432
4428
4427
4423
4424
4421
4421
4421
4419
4417
4417
4416
4414
4413
4412
4411
4410
4407
4406
4403
4404
4397
4397
4394
4399
4396
4396
4391
4393
4390
4388
4385
4385
4382
4384
4381
4380
4378
4371
4371
4374
4373
4363
4364
4365
4364
4362
4352
4352
4355
4354
4342
4342
4339
4343
4338
4336
4332
4331
4326
4326
4321
4319
4315
4313
4304
4303
4305
4302
4302
4299
4294
4294
4291
4291
4289
4286
4282
4282
4285
4282
4275
4272
4273
4274
4273
4270
4267
4267
4264
4262
4258
4259
4255
4252
4251
4249
4247
4245
4242
4241
4236
4231
4231
4234
4233
4229
4225
4223
4228
4225
4224
4220
4221
4218
4218
4211
4208
4215
4210
4208
4205
4204
4200
4199
4194
4194
4186
4185
4185
4187
4182
4177
4173
4179
4174
4169
4165
4165
4167
4167
4162
4162
4158
4158
4155
4149
4149
4154
4151
4151
4148
4147
4145
4144
4139
4141
4144
4143
4139
4139
4137
4134
4134
4130
4131
4128
4129
4126
4125
4123
4122
4119
4118
4118
4114
4114
4110
4110
4107
4106
4103
4103
4100
4098
4094
4094
4093
4090
4083
4080
4079
4085
4079
4079
4076
4070
4069
4067
4071
4068
4059
4061
4064
4060
4053
4049
4047
4051
4049
4043
4040
4045
4041
4038
4037
4033
4033
4028
4029
4025
4024
4021
4018
4016
4013
4012
4007
4004
4003
3997
4004
3998
3998
3995
3988
3986
3983
3989
3983
3983
3980
3979
3974
3972
3967
3964
3967
3964
3956
3957
3956
3956
3952
3950
3946
3946
3941
3939
3934
3934
3930
3929
3919
3921
3923
3921
3917
3917
3912
3911
3911
3908
3907
3901
3899
3899
3901
3899
3890
3890
3896
3891
3890
3887
3886
3883
3881
3879
3876
3877
3868
3869
3871
3871
3867
3864
3860
3859
3856
3860
3856
3857
3852
3852
3851
3848
3846
3844
3842
3838
3836
3834
3832
3832
3828
3823
3819
3826
3821
3819
3817
3814
3813
3810
3803
3802
3805
3803
3800
3798
3797
3790
3789
3793
3792
3790
3788
3786
3781
3778
3784
3779
3776
3775
3773
3772
3768
3769
3762
3763
3760
3759
3757
3754
3748
3747
3752
3749
3747
3744
3742
3735
3734
3737
3735
3727
3725
3721
3725
3719
3720
3715
3713
3712
3706
3706
3701
3702
3697
3697
3693
3693
3685
3686
3688
3685
3676
3677
3677
3677
3675
3673
3674
3666
3666
3673
3669
3669
3666
3666
3663
3663
3660
3659
3656
3653
3652
3652
3649
3645
3645
3643
3643
3640
3641
3637
3632
3631
3636
3633
3630
3624
3623
3627
3622
3616
3613
3614
3614
3614
3613
3609
3604
3603
3607
3608
3604
3603
3601
3601
3598
3596
3594
3589
3588
3586
3584
3582
3579
3576
3577
3573
3572
3568
3568
3565
3563
3559
3554
3554
3556
3556
3548
3549
3551
3551
3547
3543
3539
3545
3540
3539
3536
3535
3529
3529
3532
3529
3529
3525
3526
3523
3523
3518
3516
3522
3519
3519
3516
3515
3514
3513
3513
3509
3509
3506
3503
3499
3496
3502
3497
3496
3495
3488
3487
3486
3489
3486
3485
3485
3482
3483
3478
3476
3474
3478
3476
3470
3470
3468
3471
3470
3466
3465
3463
3463
3461
3459
3458
3456
3456
3453
3450
3449
3446
3444
3441
3440
3437
3436
3435
3433
3433
3427
3428
3432
3430
3423
3423
3427
3425
3424
3416
3416
3420
3416
3414
3412
3412
3408
3407
3401
3400
3405
3402
3401
3398
3398
3389
3392
3395
3393
3392
3390
3390
3387
3387
3385
3383
3382
3380
3380
3376
3377
3373
3372
3364
3364
3364
3368
3368
3365
3365
3358
3358
3361
3361
3361
3353
3356
3358
3355
3355
3351
3350
3350
3347
3347
3346
3344
3345
3343
3341
3339
3340
3339
3339
3337
3333
3329
3331
3333
3331
3325
3323
3330
3326
3325
3323
3322
3322
3322
3315
3317
3316
3321
3318
3316
3315
3313
3312
3312
3310
3308
3303
3302
3307
3304
3298
3298
3297
3301
3297
3293
3293
3297
3295
3294
3291
3292
3290
3287
3287
3286
3284
3281
3278
3278
3276
3277
3276
3270
3270
3271
3273
3273
3273
3270
3266
3265
3265
3269
3267
3265
3263
3264
3260
3258
3256
3254
3261
3258
3256
3257
3254
3252
3251
3252
3253
3246
3246
3253
3250
3250
3250
3250
3246
3246
3248
3246
3242
3242
3239
3241
3241
3235
3233
3237
3237
3235
3232
3230
3229
3228
3226
3226
3223
3223
3223
3222
3221
3221
3220
3215
3214
3213
3217
3217
3210
3212
3219
3218
3215
3212
3210
3214
3212
3209
3208
3209
3208
3204
3199
3199
3202
3198
3199
3196
3195
3192
3192
3187
3187
3187
3186
3185
3183
3182
3181
3179
3173
3175
3174
3178
3177
3171
3172
3179
3178
3173
3175
3174
3177
3176
3175
3175
3173
3173
3171
3168
3170
3162
3163
3167
3163
3163
3158
3156
3161
3159
3156
3156
3156
3152
3153
3151
3150
3152
3148
3148
3148
3146
3145
3146
3140
3138
3144
3142
3140
3141
3140
3137
3138
3136
3135
3132
3133
3130
3131
3131
3125
3123
3130
3128
3125
3120
3121
3124
3123
3117
3117
3118
3121
3118
3120
3118
3117
3118
3117
3115
3115
3114
3111
3107
3107
3110
3109
3108
3103
3104
3109
3106
3105
3106
3104
3100
3102
3101
3100
3095
3097
3099
3100
3097
3091
3092
3096
3094
3093
3093
3091
3091
3090
3088
3088
3085
3085
3084
3082
3083
3083
3082
3080
3079
3079
3077
3076
3076
3076
3071
3070
3075
3074
3073
3066
3067
3069
3069
3067
3067
3067
3061
3062
3067
3065
3065
3063
3064
3063
3062
3061
3059
3059
3060
3052
3053
3053
3058
3055
3053
3056
3055
3054
3054
3055
3054
3049
3052
3057
3053
3050
3051
3049
3054
3055
3054
3054
3055
3055
3056
3050
3049
3056
3053
3056
3055
3055
3052
3052
3050
3050
3048
3046
3044
3042
3040
3039
3036
3031
3031
3035
3034
3030
3029
3029
3028
3027
3025
3023
3022
3018
3018
3022
3022
3014
3015
3018
3019
3018
3015
3015
3021
3019
3015
3015
3015
3019
3019
3017
3017
3015
3014
3014
3011
3011
3010
3009
3009
3007
3007
3006
3005
3005
3002
2998
2996
3003
3002
3000
2999
2998
2998
2997
2993
2992
2993
2995
2996
2995
2995
2988
2989
2991
2990
2990
2987
2987
2983
2983
2986
2984
2983
2979
2979
2982
2982
2982
2981
2980
2979
2978
2978
2978
2973
2973
2975
2977
2977
2976
2976
2975
2975
2974
2975
2974
2975
2974
2975
2973
2968
2968
2968
2972
2970
2969
2969
2964
2965
2969
2968
2968
2963
2964
2968
2966
2965
2964
2962
2961
2960
2960
2959
2958
2958
2958
2957
2957
2953
2953
2957
2955
2955
2953
2953
2952
2952
2952
2952
2948
2948
2950
2953
2951
2945
2945
2950
2948
2947
2943
2943
2948
2947
2946
2946
2942
2942
2940
2945
2944
2944
2943
2943
2942
2942
2941
2940
2939
2937
2938
2937
2936
2936
2935
2934
2934
2936
2935
2931
2929
2930
2932
2931
2926
2926
2931
2930
2929
2929
2929
2929
2928
2923
2923
2924
2928
2928
2927
2926
2922
2923
2926
2926
2926
2925
2922
2921
2922
2921
2920
2919
2918
2918
2916
2915
2914
2914
2913
2913
2912
2907
2907
2913
2913
2909
2908
2911
2915
2916
2910
2912
2917
2915
2915
2914
2913
2912
2911
2910
2911
2910
2910
2913
2909
2908
2914
2914
2912
2912
2912
2912
2911
2910
2909
2908
2908
2907
2906
2906
2902
2901
2905
2902
2901
2897
2897
2902
2902
2901
2902
2898
2897
2897
2902
2901
2899
2899
2900
2899
2900
2899
2899
2899
2898
2899
2897
2897
2896
2895
2894
2895
2891
2893
2897
2898
2897
2896
2895
2890
2890
2893
2891
2890
2884
2884
2887
2886
2885
2884
2884
2880
2880
2883
2881
2880
2879
2877
2877
2876
2875
2873
2872
2871
2870
2870
2870
2868
2868
2868
2868
2867
2868
2867
2866
2866
2867
2866
2867
2867
2862
2862
2861
2865
2863
2858
2859
2863
2863
2862
2861
2860
2856
2855
2859
2858
2857
2853
2853
2856
2856
2855
2855
2851
2850
2850
2855
2855
2853
2853
2852
2851
2850
2849
2848
2848
2849
2849
2849
2847
2843
2844
2847
2847
2847
2846
2845
2844
2844
2840
2838
2844
2844
2838
2838
2839
2842
2841
2840
2840
2839
2837
2838
2839
2838
2837
2839
2838
2838
2834
2833
2835
2839
2838
2837
2836
2836
2836
2837
2832
2833
2837
2837
2831
2831
2832
2835
2833
2833
2832
2827
2828
2831
2831
2831
2831
2830
2829
2828
2827
2827
2826
2826
2825
2825
2826
2826
2826
2827
2827
2827
2826
2827
2821
2821
2826
2826
2827
2821
2821
2825
2823
2823
2823
2822
2819
2820
2825
2822
2822
2822
2822
2820
2819
2816
2817
2821
2820
2818
2817
2818
2818
2817
2816
2817
2817
2817
2818
2817
2816
2812
2813
2817
2814
2814
2814
2814
2813
2813
2809
2809
2812
2814
2814
2814
2813
2812
2812
2813
2812
2812
2808
2808
2813
2812
2812
2812
2812
2808
2807
2813
2810
2809
2809
2805
2804
2805
2808
2808
2804
2803
2808
2808
2806
2806
2805
2805
2805
2800
2801
2802
2804
2803
2802
2802
2801
2801
2800
2801
2799
2795
2795
2799
2799
2798
2796
2796
2794
2794
2794
2794
2795
2795
2795
2795
2795
2792
2792
2797
2795
2792
2792
2791
2795
2794
2793
2793
2789
2789
2790
2793
2793
2792
2792
2791
2791
2791
2791
2792
2792
2792
2792
2791
2788
2789
2790
2794
2794
2794
2793
2791
2790
2789
2785
2786
2790
2789
2784
2784
2785
2789
2790
2785
2786
2792
2792
2792
2793
2794
2791
2793
2799
2798
2799
2799
2798
2800
2799
2798
2798
2799
2797
2796
2796
2793
2793
2792
2792
2791
2790
2788
2788
2782
2784
2788
2785
2785
2784
2783
2782
2781
2780
2778
2778
2779
2781
2780
2780
2775
2776
2781
2780
2776
2776
2778
2783
2783
2783
2781
2781
2781
2780
2777
2777
2781
2779
2778
2779
2779
2776
2777
2782
2781
2779
2779
2777
2777
2778
2773
2773
2778
2777
2774
2775
2776
2774
2776
2772
2774
2778
2778
2776
2776
2776
2775
2775
2776
2775
2775
2775
2774
2773
2772
2771
2770
2764
2764
2765
2770
2768
2764
2765
2771
2769
2768
2769
2768
2768
2767
2762
2762
2766
2765
2765
2765
2765
2762
2763
2768
2765
2764
2764
2764
2764
2764
2763
2761
2761
2761
2760
2759
2758
2753
2754
2757
2758
2757
2753
2753
2757
2756
2756
2756
2757
2752
2752
2758
2758
2758
2757
2757
2757
2758
2757
2756
2756
2755
2753
2752
2753
2758
2756
2754
2753
2752
2750
2751
2750
2749
2746
2745
2750
2749
2749
2748
2748
2748
2747
2748
2749
2750
2750
2750
2750
2751
2750
2751
2750
2750
2749
2747
2748
2754
2753
2752
2752
2752
2748
2748
2751
2750
2745
2744
2747
2747
2747
2746
2745
2740
2740
2743
2743
2741
2740
2739
2739
2738
2738
2739
2740
2740
2740
2739
2740
2736
2738
2740
2741
2739
2741
2740
2739
2738
2737
2736
2737
2732
2733
2738
2738
2736
2736
2736
2736
2737
2733
2734
2738
2738
2734
2733
2736
2739
2739
2734
2734
2738
2737
2737
2738
2736
2736
2735
2735
2734
2734
2730
2731
2734
2732
2731
2730
2731
2731
2729
2724
2725
2729
2728
2728
2727
2726
2724
2724
2723
2722
2723
2723
2723
2723
2721
2721
2721
2717
2718
2723
2725
2724
2723
2724
2724
2724
2718
2720
2723
2730
2730
2732
2732
2728
2727
2730
2734
2733
2733
2735
2730
2731
2735
2736
2736
2735
2735
2735
2735
2735
2735
2733
2733
2732
2732
2731
2731
2730
2730
2730
2729
2729
2729
2726
2726
2730
2732
2730
2729
2728
2725
2726
2731
2730
2726
2726
2725
2724
2726
2721
2721
2722
2723
2722
2718
2719
2723
2721
2720
2719
2719
2718
2718
2713
2714
2718
2717
2716
2712
2712
2718
2717
2718
2718
2719
2718
2719
2720
2721
2721
2720
2716
2715
2716
2719
2719
2718
2718
2713
2714
2714
2718
2716
2715
2714
2715
2714
2714
2715
2715
2715
2714
2714
2713
2713
2714
2713
2712
2711
2707
2707
2712
2710
2711
2711
2714
2714
2714
2710
2712
2712
2715
2714
2712
2714
2720
2719
2718
2719
2720
2717
2719
2723
2721
2719
2719
2719
2714
2713
2718
2716
2715
2714
2713
2713
2712
2712
2710
2710
2709
2708
2709
2708
2708
2709
2710
2709
2707
2707
2708
2711
2711
2707
2706
2713
2714
2713
2713
2712
2709
2709
2715
2714
2712
2710
2708
2704
2705
2708
2706
2706
2704
2703
2702
2703
2704
2704
2703
2702
2701
2703
2704
2700
2701
2705
2703
2702
2701
2701
2705
2703
2697
2698
2701
2700
2700
2699
2699
2694
2695
2699
2698
2698
2696
2696
2695
2693
2693
2693
2694
2694
2694
2693
2693
2694
2694
2695
2695
2694
2693
2693
2693
2694
2693
2693
2691
2687
2687
2691
2690
2687
2687
2691
2689
2689
2690
2689
2686
2687
2692
2693
2692
2689
2691
2693
2692
2693
2693
2692
2693
2693
2689
2690
2694
2693
2693
2692
2693
2691
2690
2688
2688
2687
2687
2688
2686
2686
2685
2684
2680
2682
2682
2686
2684
2685
2685
2685
2685
2681
2682
2683
2687
2686
2687
2686
2682
2683
2683
2688
2686
2687
2686
2685
2685
2684
2684
2684
2681
2682
2686
2685
2684
2684
2684
2680
2681
2685
2685
2685
2686
2686
2687
2684
2685
2687
2687
2688
2688
2685
2685
2688
2687
2681
2681
2685
2686
2685
2683
2682
2681
2681
2681
2682
2681
2677
2677
2681
2679
2680
2681
2680
2682
2681
2682
2683
2683
2683
2684
2685
2686
2689
2690
2684
2687
2693
2693
2693
2691
2692
2696
2696
2690
2691
2692
2696
2694
2692
2691
2689
2688
2686
2684
2684
2683
2681
2681
2680
2681
2681
2681
2676
2675
2679
2677
2677
2677
2676
2676
2675
2670
2669
2674
2674
2674
2673
2671
2672
2670
2667
2667
2672
2670
2668
2668
2669
2665
2666
2671
2670
2668
2669
2667
2667
2668
2667
2668
2666
2665
2666
2661
2662
2667
2667
2668
2669
2670
2668
2668
2667
2667
2666
2665
2664
2666
2665
2666
2666
2661
2662
2665
2666
2666
2663
2663
2666
2666
2664
2664
2664
2664
2663
2662
2662
2658
2659
2661
2665
2666
2661
2662
2667
2666
2664
2664
2663
2659
2658
2661
2661
2661
2660
2658
2659
2658
2657
2658
2654
2654
2654
2659
2658
2658
2658
2658
2658
2658
2658
2659
2659
2660
2654
2654
2659
2659
2659
2656
2658
2661
2661
2661
2661
2663
2660
2663
2668
2669
2668
2668
2667
2666
2665
2664
2664
2665
2664
2659
2659
2661
2665
2664
2662
2663
2663
2664
2664
2664
2663
2662
2663
2663
2662
2660
2659
2659
2659
2659
2658
2657
2652
2653
2652
2656
2655
2655
2655
2655
2655
2655
2656
2655
2656
2654
2657
2659
2661
2662
2664
2661
2661
2664
2665
2665
2664
2664
2663
2664
2658
2658
2663
2662
2662
2658
2659
2664
2663
2659
2661
2662
2665
2665
2665
2665
2662
2663
2669
2670
2672
2669
2672
2680
2681
2683
2687
2690
2695
2700
2699
2704
2715
2718
2719
2722
2728
2738
2743
2743
2748
2756
2761
2765
2766
2770
2780
2785
2788
2792
2796
2799
2803
2806
2809
2813
2816
2819
2821
2824
2826
2828
2829
2831
2829
