3188
3188
3188
3184
3183
3187
3184
3182
3179
3177
3174
3173
3171
3168
3165
3161
3157
3159
3155
3151
3149
3143
3138
3136
3139
3136
3133
3129
3121
3118
3117
3120
3115
3113
3111
3109
3107
3105
3102
3100
3099
3095
3094
3089
3086
3085
3082
3085
3083
3080
3079
3073
3072
3070
3073
3071
3067
3067
3061
3062
3061
3063
3059
3057
3055
3053
3051
3049
3048
3045
3044
3043
3037
3038
3042
3041
3038
3038
3034
3034
3034
3033
3032
3030
3025
3027
3029
3028
3027
3026
3021
3020
3020
3023
3021
3020
3021
3015
3016
3015
3021
3019
3019
3019
3019
3018
3018
3020
3019
3019
3019
3019
3018
3018
3018
3017
3014
3013
3016
3015
3014
3013
3013
3007
3008
3010
3009
3008
3007
3006
3006
3006
3005
3003
3003
3003
2999
2999
3000
3004
3003
3002
3002
3001
3001
2999
2995
2995
2999
2997
2995
2995
2992
2990
2989
2993
2992
2991
2988
2988
2990
2989
2988
2987
2982
2982
2987
2986
2986
2985
2985
2981
2981
2987
2985
2984
2985
2985
2986
2986
2981
2983
2988
2988
2988
2989
2988
2983
2985
2989
2988
2987
2984
2984
2983
2982
2977
2977
2978
2980
2980
2978
2979
2974
2975
2979
2979
2978
2977
2975
2974
2974
2974
2974
2974
2974
2975
2974
2973
2968
2971
2973
2976
2975
2973
2973
2974
2972
2972
2972
2972
2972
2974
2973
2974
2969
2970
2969
2975
2974
2973
2974
2970
2971
2972
2975
2976
2974
2974
2974
2973
2973
2973
2972
2968
2968
2973
2971
2970
2969
2969
2969
2970
2966
2966
2971
2972
2972
2973
2975
2977
2978
2980
2979
2978
2979
2978
2972
2973
2978
2977
2971
2974
2974
2977
2975
2975
2974
2969
2970
2971
2973
2973
2972
2974
2973
2973
2973
2973
2973
2974
2974
2974
2977
2974
2976
2979
2984
2984
2981
2982
2988
2986
2985
2984
2983
2981
2978
2979
2978
2978
2978
2979
2975
2977
2980
2980
2981
2982
2982
2983
2984
2980
2982
2987
2988
2987
2985
2986
2991
2990
2989
2990
2985
2985
2987
2992
2992
2994
2995
2995
2996
2997
2999
3001
2997
2998
3004
3004
3004
3004
3006
3001
3003
3009
3009
3008
3010
3010
3011
3012
3012
3013
3014
3017
3018
3017
3019
3026
3026
3028
3030
3032
3034
3035
3036
3037
3039
3041
3042
3043
3044
3046
3047
3043
3046
3050
3053
3054
3055
3057
3055
3059
3067
3068
3070
3071
3074
3079
3082
3080
3083
3090
3091
3093
3092
3095
3102
3103
3105
3108
3110
3113
3115
3117
3122
3126
3130
3134
3137
3141
3145
3147
3151
3155
3158
3161
3164
3167
3172
3176
3180
3178
3186
3190
3199
3202
3206
3211
3212
3217
3223
3229
3233
3233
3237
3246
3249
3252
3256
3259
3263
3269
3267
3274
3283
3287
3291
3295
3298
3302
3307
3306
3314
3322
3328
3332
3337
3343
3348
3355
3355
3362
3367
3376
3382
3386
3389
3393
3399
3403
3409
3413
3418
3423
3422
3430
3439
3445
3449
3457
3463
3469
3477
3482
3491
3497
3503
3510
3513
3522
3534
3541
3548
3550
3557
3568
3575
3582
3590
3596
3600
3608
3620
3626
3628
3637
3647
3653
3660
3668
3675
3682
3689
3697
3706
3711
3718
3725
3731
3739
3741
3747
3758
3770
3775
3782
3788
3797
3808
3809
3816
3827
3839
3845
3845
3857
3872
3877
3885
3889
3896
3906
3914
3920
3925
3932
3936
3944
3948
3953
3960
3966
3970
3978
3983
3990
3995
4001
4008
4017
4021
4028
4033
4041
4051
4060
4063
4070
4082
4091
4099
4107
4114
4123
4129
4140
4145
4156
4163
4173
4174
4186
4200
4206
4216
4220
4231
4245
4251
4256
4266
4276
4289
4296
4300
4314
4325
4333
4341
4348
4360
4366
4376
4385
4393
4401
4413
4422
4432
4443
4451
4463
4466
4475
4487
4500
4507
4516
4525
4529
4538
4549
4559
4564
4568
4576
4588
4592
4599
4606
4611
4621
4628
4634
4642
4649
4657
4664
4670
4676
4684
4691
4696
4705
4711
4717
4723
4727
4735
4744
4753
4750
4758
4767
4778
4784
4785
4792
4801
4811
4820
4828
4834
4842
4849
4858
4862
4873
4879
4884
4890
4894
4901
4905
4908
4913
4915
4921
4926
4930
4934
4942
4945
4951
4958
4963
4970
4974
4975
4980
4994
4998
5004
5009
5017
5023
5032
5040
5045
5055
5057
5064
5078
5085
5089
5096
5101
5102
5106
5114
5119
5118
5124
5136
5140
5147
5149
5154
5169
5173
5172
5179
5187
5195
5196
5203
5205
5207
5213
5217
5218
5224
5225
5228
5241
5245
5248
5252
5256
5255
5259
5267
5268
5272
5275
5275
5281
5284
5284
5288
5295
5298
5301
5306
5313
5317
5319
5322
5324
5319
5324
5326
5335
5336
5335
5342
5353
5356
5359
5359
5366
5376
5376
5379
5384
5387
5389
5392
5388
5388
5392
5389
5390
5386
5382
5382
5383
5385
5388
5391
5391
5389
5393
5395
5396
5399
5398
5405
5409
5417
5419
5424
5428
5430
5438
5433
5436
5443
5453
5455
5456
5463
5467
5470
5473
5481
5488
5487
5491
5504
5508
5508
5511
5515
5517
5517
5513
5516
5525
5522
5522
5519
5520
5526
5522
5523
5523
5521
5522
5522
5521
5519
5518
5518
5516
5513
5512
5506
5504
5508
5505
5500
5496
5498
5502
5500
5498
5495
5487
5491
5493
5498
5498
5496
5498
5498
5500
5500
5503
5503
5506
5508
5510
5513
5513
5517
5520
5522
5524
5522
5526
5539
5540
5541
5545
5543
5541
5544
5549
5544
5542
5538
5533
5538
5537
5535
5533
5525
5524
5522
5527
5524
5524
5522
5523
5521
5520
5522
5525
5525
5523
5525
5525
5525
5521
5522
5525
5523
5515
5516
5523
5522
5522
5518
5521
5520
5523
5523
5522
5522
5522
5520
5515
5512
5510
5508
5508
5503
5504
5507
5504
5496
5498
5503
5502
5502
5498
5500
5507
5503
5502
5505
5506
5501
5501
5506
5506
5507
5506
5504
5500
5500
5507
5504
5499
5500
5505
5502
5500
5499
5498
5492
5487
5493
5492
5489
5483
5480
5483
5480
5479
5479
5479
5476
5476
5475
5475
5477
5475
5474
5472
5473
5473
5469
5467
5466
5464
5460
5454
5450
5448
5447
5442
5438
5438
5436
5437
5433
5430
5431
5430
5426
5427
5426
5424
5427
5428
5420
5420
5423
5419
5418
5413
5410
5411
5408
5398
5400
5402
5403
5401
5397
5397
5402
5400
5393
5393
5393
5393
5388
5388
5389
5385
5382
5381
5378
5376
5371
5367
5365
5360
5356
5354
5351
5346
5345
5338
5335
5337
5334
5330
5324
5323
5327
5323
5322
5321
5319
5314
5310
5307
5305
5303
5296
5292
5287
5286
5278
5276
5282
5277
5268
5267
5266
5272
5271
5270
5268
5264
5262
5261
5260
5255
5251
5249
5244
5246
5245
5245
5243
5242
5238
5235
5233
5229
5224
5224
5217
5217
5221
5215
5212
5212
5207
5205
5198
5190
5190
5191
5184
5179
5175
5171
5176
5171
5169
5165
5162
5158
5154
5153
5150
5147
5147
5145
5146
5145
5136
5133
5137
5136
5134
5131
5128
5128
5127
5126
5126
5117
5119
5121
5118
5114
5112
5111
5107
5102
5098
5098
5096
5086
5086
5087
5082
5081
5079
5073
5069
5063
5061
5058
5056
5052
5050
5048
5046
5039
5037
5040
5039
5027
5025
5022
5024
5017
5007
5005
5009
5002
4994
4985
4985
4987
4982
4970
4965
4969
4965
4962
4956
4952
4951
4948
4945
4940
4938
4938
4937
4932
4930
4926
4925
4925
4923
4921
4914
4914
4920
4918
4916
4913
4910
4902
4901
4904
4900
4892
4889
4888
4891
4884
4874
4873
4879
4876
4873
4869
4865
4863
4863
4860
4857
4854
4851
4846
4842
4837
4832
4827
4825
4822
4818
4813
4810
4806
4803
4809
4803
4797
4795
4793
4795
4791
4790
4785
4781
4778
4774
4772
4770
4767
4762
4759
4756
4756
4755
4753
4748
4749
4742
4743
4743
4742
4741
4734
4735
4739
4735
4724
4721
4717
4720
4717
4715
4711
4701
4698
4693
4695
4692
4689
4682
4679
4676
4672
4668
4662
4659
4655
4649
4648
4651
4645
4641
4640
4637
4632
4629
4628
4628
4625
4622
4619
4618
4617
4608
4605
4608
4607
4599
4596
4589
4585
4583
4572
4569
4564
4567
4564
4561
4557
4547
4546
4544
4548
4543
4539
4536
4534
4530
4526
4524
4518
4510
4508
4510
4505
4495
4492
4492
4493
4488
4476
4475
4479
4473
4469
4465
4462
4458
4455
4451
4449
4446
4441
4439
4441
4437
4435
4431
4427
4426
4424
4424
4419
4416
4413
4410
4408
4408
4400
4398
4403
4401
4397
4393
4390
4388
4385
4377
4375
4379
4377
4373
4368
4367
4359
4358
4359
4352
4351
4348
4348
4344
4341
4333
4334
4338
4334
4329
4330
4327
4324
4321
4322
4319
4317
4314
4314
4309
4308
4312
4306
4300
4301
4300
4301
4297
4295
4292
4287
4285
4283
4279
4278
4280
4276
4272
4270
4266
4264
4261
4259
4258
4252
4250
4254
4253
4253
4253
4248
4243
4241
4245
4242
4239
4235
4231
4229
4226
4225
4223
4215
4213
4213
4217
4215
4204
4202
4205
4203
4200
4196
4193
4191
4191
4187
4183
4177
4178
4176
4173
4172
4164
4163
4168
4164
4162
4162
4159
4154
4153
4146
4145
4141
4143
4141
4133
4132
4135
4133
4129
4125
4124
4122
4120
4118
4117
4114
4110
4109
4109
4105
4102
4101
4103
4100
4097
4092
4094
4098
4095
4087
4087
4089
4090
4086
4079
4078
4083
4078
4075
4072
4069
4067
4065
4063
4058
4058
4057
4054
4055
4054
4050
4047
4047
4044
4041
4042
4040
4036
4034
4027
4027
4028
4024
4023
4016
4012
4016
4013
4012
4011
4009
4003
4002
4004
4002
4002
4001
4000
3998
3999
3996
3993
3992
3988
3983
3982
3979
3983
3983
3973
3974
3981
3977
3974
3973
3972
3968
3968
3965
3964
3960
3960
3958
3954
3952
3951
3948
3949
3946
3944
3939
3937
3941
3940
3930
3932
3932
3933
3934
3931
3926
3921
3919
3920
3919
3918
3915
3913
3910
3909
3906
3902
3902
3899
3895
3896
3894
3888
3888
3885
3890
3888
3880
3879
3884
3881
3881
3881
3881
3876
3879
3882
3878
3876
3872
3871
3872
3867
3867
3865
3861
3860
3859
3854
3853
3847
3846
3851
3848
3845
3842
3841
3836
3836
3840
3839
3829
3830
3829
3831
3831
3827
3824
3824
3819
3820
3818
3813
3815
3812
3806
3807
3809
3811
3810
3811
3807
3808
3807
3806
3801
3801
3799
3795
3796
3791
3790
3788
3786
3779
3777
3780
3779
3769
3769
3773
3773
3771
3773
3769
3767
3769
3763
3763
3763
3768
3769
3766
3764
3758
3758
3754
3757
3755
3753
3751
3747
3748
3747
3744
3744
3742
3741
3740
3739
3738
3738
3735
3735
3734
3730
3731
3724
3722
3722
3724
3723
3721
3720
3717
3716
3715
3715
3709
3710
3711
3707
3705
3700
3700
3699
3701
3703
3694
3693
3699
3696
3693
3689
3688
3692
3689
3683
3681
3683
3686
3683
3682
3682
3675
3676
3683
3680
3676
3675
3673
3670
3670
3668
3666
3665
3663
3663
3661
3663
3659
3661
3657
3653
3654
3654
3653
3654
3651
3646
3646
3645
3649
3648
3647
3647
3643
3643
3643
3642
3639
3637
3637
3634
3633
3631
3630
3629
3631
3630
3622
3621
3625
3620
3618
3615
3617
3609
3607
3615
3613
3609
3610
3607
3599
3600
3605
3600
3600
3598
3595
3594
3593
3590
3591
3587
3587
3586
3585
3583
3584
3582
3575
3578
3578
3580
3578
3572
3572
3578
3576
3572
3572
3572
3565
3564
3570
3569
3564
3565
3566
3564
3566
3560
3561
3569
3568
3565
3567
3565
3563
3563
3560
3558
3556
3556
3553
3554
3553
3551
3550
3545
3543
3544
3546
3545
3546
3543
3534
3537
3535
3536
3536
3529
3527
3534
3531
3526
3526
3524
3519
3520
3519
3518
3523
3519
3519
3521
3519
3521
3522
3520
3523
3520
3520
3521
3520
3518
3517
3516
3513
3514
3509
3510
3509
3506
3505
3504
3502
3499
3496
3495
3498
3498
3497
3495
3496
3492
3490
3491
3490
3488
3488
3485
3481
3482
3487
3484
3483
3484
3475
3476
3477
3480
3477
3472
3471
3477
3475
3473
3471
3471
3464
3462
3467
3467
3464
3462
3463
3465
3465
3465
3463
3464
3464
3463
3458
3459
3466
3466
3461
3462
3462
3457
3457
3461
3459
3458
3456
3454
3452
3451
3450
3448
3445
3445
3443
3441
3439
3439
3439
3437
3435
3428
3430
3430
3435
3433
3431
3431
3433
3435
3435
3434
3435
3435
3434
3431
3431
3431
3429
3429
3420
3419
3422
3421
3416
3418
3416
3421
3420
3414
3415
3421
3419
3417
3414
3414
3420
3418
3415
3414
3414
3412
3409
3407
3405
3399
3400
3407
3406
3405
3400
3401
3405
3405
3403
3405
3404
3402
3401
3395
3395
3400
3398
3397
3395
3393
3392
3392
3391
3390
3388
3388
3387
3381
3382
3386
3384
3376
3377
3378
3380
3380
3375
3376
3380
3377
3375
3373
3373
3374
3371
3369
3369
3369
3367
3366
3365
3365
3366
3365
3359
3359
3360
3364
3363
3364
3362
3361
3361
3361
3362
3361
3357
3358
3361
3360
3355
3356
3357
3361
3360
3357
3357
3351
3353
3356
3358
3356
3353
3352
3351
3350
3349
3348
3345
3345
3347
3349
3351
3345
3345
3344
3347
3344
3344
3344
3336
3337
3339
3341
3339
3339
3336
3336
3334
3335
3334
3335
3330
3330
3334
3330
3331
3332
3331
3329
3326
3321
3321
3326
3325
3325
3325
3324
3323
3321
3321
3321
3316
3313
3315
3320
3319
3319
3318
3317
3316
3316
3313
3313
3319
3316
3316
3313
3312
3311
3311
3310
3309
3303
3305
3310
3310
3307
3308
3307
3308
3308
3308
3308
3308
3309
3307
3307
3308
3309
3309
3306
3303
3303
3307
3307
3302
3304
3308
3307
3305
3299
3297
3301
3300
3294
3294
3292
3295
3293
3290
3289
3287
3286
3287
3285
3285
3284
3283
3281
3282
3282
3282
3281
3280
3278
3272
3270
3280
3279
3278
3279
3276
3272
3273
3278
3276
3276
3275
3273
3272
3271
3272
3271
3267
3268
3267
3270
3268
3268
3268
3271
3271
3269
3264
3267
3274
3276
3277
3276
3275
3274
3272
3272
3271
3268
3265
3262
3263
3264
3262
3262
3256
3256
3260
3259
3259
3254
3253
3258
3256
3254
3251
3250
3247
3247
3252
3251
3244
3245
3249
3246
3247
3247
3247
3245
3244
3243
3243
3244
3244
3246
3247
3246
3246
3246
3245
3245
3246
3251
3251
3246
3245
3249
3246
3245
3243
3242
3244
3243
3243
3243
3242
3241
3239
3238
3240
3235
3236
3237
3241
3237
3236
3235
3233
3233
3228
3227
3228
3232
3230
3228
3228
3227
3228
3229
3228
3229
3228
3227
3228
3227
3223
3219
3221
3225
3223
3217
3217
3221
3222
3222
3222
3221
3221
3221
3221
3220
3218
3216
3217
3223
3220
3211
3212
3214
3213
3212
3209
3210
3210
3208
3206
3204
3205
3205
3203
3203
3201
3199
3199
3199
3194
3195
3200
3197
3190
3191
3194
3196
3196
3191
3192
3197
3196
3191
3190
3189
3192
3191
3192
3191
3192
3192
3191
3193
3191
3191
3189
3188
3189
3188
3189
3187
3188
3188
3185
3186
3186
3187
3188
3185
3185
3190
3189
3191
3190
3188
3187
3186
3183
3186
3192
3190
3186
3184
3184
3190
3190
3185
3186
3191
3190
3192
3193
3192
3190
3189
3190
3191
3190
3190
3189
3187
3187
3182
3181
3184
3185
3184
3178
3178
3182
3179
3178
3178
3178
3180
3180
3179
3179
3180
3180
3180
3181
3180
3174
3175
3180
3179
3179
3176
3175
3174
3171
3173
3172
3172
3170
3169
3167
3167
3161
3161
3166
3162
3164
3163
3162
3161
3161
3158
3159
3160
3161
3159
3159
3158
3159
3158
3157
3155
3156
3153
3155
3158
3157
3152
3155
3156
3161
3161
3156
3157
3162
3161
3161
3161
3160
3159
3159
3154
3156
3161
3160
3155
3154
3156
3154
3152
3145
3146
3146
3150
3148
3145
3146
3147
3146
3145
3144
3143
3141
3143
3148
3147
3147
3148
3147
3148
3148
3144
3143
3148
3147
3145
3143
3144
3145
3145
3140
3140
3143
3146
3146
3144
3143
3142
3139
3134
3135
3137
3140
3139
3136
3134
3135
3135
3134
3128
3128
3132
3132
3131
3131
3132
3134
3136
3138
3140
3140
3142
3143
3143
3141
3142
3140
3135
3134
3138
3135
3134
3132
3133
3129
3128
3133
3131
3128
3129
3127
3122
3122
3127
3125
3124
3123
3123
3124
3125
3127
3126
3125
3124
3124
3117
3118
3122
3124
3122
3122
3119
3117
3118
3125
3125
3125
3125
3121
3122
3124
3130
3128
3122
3124
3130
3128
3127
3127
3127
3121
3121
3127
3126
3125
3124
3123
3123
3121
3120
3118
3117
3117
3116
3115
3113
3106
3108
3114
3112
3112
3108
3108
3112
3112
3112
3110
3110
3109
3109
3111
3111
3111
3110
3108
3111
3111
3110
3108
3103
3104
3109
3107
3106
3106
3106
3106
3104
3097
3099
3100
3102
3101
3100
3099
3098
3099
3098
3097
3096
3096
3095
3094
3097
3097
3095
3095
3091
3093
3100
3100
3094
3097
3099
3100
3099
3100
3100
3096
3096
3100
3098
3098
3096
3096
3092
3091
3096
3093
3092
3092
3093
3093
3094
3092
3091
3088
3086
3087
3091
3091
3089
3088
3083
3083
3085
3089
3091
3089
3089
3091
3089
3091
3091
3093
3092
3091
3089
3091
3090
3087
3086
3089
3088
3083
3085
3088
3087
3084
3085
3085
3085
3085
3084
3082
3083
3079
3079
3083
3082
3077
3078
3079
3082
3080
3079
3078
3076
3076
3075
3074
3074
3074
3073
3073
3072
3071
3071
3071
3069
3069
3074
3072
3068
3069
3070
3072
3073
3068
3068
3072
3072
3071
3069
3071
3072
3072
3073
3073
3073
3073
3071
3065
3067
3071
3070
3069
3068
3067
3065
3066
3066
3066
3065
3066
3066
3066
3067
3062
3063
3068
3069
3064
3067
3066
3069
3068
3066
3065
3063
3063
3063
3063
3063
3063
3063
3059
3060
3065
3066
3066
3064
3063
3064
3065
3061
3061
3061
3065
3065
3065
3065
3066
3065
3066
3067
3068
3068
3069
3063
3063
3068
3067
3065
3060
3060
3063
3062
3059
3059
3057
3057
3057
3052
3052
3060
3061
3062
3063
3064
3065
3067
3067
3067
3066
3065
3066
3060
3062
3066
3066
3059
3059
3057
3064
3063
3062
3062
3058
3060
3062
3064
3063
3062
3062
3060
3059
3057
3055
3053
3052
3051
3052
3051
3051
3049
3049
3050
3051
3048
3050
3055
3052
3052
3052
3053
3051
3054
3061
3060
3056
3056
3055
3059
3057
3056
3059
3056
3061
3062
3066
3065
3065
3067
3067
3068
3069
3067
3067
3065
3062
3062
3061
3060
3060
3058
3053
3051
3053
3052
3046
3045
3044
3048
3047
3045
3044
3044
3044
3043
3043
3043
3036
3037
3044
3043
3038
3039
3038
3042
3042
3040
3039
3037
3036
3037
3038
3036
3033
3035
3029
3030
3031
3034
3034
3032
3034
3032
3032
3033
3032
3033
3029
3031
3034
3033
3034
3034
3032
3034
3034
3033
3033
3033
3033
3033
3034
3035
3029
3027
3033
3032
3025
3026
3027
3031
3029
3027
3026
3031
3030
3030
3023
3024
3030
3026
3026
3027
3027
3024
3025
3025
3024
3020
3021
3023
3023
3024
3024
3024
3024
3024
3021
3022
3024
3021
3023
3022
3023
3029
3029
3031
3030
3030
3026
3027
3031
3029
3031
3029
3028
3029
3029
3029
3028
3029
3029
3027
3026
3028
3025
3024
3020
3020
3021
3021
3023
3018
3018
3022
3023
3016
3019
3021
3027
3028
3021
3022
3028
3028
3025
3025
3026
3026
3026
3029
3028
3028
3030
3028
3027
3028
3026
3025
3027
3026
3024
3026
3027
3027
3029
3030
3028
3026
3027
3026
3020
3020
3025
3022
3019
3015
3016
3019
3017
3018
3017
3009
3010
3011
3013
3012
3012
3011
3011
3011
3011
3011
3011
3006
3007
3012
3010
3008
3007
3007
3010
3012
3012
3010
3012
3012
3011
3012
3012
3007
3007
3014
3013
3012
3011
3010
3010
3011
3008
3008
3008
3004
3004
3009
3006
3005
3004
3000
3001
3003
3005
3006
3006
3005
3006
3004
3004
3002
3001
3004
3002
3003
3002
3001
3003
3002
3001
3004
3000
3003
3010
3009
3011
3006
3006
3008
3008
3006
3006
3006
3001
3001
3004
3003
2998
2999
3000
3002
3003
2999
2999
3002
2999
2995
2996
2996
3002
3001
2999
2999
2999
2997
2999
2994
2994
2998
2998
2998
2997
2996
2995
2995
2995
2996
2993
2994
2995
2994
2995
2990
2990
2996
2993
2990
2990
2989
2995
2992
2993
2992
2992
2992
2992
2995
2995
2996
2998
2999
3001
2999
2999
3002
3009
3007
3009
3008
3010
3007
3007
3003
3001
3008
3007
3001
3001
3003
3005
3005
3004
3003
3000
2999
3003
3002
3003
3003
3001
3002
2999
2999
2998
2996
2997
2994
2993
2994
2993
2992
2990
2986
2988
2990
2991
2985
2985
2990
2987
2989
2986
2988
2986
2987
2985
2986
2985
2986
2989
2990
2992
2987
2989
2990
2992
2992
2988
2988
2990
2991
2988
2988
2988
2987
2984
2981
2983
2987
2986
2985
2983
2984
2980
2982
2981
2981
2982
2981
2982
2978
2979
2985
2985
2982
2984
2987
2987
2990
2984
2986
2987
2987
2987
2988
2988
2985
2986
2984
2984
2981
2982
2980
2981
2979
2981
2981
2983
2983
2983
2984
2985
2985
2984
2986
2984
2984
2986
2987
2983
2985
2990
2989
2989
2988
2989
2983
2984
2992
2989
2989
2986
2986
2982
2983
2987
2985
2980
2980
2982
2987
2984
2985
2983
2985
2984
2984
2983
2982
2983
2980
2981
2979
2979
2977
2975
2976
2973
2973
2972
2971
2973
2972
2972
2973
2970
2970
2979
2977
2976
2979
2976
2973
2974
2978
2979
2978
2976
2977
2974
2975
2982
2982
2980
2982
2986
2992
2996
2995
3000
3010
3013
3018
3021
3027
3031
3039
3038
3046
3054
3061
3065
3070
3076
3076
3085
3094
3097
3104
3107
3116
3115
3120
3132
3135
3139
3144
3147
3153
3156
3158
3163
3166
3168
3170
3173
3174
3174
