2719
2719
2714
2716
2719
2718
2714
2714
2713
2716
2714
2713
2711
2708
2707
2706
2701
2699
2702
2699
2697
2696
2693
2690
2688
2685
2682
2681
2679
2677
2676
2674
2668
2667
2669
2667
2664
2662
2662
2659
2657
2654
2652
2650
2649
2646
2642
2641
2643
2640
2639
2638
2637
2636
2633
2628
2627
2629
2627
2621
2623
2621
2625
2622
2617
2616
2619
2617
2615
2614
2613
2607
2607
2612
2610
2608
2606
2605
2603
2602
2600
2599
2599
2599
2597
2596
2598
2593
2592
2596
2597
2596
2595
2593
2593
2591
2590
2590
2589
2588
2587
2587
2586
2581
2582
2585
2583
2581
2580
2578
2576
2575
2579
2577
2577
2575
2574
2573
2573
2571
2570
2571
2571
2569
2570
2570
2570
2569
2566
2567
2567
2571
2570
2571
2569
2564
2565
2567
2569
2568
2567
2566
2565
2565
2565
2563
2562
2565
2563
2563
2563
2558
2560
2560
2562
2563
2558
2558
2562
2561
2561
2559
2558
2559
2560
2559
2559
2560
2561
2561
2558
2558
2563
2563
2557
2557
2558
2563
2560
2559
2559
2560
2559
2558
2554
2553
2558
2556
2557
2558
2554
2554
2555
2559
2560
2559
2559
2559
2559
2559
2558
2558
2554
2555
2558
2558
2557
2556
2556
2557
2557
2556
2557
2558
2558
2558
2557
2557
2557
2557
2551
2552
2551
2556
2556
2549
2550
2555
2553
2551
2547
2548
2552
2551
2549
2547
2547
2546
2545
2544
2544
2540
2541
2545
2544
2542
2544
2543
2538
2538
2544
2544
2543
2545
2544
2545
2544
2540
2541
2544
2544
2545
2542
2542
2546
2544
2544
2544
2543
2545
2545
2540
2540
2546
2546
2545
2545
2544
2543
2543
2543
2543
2542
2541
2542
2541
2541
2541
2542
2541
2540
2540
2539
2540
2538
2538
2535
2534
2535
2538
2538
2538
2536
2537
2535
2536
2538
2540
2542
2543
2540
2542
2547
2547
2546
2543
2544
2547
2545
2541
2542
2542
2544
2543
2539
2538
2543
2542
2542
2540
2540
2539
2540
2539
2539
2539
2539
2538
2536
2537
2542
2541
2542
2543
2541
2542
2543
2543
2544
2540
2542
2548
2549
2549
2550
2552
2553
2553
2554
2556
2556
2553
2553
2559
2559
2559
2557
2556
2554
2555
2560
2561
2561
2560
2560
2560
2559
2558
2559
2555
2557
2563
2560
2560
2555
2556
2561
2562
2557
2558
2561
2565
2565
2565
2564
2566
2567
2568
2570
2570
2570
2571
2572
2572
2573
2573
2574
2575
2575
2576
2576
2578
2579
2579
2579
2580
2581
2582
2578
2579
2585
2587
2587
2585
2586
2591
2592
2592
2593
2594
2592
2594
2600
2600
2597
2600
2604
2608
2609
2610
2610
2612
2614
2615
2617
2617
2619
2621
2622
2624
2621
2624
2626
2632
2633
2631
2634
2641
2641
2642
2645
2647
2645
2645
2653
2654
2657
2660
2662
2661
2664
2672
2675
2679
2680
2683
2685
2688
2690
2692
2693
2695
2695
2696
2700
2705
2707
2707
2709
2708
2710
2714
2721
2723
2726
2728
2731
2735
2738
2742
2745
2743
2746
2753
2755
2757
2758
2760
2758
2761
2769
2770
2773
2776
2779
2782
2784
2787
2790
2792
2795
2799
2798
2803
2810
2813
2816
2819
2821
2822
2828
2837
2841
2844
2847
2852
2856
2858
2862
2868
2866
2870
2880
2881
2886
2889
2893
2893
2897
2907
2909
2914
2917
2922
2927
2930
2934
2937
2940
2945
2949
2953
2957
2962
2967
2966
2971
2976
2985
2987
2986
2992
2999
3004
3006
3007
3011
3021
3024
3024
3029
3039
3043
3047
3052
3056
3062
3066
3067
3073
3078
3087
3091
3096
3102
3108
3113
3116
3122
3125
3131
3135
3138
3141
3143
3149
3152
3155
3160
3164
3167
3167
3174
3182
3190
3193
3194
3200
3212
3217
3220
3225
3228
3231
3237
3242
3249
3250
3255
3259
3268
3274
3280
3286
3290
3297
3301
3307
3312
3318
3323
3327
3332
3337
3343
3350
3352
3357
3368
3373
3374
3381
3385
3395
3401
3400
3405
3415
3421
3425
3430
3434
3436
3444
3450
3453
3457
3461
3467
3476
3479
3486
3492
3490
3499
3504
3513
3518
3524
3527
3535
3539
3545
3551
3555
3555
3563
3573
3577
3581
3582
3588
3598
3603
3609
3614
3617
3623
3629
3635
3639
3644
3649
3655
3660
3664
3673
3676
3674
3680
3689
3694
3695
3699
3705
3707
3708
3713
3719
3718
3722
3727
3737
3741
3748
3749
3747
3754
3761
3767
3771
3776
3779
3783
3788
3790
3790
3798
3806
3810
3816
3818
3823
3827
3831
3838
3841
3840
3844
3856
3860
3862
3866
3870
3875
3878
3874
3881
3886
3893
3895
3898
3901
3898
3905
3913
3917
3920
3925
3929
3931
3937
3941
3944
3946
3952
3954
3958
3961
3964
3968
3967
3974
3974
3980
3983
3980
3984
3991
3992
3996
3990
3996
4001
4003
4003
4005
4008
4006
4008
4002
4004
4013
4011
4013
4013
4015
4016
4018
4019
4020
4022
4023
4027
4026
4028
4032
4034
4032
4035
4040
4044
4048
4053
4055
4053
4059
4064
4069
4074
4071
4077
4085
4087
4088
4091
4091
4090
4093
4102
4101
4101
4104
4104
4104
4104
4103
4102
4112
4110
4111
4114
4113
4117
4114
4119
4119
4121
4125
4128
4128
4130
4132
4136
4138
4140
4143
4140
4144
4151
4151
4154
4155
4156
4156
4161
4167
4169
4172
4174
4177
4176
4182
4180
4182
4188
4192
4191
4197
4196
4201
4202
4200
4203
4213
4211
4212
4210
4215
4219
4222
4222
4224
4227
4229
4231
4229
4232
4239
4241
4242
4243
4243
4248
4247
4250
4250
4253
4252
4252
4255
4256
4256
4256
4258
4256
4260
4257
4259
4259
4260
4253
4257
4261
4265
4263
4260
4260
4267
4265
4263
4265
4266
4266
4267
4263
4265
4271
4269
4266
4265
4265
4261
4262
4257
4259
4255
4256
4254
4255
4256
4252
4254
4247
4249
4250
4256
4253
4250
4250
4257
4255
4250
4248
4251
4254
4254
4253
4254
4254
4252
4252
4253
4254
4255
4254
4248
4249
4252
4255
4253
4253
4251
4247
4247
4252
4250
4250
4242
4241
4249
4245
4239
4240
4240
4245
4242
4237
4238
4245
4242
4243
4241
4242
4242
4243
4242
4242
4243
4243
4243
4245
4245
4247
4246
4242
4243
4246
4253
4252
4252
4250
4251
4247
4248
4244
4244
4244
4240
4239
4237
4235
4232
4233
4228
4228
4224
4224
4220
4220
4217
4217
4214
4207
4204
4211
4206
4207
4201
4200
4198
4201
4200
4200
4191
4195
4193
4200
4199
4194
4193
4201
4199
4199
4192
4193
4196
4197
4194
4196
4194
4191
4189
4196
4194
4195
4194
4195
4193
4197
4187
4189
4194
4191
4186
4184
4184
4185
4185
4182
4182
4182
4179
4178
4171
4171
4174
4172
4166
4165
4170
4169
4165
4164
4163
4163
4160
4162
4157
4158
4154
4157
4152
4155
4152
4153
4149
4151
4148
4149
4147
4146
4144
4144
4143
4141
4135
4135
4137
4136
4133
4134
4132
4133
4129
4123
4121
4130
4125
4124
4118
4119
4120
4121
4111
4110
4115
4113
4110
4106
4105
4103
4100
4098
4096
4094
4091
4089
4086
4086
4083
4083
4078
4075
4071
4077
4074
4072
4068
4069
4064
4064
4061
4063
4053
4053
4054
4053
4049
4045
4042
4047
4042
4042
4040
4038
4037
4035
4029
4027
4032
4028
4023
4020
4018
4021
4019
4014
4011
4003
4002
4001
4004
3999
3998
3996
3995
3990
3988
3984
3983
3980
3980
3971
3971
3973
3971
3968
3964
3962
3956
3956
3951
3950
3946
3944
3941
3939
3938
3929
3930
3930
3931
3928
3927
3923
3919
3917
3920
3920
3916
3916
3913
3912
3910
3904
3903
3902
3903
3902
3903
3899
3895
3895
3894
3897
3896
3893
3894
3893
3891
3891
3889
3889
3887
3886
3885
3882
3880
3881
3878
3872
3869
3873
3871
3865
3864
3861
3859
3853
3848
3847
3852
3847
3838
3838
3835
3838
3833
3832
3828
3827
3823
3823
3813
3814
3816
3814
3806
3804
3803
3803
3803
3799
3796
3789
3787
3792
3788
3788
3782
3782
3778
3778
3776
3773
3774
3772
3770
3768
3765
3766
3763
3760
3760
3757
3757
3755
3750
3752
3748
3748
3745
3740
3737
3741
3742
3734
3734
3732
3737
3733
3727
3725
3731
3727
3724
3723
3720
3719
3715
3708
3707
3711
3707
3705
3704
3702
3698
3698
3689
3692
3689
3693
3693
3689
3689
3684
3685
3681
3681
3679
3671
3671
3673
3672
3669
3670
3668
3666
3666
3662
3661
3660
3657
3655
3652
3649
3643
3640
3646
3643
3640
3638
3634
3633
3631
3623
3625
3627
3626
3623
3623
3620
3619
3617
3616
3613
3613
3610
3611
3612
3610
3605
3604
3605
3607
3603
3598
3597
3600
3595
3590
3588
3588
3589
3589
3585
3584
3578
3579
3580
3584
3583
3579
3579
3575
3575
3574
3570
3569
3567
3565
3560
3557
3561
3558
3554
3555
3551
3551
3547
3541
3540
3538
3543
3539
3534
3534
3539
3536
3532
3526
3525
3527
3527
3519
3518
3522
3519
3519
3515
3514
3513
3511
3509
3509
3506
3506
3503
3503
3501
3502
3498
3499
3497
3495
3493
3491
3492
3490
3485
3484
3483
3488
3483
3482
3481
3470
3472
3471
3473
3473
3470
3469
3462
3460
3462
3462
3460
3459
3456
3456
3455
3448
3450
3449
3453
3454
3451
3451
3443
3444
3442
3443
3442
3436
3436
3432
3432
3426
3425
3422
3424
3423
3420
3417
3417
3415
3413
3413
3409
3408
3407
3404
3404
3402
3402
3399
3393
3394
3399
3396
3394
3388
3386
3392
3390
3387
3386
3386
3383
3382
3381
3379
3377
3375
3372
3372
3373
3371
3369
3365
3364
3368
3368
3365
3364
3363
3363
3362
3356
3355
3358
3358
3354
3348
3349
3351
3350
3349
3344
3344
3342
3342
3339
3339
3332
3332
3335
3336
3334
3335
3333
3332
3332
3328
3326
3325
3324
3325
3317
3316
3319
3318
3316
3308
3308
3312
3309
3304
3302
3303
3305
3303
3300
3300
3300
3298
3296
3294
3294
3293
3292
3283
3283
3289
3284
3284
3280
3279
3278
3275
3269
3267
3269
3273
3271
3268
3268
3264
3264
3267
3265
3264
3262
3261
3257
3255
3255
3253
3251
3249
3249
3247
3246
3243
3243
3239
3236
3234
3238
3237
3231
3230
3235
3235
3231
3232
3229
3225
3225
3232
3229
3228
3227
3227
3225
3224
3225
3222
3219
3213
3214
3218
3217
3215
3214
3212
3211
3212
3206
3205
3208
3206
3206
3204
3201
3199
3198
3197
3195
3189
3189
3192
3196
3194
3192
3190
3189
3186
3183
3181
3179
3178
3175
3173
3172
3172
3170
3169
3162
3163
3164
3165
3157
3159
3160
3159
3159
3154
3151
3159
3158
3156
3157
3157
3157
3156
3154
3154
3154
3153
3150
3143
3143
3149
3146
3143
3142
3138
3135
3133
3137
3133
3133
3130
3132
3130
3128
3124
3125
3127
3126
3124
3123
3122
3121
3120
3118
3117
3116
3114
3114
3110
3109
3113
3112
3111
3110
3109
3108
3109
3104
3106
3111
3111
3110
3107
3108
3107
3106
3100
3099
3102
3101
3099
3099
3097
3092
3090
3092
3091
3089
3090
3088
3087
3086
3085
3083
3082
3082
3081
3076
3075
3078
3078
3070
3071
3074
3076
3073
3073
3072
3071
3072
3070
3071
3070
3070
3068
3062
3062
3066
3061
3062
3059
3058
3056
3055
3047
3049
3050
3051
3050
3048
3045
3040
3039
3043
3042
3042
3041
3039
3039
3037
3037
3037
3037
3032
3033
3036
3037
3035
3035
3034
3033
3031
3032
3031
3025
3025
3029
3026
3025
3024
3025
3024
3023
3018
3018
3017
3020
3018
3013
3013
3017
3015
3013
3012
3010
3007
3008
3008
3007
3007
3006
3006
3002
3002
3008
3006
3000
3002
3003
3007
3006
3000
3001
3006
3004
3003
3001
3000
2998
2999
2997
2994
2990
2991
2990
2994
2992
2991
2990
2989
2987
2987
2985
2983
2982
2982
2975
2977
2978
2980
2979
2979
2979
2977
2976
2975
2974
2974
2971
2971
2965
2965
2971
2969
2968
2963
2963
2967
2965
2964
2962
2964
2965
2963
2958
2960
2965
2964
2964
2964
2964
2964
2963
2962
2962
2961
2959
2959
2954
2952
2956
2954
2952
2951
2950
2950
2949
2949
2948
2942
2943
2946
2946
2944
2939
2938
2943
2939
2939
2938
2938
2936
2935
2930
2930
2934
2931
2930
2929
2927
2926
2926
2925
2925
2926
2925
2925
2925
2925
2924
2923
2924
2924
2923
2919
2918
2922
2920
2916
2916
2915
2917
2915
2910
2910
2915
2913
2910
2909
2909
2909
2908
2904
2905
2910
2910
2910
2909
2909
2907
2908
2905
2904
2905
2903
2902
2900
2899
2899
2899
2897
2897
2897
2896
2895
2894
2893
2893
2892
2892
2888
2888
2893
2894
2889
2893
2896
2897
2897
2896
2896
2892
2893
2895
2896
2896
2890
2890
2896
2893
2891
2890
2890
2889
2888
2887
2887
2881
2882
2882
2885
2882
2876
2875
2878
2877
2871
2870
2870
2874
2871
2871
2869
2869
2868
2866
2866
2866
2865
2865
2865
2864
2861
2859
2858
2861
2858
2853
2853
2856
2855
2854
2855
2855
2854
2854
2854
2854
2853
2852
2853
2853
2852
2851
2851
2850
2850
2849
2844
2845
2851
2849
2848
2848
2846
2841
2840
2844
2843
2842
2843
2842
2837
2837
2841
2839
2838
2839
2837
2837
2835
2835
2835
2835
2835
2831
2830
2831
2835
2835
2834
2833
2829
2828
2831
2833
2833
2832
2831
2831
2832
2832
2830
2829
2828
2827
2827
2827
2827
2826
2825
2820
2819
2823
2821
2816
2817
2815
2818
2818
2813
2813
2817
2815
2815
2814
2813
2813
2811
2812
2811
2810
2811
2812
2810
2811
2817
2817
2818
2818
2818
2815
2816
2821
2821
2819
2818
2817
2818
2817
2812
2812
2816
2815
2812
2812
2811
2810
2809
2808
2807
2807
2806
2805
2805
2805
2805
2804
2799
2799
2800
2802
2801
2800
2798
2793
2793
2798
2797
2796
2792
2791
2795
2794
2794
2793
2794
2794
2794
2795
2795
2789
2788
2791
2792
2790
2789
2788
2788
2788
2783
2783
2784
2788
2788
2788
2789
2788
2789
2788
2788
2788
2787
2786
2786
2787
2786
2786
2786
2786
2784
2779
2780
2784
2783
2781
2782
2782
2782
2782
2776
2777
2776
2778
2778
2773
2773
2777
2775
2774
2774
2773
2773
2773
2773
2772
2772
2771
2770
2765
2766
2771
2769
2763
2763
2763
2767
2766
2765
2764
2759
2759
2761
2763
2762
2760
2760
2759
2759
2755
2756
2756
2759
2757
2756
2757
2756
2755
2754
2754
2754
2754
2753
2752
2752
2751
2751
2751
2747
2747
2752
2751
2746
2745
2747
2750
2748
2743
2744
2748
2747
2747
2746
2745
2746
2745
2744
2744
2744
2746
2745
2741
2742
2746
2744
2743
2743
2743
2743
2743
2742
2743
2743
2742
2743
2742
2742
2738
2739
2745
2745
2745
2744
2744
2739
2739
2743
2741
2742
2740
2740
2737
2739
2743
2740
2740
2740
2739
2739
2739
2734
2735
2740
2739
2737
2735
2736
2740
2740
2740
2739
2740
2739
2739
2739
2738
2738
2737
2737
2737
2736
2730
2731
2734
2732
2731
2731
2731
2729
2730
2730
2729
2722
2724
2725
2726
2724
2724
2724
2720
2720
2725
2725
2723
2722
2722
2721
2721
2718
2718
2718
2717
2715
2716
2716
2715
2713
2708
2708
2710
2713
2713
2708
2709
2715
2713
2713
2710
2712
2716
2715
2715
2714
2713
2712
2711
2710
2711
2707
2707
2711
2711
2709
2708
2709
2708
2708
2708
2707
2707
2703
2703
2707
2707
2706
2705
2707
2707
2707
2704
2704
2709
2709
2708
2709
2708
2707
2709
2707
2706
2700
2700
2700
2703
2702
2702
2702
2702
2702
2700
2697
2697
2700
2699
2698
2697
2696
2697
2696
2695
2696
2692
2693
2698
2697
2698
2693
2693
2698
2697
2696
2696
2694
2694
2693
2689
2689
2694
2692
2692
2691
2691
2690
2688
2688
2689
2688
2688
2687
2683
2684
2687
2687
2681
2681
2684
2687
2687
2687
2688
2688
2688
2683
2682
2684
2687
2686
2686
2684
2684
2683
2682
2677
2678
2681
2682
2682
2681
2680
2680
2679
2675
2674
2678
2677
2677
2676
2678
2672
2673
2677
2677
2676
2675
2675
2675
2674
2674
2674
2674
2673
2672
2672
2672
2672
2671
2666
2667
2671
2669
2669
2664
2663
2668
2667
2665
2667
2666
2667
2666
2667
2668
2666
2665
2666
2667
2666
2667
2666
2661
2663
2666
2667
2665
2661
2661
2664
2662
2663
2663
2664
2665
2665
2665
2665
2666
2665
2663
2661
2662
2666
2665
2663
2662
2659
2659
2661
2666
2665
2665
2664
2659
2661
2660
2664
2664
2664
2664
2659
2660
2662
2664
2663
2663
2662
2660
2661
2660
2660
2660
2659
2658
2658
2657
2652
2653
2654
2657
2656
2651
2652
2656
2655
2654
2653
2653
2652
2652
2652
2651
2652
2651
2648
2648
2648
2648
2649
2643
2645
2647
2652
2651
2647
2650
2655
2656
2657
2657
2657
2657
2656
2658
2657
2656
2655
2654
2650
2650
2654
2653
2648
2647
2648
2653
2650
2650
2649
2648
2647
2647
2645
2645
2644
2644
2646
2645
2641
2643
2643
2647
2647
2647
2647
2643
2643
2645
2647
2646
2641
2641
2645
2644
2643
2643
2642
2641
2641
2637
2639
2643
2642
2643
2642
2640
2640
2639
2639
2640
2639
2635
2635
2638
2636
2637
2637
2637
2638
2638
2635
2636
2640
2637
2638
2637
2637
2637
2637
2637
2635
2635
2634
2633
2633
2633
2633
2632
2628
2628
2630
2632
2630
2629
2628
2628
2627
2627
2626
2626
2623
2625
2631
2631
2631
2631
2633
2633
2634
2630
2630
2633
2632
2632
2632
2631
2627
2627
2632
2630
2630
2629
2629
2629
2629
2626
2626
2632
2632
2632
2632
2632
2632
2632
2632
2632
2632
2633
2634
2630
2631
2636
2634
2630
2632
2631
2630
2629
2624
2626
2628
2625
2624
2621
2621
2624
2622
2621
2620
2620
2619
2618
2617
2617
2616
2615
2616
2616
2616
2617
2617
2614
2615
2621
2622
2620
2622
2622
2622
2624
2618
2621
2624
2625
2625
2623
2622
2617
2617
2621
2621
2620
2616
2615
2621
2620
2620
2620
2621
2619
2619
2619
2619
2618
2617
2616
2615
2615
2610
2611
2616
2614
2613
2613
2613
2612
2613
2612
2612
2607
2607
2608
2612
2611
2611
2609
2609
2609
2608
2604
2605
2607
2607
2607
2606
2605
2605
2604
2599
2601
2606
2604
2604
2604
2603
2603
2603
2600
2600
2606
2605
2605
2605
2604
2599
2599
2602
2602
2602
2601
2600
2599
2598
2596
2598
2597
2598
2597
2594
2594
2598
2598
2598
2599
2599
2599
2599
2595
2597
2603
2602
2597
2597
2597
2602
2600
2600
2600
2601
2599
2600
2600
2600
2600
2599
2599
2599
2599
2599
2598
2594
2596
2598
2597
2596
2596
2597
2594
2593
2598
2598
2593
2593
2593
2597
2596
2594
2595
2595
2595
2595
2595
2594
2594
2594
2593
2594
2592
2593
2593
2598
2597
2596
2597
2596
2596
2593
2594
2593
2588
2589
2593
2591
2591
2591
2590
2590
2589
2585
2587
2591
2591
2589
2589
2589
2589
2588
2584
2586
2588
2592
2591
2586
2587
2592
2591
2590
2589
2589
2589
2588
2587
2588
2587
2588
2586
2587
2587
2585
2585
2581
2582
2580
2585
2585
2584
2585
2581
2583
2582
2585
2583
2583
2584
2583
2584
2583
2584
2584
2580
2579
2584
2584
2579
2579
2579
2582
2582
2582
2580
2579
2579
2579
2577
2577
2577
2578
2575
2575
2578
2579
2578
2579
2580
2581
2583
2579
2580
2580
2583
2584
2582
2582
2581
2581
2580
2577
2576
2580
2579
2579
2577
2572
2572
2572
2577
2577
2576
2575
2570
2571
2574
2579
2578
2578
2579
2578
2579
2579
2580
2579
2578
2579
2578
2578
2576
2576
2576
2580
2579
2573
2573
2578
2578
2577
2577
2576
2577
2578
2579
2581
2580
2579
2581
2586
2584
2584
2584
2584
2583
2583
2582
2581
2580
2581
2579
2577
2577
2577
2576
2573
2573
2578
2578
2579
2579
2577
2574
2575
2579
2577
2574
2573
2572
2576
2576
2571
2571
2575
2573
2572
2573
2572
2571
2572
2571
2571
2571
2572
2570
2571
2570
2571
2571
2566
2567
2567
2571
2571
2571
2568
2567
2568
2568
2566
2567
2563
2565
2568
2567
2566
2567
2566
2566
2566
2562
2563
2568
2568
2568
2568
2569
2565
2565
2571
2572
2573
2568
2568
2572
2570
2572
2571
2570
2568
2567
2571
2571
2571
2571
2569
2569
2568
2569
2569
2565
2567
2571
2570
2571
2571
2572
2570
2571
2570
2572
2571
2572
2572
2572
2571
2572
2572
2572
2570
2570
2570
2570
2570
2568
2564
2565
2566
2570
2569
2565
2565
2569
2567
2564
2559
2560
2563
2561
2561
2561
2555
2554
2554
2559
2559
2555
2556
2562
2560
2560
2556
2557
2562
2561
2561
2561
2560
2560
2561
2561
2559
2558
2559
2559
2559
2558
2558
2558
2559
2559
2556
2557
2556
2557
2556
2556
2556
2557
2556
2554
2552
2552
2557
2557
2552
2553
2557
2558
2559
2556
2556
2561
2559
2558
2559
2559
2558
2558
2557
2556
2556
2555
2552
2551
2551
2556
2555
2553
2552
2551
2552
2552
2552
2549
2549
2550
2551
2550
2553
2550
2551
2557
2558
2554
2555
2557
2560
2561
2557
2557
2562
2560
2560
2559
2558
2556
2556
2554
2554
2555
2553
2553
2552
2553
2553
2553
2552
2553
2553
2553
2552
2548
2550
2553
2555
2553
2554
2553
2549
2549
2553
2552
2546
2548
2548
2551
2549
2545
2545
2551
2550
2549
2549
2548
2548
2547
2547
2547
2546
2547
2547
2546
2544
2543
2543
2542
2543
2542
2541
2541
2541
2540
2540
2538
2537
2537
2537
2538
2539
2534
2535
2539
2539
2538
2538
2538
2538
2539
2539
2538
2538
2538
2538
2535
2536
2541
2542
2544
2542
2545
2550
2551
2551
2552
2557
2559
2559
2557
2560
2567
2568
2566
2570
2573
2580
2583
2587
2592
2591
2597
2602
2610
2613
2617
2621
2626
2630
2634
2637
2642
2647
2651
2651
2655
2665
2669
2672
2672
2677
2684
2687
2690
2693
2695
2698
2701
2702
2705
2706
2707
2708
2708
2709
2708
2709
