4855
4854
4855
4854
4855
4851
4850
4847
4845
4840
4832
4828
4828
4823
4817
4812
4806
4802
4797
4791
4785
4777
4773
4768
4763
4759
4755
4749
4745
4738
4732
4727
4721
4712
4707
4707
4700
4696
4691
4687
4682
4679
4669
4667
4667
4660
4656
4649
4645
4647
4642
4634
4631
4629
4628
4625
4622
4619
4616
4613
4612
4610
4607
4605
4601
4598
4595
4591
4589
4586
4581
4580
4575
4574
4577
4574
4571
4565
4564
4567
4565
4563
4559
4558
4556
4554
4547
4547
4550
4546
4540
4541
4541
4542
4540
4538
4535
4533
4533
4530
4528
4527
4527
4526
4525
4524
4522
4523
4523
4523
4523
4517
4516
4521
4518
4516
4511
4510
4513
4511
4511
4509
4507
4504
4505
4500
4498
4502
4499
4497
4494
4493
4496
4496
4494
4494
4491
4492
4491
4490
4488
4484
4483
4489
4487
4484
4484
4485
4484
4483
4479
4480
4481
4481
4481
4481
4480
4478
4481
4487
4486
4486
4486
4484
4485
4483
4483
4480
4480
4479
4478
4478
4478
4473
4473
4476
4478
4477
4477
4476
4475
4477
4476
4474
4473
4470
4470
4474
4472
4471
4473
4473
4467
4466
4469
4467
4462
4463
4464
4465
4465
4466
4465
4461
4462
4469
4467
4467
4468
4467
4468
4466
4466
4465
4461
4461
4460
4458
4458
4459
4461
4459
4461
4462
4462
4463
4464
4464
4464
4464
4463
4459
4459
4461
4458
4452
4453
4453
4456
4455
4451
4451
4455
4455
4452
4449
4450
4452
4452
4451
4449
4444
4445
4444
4445
4444
4442
4440
4440
4438
4439
4435
4433
4439
4437
4434
4436
4435
4433
4434
4429
4428
4431
4430
4429
4426
4426
4426
4426
4426
4427
4427
4428
4428
4428
4428
4429
4430
4430
4430
4429
4427
4429
4435
4436
4436
4437
4434
4433
4434
4438
4438
4435
4434
4440
4437
4438
4437
4439
4439
4438
4435
4438
4440
4443
4443
4445
4444
4447
4446
4448
4446
4447
4449
4449
4451
4453
4453
4456
4457
4459
4461
4461
4463
4459
4458
4461
4465
4466
4461
4463
4469
4470
4465
4470
4472
4477
4478
4480
4484
4479
4481
4485
4488
4489
4492
4494
4495
4496
4499
4502
4503
4507
4508
4511
4513
4516
4518
4523
4525
4529
4533
4535
4532
4539
4542
4549
4550
4550
4554
4562
4564
4566
4570
4573
4575
4579
4582
4586
4586
4591
4596
4604
4608
4611
4617
4616
4622
4625
4634
4639
4642
4646
4645
4652
4658
4665
4670
4674
4679
4679
4686
4697
4700
4706
4710
4716
4722
4727
4733
4738
4744
4751
4758
4762
4771
4778
4785
4790
4795
4804
4816
4823
4831
4839
4841
4851
4860
4872
4879
4888
4897
4906
4915
4922
4930
4939
4944
4953
4967
4975
4984
4992
5001
5006
5016
5032
5038
5049
5058
5069
5081
5093
5103
5116
5127
5137
5150
5162
5172
5178
5192
5207
5215
5225
5236
5247
5257
5267
5272
5285
5302
5311
5322
5334
5347
5352
5364
5382
5392
5403
5415
5428
5437
5451
5470
5482
5492
5505
5519
5534
5546
5558
5571
5584
5599
5614
5630
5645
5655
5668
5686
5694
5705
5714
5724
5735
5746
5757
5767
5782
5797
5809
5826
5839
5851
5869
5889
5903
5917
5931
5945
5963
5977
5992
6008
6024
6038
6054
6069
6085
6102
6119
6137
6151
6171
6190
6207
6221
6241
6260
6275
6288
6298
6314
6334
6348
6355
6373
6388
6406
6418
6434
6450
6466
6481
6499
6516
6534
6552
6571
6582
6601
6626
6642
6663
6680
6704
6719
6741
6764
6776
6789
6803
6819
6833
6849
6866
6882
6896
6910
6930
6951
6970
6987
7005
7020
7035
7047
7060
7075
7096
7111
7127
7143
7157
7173
7190
7200
7212
7228
7238
7246
7258
7269
7281
7292
7302
7318
7341
7353
7368
7383
7397
7411
7423
7439
7455
7469
7479
7495
7514
7527
7540
7559
7578
7598
7617
7635
7657
7680
7701
7721
7737
7756
7776
7795
7814
7834
7854
7873
7893
7910
7930
7947
7965
7981
7998
8017
8033
8046
8056
8071
8093
8105
8116
8126
8141
8149
8162
8178
8190
8197
8211
8224
8243
8255
8270
8283
8297
8311
8323
8334
8344
8352
8362
8378
8384
8396
8406
8414
8420
8433
8445
8454
8468
8481
8492
8505
8517
8524
8540
8558
8567
8576
8585
8594
8601
8610
8623
8636
8647
8662
8670
8682
8693
8703
8711
8717
8725
8733
8739
8746
8753
8763
8768
8779
8782
8789
8802
8814
8823
8828
8839
8856
8866
8874
8882
8893
8899
8913
8931
8940
8954
8969
8982
8993
9004
9010
9025
9037
9048
9055
9067
9074
9075
9088
9103
9109
9117
9128
9137
9146
9154
9161
9170
9180
9187
9194
9201
9210
9221
9230
9235
9242
9251
9255
9262
9274
9280
9280
9289
9293
9302
9300
9300
9295
9285
9283
9285
9288
9287
9281
9285
9291
9293
9293
9294
9300
9309
9311
9310
9316
9327
9330
9339
9345
9349
9354
9363
9370
9376
9383
9393
9400
9410
9417
9421
9424
9429
9431
9436
9434
9444
9454
9460
9463
9472
9480
9486
9488
9491
9497
9507
9504
9502
9500
9500
9496
9494
9492
9494
9494
9497
9499
9503
9504
9506
9510
9514
9520
9524
9532
9538
9539
9549
9561
9559
9560
9558
9559
9564
9562
9563
9564
9566
9565
9564
9557
9555
9553
9545
9540
9536
9532
9531
9527
9527
9528
9528
9527
9533
9532
9537
9543
9549
9545
9548
9557
9565
9567
9572
9576
9578
9587
9595
9595
9599
9603
9611
9620
9617
9624
9626
9629
9634
9634
9627
9630
9633
9632
9628
9631
9631
9631
9633
9626
9627
9629
9622
9614
9607
9598
9587
9582
9579
9569
9563
9557
9548
9543
9538
9537
9533
9528
9522
9516
9516
9512
9508
9505
9500
9493
9487
9482
9481
9475
9473
9477
9473
9475
9474
9475
9480
9479
9477
9473
9476
9476
9473
9468
9472
9479
9481
9482
9487
9488
9490
9495
9494
9499
9509
9512
9514
9512
9514
9521
9519
9517
9516
9514
9508
9504
9497
9494
9489
9486
9491
9485
9486
9481
9481
9479
9482
9494
9497
9499
9505
9509
9508
9517
9529
9536
9544
9549
9553
9560
9562
9568
9571
9575
9576
9577
9574
9567
9564
9559
9542
9537
9529
9526
9519
9515
9506
9501
9494
9483
9476
9476
9478
9477
9476
9475
9467
9471
9468
9474
9471
9476
9474
9474
9476
9478
9479
9478
9477
9477
9476
9470
9465
9460
9459
9461
9455
9446
9443
9441
9429
9416
9401
9387
9385
9373
9362
9355
9347
9334
9329
9327
9318
9312
9307
9303
9299
9299
9299
9298
9296
9295
9292
9291
9289
9283
9282
9288
9286
9279
9280
9282
9285
9283
9275
9274
9280
9275
9269
9265
9256
9247
9238
9229
9223
9213
9203
9195
9181
9172
9168
9161
9157
9151
9144
9135
9124
9113
9103
9096
9086
9074
9065
9055
9044
9035
9025
9017
9003
8999
8995
8996
8991
8988
8986
8986
8984
8982
8977
8972
8964
8963
8966
8958
8954
8948
8943
8939
8933
8924
8920
8922
8915
8912
8904
8905
8909
8910
8907
8907
8904
8903
8903
8900
8901
8898
8897
8890
8888
8884
8886
8880
8872
8871
8874
8868
8861
8856
8851
8846
8840
8834
8832
8822
8817
8815
8812
8809
8795
8790
8784
8779
8769
8756
8751
8749
8741
8723
8715
8707
8703
8691
8675
8667
8664
8652
8643
8632
8616
8607
8594
8581
8571
8561
8550
8539
8530
8520
8512
8504
8497
8487
8479
8476
8472
8467
8470
8461
8464
8466
8472
8472
8467
8470
8478
8479
8482
8480
8486
8487
8492
8494
8496
8494
8498
8502
8511
8509
8507
8507
8513
8512
8510
8504
8503
8508
8505
8500
8497
8490
8481
8476
8466
8458
8450
8441
8427
8419
8410
8406
8396
8387
8378
8369
8362
8355
8349
8344
8334
8329
8332
8328
8326
8323
8323
8322
8318
8317
8314
8308
8302
8299
8291
8283
8273
8263
8261
8251
8239
8228
8221
8217
8207
8198
8191
8184
8175
8166
8153
8148
8142
8132
8121
8111
8105
8095
8088
8087
8075
8067
8061
8056
8050
8045
8035
8034
8038
8034
8030
8026
8023
8029
8024
8021
8017
8014
8010
8004
7999
7995
7991
7987
7984
7979
7976
7973
7971
7964
7963
7965
7960
7954
7950
7946
7943
7938
7933
7931
7920
7919
7915
7919
7915
7913
7911
7909
7908
7904
7896
7887
7874
7864
7858
7848
7835
7823
7812
7809
7798
7783
7776
7770
7759
7749
7742
7733
7716
7707
7704
7692
7683
7675
7670
7665
7659
7655
7650
7648
7647
7647
7648
7647
7645
7643
7633
7629
7627
7626
7620
7615
7609
7605
7600
7600
7595
7594
7592
7587
7584
7582
7579
7578
7577
7575
7573
7571
7568
7558
7560
7558
7560
7558
7546
7544
7545
7538
7530
7520
7514
7514
7503
7489
7486
7483
7481
7475
7473
7467
7464
7460
7453
7453
7448
7444
7444
7438
7438
7428
7425
7419
7419
7414
7411
7405
7400
7395
7389
7381
7375
7373
7367
7356
7353
7352
7347
7341
7337
7332
7323
7320
7323
7317
7313
7308
7304
7302
7297
7291
7286
7285
7287
7283
7281
7275
7273
7271
7268
7266
7261
7255
7252
7254
7247
7244
7242
7238
7229
7223
7220
7213
7208
7204
7197
7188
7179
7175
7169
7161
7155
7148
7140
7135
7125
7121
7108
7105
7103
7100
7094
7092
7087
7082
7080
7072
7070
7071
7072
7066
7064
7061
7056
7055
7056
7056
7054
7049
7050
7054
7050
7039
7042
7039
7041
7037
7028
7027
7031
7029
7022
7018
7015
7018
7014
7010
7006
7001
6997
6995
6991
6987
6982
6979
6974
6971
6967
6963
6958
6949
6942
6933
6922
6912
6904
6896
6888
6878
6864
6858
6858
6854
6848
6839
6833
6836
6825
6814
6810
6805
6799
6794
6788
6785
6776
6766
6757
6750
6743
6734
6725
6714
6708
6707
6700
6694
6683
6677
6675
6670
6664
6661
6656
6653
6649
6644
6640
6632
6631
6627
6625
6620
6613
6611
6612
6608
6598
6597
6597
6599
6598
6596
6597
6597
6596
6590
6589
6591
6590
6587
6584
6581
6581
6578
6575
6572
6567
6565
6563
6560
6555
6550
6540
6537
6538
6533
6525
6521
6520
6521
6515
6509
6513
6518
6512
6508
6506
6506
6502
6498
6494
6490
6480
6480
6478
6479
6476
6469
6462
6452
6450
6444
6442
6436
6433
6428
6423
6418
6415
6411
6405
6396
6397
6399
6396
6395
6389
6386
6379
6374
6376
6374
6369
6364
6362
6356
6351
6346
6346
6345
6342
6339
6337
6334
6333
6329
6325
6323
6321
6316
6313
6313
6311
6307
6309
6306
6304
6305
6297
6295
6302
6296
6298
6297
6291
6294
6289
6281
6279
6280
6277
6263
6261
6255
6255
6249
6245
6241
6240
6235
6233
6228
6225
6225
6222
6217
6214
6205
6199
6196
6199
6194
6191
6188
6183
6182
6183
6180
6178
6175
6173
6169
6169
6165
6159
6158
6151
6149
6152
6148
6145
6140
6135
6127
6128
6129
6127
6117
6114
6114
6117
6112
6106
6105
6109
6107
6105
6106
6103
6101
6098
6097
6096
6090
6087
6080
6083
6080
6076
6073
6070
6063
6061
6057
6054
6047
6050
6053
6048
6045
6042
6037
6028
6025
6016
6014
6012
6010
6005
6000
5996
5994
5992
5980
5980
5977
5979
5975
5970
5969
5960
5962
5961
5959
5956
5953
5950
5947
5943
5940
5936
5935
5937
5936
5936
5935
5928
5929
5929
5931
5927
5924
5922
5918
5915
5912
5907
5902
5901
5896
5894
5891
5885
5883
5883
5887
5883
5876
5873
5878
5874
5871
5867
5864
5862
5861
5858
5856
5854
5852
5846
5848
5847
5845
5846
5840
5836
5837
5838
5836
5832
5833
5829
5829
5829
5826
5823
5824
5818
5815
5811
5807
5798
5798
5799
5794
5787
5785
5787
5785
5781
5780
5778
5772
5772
5776
5771
5768
5768
5765
5761
5761
5759
5760
5755
5751
5750
5752
5749
5744
5744
5746
5747
5746
5743
5743
5743
5741
5743
5740
5740
5740
5740
5740
5737
5735
5732
5730
5732
5732
5729
5727
5726
5725
5724
5722
5718
5715
5712
5706
5703
5704
5700
5699
5695
5692
5682
5680
5684
5678
5673
5666
5663
5665
5661
5651
5650
5649
5648
5646
5637
5636
5638
5634
5633
5629
5626
5624
5620
5618
5616
5614
5610
5608
5607
5609
5607
5604
5604
5602
5604
5602
5599
5599
5598
5593
5593
5597
5596
5594
5589
5588
5592
5590
5583
5581
5582
5584
5578
5575
5573
5564
5561
5561
5560
5557
5555
5552
5551
5548
5545
5544
5545
5539
5539
5542
5543
5542
5540
5539
5535
5533
5534
5533
5524
5522
5520
5519
5515
5514
5510
5508
5505
5504
5503
5503
5504
5504
5502
5499
5491
5492
5491
5494
5492
5485
5485
5490
5484
5482
5481
5479
5480
5480
5478
5475
5473
5470
5466
5457
5454
5452
5446
5437
5434
5429
5427
5422
5414
5413
5414
5409
5406
5407
5407
5407
5405
5400
5401
5405
5401
5401
5400
5398
5399
5398
5396
5397
5395
5394
5394
5394
5394
5393
5391
5389
5387
5388
5393
5392
5389
5388
5388
5389
5387
5382
5382
5388
5386
5380
5381
5379
5382
5382
5379
5377
5375
5379
5374
5370
5373
5377
5377
5375
5375
5367
5368
5369
5372
5368
5364
5365
5361
5362
5363
5365
5363
5360
5360
5359
5358
5358
5356
5356
5352
5351
5354
5353
5352
5353
5353
5350
5349
5348
5347
5341
5340
5339
5344
5341
5335
5333
5339
5335
5335
5330
5330
5330
5329
5323
5320
5324
5319
5317
5315
5313
5310
5307
5303
5303
5303
5301
5302
5294
5294
5298
5298
5296
5296
5294
5295
5291
5289
5288
5287
5286
5283
5281
5278
5282
5283
5274
5275
5274
5279
5276
5270
5271
5274
5272
5271
5271
5269
5268
5265
5266
5263
5264
5257
5259
5258
5256
5254
5253
5247
5248
5247
5250
5249
5248
5249
5241
5239
5239
5240
5240
5234
5232
5236
5234
5231
5229
5226
5225
5223
5220
5219
5210
5213
5214
5218
5217
5213
5212
5217
5214
5212
5210
5208
5206
5202
5199
5197
5190
5190
5188
5191
5189
5187
5187
5186
5185
5186
5184
5185
5185
5184
5185
5184
5182
5180
5177
5171
5173
5177
5172
5164
5163
5161
5165
5159
5156
5153
5148
5144
5144
5140
5138
5132
5132
5134
5134
5133
5130
5130
5134
5133
5128
5126
5129
5127
5127
5119
5119
5123
5119
5115
5112
5110
5104
5102
5105
5102
5101
5099
5098
5095
5096
5092
5092
5087
5089
5094
5090
5088
5088
5088
5080
5083
5084
5083
5078
5073
5070
5075
5072
5069
5066
5066
5063
5062
5060
5059
5058
5056
5054
5052
5051
5050
5048
5045
5046
5047
5048
5044
5041
5041
5044
5044
5040
5043
5045
5047
5049
5048
5046
5046
5045
5047
5046
5046
5046
5048
5045
5046
5054
5052
5050
5052
5053
5054
5053
5047
5048
5048
5045
5044
5036
5033
5033
5027
5019
5015
5013
5014
5010
5009
5007
5006
5004
5004
5003
5002
5003
5004
5005
5004
5002
5001
5000
5002
5001
4995
4993
4999
4996
4993
4990
4987
4981
4980
4985
4982
4982
4979
4978
4981
4979
4976
4972
4969
4965
4964
4961
4958
4959
4958
4948
4950
4950
4955
4952
4949
4950
4955
4955
4953
4952
4953
4954
4956
4951
4951
4954
4955
4955
4953
4956
4962
4961
4960
4961
4958
4958
4955
4955
4953
4954
4955
4954
4952
4953
4954
4952
4952
4949
4944
4941
4938
4942
4938
4930
4932
4936
4935
4934
4927
4931
4934
4931
4929
4928
4926
4920
4920
4922
4921
4913
4914
4912
4912
4909
4908
4908
4907
4906
4905
4903
4899
4899
4899
4898
4895
4895
4895
4895
4893
4892
4892
4893
4890
4894
4897
4901
4900
4899
4899
4899
4898
4897
4899
4898
4892
4893
4896
4894
4888
4888
4888
4891
4889
4890
4889
4889
4887
4886
4883
4882
4881
4881
4877
4880
4884
4881
4880
4880
4880
4875
4876
4879
4879
4877
4873
4874
4879
4879
4876
4874
4874
4874
4876
4872
4871
4877
4876
4873
4873
4874
4875
4875
4876
4876
4875
4876
4879
4873
4871
4875
4874
4868
4870
4873
4873
4871
4869
4868
4867
4868
4864
4866
4864
4865
4864
4860
4863
4859
4862
4863
4867
4868
4863
4866
4870
4869
4867
4865
4865
4863
4862
4860
4859
4856
4856
4855
4858
4858
4851
4849
4853
4850
4849
4846
4844
4842
4842
4842
4842
4843
4841
4840
4838
4835
4835
4835
4831
4830
4833
4836
4841
4840
4840
4836
4837
4839
4842
4841
4836
4837
4842
4841
4840
4839
4840
4839
4837
4838
4835
4835
4834
4834
4831
4829
4827
4828
4822
4828
4830
4834
4834
4835
4835
4834
4835
4830
4828
4826
4831
4825
4824
4822
4813
4812
4810
4812
4811
4810
4810
4808
4810
4810
4811
4811
4806
4807
4815
4813
4810
4810
4810
4814
4811
4805
4804
4809
4810
4812
4809
4810
4808
4807
4806
4803
4802
4799
4799
4798
4798
4798
4797
4792
4790
4789
4792
4789
4789
4788
4783
4784
4786
4790
4789
4787
4787
4785
4785
4784
4784
4783
4779
4781
4786
4784
4784
4784
4785
4787
4787
4789
4789
4785
4785
4785
4788
4787
4783
4784
4791
4791
4792
4787
4791
4795
4792
4789
4785
4781
4777
4773
4769
4766
4759
4759
4761
4759
4756
4755
4755
4754
4753
4748
4747
4748
4748
4748
4745
4745
4744
4743
4741
4741
4740
4734
4735
4739
4735
4736
4736
4736
4736
4737
4732
4732
4738
4735
4733
4731
4729
4727
4728
4722
4724
4725
4725
4725
4723
4725
4719
4723
4729
4730
4732
4732
4733
4735
4735
4734
4733
4732
4727
4726
4730
4729
4726
4727
4723
4723
4724
4721
4721
4715
4716
4722
4721
4721
4719
4720
4725
4723
4723
4724
4724
4723
4722
4721
4720
4720
4720
4722
4722
4722
4721
4720
4717
4718
4725
4723
4721
4717
4717
4720
4716
4712
4708
4707
4704
4702
4699
4698
4692
4692
4693
4695
4692
4686
4688
4691
4688
4687
4687
4686
4686
4685
4685
4683
4677
4679
4677
4683
4679
4680
4681
4682
4682
4683
4683
4684
4685
4683
4683
4683
4677
4679
4679
4682
4681
4680
4679
4679
4679
4679
4676
4676
4679
4678
4674
4676
4678
4679
4678
4679
4679
4675
4677
4684
4684
4684
4684
4683
4682
4681
4681
4680
4680
4674
4675
4678
4676
4671
4673
4676
4678
4679
4678
4677
4678
4678
4678
4679
4677
4673
4674
4681
4681
4680
4680
4677
4677
4674
4674
4675
4675
4673
4673
4673
4674
4675
4673
4669
4670
4674
4673
4670
4666
4666
4672
4671
4672
4671
4669
4668
4665
4665
4666
4663
4664
4664
4665
4667
4664
4669
4676
4678
4677
4679
4678
4674
4672
4675
4673
4671
4671
4668
4665
4665
4667
4663
4657
4657
4657
4656
4654
4650
4653
4658
4657
4656
4656
4656
4658
4656
4656
4656
4656
4654
4653
4652
4651
4647
4649
4655
4655
4653
4654
4652
4648
4649
4652
4650
4649
4649
4647
4646
4644
4641
4641
4650
4650
4652
4653
4653
4652
4651
4645
4645
4646
4647
4643
4643
4641
4638
4638
4638
4638
4635
4634
4634
4633
4633
4628
4627
4626
4630
4628
4627
4626
4624
4625
4621
4620
4620
4626
4626
4622
4625
4628
4628
4629
4625
4628
4632
4630
4627
4627
4627
4624
4623
4623
4621
4621
4620
4621
4619
4617
4621
4624
4625
4626
4621
4620
4623
4626
4624
4619
4620
4622
4620
4618
4618
4619
4619
4618
4618
4617
4616
4616
4617
4615
4615
4616
4614
4615
4614
4612
4608
4608
4612
4609
4603
4603
4602
4606
4605
4599
4600
4606
4607
4604
4601
4602
4605
4605
4599
4601
4606
4604
4602
4603
4606
4606
4606
4605
4605
4603
4604
4605
4604
4604
4606
4608
4607
4606
4606
4603
4603
4603
4601
4600
4600
4598
4597
4595
4599
4597
4598
4598
4597
4596
4598
4594
4594
4600
4598
4593
4591
4591
4596
4595
4589
4590
4594
4594
4593
4589
4590
4594
4592
4587
4588
4586
4590
4588
4587
4586
4584
4583
4580
4579
4578
4577
4576
4575
4573
4571
4572
4573
4572
4575
4571
4570
4578
4578
4577
4577
4577
4577
4579
4580
4580
4580
4580
4582
4579
4582
4588
4587
4583
4585
4586
4589
4588
4584
4586
4591
4589
4587
4583
4581
4578
4575
4574
4573
4568
4571
4572
4570
4571
4567
4567
4570
4569
4568
4565
4566
4572
4572
4572
4572
4570
4569
4567
4567
4565
4565
4565
4567
4566
4567
4568
4566
4561
4561
4566
4562
4562
4560
4560
4560
4560
4559
4558
4557
4553
4553
4557
4556
4551
4550
4552
4552
4552
4546
4545
4548
4548
4546
4545
4544
4543
4543
4542
4543
4540
4543
4543
4543
4543
4539
4540
4545
4544
4541
4540
4540
4544
4542
4542
4541
4541
4540
4540
4536
4535
4541
4540
4540
4541
4540
4536
4536
4539
4539
4538
4539
4538
4538
4537
4534
4534
4538
4538
4536
4538
4536
4537
4536
4537
4538
4539
4539
4539
4539
4540
4536
4538
4542
4542
4540
4543
4543
4543
4543
4544
4544
4544
4545
4546
4542
4545
4549
4548
4542
4544
4543
4546
4544
4544
4544
4545
4545
4542
4541
4540
4545
4544
4539
4541
4545
4542
4544
4542
4540
4534
4535
4539
4537
4535
4533
4531
4531
4530
4522
4525
4527
4529
4529
4525
4526
4530
4529
4529
4530
4531
4531
4533
4534
4535
4534
4536
4539
4538
4539
4539
4540
4538
4537
4536
4534
4533
4529
4528
4531
4528
4527
4525
4525
4522
4522
4526
4524
4525
4522
4523
4522
4522
4523
4521
4517
4519
4522
4525
4526
4526
4525
4524
4525
4525
4525
4524
4521
4520
4525
4524
4518
4520
4520
4524
4523
4517
4515
4520
4519
4519
4519
4519
4518
4519
4519
4520
4518
4517
4517
4517
4516
4515
4515
4510
4512
4513
4517
4515
4515
4513
4513
4512
4513
4511
4510
4510
4510
4509
4509
4509
4510
4510
4512
4512
4513
4515
4515
4519
4522
4529
4534
4534
4541
4554
4560
4564
4570
4580
4590
4598
4604
4613
4618
4628
4638
4652
4659
4663
4672
4687
4693
4701
4706
4716
4729
4736
4739
4749
4759
4769
4776
4784
4791
4797
4803
4809
4813
4818
4822
4826
4828
4830
4832
4834
4835
