4043
4042
4041
4040
4035
4033
4035
4033
4031
4028
4024
4020
4018
4013
4010
4005
4001
3997
3995
3990
3985
3981
3972
3970
3967
3967
3963
3959
3955
3952
3948
3942
3938
3935
3936
3934
3930
3926
3922
3920
3919
3915
3911
3905
3905
3908
3904
3901
3898
3895
3893
3891
3887
3883
3881
3879
3879
3874
3873
3875
3872
3865
3865
3865
3868
3865
3859
3861
3865
3860
3858
3857
3854
3852
3851
3844
3844
3847
3846
3844
3842
3841
3836
3836
3839
3839
3835
3830
3829
3832
3828
3827
3825
3825
3823
3823
3822
3819
3817
3816
3814
3814
3813
3812
3810
3809
3809
3809
3807
3806
3805
3804
3805
3805
3798
3799
3800
3800
3801
3799
3799
3799
3799
3795
3794
3794
3797
3795
3795
3794
3788
3789
3789
3792
3791
3791
3791
3790
3790
3789
3788
3788
3788
3786
3781
3781
3786
3786
3785
3781
3781
3785
3783
3782
3781
3780
3780
3779
3779
3778
3777
3777
3776
3772
3773
3777
3778
3773
3773
3777
3775
3774
3769
3771
3776
3775
3777
3776
3776
3775
3777
3777
3777
3773
3773
3774
3778
3776
3774
3774
3773
3773
3773
3771
3770
3770
3770
3768
3771
3770
3771
3770
3763
3764
3770
3770
3770
3769
3768
3766
3765
3770
3767
3766
3765
3764
3765
3766
3764
3763
3763
3762
3756
3758
3759
3763
3762
3763
3761
3757
3757
3758
3761
3760
3758
3759
3757
3757
3759
3761
3762
3760
3760
3765
3765
3760
3763
3763
3768
3769
3768
3769
3771
3770
3769
3771
3771
3773
3773
3774
3773
3774
3773
3775
3776
3774
3770
3771
3775
3773
3771
3767
3766
3770
3769
3762
3762
3761
3764
3762
3763
3762
3756
3758
3762
3760
3759
3755
3755
3760
3760
3760
3760
3760
3760
3760
3761
3760
3759
3760
3760
3761
3760
3760
3760
3761
3761
3762
3763
3763
3763
3763
3758
3759
3767
3765
3765
3765
3766
3767
3767
3762
3763
3765
3769
3770
3764
3767
3774
3770
3767
3766
3767
3772
3772
3772
3772
3772
3773
3774
3777
3779
3780
3783
3778
3784
3787
3794
3795
3797
3797
3796
3799
3804
3804
3805
3807
3807
3809
3809
3806
3807
3808
3814
3815
3814
3815
3815
3816
3816
3818
3820
3821
3823
3822
3825
3831
3833
3835
3832
3834
3841
3841
3843
3844
3846
3847
3849
3850
3854
3857
3862
3866
3868
3873
3877
3879
3883
3886
3888
3891
3892
3890
3894
3901
3902
3898
3902
3905
3912
3913
3911
3915
3923
3924
3927
3929
3933
3932
3936
3944
3947
3950
3953
3957
3962
3968
3972
3976
3982
3987
3994
3998
4002
4007
4011
4018
4024
4030
4038
4040
4042
4050
4060
4065
4065
4072
4079
4089
4095
4095
4103
4116
4121
4126
4128
4136
4146
4153
4158
4165
4172
4178
4186
4193
4200
4206
4215
4221
4230
4238
4242
4251
4265
4273
4279
4288
4298
4307
4315
4320
4329
4345
4353
4362
4371
4381
4390
4399
4408
4418
4424
4434
4442
4457
4467
4478
4487
4497
4508
4517
4527
4536
4545
4554
4564
4574
4584
4595
4605
4609
4620
4636
4645
4651
4659
4672
4687
4697
4702
4714
4730
4738
4749
4756
4767
4785
4793
4805
4817
4827
4836
4847
4865
4874
4886
4895
4907
4918
4930
4940
4952
4963
4975
4989
5000
5009
5024
5035
5044
5058
5078
5088
5102
5112
5124
5136
5147
5160
5171
5177
5187
5199
5216
5227
5238
5248
5251
5263
5273
5290
5299
5306
5317
5327
5339
5350
5361
5372
5382
5397
5415
5427
5440
5453
5466
5475
5489
5510
5522
5535
5551
5566
5576
5589
5603
5614
5626
5637
5647
5651
5663
5675
5684
5687
5698
5713
5721
5727
5732
5740
5755
5762
5772
5782
5793
5804
5816
5828
5838
5852
5862
5874
5888
5900
5909
5915
5923
5929
5937
5949
5960
5970
5979
5986
6001
6014
6028
6043
6051
6066
6082
6091
6100
6116
6131
6145
6156
6165
6174
6191
6199
6203
6212
6221
6238
6244
6249
6262
6279
6288
6301
6313
6325
6336
6349
6359
6371
6383
6395
6409
6423
6438
6449
6459
6468
6479
6488
6495
6506
6510
6523
6538
6547
6557
6562
6576
6595
6607
6620
6630
6640
6651
6666
6674
6690
6709
6718
6730
6742
6749
6760
6770
6780
6789
6798
6808
6815
6818
6825
6835
6839
6841
6848
6858
6870
6877
6887
6894
6891
6900
6910
6916
6921
6927
6934
6941
6948
6957
6966
6974
6984
6995
7006
7016
7026
7036
7044
7050
7060
7076
7079
7088
7095
7096
7103
7109
7118
7118
7113
7114
7122
7125
7121
7128
7133
7136
7144
7143
7146
7153
7162
7167
7174
7177
7180
7183
7184
7190
7193
7201
7207
7207
7218
7232
7240
7247
7253
7261
7267
7273
7279
7286
7290
7293
7298
7307
7314
7318
7324
7331
7338
7346
7351
7356
7363
7367
7368
7375
7381
7390
7392
7391
7398
7410
7419
7423
7427
7437
7446
7444
7445
7444
7442
7442
7440
7442
7440
7442
7444
7448
7450
7452
7454
7460
7464
7470
7467
7477
7482
7496
7502
7508
7514
7520
7529
7534
7538
7538
7536
7538
7544
7544
7534
7540
7540
7544
7544
7540
7543
7549
7549
7549
7550
7549
7551
7552
7556
7558
7559
7567
7571
7581
7585
7587
7588
7589
7590
7588
7584
7585
7593
7592
7597
7596
7599
7601
7606
7602
7605
7614
7613
7616
7618
7613
7611
7609
7605
7602
7598
7595
7593
7586
7585
7590
7588
7589
7587
7590
7590
7593
7589
7593
7605
7605
7607
7608
7609
7607
7613
7621
7621
7620
7623
7623
7625
7625
7621
7623
7633
7634
7637
7639
7644
7655
7659
7663
7667
7672
7677
7683
7687
7690
7691
7697
7701
7701
7705
7708
7711
7715
7717
7721
7726
7728
7732
7735
7733
7737
7746
7748
7741
7742
7743
7746
7739
7729
7726
7729
7721
7718
7712
7708
7699
7693
7680
7675
7670
7671
7664
7659
7654
7650
7643
7639
7629
7623
7615
7613
7608
7603
7599
7594
7589
7588
7585
7582
7583
7579
7577
7582
7585
7581
7577
7575
7575
7575
7568
7567
7570
7572
7571
7562
7563
7566
7560
7558
7554
7555
7560
7554
7555
7551
7551
7544
7547
7554
7552
7551
7550
7545
7544
7542
7541
7538
7536
7533
7531
7532
7533
7528
7524
7519
7518
7513
7511
7508
7504
7502
7505
7500
7489
7486
7486
7483
7480
7471
7472
7476
7473
7470
7469
7466
7465
7463
7454
7455
7460
7458
7455
7449
7447
7441
7438
7442
7437
7435
7432
7431
7428
7427
7425
7428
7422
7420
7418
7411
7407
7411
7406
7398
7399
7398
7399
7395
7392
7385
7383
7380
7371
7367
7365
7367
7362
7357
7354
7348
7343
7343
7341
7335
7331
7327
7321
7316
7312
7312
7306
7303
7303
7295
7296
7301
7299
7301
7298
7300
7293
7295
7301
7298
7297
7293
7293
7295
7293
7289
7288
7283
7279
7274
7271
7267
7263
7260
7253
7251
7254
7257
7253
7250
7244
7240
7236
7232
7227
7223
7212
7211
7212
7206
7197
7191
7184
7180
7174
7159
7153
7155
7148
7141
7132
7127
7129
7122
7117
7107
7101
7095
7088
7081
7073
7064
7056
7048
7043
7039
7035
7029
7015
7012
7012
7006
7000
6991
6984
6985
6978
6974
6968
6962
6958
6949
6946
6943
6935
6933
6932
6934
6934
6930
6930
6922
6921
6925
6922
6919
6917
6913
6909
6905
6899
6896
6894
6888
6885
6892
6886
6876
6875
6871
6869
6859
6852
6844
6835
6824
6816
6807
6802
6792
6788
6783
6779
6770
6769
6766
6770
6765
6759
6759
6766
6761
6763
6760
6761
6759
6760
6759
6758
6751
6750
6748
6753
6749
6744
6741
6734
6735
6734
6735
6732
6732
6730
6720
6722
6719
6721
6718
6713
6710
6706
6703
6694
6693
6685
6675
6669
6671
6665
6660
6656
6652
6647
6643
6642
6638
6633
6630
6626
6625
6621
6614
6610
6599
6594
6596
6589
6584
6580
6574
6569
6564
6554
6550
6548
6549
6544
6534
6529
6522
6517
6513
6508
6500
6489
6484
6484
6477
6468
6460
6452
6441
6434
6435
6428
6422
6416
6409
6402
6396
6392
6383
6377
6371
6366
6358
6351
6350
6345
6332
6330
6331
6323
6319
6314
6307
6303
6301
6287
6288
6281
6282
6278
6269
6266
6267
6264
6259
6254
6254
6248
6243
6239
6236
6234
6232
6227
6225
6223
6221
6221
6218
6214
6212
6211
6208
6203
6202
6208
6204
6201
6195
6192
6195
6191
6186
6183
6177
6172
6169
6170
6165
6163
6158
6147
6143
6143
6143
6140
6135
6130
6126
6118
6111
6107
6101
6098
6095
6090
6087
6086
6085
6082
6080
6075
6067
6064
6067
6062
6058
6053
6047
6037
6034
6036
6033
6027
6024
6019
6019
6015
6011
6009
6001
5999
5998
6000
5995
5993
5991
5989
5985
5981
5974
5970
5972
5968
5963
5960
5957
5955
5948
5946
5944
5937
5938
5938
5939
5938
5931
5930
5935
5925
5915
5917
5916
5917
5911
5906
5901
5900
5898
5894
5887
5882
5885
5880
5877
5873
5870
5866
5857
5852
5847
5841
5835
5828
5822
5817
5813
5809
5806
5802
5797
5793
5788
5784
5781
5771
5772
5772
5770
5765
5761
5757
5748
5749
5753
5750
5745
5742
5739
5732
5732
5735
5733
5720
5721
5720
5722
5720
5714
5712
5709
5706
5701
5698
5695
5694
5688
5687
5683
5683
5680
5678
5668
5664
5664
5660
5648
5644
5641
5640
5637
5631
5628
5630
5622
5622
5620
5618
5614
5613
5602
5602
5605
5602
5597
5593
5587
5582
5576
5574
5567
5561
5554
5549
5548
5543
5536
5535
5530
5526
5524
5521
5519
5510
5511
5516
5510
5506
5500
5500
5505
5500
5496
5494
5488
5486
5483
5478
5476
5466
5465
5466
5461
5455
5451
5448
5437
5435
5439
5433
5430
5421
5418
5420
5415
5409
5407
5401
5394
5391
5394
5390
5387
5385
5382
5378
5377
5375
5371
5368
5365
5356
5356
5353
5354
5353
5352
5349
5341
5342
5342
5346
5343
5340
5337
5333
5332
5331
5327
5325
5323
5320
5317
5316
5308
5307
5303
5306
5301
5295
5292
5297
5292
5287
5284
5281
5273
5273
5277
5273
5270
5268
5263
5257
5257
5254
5249
5247
5245
5239
5234
5229
5232
5226
5224
5221
5219
5216
5213
5211
5213
5207
5206
5207
5205
5201
5191
5190
5190
5182
5173
5172
5167
5169
5166
5161
5159
5155
5152
5149
5148
5145
5142
5136
5136
5133
5134
5132
5131
5123
5121
5125
5121
5119
5117
5115
5112
5109
5106
5103
5102
5101
5098
5094
5092
5096
5095
5089
5092
5094
5092
5091
5085
5082
5084
5078
5074
5070
5068
5065
5061
5057
5052
5049
5047
5044
5040
5039
5030
5031
5036
5034
5025
5024
5021
5028
5025
5024
5022
5022
5022
5020
5018
5016
5014
5013
5009
5009
5005
5001
5000
4993
4991
4997
4993
4991
4990
4986
4983
4983
4974
4976
4981
4976
4975
4973
4972
4965
4964
4967
4960
4957
4951
4949
4953
4949
4944
4942
4939
4937
4934
4932
4931
4928
4927
4924
4921
4918
4915
4915
4915
4914
4911
4909
4907
4905
4905
4898
4897
4902
4899
4895
4893
4893
4895
4893
4894
4894
4887
4889
4889
4891
4889
4882
4883
4887
4886
4882
4878
4876
4881
4879
4877
4876
4874
4873
4871
4868
4867
4862
4862
4867
4864
4862
4859
4857
4856
4853
4852
4850
4846
4845
4843
4841
4839
4837
4837
4831
4827
4823
4823
4821
4814
4812
4814
4811
4807
4800
4800
4804
4799
4797
4794
4790
4790
4789
4787
4784
4778
4778
4780
4779
4776
4774
4773
4771
4770
4766
4765
4763
4758
4755
4756
4754
4752
4752
4750
4743
4740
4743
4741
4741
4737
4736
4734
4731
4728
4727
4727
4724
4723
4722
4720
4713
4714
4716
4713
4706
4708
4707
4708
4706
4706
4703
4700
4701
4696
4694
4691
4690
4688
4686
4684
4683
4682
4682
4678
4675
4669
4670
4675
4671
4668
4663
4663
4665
4661
4657
4654
4647
4645
4644
4648
4644
4637
4637
4639
4637
4633
4624
4621
4626
4624
4619
4617
4614
4614
4612
4610
4608
4607
4603
4604
4604
4602
4603
4601
4597
4597
4603
4600
4599
4594
4593
4598
4595
4594
4594
4591
4593
4592
4592
4591
4590
4587
4586
4583
4582
4575
4576
4579
4577
4574
4573
4570
4569
4566
4563
4561
4559
4556
4554
4554
4553
4553
4553
4545
4546
4549
4548
4545
4539
4538
4542
4539
4531
4532
4532
4536
4533
4532
4531
4530
4528
4527
4527
4525
4521
4522
4529
4525
4524
4522
4522
4521
4520
4519
4517
4514
4512
4511
4503
4505
4507
4504
4497
4497
4496
4499
4496
4495
4492
4490
4490
4489
4488
4485
4486
4484
4483
4483
4475
4474
4473
4476
4474
4471
4469
4464
4464
4464
4466
4463
4461
4460
4458
4457
4454
4454
4453
4453
4451
4450
4449
4448
4449
4449
4444
4445
4448
4448
4439
4442
4443
4447
4444
4445
4444
4444
4443
4436
4436
4437
4439
4436
4429
4431
4433
4432
4428
4427
4425
4422
4420
4424
4421
4417
4414
4415
4418
4415
4414
4414
4411
4410
4412
4405
4404
4410
4409
4409
4407
4408
4405
4403
4401
4401
4399
4398
4396
4394
4393
4391
4389
4388
4387
4384
4382
4381
4380
4379
4379
4377
4370
4371
4369
4373
4371
4370
4368
4364
4367
4363
4362
4362
4356
4356
4362
4362
4354
4358
4356
4363
4361
4356
4357
4361
4358
4357
4355
4355
4354
4355
4355
4355
4355
4354
4354
4354
4353
4348
4349
4351
4351
4348
4346
4345
4342
4340
4338
4336
4335
4333
4330
4331
4328
4320
4321
4322
4323
4322
4316
4317
4322
4319
4314
4313
4312
4317
4315
4311
4311
4316
4313
4311
4311
4311
4308
4307
4307
4308
4307
4307
4310
4310
4309
4310
4310
4306
4301
4300
4305
4304
4301
4303
4298
4298
4298
4302
4300
4293
4293
4296
4294
4290
4289
4286
4285
4284
4282
4280
4279
4277
4275
4276
4276
4273
4272
4270
4269
4266
4261
4262
4267
4264
4257
4258
4257
4261
4258
4258
4257
4259
4257
4256
4253
4254
4260
4255
4256
4253
4255
4252
4251
4245
4245
4247
4247
4246
4246
4243
4241
4243
4241
4240
4239
4239
4239
4239
4239
4234
4236
4240
4239
4232
4232
4235
4237
4238
4235
4236
4235
4235
4235
4232
4234
4243
4243
4241
4240
4239
4238
4238
4236
4235
4233
4232
4232
4230
4226
4226
4224
4218
4215
4220
4218
4216
4214
4212
4206
4207
4210
4208
4207
4206
4205
4205
4205
4203
4202
4202
4200
4200
4202
4201
4194
4195
4200
4199
4198
4195
4199
4206
4206
4200
4204
4208
4211
4212
4207
4207
4212
4208
4206
4203
4201
4195
4194
4197
4194
4190
4187
4186
4185
4182
4182
4180
4174
4176
4179
4179
4177
4176
4175
4169
4168
4174
4173
4173
4171
4172
4169
4171
4170
4169
4167
4168
4167
4166
4166
4165
4165
4162
4159
4160
4165
4164
4161
4162
4158
4160
4159
4165
4165
4165
4163
4161
4163
4159
4157
4155
4155
4155
4147
4146
4151
4150
4148
4147
4148
4141
4142
4148
4146
4146
4142
4143
4148
4143
4144
4144
4142
4140
4139
4140
4140
4135
4135
4138
4139
4138
4136
4135
4135
4136
4133
4132
4130
4121
4123
4127
4125
4123
4122
4121
4113
4116
4116
4116
4115
4114
4114
4111
4109
4109
4110
4107
4109
4107
4106
4106
4103
4104
4100
4100
4103
4102
4102
4100
4101
4098
4098
4099
4099
4095
4095
4096
4099
4094
4092
4092
4091
4092
4092
4088
4088
4091
4090
4090
4089
4089
4088
4089
4090
4089
4088
4090
4094
4096
4094
4094
4094
4088
4087
4093
4090
4088
4086
4084
4082
4081
4076
4076
4076
4080
4079
4074
4075
4080
4080
4081
4079
4078
4074
4072
4075
4074
4067
4067
4066
4069
4067
4066
4065
4065
4064
4064
4063
4064
4063
4062
4063
4061
4063
4060
4060
4061
4060
4059
4059
4058
4057
4057
4053
4053
4060
4061
4059
4060
4061
4061
4060
4056
4055
4060
4060
4058
4060
4061
4058
4059
4062
4060
4059
4057
4056
4054
4053
4048
4050
4056
4056
4056
4054
4052
4054
4052
4048
4048
4051
4050
4051
4051
4051
4050
4048
4041
4039
4042
4046
4047
4044
4043
4041
4040
4042
4046
4045
4041
4043
4049
4047
4045
4044
4043
4042
4042
4039
4039
4039
4037
4036
4035
4035
4035
4035
4035
4036
4035
4036
4035
4034
4033
4032
4034
4029
4028
4028
4034
4033
4034
4035
4029
4030
4028
4031
4028
4023
4022
4027
4024
4022
4016
4015
4018
4018
4011
4011
4013
4012
4011
4010
4009
4007
4010
4009
4011
4011
4010
4009
4009
4009
4007
4007
4007
4007
4006
4006
4005
4004
4004
4000
4000
3999
4004
4002
3996
3998
4003
4001
4000
3995
3994
3997
3998
3998
3999
3999
4000
3999
3996
3996
4004
4002
3998
3999
3999
4002
4001
3999
3998
3997
3996
3995
3993
3991
3989
3988
3989
3988
3987
3983
3984
3988
3986
3987
3985
3985
3986
3986
3989
3990
3992
3993
3995
3994
3995
3993
3992
3990
3988
3983
3984
3984
3986
3982
3982
3981
3974
3976
3976
3976
3975
3975
3972
3969
3971
3979
3980
3979
3978
3976
3970
3971
3977
3978
3978
3979
3978
3973
3973
3977
3976
3973
3971
3970
3969
3967
3966
3962
3961
3958
3956
3956
3955
3954
3953
3952
3951
3950
3946
3946
3950
3948
3946
3947
3945
3946
3945
3945
3945
3941
3940
3944
3943
3942
3937
3938
3942
3942
3936
3938
3938
3942
3940
3940
3940
3935
3938
3942
3944
3946
3947
3948
3949
3950
3950
3949
3949
3946
3945
3949
3948
3942
3942
3943
3943
3943
3941
3940
3937
3935
3940
3939
3937
3937
3939
3940
3940
3938
3939
3940
3940
3939
3939
3938
3938
3939
3940
3938
3940
3941
3941
3941
3939
3940
3939
3939
3934
3937
3943
3940
3940
3936
3937
3931
3929
3932
3929
3928
3928
3925
3922
3922
3923
3921
3918
3917
3916
3916
3915
3914
3915
3914
3911
3910
3911
3912
3909
3910
3914
3912
3907
3909
3912
3916
3914
3913
3913
3919
3918
3914
3915
3914
3916
3912
3912
3912
3910
3909
3909
3905
3906
3911
3912
3910
3908
3908
3909
3908
3908
3909
3910
3909
3907
3908
3908
3907
3905
3904
3903
3903
3901
3900
3900
3898
3898
3897
3897
3898
3896
3891
3892
3896
3893
3891
3892
3894
3894
3894
3891
3893
3899
3897
3890
3890
3888
3892
3890
3885
3887
3895
3894
3896
3894
3895
3894
3893
3892
3892
3890
3890
3889
3888
3888
3883
3884
3887
3887
3887
3886
3886
3887
3886
3887
3885
3886
3886
3888
3882
3884
3888
3886
3884
3883
3884
3889
3887
3888
3888
3882
3884
3882
3887
3886
3885
3884
3876
3879
3881
3884
3883
3883
3882
3882
3880
3879
3879
3879
3880
3880
3880
3881
3881
3879
3880
3879
3878
3876
3874
3869
3870
3870
3872
3870
3864
3865
3869
3868
3864
3863
3865
3869
3867
3866
3866
3866
3865
3867
3865
3865
3859
3861
3868
3869
3868
3870
3870
3867
3870
3877
3877
3877
3877
3875
3876
3876
3875
3875
3868
3869
3868
3872
3871
3870
3871
3870
3869
3868
3865
3867
3871
3869
3868
3868
3868
3869
3869
3869
3868
3868
3867
3865
3864
3861
3857
3858
3861
3861
3855
3855
3856
3858
3857
3852
3853
3858
3856
3852
3850
3851
3856
3855
3855
3855
3848
3849
3851
3855
3854
3853
3853
3853
3852
3853
3853
3853
3851
3853
3853
3852
3850
3849
3848
3848
3848
3847
3848
3847
3846
3847
3845
3847
3854
3854
3857
3857
3858
3858
3859
3853
3853
3857
3854
3854
3854
3852
3848
3848
3852
3851
3845
3846
3846
3850
3849
3844
3845
3850
3848
3847
3847
3847
3846
3845
3846
3845
3844
3844
3843
3844
3843
3842
3842
3842
3838
3839
3840
3838
3835
3837
3841
3840
3840
3839
3839
3834
3833
3839
3836
3835
3833
3833
3828
3829
3835
3835
3829
3832
3832
3836
3835
3835
3835
3835
3833
3835
3832
3832
3833
3830
3829
3830
3824
3826
3824
3825
3825
3819
3819
3823
3821
3820
3815
3816
3819
3818
3818
3819
3819
3820
3821
3820
3818
3818
3819
3814
3813
3813
3818
3816
3811
3814
3820
3821
3820
3821
3820
3821
3821
3824
3826
3826
3821
3822
3825
3823
3818
3818
3821
3821
3820
3819
3816
3816
3814
3813
3814
3813
3808
3809
3813
3811
3812
3813
3812
3812
3812
3812
3810
3805
3808
3812
3813
3813
3812
3813
3812
3810
3812
3811
3809
3810
3809
3809
3809
3810
3810
3809
3807
3809
3814
3814
3810
3812
3818
3818
3817
3813
3814
3818
3817
3811
3812
3811
3815
3813
3814
3813
3812
3812
3812
3810
3809
3808
3807
3807
3806
3806
3805
3805
3802
3800
3806
3805
3804
3806
3806
3801
3800
3804
3802
3802
3800
3799
3798
3797
3796
3796
3796
3797
3792
3794
3794
3798
3798
3793
3795
3801
3801
3801
3797
3798
3802
3800
3801
3799
3798
3798
3796
3797
3798
3797
3798
3800
3800
3798
3793
3795
3798
3796
3795
3794
3794
3792
3793
3794
3791
3789
3789
3788
3787
3786
3786
3787
3783
3785
3792
3793
3793
3792
3792
3798
3796
3790
3790
3790
3793
3791
3790
3789
3789
3787
3785
3785
3787
3785
3786
3780
3780
3784
3785
3783
3783
3782
3779
3778
3786
3785
3783
3784
3782
3780
3780
3776
3776
3777
3779
3779
3778
3778
3774
3774
3779
3779
3777
3776
3778
3777
3777
3776
3777
3775
3777
3777
3775
3777
3772
3773
3774
3777
3776
3774
3773
3768
3770
3771
3771
3771
3771
3770
3770
3769
3770
3770
3770
3770
3770
3769
3768
3769
3768
3767
3769
3769
3770
3769
3764
3764
3769
3768
3768
3768
3768
3770
3769
3766
3766
3766
3770
3769
3766
3766
3774
3773
3774
3778
3781
3779
3784
3794
3796
3796
3801
3807
3817
3821
3827
3833
3839
3845
3853
3854
3862
3874
3879
3880
3888
3896
3908
3913
3919
3927
3934
3941
3946
3950
3960
3970
3975
3980
3985
3989
3996
4001
4005
4009
4011
4015
4019
4020
4021
4018
4021
