4662
4661
4657
4655
4655
4659
4654
4648
4645
4648
4644
4637
4632
4628
4627
4623
4617
4613
4609
4606
4599
4596
4590
4586
4580
4575
4570
4567
4560
4556
4550
4548
4538
4536
4533
4533
4528
4517
4517
4519
4513
4505
4500
4498
4497
4493
4485
4482
4486
4479
4477
4472
4471
4463
4462
4463
4461
4458
4453
4451
4450
4447
4444
4439
4435
4432
4429
4432
4426
4425
4420
4419
4416
4415
4413
4411
4409
4405
4405
4405
4405
4403
4404
4397
4398
4404
4400
4396
4394
4393
4390
4391
4388
4387
4382
4382
4379
4383
4382
4376
4377
4381
4378
4377
4377
4375
4374
4375
4372
4372
4366
4366
4366
4369
4366
4361
4360
4363
4359
4357
4357
4355
4349
4349
4354
4350
4350
4347
4349
4349
4347
4347
4345
4345
4344
4344
4345
4346
4345
4343
4343
4343
4341
4341
4339
4333
4336
4340
4339
4342
4337
4335
4340
4337
4332
4333
4335
4334
4335
4331
4333
4328
4328
4334
4330
4331
4330
4329
4331
4329
4328
4328
4326
4326
4324
4325
4324
4318
4322
4323
4323
4324
4322
4323
4322
4323
4318
4319
4320
4322
4321
4322
4319
4320
4322
4320
4320
4323
4323
4326
4325
4325
4322
4320
4321
4326
4323
4319
4319
4324
4322
4319
4316
4315
4317
4317
4308
4311
4312
4313
4314
4311
4312
4313
4311
4313
4311
4311
4312
4311
4309
4310
4308
4307
4307
4305
4303
4306
4304
4305
4305
4305
4303
4304
4307
4308
4301
4302
4306
4305
4306
4301
4300
4307
4302
4303
4304
4302
4302
4302
4300
4302
4302
4300
4302
4299
4303
4301
4300
4298
4298
4302
4302
4303
4305
4306
4305
4307
4308
4307
4310
4306
4308
4315
4312
4307
4309
4307
4311
4308
4304
4304
4309
4309
4302
4303
4303
4306
4308
4302
4305
4312
4309
4311
4310
4311
4308
4310
4311
4309
4309
4309
4310
4307
4309
4308
4309
4310
4309
4308
4308
4307
4314
4312
4315
4311
4315
4314
4313
4315
4314
4311
4312
4316
4322
4321
4320
4321
4328
4329
4323
4327
4328
4337
4335
4336
4338
4336
4340
4340
4341
4341
4342
4343
4344
4344
4345
4347
4349
4348
4350
4344
4346
4350
4351
4352
4353
4354
4355
4359
4353
4357
4360
4365
4366
4367
4370
4370
4374
4375
4373
4376
4382
4385
4388
4388
4392
4392
4397
4395
4398
4405
4409
4412
4415
4418
4422
4426
4429
4434
4432
4437
4445
4450
4454
4458
4460
4468
4470
4475
4479
4484
4484
4489
4499
4501
4507
4512
4516
4521
4527
4534
4538
4546
4550
4556
4562
4566
4571
4576
4590
4593
4598
4601
4610
4616
4620
4627
4632
4635
4641
4650
4658
4666
4668
4676
4689
4692
4698
4706
4711
4718
4726
4732
4741
4749
4756
4764
4772
4778
4783
4792
4806
4812
4824
4828
4838
4846
4853
4863
4871
4878
4883
4888
4904
4907
4916
4923
4930
4937
4946
4947
4958
4969
4976
4981
4991
5002
5015
5026
5031
5043
5060
5071
5081
5095
5105
5118
5131
5141
5155
5168
5179
5193
5204
5218
5229
5243
5255
5271
5281
5293
5305
5324
5333
5350
5364
5378
5394
5408
5418
5437
5457
5471
5484
5500
5515
5536
5551
5564
5578
5596
5609
5620
5637
5652
5662
5678
5698
5711
5722
5738
5749
5768
5780
5787
5798
5816
5830
5840
5852
5864
5877
5889
5901
5915
5929
5947
5959
5973
5987
6012
6027
6042
6059
6073
6089
6101
6117
6129
6145
6162
6175
6192
6207
6223
6240
6251
6265
6278
6287
6300
6310
6321
6329
6342
6358
6375
6388
6404
6417
6427
6442
6459
6471
6481
6495
6505
6513
6523
6545
6558
6570
6582
6595
6605
6621
6641
6651
6666
6677
6693
6710
6725
6744
6759
6777
6793
6814
6836
6856
6874
6893
6914
6931
6951
6969
6986
7003
7018
7034
7047
7062
7071
7084
7090
7103
7112
7126
7135
7150
7167
7185
7203
7212
7233
7259
7274
7291
7307
7322
7339
7354
7369
7381
7397
7412
7424
7440
7454
7461
7477
7492
7509
7521
7530
7547
7567
7583
7597
7608
7626
7633
7643
7667
7676
7685
7698
7708
7713
7724
7735
7745
7755
7770
7779
7792
7808
7816
7827
7839
7845
7848
7859
7870
7883
7893
7904
7921
7927
7944
7959
7976
7991
8001
8016
8020
8038
8052
8059
8069
8075
8081
8087
8094
8102
8108
8117
8120
8128
8142
8146
8154
8161
8171
8180
8189
8199
8210
8219
8231
8244
8256
8270
8282
8294
8308
8321
8323
8338
8350
8366
8381
8396
8410
8421
8439
8456
8472
8486
8493
8507
8521
8532
8543
8548
8558
8566
8573
8579
8587
8601
8607
8613
8621
8628
8633
8638
8646
8650
8655
8662
8665
8667
8675
8685
8694
8693
8699
8706
8715
8717
8720
8723
8722
8730
8733
8746
8750
8751
8759
8775
8780
8789
8800
8810
8817
8828
8826
8831
8840
8843
8844
8847
8850
8853
8856
8857
8858
8861
8862
8865
8873
8876
8886
8890
8894
8900
8903
8912
8917
8927
8932
8941
8950
8954
8960
8969
8968
8976
8988
8989
8990
8992
8994
8996
8994
8992
8995
8993
8997
8994
8985
8989
8992
8990
8987
8990
8992
9000
9007
9010
9018
9026
9032
9040
9052
9061
9069
9078
9083
9091
9100
9102
9113
9121
9131
9130
9136
9150
9152
9159
9162
9171
9176
9180
9180
9183
9186
9192
9191
9191
9188
9189
9188
9185
9181
9179
9185
9182
9175
9175
9168
9162
9155
9152
9144
9130
9127
9125
9118
9112
9109
9110
9105
9110
9117
9117
9117
9115
9106
9100
9090
9090
9079
9071
9067
9062
9049
9043
9043
9034
9028
9022
9015
9004
9005
9008
9007
9005
9004
9005
9006
9003
8999
8999
8993
8991
8991
8992
8996
8993
9003
9010
9016
9020
9026
9033
9038
9046
9048
9053
9067
9071
9076
9082
9086
9086
9092
9107
9110
9113
9117
9120
9127
9129
9136
9137
9141
9146
9143
9146
9147
9148
9145
9142
9139
9134
9129
9125
9129
9123
9122
9118
9116
9108
9107
9099
9091
9097
9089
9080
9077
9075
9074
9073
9063
9058
9063
9054
9050
9048
9043
9040
9035
9030
9029
9033
9031
9032
9036
9031
9037
9035
9036
9039
9039
9040
9043
9044
9041
9042
9044
9048
9041
9045
9043
9043
9055
9053
9049
9045
9049
9054
9052
9054
9048
9041
9041
9042
9044
9037
9033
9021
9009
8997
8979
8969
8956
8953
8947
8932
8931
8930
8923
8919
8916
8912
8909
8912
8910
8913
8917
8919
8924
8931
8932
8936
8933
8931
8932
8927
8923
8922
8915
8910
8898
8890
8883
8878
8868
8853
8845
8846
8835
8829
8818
8811
8812
8802
8797
8787
8779
8776
8768
8763
8760
8763
8760
8748
8748
8744
8746
8744
8739
8740
8737
8736
8739
8738
8738
8738
8738
8739
8737
8734
8727
8724
8726
8719
8719
8716
8704
8704
8700
8704
8697
8690
8686
8692
8684
8678
8673
8667
8666
8663
8659
8659
8655
8656
8655
8657
8662
8658
8656
8654
8654
8653
8655
8651
8647
8646
8647
8646
8648
8643
8646
8651
8646
8645
8639
8631
8618
8616
8612
8602
8598
8590
8590
8581
8580
8575
8567
8564
8558
8553
8551
8543
8535
8532
8531
8518
8507
8500
8496
8489
8486
8475
8473
8475
8466
8468
8461
8460
8459
8458
8450
8443
8448
8440
8431
8421
8415
8402
8397
8392
8382
8377
8369
8363
8359
8352
8348
8340
8336
8332
8330
8327
8323
8320
8314
8304
8299
8293
8296
8289
8283
8280
8266
8269
8262
8266
8260
8258
8256
8249
8245
8249
8246
8238
8228
8223
8225
8218
8205
8208
8206
8209
8205
8201
8201
8197
8192
8189
8183
8181
8175
8172
8160
8159
8160
8155
8153
8149
8146
8141
8137
8130
8128
8129
8126
8127
8120
8117
8105
8105
8100
8101
8096
8083
8078
8082
8074
8067
8060
8055
8047
8045
8039
8032
8025
8024
8016
8013
8008
8005
8001
8001
7998
7996
7994
7991
7985
7984
7987
7981
7979
7975
7973
7963
7961
7964
7958
7953
7942
7937
7921
7913
7908
7896
7885
7877
7868
7856
7848
7848
7840
7834
7828
7825
7820
7814
7811
7805
7796
7792
7796
7788
7786
7780
7775
7770
7766
7755
7754
7751
7749
7743
7737
7724
7721
7713
7708
7703
7695
7687
7682
7684
7675
7658
7652
7646
7642
7634
7623
7616
7608
7604
7596
7591
7583
7576
7569
7564
7560
7549
7543
7529
7522
7512
7505
7497
7488
7482
7472
7460
7458
7451
7446
7439
7439
7435
7427
7425
7420
7420
7422
7416
7409
7405
7403
7405
7400
7390
7387
7390
7381
7374
7367
7362
7365
7360
7355
7348
7345
7337
7334
7333
7330
7326
7324
7326
7323
7321
7319
7319
7308
7311
7316
7311
7311
7313
7308
7308
7306
7308
7303
7295
7292
7283
7278
7272
7260
7256
7255
7249
7242
7234
7230
7232
7227
7219
7217
7211
7208
7206
7199
7201
7195
7196
7190
7187
7186
7179
7175
7168
7168
7164
7157
7150
7149
7144
7143
7137
7128
7125
7120
7123
7118
7110
7107
7107
7104
7095
7088
7085
7088
7081
7066
7062
7055
7048
7039
7027
7020
7017
7010
6995
6991
6986
6987
6978
6970
6968
6959
6956
6951
6947
6941
6937
6937
6933
6925
6918
6913
6909
6911
6904
6896
6892
6883
6877
6869
6863
6860
6851
6848
6845
6842
6842
6840
6836
6835
6830
6829
6828
6823
6821
6812
6804
6798
6794
6788
6775
6770
6765
6764
6759
6748
6743
6746
6740
6733
6727
6721
6720
6719
6708
6705
6708
6704
6700
6696
6692
6690
6689
6683
6682
6681
6679
6679
6674
6674
6671
6670
6667
6667
6661
6656
6652
6646
6640
6630
6625
6620
6621
6613
6605
6598
6600
6595
6590
6591
6584
6579
6576
6577
6575
6570
6565
6561
6554
6552
6546
6543
6541
6538
6535
6530
6526
6520
6516
6519
6514
6506
6497
6491
6492
6487
6475
6476
6474
6479
6474
6473
6469
6470
6465
6466
6465
6461
6461
6457
6449
6447
6447
6444
6437
6435
6427
6423
6417
6405
6403
6397
6399
6396
6392
6386
6384
6381
6378
6375
6370
6371
6368
6362
6361
6364
6359
6353
6351
6347
6336
6331
6334
6327
6318
6317
6309
6302
6298
6286
6284
6284
6277
6269
6258
6251
6251
6244
6239
6230
6226
6219
6215
6206
6201
6207
6199
6195
6195
6191
6185
6185
6187
6186
6184
6181
6181
6175
6175
6172
6170
6163
6164
6161
6159
6161
6155
6152
6145
6144
6144
6145
6139
6138
6132
6130
6126
6122
6121
6117
6116
6112
6103
6102
6107
6101
6097
6096
6093
6090
6089
6084
6080
6080
6077
6072
6071
6069
6061
6059
6063
6059
6056
6049
6044
6048
6045
6037
6036
6031
6023
6020
6022
6015
6014
6008
6006
6003
5995
5995
5990
5988
5985
5981
5979
5974
5973
5970
5969
5968
5965
5962
5960
5960
5956
5947
5947
5952
5946
5947
5940
5937
5940
5936
5932
5931
5926
5924
5921
5911
5909
5911
5903
5895
5893
5889
5895
5891
5887
5885
5875
5875
5873
5871
5869
5864
5864
5860
5856
5852
5850
5848
5847
5840
5837
5835
5840
5836
5834
5832
5829
5826
5826
5821
5824
5822
5820
5822
5813
5812
5817
5809
5809
5805
5804
5800
5796
5791
5791
5794
5791
5789
5785
5786
5782
5779
5777
5772
5769
5762
5758
5762
5758
5749
5750
5751
5749
5748
5738
5740
5743
5736
5735
5731
5729
5724
5722
5721
5722
5714
5716
5713
5717
5714
5713
5714
5710
5711
5705
5700
5702
5707
5707
5701
5701
5707
5704
5705
5705
5703
5701
5701
5696
5696
5689
5686
5679
5674
5671
5664
5662
5655
5653
5648
5643
5642
5636
5635
5625
5627
5626
5628
5625
5617
5618
5620
5613
5608
5603
5601
5602
5601
5600
5598
5596
5595
5591
5587
5585
5588
5587
5582
5581
5578
5579
5577
5573
5572
5569
5568
5568
5565
5566
5566
5563
5564
5560
5553
5547
5544
5541
5537
5525
5522
5525
5518
5518
5505
5507
5509
5507
5495
5494
5494
5493
5491
5486
5484
5480
5479
5473
5474
5470
5468
5464
5462
5459
5449
5449
5449
5448
5450
5439
5441
5443
5438
5436
5429
5428
5429
5426
5424
5424
5421
5422
5420
5417
5414
5417
5414
5413
5412
5411
5409
5407
5409
5407
5402
5402
5405
5405
5408
5402
5401
5408
5405
5405
5404
5405
5402
5401
5403
5396
5397
5396
5394
5393
5391
5387
5385
5390
5388
5383
5384
5382
5377
5376
5379
5379
5371
5371
5370
5370
5370
5365
5365
5361
5357
5357
5353
5353
5350
5351
5341
5343
5340
5342
5343
5334
5336
5337
5333
5331
5329
5329
5325
5326
5317
5319
5323
5317
5318
5316
5315
5311
5311
5306
5307
5306
5304
5302
5301
5298
5294
5292
5297
5295
5294
5292
5290
5283
5282
5285
5283
5283
5278
5278
5281
5277
5277
5272
5274
5273
5273
5272
5273
5264
5265
5264
5262
5257
5253
5252
5249
5247
5243
5242
5238
5237
5234
5231
5229
5227
5220
5221
5212
5210
5214
5210
5207
5206
5202
5199
5200
5202
5203
5198
5198
5195
5197
5191
5183
5188
5190
5190
5189
5186
5185
5179
5178
5183
5178
5178
5174
5172
5172
5172
5173
5172
5170
5169
5177
5173
5171
5165
5165
5160
5159
5157
5157
5153
5153
5152
5150
5148
5141
5138
5143
5139
5139
5131
5129
5133
5129
5128
5123
5122
5111
5110
5112
5108
5106
5104
5102
5100
5100
5096
5096
5094
5093
5089
5090
5089
5090
5087
5087
5085
5084
5082
5082
5077
5079
5081
5080
5073
5077
5076
5081
5078
5073
5072
5074
5072
5071
5068
5071
5062
5064
5065
5064
5060
5058
5055
5054
5052
5044
5045
5047
5044
5040
5037
5033
5028
5028
5030
5029
5026
5026
5023
5022
5021
5017
5018
5015
5014
5014
5013
5014
5006
5008
5012
5010
5008
5006
5006
4999
5001
5003
5003
5002
5001
5000
5001
5002
5001
5003
5001
5002
5000
5002
5000
4997
4993
5002
4997
4999
4996
4996
4990
4991
4993
4992
4986
4985
4981
4984
4981
4977
4976
4975
4969
4970
4969
4967
4967
4964
4958
4957
4958
4959
4958
4955
4952
4946
4946
4949
4946
4946
4944
4944
4941
4940
4933
4935
4933
4939
4935
4934
4932
4932
4931
4928
4924
4924
4926
4923
4924
4920
4919
4918
4914
4915
4914
4914
4912
4909
4908
4907
4911
4912
4905
4909
4912
4911
4910
4909
4908
4907
4909
4907
4908
4905
4909
4905
4902
4902
4908
4904
4905
4903
4901
4903
4899
4902
4900
4900
4897
4899
4895
4895
4892
4895
4894
4894
4889
4890
4888
4891
4892
4890
4889
4889
4889
4889
4884
4886
4889
4889
4878
4880
4879
4882
4878
4874
4872
4877
4875
4874
4872
4871
4872
4869
4869
4866
4868
4866
4866
4866
4863
4860
4857
4866
4862
4864
4863
4865
4860
4861
4866
4864
4862
4860
4859
4853
4853
4854
4853
4851
4849
4850
4846
4846
4845
4844
4843
4840
4842
4837
4837
4842
4839
4834
4833
4837
4836
4835
4831
4829
4835
4830
4832
4830
4828
4828
4827
4823
4822
4827
4827
4826
4824
4824
4822
4824
4822
4821
4821
4820
4819
4818
4818
4813
4812
4820
4815
4816
4809
4810
4813
4811
4811
4810
4810
4809
4807
4808
4806
4807
4804
4803
4804
4804
4806
4805
4802
4804
4812
4811
4809
4806
4804
4808
4803
4796
4794
4792
4793
4789
4788
4786
4782
4782
4779
4779
4776
4776
4776
4774
4773
4768
4770
4768
4773
4769
4765
4763
4770
4766
4765
4761
4762
4761
4761
4755
4755
4759
4757
4758
4752
4753
4757
4753
4755
4751
4753
4750
4751
4751
4748
4750
4747
4749
4750
4749
4747
4748
4743
4742
4748
4747
4745
4747
4750
4750
4751
4756
4754
4756
4750
4750
4752
4750
4749
4746
4746
4738
4738
4741
4737
4734
4735
4733
4732
4732
4731
4731
4725
4727
4733
4729
4728
4727
4726
4724
4723
4718
4718
4721
4722
4720
4715
4714
4719
4716
4717
4715
4719
4717
4714
4715
4712
4712
4711
4713
4704
4706
4708
4709
4708
4708
4705
4699
4698
4704
4702
4698
4701
4698
4701
4699
4699
4699
4699
4701
4699
4697
4699
4693
4696
4701
4703
4702
4701
4704
4701
4705
4708
4710
4706
4710
4710
4708
4709
4704
4707
4710
4709
4703
4700
4700
4701
4699
4694
4692
4690
4686
4684
4683
4679
4675
4673
4675
4675
4669
4669
4666
4663
4664
4661
4661
4659
4658
4660
4659
4659
4655
4655
4661
4655
4657
4658
4656
4656
4652
4649
4650
4654
4653
4653
4647
4647
4652
4651
4649
4650
4648
4648
4647
4642
4643
4648
4647
4645
4643
4641
4640
4641
4638
4639
4637
4636
4637
4637
4636
4629
4631
4637
4633
4634
4634
4638
4638
4641
4635
4638
4638
4641
4641
4632
4633
4633
4630
4628
4627
4623
4622
4620
4612
4614
4617
4615
4613
4612
4612
4612
4613
4606
4609
4608
4611
4611
4608
4609
4605
4605
4601
4599
4598
4600
4602
4602
4604
4600
4601
4604
4609
4607
4608
4607
4604
4603
4605
4603
4602
4604
4602
4602
4601
4600
4597
4598
4597
4595
4595
4595
4589
4591
4590
4595
4593
4589
4591
4595
4595
4593
4591
4590
4595
4597
4596
4596
4593
4593
4594
4599
4596
4595
4595
4594
4595
4593
4592
4593
4590
4592
4589
4587
4588
4585
4589
4584
4583
4589
4586
4581
4580
4582
4584
4582
4584
4584
4576
4579
4579
4583
4583
4578
4581
4587
4585
4585
4582
4583
4576
4576
4580
4576
4576
4574
4573
4572
4569
4569
4567
4567
4566
4568
4566
4564
4565
4565
4566
4567
4566
4567
4566
4567
4567
4565
4565
4564
4563
4565
4559
4561
4566
4565
4565
4564
4565
4563
4563
4558
4556
4563
4559
4558
4555
4552
4556
4554
4554
4553
4549
4546
4545
4555
4551
4551
4550
4542
4543
4541
4545
4543
4536
4537
4542
4540
4541
4540
4538
4539
4539
4538
4537
4534
4534
4535
4536
4534
4531
4530
4535
4533
4533
4531
4535
4534
4535
4530
4530
4532
4535
4531
4530
4531
4527
4528
4526
4524
4525
4524
4522
4524
4523
4516
4520
4518
4521
4521
4521
4518
4519
4520
4518
4516
4518
4518
4519
4520
4518
4516
4514
4516
4522
4519
4516
4515
4522
4519
4519
4514
4514
4520
4518
4510
4513
4512
4515
4516
4515
4516
4514
4514
4515
4513
4515
4513
4515
4517
4521
4514
4517
4515
4521
4518
4516
4513
4513
4514
4510
4507
4507
4511
4512
4505
4507
4510
4511
4509
4506
4509
4502
4501
4506
4506
4506
4504
4505
4504
4504
4498
4497
4500
4501
4504
4502
4500
4499
4499
4496
4498
4497
4500
4500
4496
4496
4495
4497
4494
4489
4490
4495
4489
4488
4488
4487
4484
4486
4490
4489
4482
4485
4489
4486
4487
4485
4487
4485
4484
4482
4484
4483
4483
4482
4476
4479
4486
4485
4485
4488
4487
4488
4487
4479
4479
4484
4482
4482
4479
4478
4483
4481
4482
4482
4483
4483
4482
4482
4480
4479
4479
4476
4473
4472
4474
4473
4472
4471
4466
4465
4464
4469
4469
4463
4465
4471
4471
4471
4468
4472
4474
4473
4475
4470
4471
4472
4470
4470
4467
4462
4462
4463
4463
4461
4458
4455
4455
4455
4455
4453
4455
4452
4451
4450
4448
4449
4447
4449
4450
4449
4449
4452
4453
4455
4456
4453
4454
4449
4452
4455
4452
4454
4452
4449
4449
4448
4447
4448
4443
4443
4443
4448
4448
4443
4446
4449
4444
4442
4440
4440
4443
4442
4443
4442
4438
4442
4440
4445
4442
4444
4442
4440
4440
4438
4436
4439
4435
4435
4435
4432
4433
4430
4430
4429
4429
4425
4426
4420
4423
4422
4425
4426
4419
4420
4427
4422
4422
4420
4421
4427
4424
4423
4424
4420
4419
4421
4425
4425
4427
4426
4421
4424
4421
4425
4425
4422
4423
4425
4423
4420
4422
4420
4418
4419
4419
4418
4420
4420
4417
4416
4416
4423
4423
4423
4422
4423
4417
4417
4422
4420
4419
4424
4424
4431
4433
4429
4434
4439
4441
4440
4438
4439
4439
4436
4435
4431
4428
4426
4423
4421
4420
4417
4414
4417
4415
4416
4417
4417
4411
4412
4418
4414
4413
4410
4406
4404
4401
4405
4402
4403
4401
4399
4396
4394
4400
4400
4392
4395
4395
4397
4399
4399
4397
4396
4398
4397
4395
4395
4395
4393
4392
4392
4390
4390
4388
4387
4389
4382
4384
4387
4386
4386
4385
4385
4383
4384
4384
4383
4380
4379
4380
4386
4385
4382
4381
4388
4389
4385
4388
4386
4386
4388
4387
4387
4389
4387
4387
4387
4390
4383
4386
4389
4390
4390
4387
4390
4385
4384
4389
4387
4385
4379
4381
4383
4384
4374
4376
4377
4379
4378
4377
4376
4378
4375
4376
4374
4373
4367
4371
4373
4372
4372
4370
4372
4370
4371
4370
4370
4371
4368
4370
4368
4367
4369
4368
4370
4371
4367
4368
4365
4371
4369
4368
4368
4362
4365
4366
4372
4372
4370
4372
4380
4376
4375
4373
4375
4381
4379
4378
4378
4376
4375
4375
4372
4372
4371
4370
4369
4367
4368
4367
4364
4365
4364
4366
4366
4363
4360
4359
4365
4363
4357
4357
4361
4360
4360
4356
4357
4360
4357
4353
4354
4357
4357
4358
4357
4354
4356
4354
4352
4354
4354
4355
4355
4354
4356
4355
4356
4358
4356
4360
4358
4362
4365
4365
4368
4362
4362
4367
4363
4359
4360
4358
4360
4359
4354
4355
4359
4356
4357
4355
4356
4356
4352
4355
4353
4347
4348
4347
4351
4351
4346
4345
4351
4352
4350
4348
4350
4349
4347
4349
4348
4346
4347
4348
4346
4345
4341
4343
4346
4346
4346
4342
4341
4347
4343
4340
4341
4341
4341
4342
4344
4345
4346
4346
4346
4346
4343
4343
4343
4341
4345
4343
4345
4345
4342
4343
4341
4339
4341
4341
4339
4339
4339
4337
4335
4332
4331
4334
4338
4336
4332
4333
4340
4339
4339
4343
4347
4353
4357
4355
4363
4373
4379
4382
4385
4394
4405
4414
4416
4426
4438
4447
4455
4465
4472
4481
4489
4499
4505
4512
4523
4528
4539
4545
4548
4558
4565
4577
4582
4589
4593
4597
4605
4612
4618
4624
4627
4631
4634
4636
4636
4637
4641
