4347
4343
4338
4338
4338
4341
4337
4337
4331
4331
4327
4324
4321
4318
4311
4305
4310
4302
4299
4290
4289
4288
4283
4274
4272
4273
4266
4264
4257
4254
4249
4246
4242
4238
4236
4230
4229
4223
4220
4212
4212
4209
4208
4207
4201
4199
4195
4190
4188
4184
4181
4179
4178
4169
4168
4171
4167
4164
4157
4156
4157
4155
4152
4150
4146
4141
4138
4141
4138
4137
4134
4131
4132
4129
4128
4126
4123
4123
4117
4117
4115
4120
4115
4114
4113
4112
4108
4107
4105
4104
4100
4101
4092
4094
4097
4097
4095
4095
4093
4093
4092
4085
4086
4085
4089
4086
4083
4082
4087
4083
4084
4081
4081
4079
4079
4077
4077
4070
4071
4070
4073
4070
4069
4068
4068
4067
4068
4066
4065
4063
4064
4061
4062
4060
4057
4058
4061
4059
4055
4054
4060
4057
4058
4053
4052
4055
4054
4048
4049
4048
4053
4051
4050
4049
4050
4048
4048
4047
4048
4046
4047
4047
4047
4046
4044
4046
4040
4039
4045
4046
4043
4044
4042
4039
4036
4041
4041
4042
4040
4042
4040
4040
4039
4040
4034
4037
4040
4039
4039
4034
4034
4039
4038
4036
4037
4035
4034
4035
4034
4032
4034
4035
4034
4032
4032
4031
4030
4027
4028
4030
4031
4029
4027
4027
4031
4031
4029
4029
4028
4028
4027
4027
4027
4021
4024
4024
4027
4026
4028
4026
4020
4020
4025
4023
4024
4025
4022
4023
4022
4023
4022
4021
4023
4021
4017
4018
4024
4020
4021
4021
4022
4020
4021
4015
4018
4021
4021
4019
4020
4020
4019
4019
4018
4020
4018
4019
4018
4018
4017
4018
4018
4016
4014
4014
4018
4018
4013
4015
4019
4018
4018
4013
4014
4018
4016
4013
4014
4013
4017
4017
4015
4017
4010
4013
4015
4017
4016
4016
4017
4016
4017
4017
4017
4016
4017
4016
4016
4017
4016
4019
4019
4022
4022
4023
4025
4026
4029
4031
4031
4033
4028
4032
4038
4035
4028
4031
4031
4036
4037
4038
4040
4036
4039
4040
4045
4043
4043
4043
4043
4044
4043
4044
4044
4048
4047
4050
4048
4051
4050
4052
4054
4056
4051
4054
4059
4059
4058
4057
4057
4064
4064
4061
4064
4067
4072
4071
4074
4074
4080
4081
4080
4085
4085
4094
4096
4099
4101
4103
4106
4108
4108
4112
4111
4113
4121
4124
4126
4128
4133
4137
4144
4144
4151
4158
4160
4158
4161
4162
4163
4163
4167
4166
4168
4172
4174
4178
4178
4179
4181
4187
4192
4195
4194
4201
4210
4212
4214
4218
4223
4222
4229
4235
4241
4243
4249
4252
4256
4261
4260
4268
4279
4280
4285
4292
4297
4303
4308
4313
4319
4325
4334
4338
4347
4353
4354
4364
4374
4380
4384
4394
4400
4402
4411
4423
4429
4435
4445
4449
4453
4461
4475
4479
4483
4491
4500
4512
4519
4527
4535
4543
4552
4561
4570
4580
4589
4597
4605
4613
4623
4631
4639
4644
4655
4670
4679
4686
4700
4708
4720
4729
4735
4743
4758
4763
4774
4783
4793
4806
4817
4822
4833
4846
4860
4871
4877
4889
4896
4910
4920
4933
4944
4953
4963
4979
4991
5001
5010
5020
5032
5041
5046
5058
5073
5084
5092
5104
5116
5130
5138
5154
5167
5174
5185
5200
5215
5229
5238
5255
5275
5286
5299
5308
5317
5336
5348
5360
5372
5383
5399
5412
5426
5441
5455
5468
5473
5487
5500
5513
5519
5527
5538
5543
5556
5564
5568
5575
5591
5600
5611
5623
5631
5638
5650
5670
5683
5699
5710
5728
5739
5757
5767
5782
5790
5807
5824
5835
5848
5861
5870
5883
5892
5903
5912
5924
5930
5942
5958
5971
5978
5991
6001
6013
6025
6035
6047
6066
6079
6092
6104
6119
6127
6146
6161
6178
6190
6205
6220
6236
6250
6265
6282
6298
6312
6330
6344
6361
6378
6393
6408
6423
6431
6449
6465
6482
6498
6505
6522
6543
6553
6565
6575
6588
6606
6620
6632
6648
6662
6673
6690
6696
6707
6723
6730
6738
6750
6756
6765
6777
6794
6806
6817
6829
6841
6852
6866
6877
6888
6899
6911
6924
6938
6948
6959
6972
6981
6995
7005
7018
7026
7040
7050
7064
7073
7079
7095
7106
7124
7135
7149
7160
7168
7179
7198
7203
7212
7216
7228
7239
7247
7253
7262
7270
7276
7286
7290
7301
7320
7329
7335
7343
7358
7372
7383
7396
7403
7418
7428
7440
7449
7463
7470
7484
7505
7515
7521
7533
7540
7548
7559
7561
7571
7580
7592
7596
7606
7615
7620
7623
7627
7630
7638
7642
7650
7655
7661
7663
7676
7686
7703
7712
7724
7733
7744
7754
7767
7777
7788
7797
7808
7829
7836
7845
7851
7858
7863
7867
7876
7884
7883
7892
7899
7905
7914
7917
7923
7939
7946
7953
7960
7964
7969
7977
7978
7985
7997
8001
8003
8004
8008
8017
8017
8009
8017
8021
8025
8027
8031
8034
8035
8040
8043
8049
8052
8056
8061
8069
8074
8077
8083
8092
8105
8108
8116
8122
8125
8123
8124
8123
8124
8121
8121
8123
8126
8128
8129
8138
8152
8157
8161
8173
8190
8198
8207
8216
8223
8230
8237
8246
8256
8262
8271
8279
8283
8287
8292
8299
8303
8307
8312
8311
8316
8325
8328
8325
8332
8335
8343
8345
8343
8346
8353
8354
8356
8354
8356
8357
8357
8352
8350
8344
8331
8324
8323
8316
8312
8312
8305
8305
8309
8319
8319
8320
8323
8327
8329
8336
8338
8344
8342
8348
8359
8362
8367
8370
8376
8381
8384
8382
8389
8401
8404
8403
8405
8403
8401
8400
8396
8395
8389
8385
8380
8378
8376
8372
8369
8369
8368
8368
8365
8372
8379
8384
8382
8386
8394
8407
8409
8411
8419
8433
8434
8441
8445
8447
8451
8450
8455
8457
8459
8462
8463
8466
8466
8467
8470
8463
8467
8467
8472
8472
8465
8467
8474
8472
8470
8466
8467
8471
8465
8461
8458
8460
8452
8450
8448
8445
8439
8431
8417
8412
8405
8399
8384
8375
8364
8345
8333
8319
8317
8307
8302
8295
8293
8291
8289
8287
8280
8280
8275
8274
8274
8275
8276
8274
8269
8270
8272
8268
8263
8262
8264
8271
8270
8274
8275
8279
8283
8277
8272
8265
8265
8256
8246
8243
8242
8236
8234
8232
8230
8229
8229
8230
8231
8235
8234
8236
8242
8246
8247
8246
8245
8246
8242
8241
8241
8243
8243
8237
8240
8238
8245
8245
8243
8239
8239
8238
8238
8233
8235
8240
8238
8237
8232
8223
8217
8213
8203
8200
8204
8195
8188
8182
8181
8173
8170
8169
8166
8157
8157
8156
8156
8154
8144
8142
8147
8139
8134
8128
8124
8121
8116
8115
8110
8108
8107
8108
8104
8103
8108
8104
8098
8091
8088
8082
8078
8072
8068
8061
8057
8052
8048
8045
8037
8036
8043
8039
8039
8036
8037
8035
8035
8030
8033
8045
8041
8041
8044
8042
8036
8038
8041
8032
8029
8026
8018
8006
7998
7983
7975
7971
7959
7946
7931
7922
7915
7903
7896
7885
7876
7859
7852
7851
7840
7833
7823
7815
7808
7800
7788
7781
7783
7772
7766
7755
7748
7741
7739
7732
7729
7724
7719
7711
7709
7707
7707
7701
7692
7693
7695
7695
7693
7692
7690
7689
7689
7684
7685
7689
7697
7698
7692
7696
7700
7697
7695
7688
7684
7687
7682
7678
7672
7670
7662
7658
7663
7652
7647
7638
7632
7620
7610
7599
7591
7583
7573
7561
7556
7547
7547
7542
7537
7536
7533
7532
7532
7532
7530
7527
7527
7525
7524
7522
7521
7523
7523
7521
7516
7516
7523
7523
7520
7516
7517
7515
7516
7506
7508
7509
7509
7510
7505
7501
7499
7495
7487
7484
7478
7469
7466
7466
7460
7450
7442
7434
7420
7415
7411
7405
7400
7396
7390
7387
7383
7377
7373
7369
7365
7355
7349
7347
7351
7339
7329
7325
7329
7320
7314
7309
7303
7297
7288
7288
7284
7279
7276
7276
7269
7267
7269
7267
7263
7257
7254
7247
7242
7244
7241
7230
7232
7229
7229
7227
7216
7215
7220
7211
7206
7201
7195
7183
7179
7181
7172
7166
7159
7155
7149
7144
7142
7137
7131
7131
7131
7128
7125
7117
7116
7119
7113
7109
7104
7100
7098
7094
7089
7083
7082
7077
7074
7066
7064
7058
7051
7037
7035
7032
7029
7023
7016
7008
7008
7001
6994
6981
6979
6980
6974
6963
6958
6958
6946
6941
6934
6928
6916
6913
6915
6905
6901
6894
6887
6881
6876
6873
6868
6865
6861
6856
6854
6849
6843
6838
6832
6825
6814
6806
6797
6787
6782
6774
6766
6761
6757
6749
6742
6740
6746
6740
6739
6736
6734
6736
6735
6736
6738
6730
6729
6729
6730
6728
6717
6717
6716
6710
6704
6693
6688
6690
6682
6673
6668
6663
6655
6656
6654
6655
6648
6642
6635
6631
6625
6617
6614
6611
6606
6605
6602
6597
6588
6584
6585
6580
6578
6571
6569
6559
6558
6561
6558
6551
6550
6553
6555
6554
6545
6545
6550
6547
6546
6544
6541
6539
6535
6530
6527
6526
6522
6519
6514
6511
6506
6502
6499
6495
6491
6488
6487
6477
6476
6476
6470
6466
6461
6459
6450
6449
6454
6444
6443
6436
6435
6431
6424
6418
6418
6412
6405
6400
6399
6393
6381
6379
6383
6376
6373
6370
6365
6362
6361
6357
6352
6345
6341
6340
6340
6335
6325
6324
6324
6317
6311
6308
6305
6302
6297
6288
6283
6287
6283
6277
6269
6266
6257
6255
6259
6250
6245
6239
6234
6236
6230
6220
6218
6217
6213
6206
6202
6199
6193
6190
6184
6183
6180
6174
6171
6169
6165
6159
6152
6149
6146
6140
6136
6132
6120
6118
6121
6115
6110
6102
6098
6102
6097
6092
6087
6082
6079
6070
6065
6054
6041
6038
6034
6029
6022
6016
6009
5997
5993
5995
5991
5987
5983
5979
5977
5974
5969
5967
5963
5959
5958
5957
5954
5944
5943
5940
5941
5939
5939
5933
5925
5926
5926
5922
5920
5914
5909
5907
5902
5892
5892
5890
5889
5885
5882
5878
5874
5871
5866
5862
5857
5852
5847
5843
5841
5828
5829
5826
5827
5823
5822
5821
5812
5813
5812
5813
5812
5806
5806
5812
5810
5807
5805
5805
5801
5799
5793
5791
5796
5792
5785
5781
5777
5775
5770
5767
5764
5763
5756
5754
5759
5753
5749
5746
5741
5734
5730
5731
5724
5722
5717
5710
5709
5705
5697
5696
5699
5694
5692
5690
5687
5684
5681
5679
5676
5673
5672
5668
5664
5662
5658
5654
5645
5643
5647
5643
5638
5631
5629
5632
5626
5616
5617
5613
5615
5612
5608
5608
5607
5605
5604
5600
5595
5587
5585
5584
5580
5575
5568
5565
5555
5552
5553
5551
5548
5543
5543
5540
5537
5536
5535
5533
5530
5529
5528
5526
5521
5522
5526
5524
5515
5514
5516
5517
5514
5513
5513
5506
5508
5507
5504
5503
5497
5496
5502
5498
5499
5497
5494
5494
5494
5491
5487
5487
5487
5485
5486
5485
5474
5476
5482
5478
5475
5473
5470
5461
5460
5465
5458
5454
5448
5445
5448
5443
5436
5436
5437
5431
5433
5430
5426
5423
5423
5414
5414
5412
5417
5412
5408
5409
5406
5403
5399
5396
5394
5391
5386
5384
5384
5380
5375
5374
5371
5368
5366
5362
5361
5358
5354
5349
5347
5350
5345
5337
5338
5337
5339
5332
5332
5328
5326
5327
5319
5319
5320
5321
5321
5318
5316
5314
5313
5307
5303
5300
5304
5300
5296
5295
5291
5285
5285
5290
5288
5284
5282
5282
5278
5276
5275
5273
5269
5268
5266
5261
5259
5250
5247
5249
5244
5239
5238
5234
5227
5226
5228
5222
5212
5211
5215
5211
5208
5206
5201
5202
5198
5197
5194
5193
5185
5185
5187
5183
5176
5174
5174
5175
5171
5168
5169
5165
5164
5160
5158
5155
5155
5153
5144
5146
5150
5148
5149
5143
5145
5147
5148
5147
5144
5142
5140
5135
5133
5128
5125
5120
5118
5116
5111
5110
5109
5104
5103
5095
5097
5095
5098
5097
5088
5089
5092
5088
5086
5083
5081
5085
5083
5081
5077
5076
5074
5074
5073
5071
5062
5063
5068
5063
5061
5056
5055
5055
5052
5051
5051
5048
5045
5045
5043
5044
5041
5039
5039
5038
5033
5034
5032
5025
5026
5030
5028
5027
5021
5019
5025
5023
5017
5015
5015
5019
5016
5015
5016
5009
5009
5013
5012
5010
5007
5008
5007
5003
5003
5001
4997
4996
4995
4991
4988
4984
4982
4981
4976
4973
4968
4968
4972
4968
4967
4967
4965
4958
4959
4965
4961
4960
4958
4956
4946
4946
4949
4944
4937
4939
4938
4939
4937
4936
4937
4935
4935
4934
4934
4932
4926
4924
4927
4924
4921
4918
4914
4915
4913
4905
4906
4909
4904
4903
4902
4901
4898
4898
4899
4898
4895
4895
4895
4889
4889
4888
4887
4884
4883
4881
4874
4875
4878
4876
4869
4868
4869
4868
4867
4861
4857
4861
4856
4854
4852
4852
4851
4848
4847
4846
4844
4841
4842
4841
4838
4836
4837
4830
4832
4830
4832
4831
4825
4823
4830
4827
4823
4823
4821
4815
4814
4819
4818
4815
4813
4813
4809
4806
4809
4809
4809
4806
4807
4805
4804
4803
4803
4805
4802
4802
4802
4799
4799
4797
4792
4790
4794
4790
4786
4780
4780
4782
4778
4775
4775
4772
4770
4771
4765
4763
4768
4768
4765
4763
4760
4760
4758
4759
4759
4757
4759
4759
4758
4757
4753
4756
4760
4756
4757
4755
4753
4750
4750
4749
4749
4743
4742
4744
4748
4747
4740
4742
4749
4742
4741
4740
4738
4732
4731
4736
4733
4730
4728
4728
4727
4724
4723
4724
4719
4719
4721
4729
4730
4731
4728
4729
4730
4729
4722
4722
4725
4721
4716
4713
4710
4706
4703
4698
4698
4694
4693
4684
4682
4681
4685
4683
4681
4678
4670
4671
4671
4672
4671
4666
4666
4671
4667
4667
4666
4666
4664
4664
4665
4665
4663
4663
4665
4664
4663
4663
4662
4656
4656
4658
4659
4658
4650
4649
4656
4654
4650
4649
4646
4648
4646
4647
4644
4639
4638
4637
4641
4642
4638
4636
4631
4634
4632
4635
4635
4635
4634
4635
4634
4633
4628
4631
4639
4641
4639
4638
4637
4638
4633
4632
4628
4628
4626
4621
4619
4619
4616
4615
4614
4612
4613
4612
4611
4605
4606
4609
4607
4599
4599
4606
4603
4600
4597
4597
4602
4599
4595
4599
4600
4601
4600
4602
4598
4599
4597
4596
4594
4592
4590
4586
4584
4584
4584
4581
4579
4576
4575
4580
4578
4576
4576
4577
4575
4573
4568
4570
4575
4571
4568
4567
4569
4563
4561
4566
4564
4558
4557
4556
4561
4560
4561
4562
4560
4559
4559
4559
4559
4558
4557
4559
4559
4557
4557
4554
4556
4554
4551
4548
4547
4547
4546
4546
4545
4541
4544
4548
4547
4547
4541
4540
4542
4542
4533
4533
4536
4535
4534
4528
4528
4533
4529
4527
4527
4524
4522
4520
4519
4516
4516
4516
4517
4516
4514
4514
4514
4512
4513
4512
4512
4510
4511
4511
4507
4508
4513
4511
4510
4507
4506
4510
4508
4501
4504
4504
4508
4508
4504
4503
4509
4507
4506
4507
4505
4506
4504
4506
4505
4510
4508
4510
4510
4508
4506
4506
4512
4510
4507
4499
4502
4504
4502
4497
4496
4497
4500
4497
4495
4495
4493
4491
4491
4490
4486
4485
4485
4482
4481
4481
4482
4479
4478
4478
4476
4474
4476
4477
4474
4472
4476
4480
4481
4477
4480
4485
4485
4485
4481
4479
4487
4484
4481
4480
4476
4472
4470
4473
4468
4466
4466
4466
4464
4462
4461
4461
4458
4457
4454
4453
4452
4453
4451
4446
4450
4455
4452
4450
4446
4447
4440
4436
4443
4438
4435
4433
4431
4428
4427
4425
4427
4424
4424
4422
4417
4416
4418
4419
4416
4418
4418
4421
4421
4419
4416
4413
4414
4414
4414
4409
4404
4404
4407
4404
4404
4402
4402
4397
4399
4403
4401
4402
4402
4397
4395
4393
4389
4388
4390
4386
4385
4385
4383
4376
4377
4382
4377
4377
4378
4375
4374
4373
4369
4369
4375
4371
4369
4369
4370
4370
4368
4368
4367
4364
4363
4361
4367
4365
4366
4364
4360
4361
4363
4366
4362
4359
4359
4365
4362
4362
4363
4363
4364
4364
4360
4360
4361
4364
4366
4363
4364
4365
4364
4363
4364
4361
4363
4366
4368
4370
4368
4366
4366
4367
4367
4369
4367
4360
4363
4364
4366
4365
4359
4360
4365
4363
4354
4355
4354
4357
4356
4354
4354
4347
4349
4346
4348
4348
4348
4345
4347
4346
4344
4343
4342
4339
4338
4340
4339
4335
4333
4333
4328
4330
4333
4332
4331
4331
4331
4332
4331
4324
4325
4331
4329
4329
4324
4323
4327
4327
4327
4327
4323
4323
4322
4327
4326
4326
4325
4325
4322
4322
4321
4322
4321
4321
4320
4320
4319
4319
4319
4319
4316
4315
4314
4310
4310
4312
4315
4314
4314
4314
4314
4311
4312
4309
4309
4311
4309
4308
4309
4307
4305
4303
4307
4306
4305
4304
4304
4304
4302
4304
4302
4303
4304
4301
4301
4302
4306
4306
4305
4308
4302
4306
4309
4312
4314
4311
4312
4310
4311
4303
4303
4302
4304
4302
4300
4299
4299
4294
4294
4294
4292
4285
4286
4291
4289
4285
4279
4281
4286
4283
4282
4281
4281
4281
4280
4280
4279
4274
4275
4280
4280
4278
4278
4277
4277
4279
4278
4278
4275
4272
4273
4276
4275
4274
4273
4272
4272
4271
4270
4270
4264
4266
4271
4268
4266
4265
4265
4264
4265
4264
4264
4261
4259
4259
4263
4264
4256
4259
4265
4264
4262
4258
4259
4264
4264
4264
4265
4267
4268
4269
4269
4270
4272
4271
4271
4274
4274
4274
4275
4271
4274
4278
4277
4277
4273
4274
4278
4276
4276
4276
4274
4269
4268
4270
4267
4258
4258
4258
4260
4258
4252
4254
4256
4254
4254
4251
4251
4250
4247
4248
4247
4246
4242
4241
4240
4241
4241
4238
4233
4234
4236
4238
4237
4235
4233
4232
4232
4233
4232
4229
4230
4229
4229
4229
4228
4228
4229
4229
4227
4223
4224
4231
4228
4225
4222
4223
4228
4229
4223
4223
4231
4231
4232
4226
4226
4233
4231
4229
4228
4226
4222
4222
4227
4224
4221
4222
4222
4223
4222
4221
4221
4223
4225
4225
4225
4226
4226
4224
4223
4222
4221
4223
4225
4229
4232
4231
4231
4229
4226
4224
4222
4221
4217
4214
4212
4212
4212
4211
4212
4205
4205
4209
4208
4203
4204
4205
4211
4211
4206
4205
4211
4210
4207
4205
4204
4199
4200
4203
4203
4197
4194
4196
4198
4198
4192
4196
4203
4203
4201
4200
4200
4201
4201
4198
4197
4198
4197
4196
4189
4191
4197
4196
4196
4196
4194
4195
4195
4196
4195
4194
4192
4190
4188
4187
4188
4187
4185
4183
4182
4182
4180
4175
4174
4179
4179
4179
4179
4178
4176
4177
4183
4180
4175
4176
4178
4182
4180
4181
4182
4176
4179
4179
4181
4181
4180
4179
4179
4178
4177
4175
4174
4170
4172
4174
4170
4170
4172
4170
4169
4169
4171
4171
4170
4169
4169
4168
4169
4167
4169
4162
4165
4170
4170
4167
4168
4167
4168
4166
4162
4164
4164
4166
4165
4163
4163
4162
4161
4159
4155
4155
4159
4159
4153
4152
4159
4158
4157
4153
4154
4157
4156
4155
4155
4154
4154
4153
4149
4149
4153
4153
4154
4155
4156
4155
4157
4159
4158
4153
4156
4158
4163
4162
4163
4163
4160
4158
4158
4158
4159
4158
4156
4154
4151
4150
4145
4149
4151
4148
4144
4145
4149
4148
4149
4146
4148
4148
4145
4147
4146
4145
4142
4142
4144
4144
4144
4144
4144
4141
4139
4145
4142
4141
4141
4140
4142
4141
4139
4139
4139
4141
4140
4139
4140
4141
4142
4140
4143
4148
4148
4150
4151
4149
4152
4152
4152
4151
4152
4153
4151
4146
4145
4147
4143
4143
4140
4138
4138
4136
4131
4130
4131
4131
4128
4125
4126
4129
4129
4131
4131
4132
4132
4132
4128
4129
4133
4133
4127
4130
4130
4134
4131
4130
4129
4128
4127
4127
4127
4125
4122
4121
4119
4118
4117
4116
4116
4115
4114
4108
4108
4115
4114
4116
4112
4112
4115
4114
4114
4113
4113
4112
4112
4109
4110
4115
4114
4113
4111
4113
4112
4112
4109
4109
4111
4112
4112
4111
4109
4104
4103
4111
4108
4106
4102
4102
4105
4104
4100
4101
4105
4103
4103
4103
4105
4105
4106
4105
4105
4104
4103
4101
4101
4101
4095
4096
4098
4100
4101
4100
4102
4098
4101
4106
4106
4107
4108
4110
4108
4110
4117
4117
4116
4110
4112
4118
4116
4115
4112
4108
4104
4102
4106
4104
4105
4104
4104
4105
4103
4104
4104
4103
4102
4101
4101
4100
4101
4100
4097
4097
4095
4094
4091
4088
4089
4091
4092
4087
4086
4090
4088
4089
4089
4089
4089
4088
4087
4088
4086
4084
4084
4088
4086
4085
4087
4087
4088
4089
4088
4087
4085
4088
4092
4092
4092
4086
4087
4092
4090
4083
4086
4086
4088
4086
4086
4086
4086
4087
4085
4085
4084
4080
4082
4087
4086
4085
4086
4086
4080
4083
4086
4084
4083
4080
4079
4077
4077
4077
4075
4075
4073
4073
4072
4073
4075
4071
4072
4073
4066
4065
4069
4072
4072
4066
4066
4072
4071
4069
4067
4067
4067
4066
4066
4065
4065
4064
4064
4063
4066
4075
4076
4077
4078
4079
4077
4078
4084
4083
4083
4083
4082
4081
4080
4073
4072
4078
4076
4075
4076
4076
4076
4075
4071
4071
4077
4076
4076
4073
4073
4077
4077
4077
4076
4078
4079
4078
4078
4075
4072
4072
4072
4074
4073
4073
4073
4073
4073
4067
4067
4068
4071
4070
4068
4067
4064
4062
4062
4062
4061
4060
4060
4059
4057
4055
4054
4055
4051
4051
4055
4052
4051
4049
4048
4049
4049
4049
4048
4043
4044
4046
4051
4050
4049
4050
4050
4051
4052
4050
4050
4050
4049
4049
4049
4049
4050
4050
4051
4050
4044
4047
4053
4052
4051
4051
4052
4051
4052
4052
4051
4050
4049
4048
4044
4045
4051
4049
4050
4051
4053
4059
4060
4060
4065
4076
4077
4082
4084
4093
4104
4109
4111
4120
4130
4142
4148
4153
4161
4176
4182
4185
4191
4199
4214
4221
4227
4233
4239
4247
4254
4262
4268
4273
4280
4286
4292
4296
4302
4307
4308
4312
4319
4321
4322
4325
4326
4327
