4464
4463
4464
4462
4462
4461
4460
4458
4456
4449
4446
4448
4444
4435
4432
4429
4430
4427
4423
4417
4412
4408
4404
4399
4396
4391
4386
4381
4377
4373
4368
4365
4360
4358
4353
4349
4339
4339
4334
4336
4329
4326
4323
4314
4312
4310
4310
4305
4297
4295
4298
4294
4286
4284
4282
4284
4280
4277
4273
4272
4268
4267
4264
4262
4260
4259
4257
4255
4252
4246
4245
4249
4247
4244
4242
4237
4236
4236
4239
4236
4235
4233
4233
4231
4229
4227
4225
4223
4223
4221
4221
4218
4215
4213
4208
4208
4212
4209
4203
4201
4203
4207
4204
4198
4196
4202
4201
4198
4195
4194
4193
4194
4193
4191
4190
4185
4187
4189
4186
4186
4184
4183
4181
4179
4179
4178
4176
4175
4172
4172
4172
4172
4172
4167
4165
4168
4167
4165
4164
4164
4160
4159
4164
4160
4155
4156
4158
4161
4160
4153
4153
4160
4157
4157
4152
4152
4155
4154
4154
4154
4153
4150
4151
4151
4150
4149
4148
4149
4150
4149
4149
4148
4148
4148
4148
4148
4146
4144
4144
4143
4143
4143
4142
4141
4141
4140
4136
4136
4140
4136
4137
4139
4137
4138
4135
4132
4134
4139
4137
4135
4131
4133
4137
4135
4131
4129
4133
4133
4137
4134
4134
4133
4133
4134
4133
4133
4134
4133
4134
4133
4131
4133
4132
4127
4128
4131
4130
4131
4129
4127
4128
4126
4127
4128
4121
4123
4124
4127
4125
4120
4121
4125
4124
4121
4120
4121
4125
4123
4119
4118
4125
4123
4119
4118
4116
4121
4122
4118
4119
4118
4119
4119
4118
4120
4118
4119
4118
4119
4120
4117
4118
4120
4119
4115
4118
4119
4120
4120
4121
4119
4121
4121
4119
4121
4118
4121
4121
4114
4118
4123
4124
4122
4120
4121
4118
4121
4121
4119
4119
4115
4116
4121
4120
4118
4118
4121
4123
4122
4121
4122
4124
4126
4129
4128
4131
4127
4130
4133
4134
4129
4133
4135
4138
4137
4140
4140
4140
4142
4144
4146
4150
4150
4150
4153
4152
4151
4154
4154
4153
4156
4152
4151
4159
4158
4155
4154
4155
4159
4158
4159
4162
4161
4167
4167
4165
4169
4176
4178
4173
4177
4180
4183
4183
4185
4187
4187
4188
4188
4185
4188
4194
4194
4196
4195
4199
4201
4203
4203
4204
4203
4204
4212
4213
4215
4217
4219
4217
4222
4228
4230
4234
4233
4238
4242
4245
4252
4255
4259
4261
4264
4265
4270
4274
4280
4280
4284
4287
4291
4293
4300
4301
4307
4311
4315
4321
4323
4329
4334
4338
4342
4348
4352
4357
4361
4366
4368
4374
4387
4392
4399
4401
4408
4412
4418
4428
4432
4435
4441
4449
4453
4461
4463
4471
4475
4479
4487
4491
4494
4505
4509
4514
4518
4525
4533
4538
4543
4551
4554
4562
4572
4581
4590
4590
4599
4615
4622
4631
4639
4645
4655
4661
4671
4680
4681
4693
4702
4717
4728
4736
4747
4752
4762
4774
4788
4795
4803
4813
4817
4825
4839
4849
4857
4865
4874
4880
4892
4906
4914
4924
4934
4944
4955
4963
4976
4987
4999
5010
5016
5032
5044
5057
5071
5078
5093
5104
5124
5136
5143
5160
5177
5190
5204
5213
5230
5248
5260
5272
5285
5299
5311
5326
5337
5351
5366
5376
5392
5404
5420
5430
5443
5465
5477
5493
5508
5523
5535
5546
5560
5572
5586
5597
5607
5615
5626
5642
5649
5656
5659
5669
5675
5683
5695
5705
5716
5728
5739
5754
5767
5778
5793
5800
5817
5838
5851
5866
5878
5894
5914
5932
5950
5965
5981
6000
6018
6038
6058
6070
6086
6111
6126
6143
6160
6178
6187
6205
6228
6241
6258
6271
6290
6304
6321
6337
6350
6367
6379
6397
6410
6427
6441
6454
6470
6483
6499
6508
6526
6544
6559
6569
6585
6601
6619
6630
6642
6657
6679
6689
6703
6718
6731
6746
6761
6771
6786
6807
6819
6832
6843
6860
6872
6886
6900
6913
6929
6943
6955
6971
6985
6997
7010
7025
7040
7054
7067
7084
7097
7111
7120
7135
7149
7169
7184
7192
7204
7224
7235
7242
7258
7265
7275
7288
7291
7305
7318
7330
7336
7341
7348
7360
7365
7371
7374
7382
7389
7391
7399
7404
7403
7415
7427
7438
7449
7462
7474
7486
7502
7509
7523
7539
7554
7563
7579
7589
7602
7614
7624
7635
7649
7661
7673
7680
7692
7706
7721
7729
7736
7745
7764
7770
7775
7784
7793
7800
7809
7818
7823
7827
7836
7846
7859
7865
7867
7876
7887
7898
7903
7912
7916
7921
7927
7931
7938
7952
7958
7964
7968
7974
7980
7985
7993
7998
8008
8013
8024
8041
8053
8057
8072
8086
8097
8106
8118
8124
8135
8140
8152
8158
8165
8175
8181
8189
8200
8209
8220
8230
8238
8249
8264
8276
8282
8293
8303
8316
8323
8327
8338
8350
8353
8362
8367
8373
8374
8385
8396
8399
8404
8411
8417
8426
8430
8438
8443
8448
8453
8453
8448
8447
8440
8440
8449
8445
8442
8444
8446
8457
8460
8464
8471
8479
8484
8492
8499
8512
8519
8525
8528
8537
8543
8547
8554
8553
8558
8567
8563
8560
8558
8554
8554
8552
8543
8542
8543
8538
8533
8528
8525
8522
8519
8512
8517
8517
8523
8524
8524
8525
8520
8522
8528
8528
8522
8516
8510
8502
8494
8485
8478
8479
8477
8475
8475
8476
8472
8476
8482
8488
8493
8490
8498
8512
8513
8511
8516
8522
8527
8530
8532
8537
8539
8543
8545
8555
8561
8571
8576
8581
8590
8591
8598
8606
8619
8625
8624
8629
8637
8639
8638
8639
8642
8641
8643
8638
8642
8646
8655
8663
8671
8676
8682
8689
8694
8699
8701
8696
8700
8705
8702
8704
8703
8707
8708
8713
8709
8721
8733
8734
8738
8740
8746
8747
8749
8747
8744
8747
8750
8750
8749
8750
8751
8751
8748
8747
8745
8746
8741
8735
8732
8728
8727
8727
8730
8726
8726
8726
8724
8721
8718
8714
8718
8725
8725
8728
8732
8733
8737
8739
8736
8739
8749
8747
8741
8750
8754
8763
8767
8763
8771
8769
8765
8758
8753
8744
8748
8746
8735
8736
8742
8744
8740
8739
8738
8738
8736
8733
8728
8729
8725
8726
8725
8721
8716
8715
8712
8700
8701
8699
8695
8690
8682
8678
8673
8665
8655
8652
8651
8642
8641
8637
8630
8624
8615
8601
8598
8598
8591
8584
8581
8578
8575
8571
8572
8569
8567
8567
8568
8567
8571
8561
8563
8571
8568
8567
8560
8558
8564
8560
8553
8554
8551
8553
8547
8543
8536
8533
8527
8519
8513
8505
8499
8493
8483
8474
8475
8467
8457
8444
8438
8439
8431
8422
8414
8409
8401
8397
8390
8384
8379
8376
8369
8369
8366
8365
8364
8363
8363
8366
8370
8371
8374
8377
8384
8388
8385
8390
8397
8405
8408
8412
8415
8411
8412
8422
8421
8415
8410
8402
8408
8402
8393
8395
8391
8395
8389
8380
8381
8385
8378
8376
8374
8371
8372
8367
8366
8366
8361
8360
8358
8356
8352
8342
8343
8344
8336
8330
8326
8321
8315
8309
8304
8298
8290
8283
8278
8279
8271
8265
8261
8259
8256
8252
8247
8244
8235
8233
8235
8231
8227
8219
8214
8216
8211
8209
8207
8204
8201
8200
8193
8192
8196
8189
8185
8180
8177
8174
8163
8164
8159
8158
8156
8150
8142
8139
8141
8140
8128
8122
8122
8122
8117
8110
8103
8099
8094
8085
8076
8068
8058
8046
8033
8020
8003
7995
7985
7986
7979
7967
7963
7963
7955
7951
7945
7940
7937
7932
7926
7923
7919
7914
7908
7900
7898
7898
7893
7893
7889
7883
7879
7872
7863
7859
7858
7845
7836
7823
7816
7813
7803
7794
7786
7775
7767
7758
7755
7744
7734
7731
7733
7724
7718
7709
7705
7707
7699
7696
7688
7684
7678
7678
7670
7665
7665
7657
7652
7647
7640
7634
7629
7621
7615
7608
7605
7599
7596
7592
7584
7580
7580
7573
7565
7558
7552
7541
7533
7533
7522
7517
7512
7507
7504
7499
7496
7490
7486
7479
7477
7475
7470
7466
7459
7448
7448
7446
7447
7444
7435
7436
7439
7438
7429
7425
7423
7422
7417
7415
7409
7402
7394
7385
7381
7375
7368
7363
7358
7353
7349
7346
7343
7340
7338
7333
7333
7339
7334
7333
7329
7328
7326
7326
7316
7315
7314
7316
7310
7303
7302
7292
7288
7288
7290
7284
7277
7275
7281
7276
7271
7267
7264
7262
7257
7252
7251
7244
7240
7237
7228
7223
7222
7214
7196
7194
7188
7188
7180
7172
7171
7172
7167
7159
7154
7149
7150
7143
7134
7129
7122
7113
7103
7095
7090
7082
7075
7069
7059
7055
7050
7042
7038
7034
7028
7022
7019
7016
7011
7006
7001
6998
6995
6987
6985
6983
6973
6973
6975
6967
6966
6965
6958
6956
6954
6942
6940
6945
6940
6930
6930
6928
6930
6926
6919
6916
6921
6916
6914
6909
6905
6903
6897
6892
6892
6889
6884
6882
6881
6875
6867
6868
6868
6866
6861
6854
6850
6853
6848
6844
6840
6837
6833
6831
6823
6820
6826
6824
6819
6817
6814
6812
6808
6805
6799
6798
6791
6785
6777
6768
6769
6765
6757
6751
6745
6738
6734
6734
6726
6715
6711
6708
6706
6699
6694
6685
6678
6670
6658
6653
6648
6639
6635
6625
6619
6623
6619
6610
6603
6601
6594
6587
6582
6575
6570
6562
6556
6547
6539
6542
6535
6530
6529
6523
6518
6516
6516
6513
6507
6502
6497
6490
6484
6482
6477
6462
6457
6455
6447
6441
6439
6431
6422
6420
6420
6419
6417
6410
6411
6405
6403
6402
6399
6397
6396
6393
6390
6389
6385
6382
6380
6372
6373
6371
6368
6365
6363
6353
6354
6354
6355
6351
6347
6345
6342
6336
6335
6329
6325
6326
6321
6316
6316
6311
6308
6308
6308
6303
6298
6292
6284
6278
6274
6275
6273
6269
6264
6257
6256
6255
6259
6253
6251
6245
6244
6242
6236
6235
6230
6227
6224
6216
6216
6217
6214
6208
6203
6198
6200
6198
6196
6194
6194
6185
6186
6186
6179
6177
6172
6166
6164
6156
6155
6149
6141
6140
6139
6137
6133
6128
6127
6124
6123
6123
6118
6117
6112
6110
6106
6106
6098
6096
6094
6094
6091
6086
6081
6077
6071
6065
6062
6055
6046
6041
6041
6034
6019
6021
6010
6009
6004
5992
5990
5989
5982
5979
5973
5969
5966
5961
5958
5954
5944
5944
5941
5941
5937
5934
5930
5928
5921
5921
5915
5912
5910
5903
5896
5894
5897
5898
5898
5893
5894
5897
5895
5890
5888
5884
5880
5874
5871
5866
5862
5857
5854
5850
5845
5843
5839
5834
5830
5827
5820
5820
5824
5820
5813
5810
5812
5811
5807
5801
5802
5802
5798
5795
5788
5782
5779
5773
5768
5764
5751
5747
5745
5744
5739
5735
5733
5732
5727
5724
5721
5717
5716
5713
5711
5705
5698
5696
5694
5699
5694
5689
5688
5693
5691
5685
5678
5676
5676
5672
5671
5667
5664
5660
5656
5652
5650
5647
5645
5637
5637
5634
5638
5634
5633
5627
5626
5624
5622
5620
5620
5618
5615
5607
5608
5609
5605
5602
5599
5595
5588
5586
5582
5577
5572
5571
5565
5555
5554
5555
5547
5544
5539
5535
5537
5537
5534
5528
5527
5522
5522
5524
5521
5519
5517
5514
5508
5506
5497
5493
5493
5490
5478
5476
5474
5474
5472
5468
5465
5464
5460
5459
5456
5455
5455
5453
5451
5447
5443
5439
5437
5429
5426
5431
5424
5421
5419
5418
5417
5417
5406
5407
5412
5406
5405
5402
5399
5394
5394
5397
5394
5394
5393
5389
5390
5389
5386
5385
5385
5385
5381
5380
5379
5377
5376
5371
5373
5374
5370
5370
5366
5365
5367
5367
5365
5363
5360
5358
5356
5351
5351
5352
5349
5348
5346
5345
5340
5337
5336
5335
5332
5328
5329
5322
5321
5325
5323
5321
5320
5318
5313
5312
5315
5312
5311
5309
5309
5307
5304
5298
5299
5304
5299
5297
5298
5295
5294
5295
5285
5284
5288
5285
5280
5274
5272
5275
5271
5268
5264
5264
5259
5257
5254
5252
5251
5246
5246
5244
5242
5242
5239
5235
5233
5228
5226
5226
5226
5226
5217
5215
5220
5216
5213
5210
5209
5208
5204
5199
5202
5206
5204
5204
5200
5198
5188
5191
5195
5191
5189
5185
5182
5184
5182
5181
5179
5176
5176
5172
5169
5165
5164
5160
5157
5156
5155
5155
5151
5149
5149
5147
5143
5142
5137
5134
5137
5135
5133
5131
5129
5124
5123
5127
5124
5117
5116
5121
5120
5118
5116
5115
5109
5110
5113
5111
5108
5105
5104
5107
5101
5100
5100
5098
5094
5091
5087
5087
5086
5085
5083
5082
5079
5080
5079
5079
5077
5076
5076
5075
5071
5069
5075
5069
5067
5061
5060
5055
5053
5055
5052
5049
5047
5046
5043
5040
5035
5037
5040
5036
5033
5033
5032
5032
5029
5023
5024
5028
5026
5023
5022
5020
5021
5019
5014
5013
5014
5013
5013
5004
5005
5010
5006
4999
5000
5000
5003
5000
4998
4993
4996
4995
4994
4993
4991
4985
4985
4991
4988
4987
4986
4986
4985
4983
4983
4984
4985
4984
4982
4982
4978
4973
4973
4978
4973
4972
4970
4969
4966
4967
4960
4958
4960
4960
4961
4953
4953
4959
4957
4950
4950
4950
4953
4950
4944
4945
4952
4950
4948
4948
4945
4942
4939
4935
4931
4929
4924
4922
4920
4918
4917
4913
4913
4911
4909
4907
4903
4903
4902
4894
4893
4893
4896
4893
4885
4884
4888
4883
4881
4877
4875
4872
4870
4867
4868
4863
4861
4861
4865
4863
4861
4860
4867
4866
4864
4861
4861
4864
4860
4859
4855
4854
4851
4848
4845
4844
4844
4842
4835
4837
4836
4838
4838
4834
4834
4839
4836
4835
4835
4833
4833
4830
4830
4827
4825
4825
4825
4824
4823
4824
4824
4821
4824
4827
4833
4831
4828
4825
4824
4820
4816
4812
4812
4807
4804
4804
4801
4796
4795
4794
4798
4795
4794
4792
4785
4784
4784
4785
4783
4775
4774
4778
4775
4774
4767
4768
4770
4772
4772
4769
4771
4771
4770
4766
4767
4766
4763
4755
4754
4755
4756
4753
4754
4752
4752
4753
4754
4756
4757
4753
4757
4762
4759
4759
4758
4756
4749
4749
4754
4751
4742
4740
4740
4741
4738
4728
4728
4732
4728
4725
4722
4722
4720
4719
4715
4714
4713
4713
4712
4711
4710
4710
4710
4710
4708
4709
4706
4706
4702
4702
4707
4705
4702
4699
4698
4702
4702
4699
4700
4699
4697
4698
4696
4693
4693
4694
4692
4691
4689
4685
4687
4689
4687
4680
4681
4682
4687
4685
4681
4682
4687
4684
4683
4684
4683
4680
4680
4673
4674
4678
4674
4674
4671
4670
4670
4666
4660
4660
4663
4667
4662
4660
4661
4660
4657
4657
4657
4656
4655
4654
4655
4654
4650
4648
4651
4653
4653
4649
4648
4654
4653
4653
4648
4648
4650
4647
4648
4647
4643
4642
4640
4644
4645
4643
4643
4641
4640
4641
4641
4640
4637
4638
4643
4641
4639
4638
4637
4637
4635
4636
4635
4631
4630
4631
4636
4638
4637
4636
4634
4633
4632
4624
4625
4627
4625
4623
4620
4618
4613
4611
4614
4612
4612
4612
4610
4609
4608
4604
4603
4608
4607
4598
4599
4599
4603
4603
4602
4601
4599
4599
4600
4599
4596
4595
4595
4596
4593
4593
4591
4590
4591
4589
4586
4585
4585
4583
4584
4580
4580
4583
4584
4580
4583
4583
4586
4585
4582
4584
4587
4588
4586
4585
4587
4585
4583
4577
4577
4580
4577
4574
4571
4570
4574
4572
4573
4570
4570
4567
4563
4562
4562
4560
4558
4558
4557
4558
4554
4554
4562
4563
4562
4559
4558
4556
4556
4563
4563
4563
4563
4562
4562
4560
4557
4556
4547
4546
4545
4543
4541
4540
4535
4531
4528
4528
4525
4523
4523
4520
4516
4514
4520
4515
4515
4517
4516
4518
4516
4509
4512
4517
4515
4514
4509
4511
4515
4510
4507
4508
4506
4511
4508
4508
4508
4507
4507
4504
4500
4500
4503
4503
4496
4497
4502
4500
4499
4496
4497
4499
4499
4500
4498
4496
4493
4494
4492
4491
4485
4482
4484
4486
4486
4486
4482
4481
4480
4480
4479
4479
4479
4478
4480
4480
4473
4476
4477
4482
4480
4474
4474
4479
4475
4474
4474
4472
4471
4469
4463
4463
4468
4467
4465
4463
4463
4462
4463
4459
4461
4460
4462
4461
4457
4458
4462
4460
4458
4457
4457
4457
4458
4456
4456
4455
4454
4453
4454
4455
4453
4452
4445
4449
4451
4457
4457
4456
4455
4455
4454
4454
4451
4454
4456
4457
4455
4458
4456
4455
4454
4449
4449
4451
4449
4443
4443
4444
4446
4443
4437
4439
4444
4440
4440
4438
4439
4437
4437
4438
4439
4440
4439
4440
4441
4443
4444
4444
4444
4444
4445
4445
4444
4444
4440
4442
4443
4441
4439
4437
4432
4431
4434
4432
4428
4429
4427
4432
4428
4422
4421
4426
4425
4422
4414
4412
4420
4416
4415
4414
4413
4412
4409
4410
4410
4410
4409
4408
4410
4412
4410
4410
4403
4406
4412
4412
4410
4411
4411
4407
4411
4414
4412
4412
4412
4413
4413
4411
4405
4406
4411
4409
4408
4399
4398
4404
4401
4401
4400
4398
4393
4395
4401
4402
4402
4402
4403
4405
4406
4406
4404
4401
4400
4400
4399
4397
4395
4394
4389
4389
4393
4390
4388
4388
4389
4387
4386
4379
4378
4381
4381
4382
4381
4380
4374
4375
4381
4380
4380
4379
4378
4376
4373
4368
4369
4368
4370
4366
4362
4363
4367
4364
4362
4363
4360
4358
4357
4359
4360
4355
4355
4354
4358
4358
4361
4360
4355
4355
4354
4361
4360
4359
4357
4358
4356
4355
4355
4354
4355
4355
4354
4353
4352
4351
4350
4350
4349
4348
4349
4347
4347
4347
4344
4344
4349
4346
4345
4346
4346
4344
4344
4348
4347
4346
4346
4341
4343
4344
4346
4346
4342
4341
4347
4344
4346
4342
4343
4347
4345
4345
4346
4347
4347
4345
4346
4345
4344
4344
4345
4345
4344
4344
4347
4340
4338
4344
4343
4344
4340
4338
4342
4343
4341
4341
4341
4341
4342
4338
4338
4342
4342
4342
4342
4340
4340
4340
4339
4340
4340
4341
4341
4342
4340
4341
4343
4337
4339
4340
4341
4340
4334
4337
4341
4339
4338
4336
4336
4337
4336
4329
4329
4336
4335
4332
4329
4328
4333
4333
4334
4335
4333
4332
4331
4331
4332
4329
4328
4329
4328
4328
4324
4324
4326
4324
4323
4321
4319
4318
4316
4315
4314
4315
4317
4316
4315
4316
4317
4319
4314
4313
4318
4318
4317
4311
4312
4318
4316
4311
4312
4311
4316
4316
4315
4316
4309
4312
4317
4321
4322
4323
4322
4315
4316
4320
4319
4319
4316
4316
4316
4314
4311
4310
4306
4307
4307
4306
4305
4297
4298
4300
4302
4300
4293
4295
4297
4295
4293
4293
4294
4295
4296
4297
4297
4297
4299
4299
4298
4298
4292
4292
4298
4293
4290
4284
4286
4290
4288
4286
4285
4280
4281
4281
4284
4283
4281
4280
4277
4279
4279
4282
4280
4279
4276
4277
4276
4276
4276
4275
4276
4276
4277
4277
4278
4280
4279
4281
4281
4279
4278
4285
4283
4282
4281
4283
4277
4276
4281
4279
4278
4272
4273
4274
4271
4271
4270
4268
4267
4265
4261
4260
4265
4262
4260
4257
4257
4256
4257
4257
4257
4257
4257
4256
4256
4255
4255
4255
4251
4251
4258
4257
4256
4251
4252
4257
4256
4257
4259
4259
4259
4258
4257
4256
4255
4256
4255
4255
4256
4251
4251
4255
4252
4249
4248
4247
4253
4253
4250
4252
4256
4255
4256
4251
4255
4260
4257
4259
4258
4257
4256
4258
4259
4262
4262
4263
4265
4266
4267
4267
4266
4264
4263
4259
4260
4259
4256
4255
4250
4251
4255
4253
4249
4246
4246
4251
4249
4242
4243
4247
4245
4243
4236
4238
4240
4238
4239
4242
4242
4242
4242
4243
4241
4241
4240
4238
4235
4234
4239
4238
4237
4236
4236
4234
4233
4231
4230
4228
4227
4220
4220
4221
4226
4225
4222
4223
4230
4228
4228
4227
4230
4229
4228
4227
4227
4225
4226
4225
4221
4220
4224
4225
4218
4221
4223
4228
4228
4231
4232
4232
4233
4233
4231
4229
4227
4226
4224
4226
4219
4218
4220
4224
4222
4215
4214
4221
4218
4218
4217
4218
4213
4212
4219
4217
4216
4216
4216
4215
4217
4212
4214
4218
4217
4216
4218
4219
4220
4220
4216
4217
4216
4219
4218
4216
4215
4213
4212
4211
4209
4211
4217
4216
4217
4217
4218
4221
4222
4224
4222
4221
4222
4221
4222
4222
4216
4214
4216
4213
4206
4207
4208
4209
4209
4208
4207
4204
4205
4200
4202
4203
4206
4204
4202
4201
4200
4200
4200
4197
4198
4201
4200
4201
4199
4200
4198
4198
4197
4194
4194
4193
4188
4189
4189
4192
4191
4191
4191
4191
4190
4187
4186
4186
4182
4184
4189
4188
4185
4183
4181
4186
4185
4184
4182
4185
4184
4183
4185
4184
4178
4179
4185
4184
4184
4185
4187
4187
4188
4186
4188
4191
4194
4195
4195
4193
4190
4188
4192
4191
4193
4191
4192
4190
4192
4199
4196
4195
4192
4193
4191
4190
4189
4187
4187
4185
4185
4184
4184
4180
4181
4185
4183
4181
4180
4181
4180
4178
4178
4178
4179
4174
4173
4179
4177
4177
4176
4177
4178
4176
4176
4178
4174
4175
4181
4180
4180
4180
4179
4175
4178
4183
4182
4181
4180
4180
4181
4179
4173
4174
4176
4178
4177
4173
4174
4176
4175
4175
4173
4170
4167
4165
4170
4168
4167
4167
4167
4164
4164
4159
4161
4165
4164
4165
4163
4163
4163
4165
4163
4164
4163
4163
4164
4161
4162
4162
4162
4158
4158
4160
4162
4162
4160
4160
4161
4159
4160
4158
4159
4158
4159
4157
4160
4155
4156
4157
4161
4162
4161
4160
4159
4159
4159
4160
4159
4155
4155
4161
4160
4158
4158
4159
4158
4156
4157
4158
4156
4158
4158
4153
4155
4160
4159
4153
4154
4156
4160
4159
4154
4155
4160
4159
4158
4153
4156
4162
4164
4161
4164
4170
4173
4177
4176
4181
4190
4194
4199
4203
4210
4217
4224
4225
4232
4245
4251
4259
4266
4273
4276
4285
4299
4306
4313
4321
4329
4335
4344
4349
4356
4364
4370
4378
4385
4390
4398
4404
4410
4416
4419
4423
4428
4430
4433
4431
4434
4438
