3787
3783
3786
3784
3784
3784
3782
3781
3779
3775
3775
3772
3770
3769
3765
3762
3752
3752
3750
3749
3747
3738
3736
3738
3731
3730
3726
3722
3720
3718
3716
3712
3708
3706
3702
3696
3692
3695
3691
3687
3685
3681
3678
3676
3672
3670
3668
3664
3662
3661
3657
3652
3650
3651
3650
3641
3639
3639
3640
3637
3637
3634
3628
3627
3625
3627
3625
3619
3618
3621
3620
3618
3616
3615
3611
3609
3608
3605
3605
3605
3604
3605
3605
3603
3603
3601
3600
3600
3599
3596
3596
3594
3593
3594
3586
3586
3581
3586
3585
3582
3582
3574
3573
3575
3577
3574
3571
3570
3576
3575
3572
3573
3573
3571
3571
3571
3569
3567
3565
3566
3571
3568
3563
3565
3568
3565
3565
3562
3562
3563
3560
3561
3561
3559
3556
3556
3558
3558
3556
3555
3552
3550
3553
3556
3554
3553
3554
3552
3551
3551
3550
3548
3548
3548
3546
3546
3546
3544
3547
3541
3541
3548
3545
3543
3542
3542
3546
3544
3545
3543
3544
3544
3541
3541
3541
3535
3536
3543
3540
3539
3540
3538
3535
3535
3537
3538
3535
3536
3537
3530
3530
3537
3534
3533
3532
3533
3531
3530
3530
3530
3530
3528
3529
3526
3525
3530
3529
3527
3527
3527
3526
3527
3526
3524
3526
3523
3523
3526
3524
3525
3525
3519
3523
3526
3523
3523
3520
3520
3525
3522
3522
3522
3520
3520
3518
3525
3522
3519
3521
3525
3525
3525
3519
3520
3525
3522
3521
3522
3520
3522
3521
3519
3520
3522
3520
3518
3522
3523
3524
3526
3521
3522
3527
3525
3525
3526
3525
3525
3525
3525
3523
3524
3524
3522
3525
3525
3523
3526
3524
3523
3527
3531
3531
3533
3533
3533
3536
3537
3531
3534
3536
3535
3535
3533
3531
3531
3530
3530
3530
3524
3526
3530
3530
3531
3528
3529
3529
3527
3522
3524
3524
3528
3530
3527
3529
3537
3538
3537
3539
3540
3535
3539
3543
3542
3542
3541
3541
3541
3538
3541
3540
3539
3541
3539
3535
3536
3540
3541
3540
3540
3542
3536
3539
3545
3545
3545
3545
3551
3553
3553
3555
3556
3558
3561
3562
3567
3565
3567
3570
3569
3570
3572
3572
3572
3571
3574
3584
3583
3581
3586
3589
3593
3593
3588
3589
3595
3598
3599
3599
3602
3598
3603
3609
3609
3613
3613
3617
3617
3620
3622
3624
3628
3631
3632
3635
3636
3640
3643
3639
3643
3651
3655
3655
3659
3662
3664
3668
3664
3669
3673
3679
3682
3684
3688
3689
3695
3698
3701
3705
3706
3711
3718
3723
3725
3728
3734
3732
3739
3747
3751
3751
3756
3763
3771
3775
3782
3786
3794
3798
3802
3808
3812
3814
3818
3828
3830
3838
3840
3847
3849
3855
3856
3864
3875
3877
3885
3890
3898
3904
3914
3914
3925
3937
3944
3948
3957
3960
3967
3971
3979
3986
3991
3999
4005
4014
4018
4028
4035
4042
4048
4058
4060
4070
4081
4090
4092
4102
4111
4125
4131
4138
4145
4162
4167
4175
4182
4192
4198
4209
4208
4220
4228
4240
4249
4256
4266
4273
4284
4293
4304
4312
4323
4332
4341
4351
4359
4368
4377
4387
4395
4404
4414
4417
4425
4439
4448
4457
4462
4472
4487
4492
4504
4511
4520
4529
4541
4551
4560
4567
4578
4590
4603
4612
4622
4632
4652
4657
4669
4678
4689
4698
4709
4714
4725
4743
4752
4764
4774
4786
4796
4809
4821
4832
4844
4855
4869
4874
4890
4907
4916
4929
4935
4950
4964
4975
4988
4995
5005
5015
5025
5040
5045
5055
5064
5072
5081
5090
5098
5108
5117
5127
5137
5146
5154
5163
5177
5187
5199
5210
5220
5226
5237
5250
5268
5278
5286
5300
5319
5330
5342
5352
5367
5388
5401
5413
5425
5439
5454
5467
5473
5485
5506
5513
5527
5540
5549
5558
5567
5580
5589
5601
5613
5624
5634
5643
5653
5663
5663
5672
5686
5695
5703
5709
5720
5722
5732
5744
5756
5764
5776
5782
5791
5803
5813
5826
5835
5847
5857
5864
5879
5898
5906
5914
5924
5937
5955
5967
5977
5992
5998
6011
6024
6041
6052
6063
6073
6082
6093
6103
6113
6120
6128
6136
6138
6148
6155
6163
6168
6170
6173
6178
6180
6180
6183
6185
6189
6196
6197
6204
6218
6220
6224
6233
6239
6246
6250
6253
6263
6276
6288
6293
6296
6305
6318
6322
6332
6338
6346
6358
6364
6372
6384
6390
6397
6409
6420
6428
6432
6446
6466
6470
6481
6493
6502
6512
6521
6527
6539
6551
6558
6566
6573
6578
6582
6591
6596
6601
6609
6616
6622
6632
6636
6640
6646
6649
6649
6655
6664
6672
6667
6674
6684
6693
6696
6704
6711
6711
6724
6740
6744
6754
6761
6769
6778
6783
6791
6796
6798
6794
6793
6798
6799
6798
6800
6800
6803
6809
6819
6825
6829
6840
6847
6853
6861
6867
6873
6881
6883
6886
6894
6895
6900
6908
6906
6911
6924
6930
6929
6937
6941
6951
6955
6958
6959
6959
6957
6959
6955
6953
6957
6957
6948
6954
6956
6961
6965
6965
6970
6966
6971
6980
6983
6982
6983
6984
6981
6983
6982
6982
6983
6985
6986
6983
6989
6999
7001
7003
7007
7010
7013
7013
7010
7022
7030
7034
7040
7034
7040
7049
7048
7051
7052
7055
7057
7056
7056
7055
7054
7054
7051
7053
7053
7053
7054
7057
7058
7057
7061
7062
7073
7075
7075
7081
7078
7082
7089
7098
7100
7106
7107
7108
7111
7115
7114
7121
7123
7121
7120
7120
7124
7128
7128
7119
7125
7132
7130
7133
7133
7134
7135
7133
7127
7130
7136
7138
7136
7138
7141
7138
7141
7151
7150
7144
7149
7150
7155
7157
7155
7156
7155
7156
7153
7151
7150
7148
7146
7141
7143
7141
7145
7144
7139
7140
7139
7136
7133
7132
7130
7132
7132
7129
7131
7124
7126
7127
7135
7132
7132
7132
7129
7136
7135
7138
7141
7139
7137
7136
7134
7130
7122
7121
7111
7110
7107
7104
7093
7090
7082
7081
7074
7065
7061
7049
7044
7043
7044
7040
7034
7033
7039
7039
7032
7031
7033
7038
7041
7040
7038
7042
7039
7039
7039
7035
7037
7037
7034
7040
7037
7032
7035
7035
7031
7032
7027
7021
7019
7017
7021
7016
7009
7005
7000
6999
6995
6992
6989
6987
6986
6982
6983
6981
6978
6982
6976
6979
6980
6977
6979
6979
6976
6971
6973
6977
6976
6967
6964
6966
6966
6962
6955
6950
6956
6951
6946
6944
6940
6929
6928
6933
6925
6922
6920
6915
6914
6911
6909
6905
6903
6900
6897
6894
6888
6882
6879
6884
6881
6877
6873
6872
6860
6858
6865
6857
6846
6844
6839
6841
6839
6832
6829
6824
6821
6816
6813
6805
6792
6788
6787
6780
6772
6764
6758
6742
6732
6733
6719
6714
6707
6701
6696
6692
6688
6687
6684
6682
6677
6674
6674
6670
6670
6668
6667
6665
6658
6658
6666
6664
6653
6658
6665
6661
6663
6659
6658
6653
6650
6656
6654
6651
6646
6647
6640
6637
6642
6637
6629
6626
6621
6614
6611
6606
6597
6593
6591
6581
6579
6572
6565
6563
6550
6550
6548
6550
6546
6541
6537
6543
6541
6535
6529
6528
6524
6527
6521
6516
6507
6498
6496
6492
6484
6477
6469
6459
6456
6452
6453
6444
6436
6430
6437
6430
6424
6424
6418
6415
6407
6400
6396
6385
6381
6378
6372
6368
6370
6368
6358
6359
6358
6365
6361
6360
6358
6353
6353
6346
6338
6335
6341
6334
6327
6323
6323
6320
6313
6311
6304
6300
6297
6291
6287
6281
6274
6271
6272
6268
6264
6260
6258
6253
6254
6243
6242
6245
6240
6236
6232
6228
6222
6221
6217
6214
6211
6211
6208
6200
6199
6198
6196
6183
6178
6180
6175
6171
6168
6165
6159
6156
6150
6146
6146
6140
6134
6134
6127
6115
6113
6108
6107
6102
6097
6089
6081
6078
6074
6071
6063
6052
6050
6050
6043
6041
6037
6031
6026
6024
6024
6020
6019
6014
6013
6010
6007
6007
6004
6002
5998
5997
5995
5993
5989
5989
5987
5981
5981
5978
5976
5968
5966
5968
5964
5954
5955
5952
5952
5952
5945
5941
5939
5932
5930
5930
5926
5921
5919
5909
5907
5910
5907
5903
5901
5896
5886
5886
5892
5883
5883
5879
5874
5866
5861
5865
5860
5854
5844
5842
5844
5838
5836
5833
5823
5820
5820
5821
5818
5814
5810
5806
5805
5798
5795
5794
5790
5787
5778
5776
5771
5774
5767
5764
5761
5757
5754
5750
5749
5747
5742
5740
5729
5726
5730
5724
5719
5713
5709
5707
5702
5689
5691
5689
5689
5686
5682
5679
5669
5662
5664
5660
5653
5651
5646
5638
5634
5625
5621
5617
5617
5613
5611
5604
5601
5597
5593
5591
5584
5580
5573
5569
5564
5557
5552
5547
5542
5538
5531
5528
5520
5519
5516
5518
5513
5504
5502
5508
5500
5497
5490
5487
5488
5486
5480
5482
5481
5475
5474
5467
5467
5471
5467
5460
5457
5454
5457
5454
5451
5450
5444
5442
5442
5437
5438
5435
5433
5433
5427
5427
5425
5423
5417
5413
5408
5406
5412
5408
5404
5402
5397
5395
5389
5387
5387
5382
5377
5373
5364
5359
5362
5356
5345
5343
5336
5341
5336
5335
5331
5319
5320
5316
5318
5315
5309
5304
5294
5292
5290
5292
5289
5285
5281
5274
5271
5267
5263
5257
5250
5250
5251
5246
5243
5240
5240
5238
5234
5226
5223
5227
5220
5218
5210
5211
5215
5211
5205
5201
5196
5196
5195
5195
5190
5190
5186
5184
5183
5183
5180
5178
5169
5167
5172
5170
5168
5161
5159
5164
5157
5157
5154
5152
5149
5147
5146
5143
5133
5132
5138
5136
5134
5131
5129
5125
5122
5117
5113
5111
5107
5101
5095
5093
5089
5087
5080
5075
5074
5074
5068
5063
5059
5050
5050
5046
5048
5041
5035
5033
5023
5019
5018
5017
5011
5010
5005
5004
5000
4993
4990
4987
4988
4985
4982
4982
4980
4979
4978
4975
4973
4971
4968
4964
4961
4956
4952
4947
4937
4934
4937
4933
4924
4921
4921
4923
4919
4915
4911
4906
4904
4901
4900
4894
4894
4893
4889
4888
4883
4877
4877
4880
4878
4877
4874
4871
4867
4866
4859
4860
4864
4859
4849
4849
4848
4853
4849
4849
4845
4844
4843
4843
4841
4837
4832
4828
4831
4828
4826
4826
4823
4821
4818
4815
4814
4811
4808
4806
4800
4799
4804
4803
4800
4798
4793
4788
4787
4793
4791
4789
4788
4779
4778
4777
4780
4778
4775
4773
4772
4769
4766
4758
4757
4759
4758
4757
4754
4751
4748
4746
4743
4738
4734
4730
4727
4726
4724
4718
4716
4720
4716
4706
4705
4706
4708
4704
4701
4696
4694
4691
4687
4684
4683
4686
4683
4680
4677
4674
4671
4670
4666
4666
4663
4663
4662
4658
4656
4651
4650
4653
4650
4643
4641
4644
4647
4647
4646
4644
4637
4637
4640
4640
4639
4638
4639
4632
4632
4639
4639
4635
4632
4629
4624
4623
4620
4617
4613
4612
4611
4608
4606
4603
4601
4594
4593
4592
4595
4592
4592
4588
4587
4585
4580
4579
4578
4577
4575
4567
4565
4565
4566
4565
4562
4562
4568
4563
4557
4555
4554
4556
4551
4547
4546
4544
4542
4538
4536
4532
4530
4527
4519
4519
4521
4522
4519
4516
4515
4517
4516
4513
4514
4514
4505
4508
4512
4510
4504
4505
4503
4504
4498
4495
4492
4489
4486
4480
4479
4475
4469
4469
4471
4468
4464
4461
4460
4457
4454
4451
4451
4447
4446
4444
4444
4443
4435
4436
4440
4438
4436
4431
4430
4430
4428
4425
4422
4418
4417
4416
4410
4411
4413
4409
4401
4399
4398
4403
4401
4394
4394
4398
4395
4395
4396
4394
4388
4388
4394
4391
4390
4390
4391
4389
4387
4382
4379
4387
4386
4383
4380
4377
4375
4370
4370
4369
4364
4361
4358
4350
4350
4354
4351
4349
4345
4343
4342
4341
4341
4339
4336
4335
4332
4331
4331
4328
4328
4325
4324
4324
4324
4323
4321
4319
4315
4315
4320
4319
4319
4317
4315
4307
4305
4307
4306
4304
4302
4304
4297
4296
4298
4295
4292
4292
4291
4291
4290
4282
4282
4286
4285
4282
4280
4283
4287
4288
4288
4288
4285
4283
4281
4281
4282
4282
4280
4278
4277
4276
4276
4274
4266
4265
4269
4266
4265
4261
4259
4254
4253
4258
4256
4255
4253
4252
4258
4255
4254
4255
4255
4253
4252
4246
4243
4246
4244
4240
4238
4235
4231
4227
4225
4224
4222
4219
4217
4215
4214
4213
4210
4204
4204
4204
4210
4208
4209
4209
4206
4204
4198
4198
4198
4201
4200
4194
4193
4198
4194
4192
4186
4186
4190
4188
4181
4183
4184
4186
4183
4183
4183
4182
4183
4184
4182
4183
4177
4178
4184
4181
4180
4177
4172
4171
4166
4166
4165
4164
4163
4160
4157
4155
4160
4156
4153
4151
4151
4152
4151
4149
4147
4141
4142
4146
4145
4144
4142
4142
4140
4138
4137
4138
4135
4135
4133
4125
4125
4131
4127
4124
4121
4121
4123
4120
4114
4117
4124
4121
4119
4114
4114
4117
4117
4116
4117
4116
4115
4117
4117
4116
4116
4113
4112
4113
4113
4112
4110
4108
4106
4106
4105
4104
4105
4103
4101
4100
4095
4096
4096
4101
4098
4091
4091
4095
4093
4093
4091
4089
4087
4088
4081
4082
4085
4082
4078
4078
4076
4068
4066
4070
4068
4066
4065
4063
4061
4059
4060
4059
4052
4052
4052
4057
4054
4054
4053
4051
4051
4048
4043
4040
4044
4042
4036
4037
4035
4039
4036
4034
4032
4028
4029
4033
4033
4032
4033
4034
4032
4031
4028
4027
4025
4024
4024
4024
4022
4020
4019
4018
4020
4018
4017
4017
4018
4018
4011
4009
4010
4015
4013
4008
4006
4011
4012
4007
4008
4006
4008
4010
4004
4004
4006
4009
4009
4000
3999
4002
4001
4001
4000
3998
3997
3997
3995
3995
3996
3997
3996
3990
3991
3995
3995
3989
3989
3990
3995
3995
3994
3991
3991
3989
3989
3987
3984
3978
3977
3982
3980
3973
3974
3974
3977
3974
3969
3969
3975
3972
3969
3968
3967
3966
3965
3966
3965
3963
3962
3962
3960
3960
3958
3958
3956
3956
3957
3958
3958
3958
3956
3954
3953
3956
3955
3955
3953
3955
3955
3955
3952
3954
3954
3947
3946
3949
3947
3943
3943
3943
3943
3942
3937
3937
3943
3939
3937
3935
3935
3933
3934
3933
3934
3932
3933
3932
3934
3932
3927
3928
3934
3931
3928
3928
3927
3927
3925
3925
3927
3926
3925
3926
3924
3926
3931
3929
3924
3925
3927
3929
3927
3921
3919
3924
3920
3917
3916
3915
3914
3910
3908
3906
3906
3904
3902
3901
3901
3899
3897
3893
3893
3893
3895
3894
3896
3895
3890
3890
3890
3890
3892
3887
3887
3892
3890
3890
3890
3889
3888
3889
3888
3889
3883
3883
3884
3888
3887
3879
3882
3886
3888
3887
3883
3883
3887
3885
3885
3886
3887
3888
3889
3888
3887
3887
3885
3884
3883
3884
3882
3882
3879
3877
3869
3871
3869
3873
3873
3871
3870
3864
3863
3862
3865
3864
3863
3863
3856
3857
3860
3861
3862
3861
3860
3859
3860
3861
3859
3861
3860
3858
3858
3859
3852
3855
3855
3856
3853
3854
3854
3853
3851
3846
3847
3848
3851
3849
3848
3849
3845
3846
3846
3848
3846
3846
3846
3847
3845
3843
3843
3845
3844
3842
3840
3841
3842
3844
3843
3837
3838
3842
3842
3837
3838
3836
3839
3838
3837
3838
3837
3837
3836
3834
3835
3838
3836
3831
3833
3836
3833
3832
3831
3830
3829
3828
3828
3830
3828
3827
3825
3822
3821
3828
3824
3823
3824
3825
3821
3821
3822
3822
3816
3816
3816
3822
3820
3811
3815
3820
3819
3820
3815
3813
3818
3818
3819
3818
3815
3814
3814
3815
3814
3813
3812
3811
3811
3810
3810
3809
3808
3807
3805
3806
3804
3800
3800
3806
3804
3798
3798
3800
3805
3805
3799
3800
3802
3800
3801
3803
3800
3800
3801
3800
3801
3807
3804
3805
3806
3807
3806
3805
3800
3803
3803
3804
3803
3802
3802
3802
3801
3800
3798
3796
3795
3795
3795
3795
3794
3794
3794
3788
3789
3792
3790
3784
3784
3784
3787
3787
3786
3786
3778
3778
3782
3782
3781
3779
3779
3778
3780
3775
3777
3779
3784
3782
3783
3782
3775
3777
3777
3779
3778
3778
3778
3776
3774
3775
3773
3771
3768
3769
3770
3769
3769
3771
3772
3771
3769
3771
3771
3764
3764
3767
3769
3767
3768
3767
3765
3764
3761
3760
3759
3762
3761
3756
3757
3760
3758
3758
3754
3754
3760
3759
3758
3757
3754
3753
3754
3757
3756
3757
3756
3755
3758
3759
3754
3755
3755
3756
3755
3753
3751
3747
3749
3752
3750
3743
3744
3745
3749
3747
3745
3745
3742
3742
3744
3745
3745
3744
3743
3742
3741
3742
3740
3740
3735
3735
3740
3740
3733
3733
3733
3736
3735
3733
3731
3736
3734
3733
3734
3733
3728
3728
3731
3731
3726
3726
3724
3727
3729
3729
3728
3728
3725
3726
3725
3724
3725
3724
3725
3723
3721
3719
3721
3723
3722
3721
3723
3723
3721
3720
3717
3717
3722
3720
3718
3721
3720
3720
3720
3714
3714
3718
3718
3719
3719
3719
3714
3716
3722
3722
3723
3724
3724
3725
3723
3722
3724
3721
3721
3720
3725
3726
3721
3720
3724
3720
3721
3719
3717
3715
3715
3716
3715
3707
3706
3706
3711
3710
3705
3704
3709
3707
3707
3704
3702
3702
3703
3703
3703
3704
3704
3704
3703
3704
3704
3705
3704
3702
3702
3702
3701
3700
3700
3693
3695
3696
3702
3700
3698
3697
3694
3694
3697
3695
3696
3698
3702
3706
3707
3703
3706
3710
3715
3714
3711
3712
3711
3709
3707
3702
3702
3704
3703
3700
3698
3696
3698
3697
3692
3691
3694
3694
3695
3693
3692
3693
3692
3688
3689
3695
3692
3691
3692
3690
3690
3692
3695
3695
3691
3690
3692
3697
3694
3693
3692
3692
3690
3687
3683
3684
3689
3688
3684
3685
3687
3685
3683
3679
3681
3685
3685
3684
3686
3686
3681
3679
3685
3683
3683
3682
3682
3682
3681
3679
3680
3682
3681
3680
3680
3680
3684
3684
3680
3680
3683
3681
3681
3676
3676
3682
3681
3681
3682
3681
3679
3678
3676
3677
3682
3678
3680
3681
3683
3682
3684
3685
3683
3683
3687
3684
3681
3682
3681
3678
3676
3675
3675
3670
3670
3675
3674
3673
3670
3671
3672
3671
3667
3666
3667
3664
3658
3660
3658
3663
3662
3663
3662
3662
3664
3665
3662
3661
3667
3666
3658
3659
3662
3663
3661
3661
3662
3662
3661
3664
3666
3668
3672
3673
3667
3669
3677
3673
3673
3675
3673
3672
3672
3671
3669
3668
3670
3667
3664
3665
3658
3659
3664
3664
3661
3655
3657
3659
3655
3655
3656
3655
3650
3651
3656
3655
3649
3650
3652
3657
3654
3655
3655
3649
3648
3653
3653
3651
3650
3649
3647
3649
3647
3646
3646
3644
3644
3645
3645
3646
3646
3646
3644
3645
3646
3645
3639
3643
3649
3648
3648
3645
3647
3653
3651
3651
3649
3648
3646
3646
3648
3648
3646
3649
3650
3652
3651
3651
3647
3643
3645
3647
3645
3644
3643
3645
3642
3640
3640
3641
3638
3637
3637
3636
3634
3628
3630
3629
3633
3632
3633
3632
3633
3636
3632
3633
3634
3637
3637
3636
3635
3634
3635
3632
3628
3629
3634
3634
3629
3631
3630
3630
3631
3629
3627
3626
3624
3624
3624
3623
3622
3624
3622
3623
3622
3620
3620
3621
3620
3621
3621
3617
3616
3617
3618
3617
3614
3614
3622
3619
3617
3619
3618
3611
3614
3617
3615
3614
3614
3615
3614
3612
3611
3611
3612
3611
3609
3609
3610
3609
3608
3602
3605
3609
3609
3609
3606
3607
3611
3612
3607
3609
3613
3616
3614
3615
3614
3613
3613
3615
3615
3615
3611
3613
3617
3617
3617
3616
3613
3612
3612
3614
3609
3608
3609
3609
3607
3608
3609
3607
3603
3606
3606
3607
3606
3601
3602
3608
3606
3605
3608
3607
3606
3606
3605
3603
3603
3602
3600
3599
3601
3597
3596
3604
3605
3605
3603
3603
3600
3601
3608
3608
3606
3608
3611
3606
3606
3612
3611
3607
3606
3605
3604
3603
3599
3600
3603
3601
3599
3597
3595
3595
3594
3593
3592
3592
3591
3591
3591
3589
3590
3591
3584
3585
3588
3593
3589
3591
3594
3588
3588
3589
3592
3592
3592
3591
3590
3588
3589
3588
3587
3586
3587
3581
3581
3585
3585
3582
3575
3577
3581
3579
3578
3577
3577
3575
3572
3574
3573
3571
3573
3571
3569
3572
3579
3579
3574
3576
3584
3582
3580
3579
3579
3577
3578
3575
3575
3575
3578
3579
3577
3577
3578
3579
3578
3577
3577
3578
3577
3577
3578
3571
3570
3571
3576
3574
3574
3574
3575
3577
3579
3576
3577
3580
3579
3576
3579
3583
3583
3583
3581
3583
3586
3584
3585
3586
3585
3586
3585
3584
3583
3577
3577
3577
3578
3576
3573
3574
3571
3569
3564
3565
3564
3569
3571
3570
3569
3570
3569
3570
3570
3568
3565
3565
3569
3567
3568
3567
3566
3565
3566
3562
3562
3565
3565
3567
3566
3564
3560
3561
3567
3566
3565
3567
3565
3561
3562
3569
3567
3565
3567
3568
3567
3568
3569
3568
3566
3567
3568
3568
3567
3563
3566
3569
3568
3567
3567
3564
3562
3563
3556
3557
3559
3561
3559
3556
3558
3554
3555
3558
3558
3559
3559
3558
3559
3559
3553
3553
3553
3559
3556
3555
3556
3556
3554
3551
3553
3551
3553
3556
3551
3553
3559
3563
3560
3556
3557
3562
3560
3559
3562
3562
3560
3560
3560
3561
3562
3563
3563
3563
3564
3561
3561
3557
3557
3559
3558
3559
3556
3554
3555
3555
3547
3549
3549
3551
3551
3548
3548
3546
3550
3551
3553
3553
3554
3556
3557
3556
3561
3561
3562
3565
3567
3567
3566
3566
3565
3566
3566
3565
3559
3561
3567
3563
3562
3563
3563
3561
3562
3563
3562
3559
3560
3561
3565
3564
3567
3567
3567
3572
3573
3570
3575
3586
3588
3588
3596
3601
3609
3613
3616
3623
3632
3638
3642
3645
3653
3665
3672
3672
3679
3691
3696
3700
3707
3712
3717
3722
3724
3732
3738
3744
3749
3755
3759
3761
3766
3771
3772
3777
3775
3779
3784
