3393
3393
3392
3392
3391
3388
3387
3386
3385
3383
3379
3373
3372
3375
3373
3370
3363
3360
3362
3359
3357
3354
3351
3343
3342
3344
3341
3338
3335
3333
3330
3330
3323
3324
3326
3323
3315
3314
3312
3314
3310
3306
3303
3301
3300
3296
3294
3294
3290
3287
3282
3282
3284
3282
3281
3278
3278
3274
3273
3272
3270
3269
3268
3266
3265
3263
3256
3256
3256
3259
3256
3250
3249
3253
3250
3249
3246
3245
3243
3242
3241
3240
3238
3237
3234
3231
3231
3231
3229
3224
3226
3223
3225
3224
3219
3218
3222
3220
3215
3215
3215
3218
3216
3215
3214
3213
3213
3211
3212
3212
3207
3207
3212
3211
3211
3210
3208
3207
3206
3203
3205
3208
3209
3207
3205
3203
3202
3200
3201
3201
3199
3194
3193
3198
3196
3194
3195
3194
3194
3195
3194
3192
3193
3192
3190
3189
3188
3184
3185
3188
3187
3185
3186
3185
3185
3184
3183
3183
3182
3182
3182
3178
3179
3183
3180
3182
3182
3181
3182
3182
3178
3180
3184
3183
3180
3180
3181
3188
3185
3184
3184
3184
3183
3183
3183
3183
3179
3179
3183
3181
3183
3183
3183
3183
3183
3184
3183
3184
3182
3181
3177
3177
3179
3177
3174
3175
3175
3176
3175
3170
3170
3174
3174
3170
3168
3168
3172
3171
3171
3172
3171
3171
3170
3167
3165
3170
3168
3163
3165
3166
3170
3171
3170
3169
3171
3172
3172
3173
3174
3174
3176
3176
3176
3176
3175
3175
3175
3176
3171
3171
3175
3173
3171
3170
3169
3168
3167
3166
3165
3165
3164
3164
3164
3165
3161
3163
3169
3168
3168
3171
3170
3168
3168
3164
3165
3166
3172
3169
3169
3170
3170
3168
3166
3165
3165
3166
3167
3167
3166
3160
3162
3163
3166
3165
3159
3160
3163
3160
3159
3156
3158
3162
3162
3162
3163
3161
3159
3159
3162
3163
3163
3161
3161
3162
3162
3163
3162
3163
3163
3162
3161
3161
3158
3155
3162
3160
3160
3161
3161
3158
3159
3163
3163
3159
3161
3167
3168
3167
3168
3170
3172
3175
3175
3176
3178
3178
3179
3178
3178
3178
3178
3175
3174
3173
3178
3178
3174
3177
3183
3183
3182
3179
3179
3182
3183
3186
3184
3186
3182
3184
3190
3189
3190
3192
3192
3192
3193
3193
3194
3194
3196
3197
3199
3201
3202
3204
3205
3207
3204
3206
3208
3211
3214
3211
3212
3220
3219
3219
3219
3220
3220
3223
3224
3222
3226
3227
3230
3232
3233
3232
3232
3240
3242
3245
3248
3251
3249
3253
3261
3265
3265
3267
3271
3276
3277
3278
3281
3276
3281
3281
3288
3288
3289
3290
3293
3296
3298
3301
3301
3301
3305
3313
3313
3316
3319
3321
3326
3329
3327
3331
3339
3341
3344
3349
3353
3357
3363
3366
3369
3373
3376
3379
3383
3387
3387
3391
3397
3402
3404
3405
3409
3420
3423
3422
3427
3431
3440
3444
3447
3452
3456
3459
3461
3468
3472
3478
3483
3482
3489
3498
3505
3507
3513
3518
3523
3529
3535
3538
3546
3550
3558
3565
3569
3573
3579
3585
3588
3594
3604
3610
3611
3618
3627
3633
3641
3645
3652
3657
3664
3669
3678
3684
3688
3695
3702
3709
3712
3720
3727
3739
3746
3748
3755
3768
3774
3780
3785
3791
3796
3803
3805
3812
3825
3831
3835
3842
3850
3857
3861
3870
3877
3883
3891
3899
3907
3914
3918
3928
3938
3947
3956
3962
3967
3978
3984
3991
4000
4005
4008
4016
4025
4034
4034
4042
4053
4062
4070
4076
4084
4085
4097
4106
4116
4125
4131
4138
4144
4152
4167
4176
4183
4191
4201
4209
4218
4222
4230
4241
4252
4259
4268
4274
4282
4291
4298
4307
4316
4317
4329
4341
4349
4352
4360
4369
4384
4390
4398
4408
4413
4424
4434
4440
4449
4458
4466
4475
4484
4490
4496
4507
4508
4519
4533
4539
4549
4556
4566
4576
4583
4592
4602
4609
4618
4629
4635
4647
4650
4661
4678
4686
4694
4701
4710
4725
4736
4740
4750
4768
4778
4786
4792
4802
4819
4825
4837
4844
4852
4863
4872
4880
4890
4898
4908
4920
4928
4937
4947
4954
4964
4975
4980
4988
4999
5004
5015
5021
5030
5034
5044
5056
5068
5077
5084
5093
5091
5102
5110
5116
5121
5124
5129
5132
5134
5135
5138
5143
5150
5153
5152
5152
5148
5151
5155
5161
5163
5159
5164
5174
5179
5184
5189
5196
5200
5209
5213
5224
5224
5230
5241
5252
5263
5267
5276
5285
5290
5298
5305
5310
5317
5326
5331
5339
5342
5348
5355
5362
5366
5366
5372
5385
5387
5392
5392
5398
5407
5414
5420
5426
5430
5431
5437
5450
5454
5463
5469
5474
5475
5484
5493
5496
5500
5505
5512
5516
5520
5523
5527
5534
5535
5544
5548
5552
5560
5565
5572
5578
5586
5594
5597
5602
5610
5624
5627
5639
5644
5645
5656
5664
5676
5682
5688
5695
5703
5711
5717
5719
5727
5737
5739
5742
5748
5748
5748
5753
5762
5762
5759
5761
5768
5769
5769
5771
5773
5774
5778
5776
5779
5782
5784
5786
5781
5790
5799
5802
5804
5808
5809
5811
5814
5819
5818
5821
5824
5824
5825
5828
5822
5824
5831
5829
5829
5824
5828
5835
5835
5841
5841
5845
5849
5851
5852
5854
5867
5871
5871
5877
5881
5886
5889
5887
5894
5904
5905
5909
5914
5915
5920
5926
5927
5930
5933
5935
5937
5939
5942
5940
5941
5949
5950
5951
5951
5952
5954
5957
5952
5954
5956
5959
5957
5959
5957
5956
5958
5952
5951
5953
5960
5959
5958
5960
5959
5957
5958
5951
5951
5954
5953
5942
5941
5936
5939
5936
5930
5929
5931
5930
5930
5933
5931
5930
5931
5933
5935
5939
5943
5946
5949
5952
5956
5959
5958
5962
5964
5964
5965
5967
5970
5970
5970
5968
5968
5968
5968
5965
5962
5962
5952
5951
5952
5952
5951
5950
5952
5947
5948
5950
5958
5959
5953
5958
5969
5965
5967
5971
5972
5974
5979
5979
5981
5976
5979
5981
5990
5989
5989
5993
5991
5992
5992
5994
5994
5992
5991
5996
5997
5993
5990
5990
5984
5983
5992
5987
5986
5987
5985
5981
5982
5986
5985
5984
5983
5983
5983
5983
5982
5983
5981
5978
5972
5971
5969
5972
5968
5961
5962
5971
5967
5967
5969
5967
5966
5968
5962
5961
5957
5956
5954
5951
5945
5944
5939
5939
5935
5931
5924
5920
5924
5919
5906
5903
5902
5902
5898
5890
5885
5891
5888
5882
5874
5873
5873
5875
5872
5866
5861
5859
5854
5850
5845
5840
5835
5832
5828
5827
5824
5820
5815
5812
5815
5814
5812
5806
5806
5796
5796
5803
5797
5791
5789
5788
5793
5791
5788
5785
5786
5785
5785
5783
5782
5780
5777
5768
5766
5761
5763
5758
5750
5746
5739
5733
5731
5727
5722
5715
5713
5715
5714
5707
5702
5703
5708
5702
5702
5699
5688
5688
5687
5688
5684
5674
5672
5676
5674
5668
5667
5665
5663
5659
5655
5654
5653
5654
5652
5655
5653
5652
5652
5648
5648
5649
5653
5655
5653
5651
5650
5649
5644
5643
5644
5651
5649
5649
5649
5641
5643
5644
5648
5648
5647
5647
5647
5648
5645
5645
5645
5643
5638
5637
5637
5634
5630
5627
5619
5616
5618
5612
5602
5600
5596
5597
5592
5588
5586
5579
5578
5574
5572
5571
5565
5565
5561
5557
5554
5548
5548
5550
5546
5537
5537
5542
5535
5532
5526
5522
5525
5523
5512
5511
5511
5512
5507
5504
5500
5497
5492
5488
5487
5482
5477
5470
5467
5465
5458
5455
5452
5448
5443
5439
5437
5434
5432
5430
5423
5422
5425
5420
5412
5412
5413
5412
5411
5404
5401
5407
5403
5401
5397
5395
5394
5391
5387
5388
5385
5381
5381
5378
5375
5375
5373
5368
5366
5363
5356
5356
5360
5356
5348
5344
5349
5347
5341
5341
5338
5329
5328
5334
5328
5322
5321
5315
5309
5304
5297
5290
5280
5273
5269
5269
5266
5260
5255
5253
5247
5244
5239
5238
5234
5230
5229
5225
5225
5217
5215
5220
5217
5207
5205
5206
5208
5205
5201
5198
5192
5191
5194
5190
5187
5179
5177
5181
5177
5171
5167
5168
5162
5158
5156
5153
5148
5148
5146
5142
5139
5137
5134
5128
5127
5126
5123
5118
5113
5110
5113
5110
5100
5099
5097
5100
5096
5095
5094
5087
5084
5087
5087
5083
5073
5074
5077
5073
5071
5068
5064
5062
5060
5054
5051
5048
5046
5042
5039
5035
5025
5022
5025
5021
5014
5011
5007
5001
4996
4992
4988
4984
4979
4979
4975
4969
4970
4966
4963
4962
4960
4952
4951
4954
4951
4941
4944
4943
4943
4941
4932
4930
4935
4932
4926
4923
4922
4912
4909
4912
4907
4904
4901
4899
4894
4891
4890
4887
4874
4873
4870
4870
4864
4860
4853
4851
4846
4840
4837
4833
4822
4820
4822
4816
4810
4808
4804
4796
4794
4798
4794
4792
4787
4784
4780
4777
4777
4774
4773
4771
4767
4763
4761
4759
4756
4755
4750
4749
4745
4743
4739
4738
4740
4737
4734
4731
4728
4727
4726
4718
4715
4719
4715
4706
4702
4701
4705
4702
4698
4694
4692
4689
4687
4678
4676
4677
4674
4669
4666
4661
4658
4657
4654
4650
4648
4646
4645
4642
4639
4636
4633
4627
4624
4630
4626
4624
4622
4619
4613
4612
4615
4613
4608
4605
4603
4606
4604
4595
4596
4601
4597
4594
4592
4590
4587
4585
4583
4581
4579
4576
4575
4575
4572
4564
4565
4566
4565
4562
4559
4559
4555
4553
4546
4547
4545
4548
4545
4543
4540
4533
4532
4533
4533
4532
4529
4526
4524
4525
4518
4512
4513
4517
4514
4512
4508
4506
4504
4502
4494
4492
4495
4491
4489
4487
4480
4479
4476
4473
4470
4468
4467
4464
4459
4452
4451
4448
4446
4443
4436
4434
4430
4434
4430
4428
4423
4417
4415
4414
4417
4413
4405
4405
4409
4407
4403
4399
4399
4391
4393
4396
4390
4388
4387
4385
4381
4378
4372
4371
4376
4372
4371
4368
4364
4363
4363
4360
4358
4352
4349
4349
4353
4351
4347
4345
4343
4340
4340
4340
4336
4334
4332
4326
4325
4326
4328
4325
4318
4317
4322
4320
4316
4314
4312
4306
4305
4307
4305
4303
4301
4298
4295
4294
4292
4290
4287
4285
4282
4282
4281
4273
4271
4276
4274
4272
4269
4266
4264
4263
4262
4259
4251
4253
4250
4253
4249
4244
4242
4246
4245
4243
4239
4236
4233
4233
4231
4228
4225
4222
4220
4213
4213
4217
4213
4208
4205
4204
4200
4201
4192
4192
4198
4196
4194
4193
4191
4188
4187
4180
4182
4182
4184
4181
4177
4174
4173
4169
4167
4163
4160
4157
4155
4154
4151
4152
4150
4148
4141
4141
4146
4145
4137
4137
4134
4135
4135
4131
4132
4124
4121
4126
4122
4119
4110
4110
4115
4111
4102
4100
4097
4101
4098
4097
4095
4094
4093
4090
4088
4086
4085
4083
4080
4077
4075
4073
4071
4071
4068
4064
4064
4064
4062
4061
4054
4054
4056
4055
4048
4047
4050
4048
4050
4043
4042
4049
4047
4046
4045
4046
4042
4042
4041
4039
4035
4033
4029
4026
4026
4022
4019
4017
4014
4009
4005
4006
4008
4005
3999
3997
3999
3997
3995
3986
3983
3987
3986
3981
3981
3980
3972
3975
3977
3974
3974
3972
3968
3967
3965
3964
3962
3961
3958
3956
3954
3953
3951
3947
3946
3945
3941
3940
3938
3937
3934
3929
3927
3935
3931
3927
3923
3920
3925
3923
3919
3919
3918
3915
3913
3912
3913
3916
3915
3909
3910
3909
3915
3911
3903
3904
3910
3906
3903
3903
3901
3900
3898
3897
3895
3894
3891
3889
3889
3887
3884
3884
3881
3880
3879
3877
3877
3871
3870
3873
3872
3872
3870
3869
3864
3864
3868
3867
3859
3862
3863
3867
3865
3860
3862
3866
3862
3859
3856
3855
3853
3849
3842
3844
3845
3844
3842
3842
3841
3838
3836
3836
3836
3833
3832
3832
3827
3825
3829
3828
3828
3826
3824
3824
3824
3819
3818
3821
3823
3821
3820
3821
3815
3815
3819
3817
3817
3817
3814
3811
3810
3809
3808
3805
3803
3803
3803
3801
3799
3797
3796
3793
3791
3790
3791
3790
3788
3781
3781
3782
3786
3785
3782
3782
3776
3777
3774
3779
3777
3772
3770
3776
3775
3772
3769
3768
3769
3769
3764
3764
3770
3771
3770
3769
3767
3767
3765
3759
3757
3757
3761
3757
3753
3752
3756
3754
3753
3751
3748
3746
3745
3744
3744
3737
3737
3736
3740
3740
3739
3737
3738
3737
3737
3738
3738
3736
3735
3733
3731
3729
3727
3724
3728
3726
3719
3718
3723
3723
3720
3718
3716
3711
3710
3714
3713
3711
3711
3710
3707
3705
3706
3705
3703
3700
3699
3702
3700
3698
3696
3697
3695
3696
3692
3690
3691
3690
3689
3689
3687
3688
3687
3687
3685
3678
3680
3684
3683
3682
3680
3678
3672
3671
3677
3675
3674
3669
3667
3672
3668
3668
3669
3667
3666
3665
3659
3659
3665
3664
3660
3661
3659
3658
3657
3657
3657
3654
3656
3652
3651
3650
3645
3646
3650
3647
3645
3639
3638
3642
3640
3640
3640
3637
3635
3635
3635
3636
3634
3632
3629
3630
3629
3630
3630
3625
3623
3630
3626
3627
3621
3620
3625
3624
3619
3619
3621
3621
3621
3621
3621
3620
3619
3613
3613
3611
3616
3615
3615
3613
3610
3611
3608
3610
3607
3607
3606
3606
3606
3606
3604
3602
3601
3601
3596
3597
3601
3599
3597
3592
3594
3598
3596
3595
3593
3593
3588
3589
3592
3591
3590
3589
3588
3588
3587
3582
3583
3588
3585
3582
3583
3582
3577
3576
3580
3580
3578
3578
3577
3575
3574
3574
3576
3575
3573
3571
3567
3569
3572
3570
3567
3568
3568
3569
3567
3564
3563
3568
3566
3566
3567
3565
3560
3560
3563
3563
3562
3561
3558
3553
3555
3560
3558
3556
3556
3553
3554
3553
3553
3550
3551
3551
3550
3550
3551
3545
3545
3549
3549
3542
3543
3545
3546
3544
3542
3542
3541
3541
3539
3538
3537
3534
3535
3533
3532
3527
3529
3529
3532
3531
3530
3531
3524
3524
3526
3527
3527
3526
3525
3522
3522
3521
3520
3520
3516
3515
3519
3518
3516
3517
3516
3512
3511
3514
3514
3508
3510
3513
3513
3512
3509
3508
3508
3509
3502
3504
3504
3508
3507
3506
3505
3505
3504
3504
3504
3502
3501
3501
3500
3500
3501
3501
3500
3496
3496
3501
3500
3499
3497
3497
3496
3495
3489
3492
3495
3493
3492
3491
3491
3487
3487
3491
3489
3486
3486
3486
3486
3486
3484
3483
3483
3483
3481
3477
3478
3483
3480
3473
3472
3473
3478
3476
3475
3476
3470
3471
3474
3474
3475
3474
3474
3473
3473
3471
3470
3469
3470
3470
3466
3466
3470
3468
3467
3466
3466
3465
3465
3464
3464
3463
3461
3461
3461
3460
3460
3460
3459
3459
3457
3457
3457
3454
3455
3450
3451
3453
3456
3455
3450
3450
3455
3453
3450
3450
3449
3453
3452
3445
3445
3451
3451
3450
3444
3444
3448
3447
3446
3446
3445
3445
3443
3443
3442
3443
3441
3441
3440
3440
3436
3437
3440
3437
3435
3436
3436
3438
3437
3436
3436
3436
3434
3435
3430
3429
3434
3433
3434
3432
3430
3431
3429
3428
3429
3429
3427
3422
3422
3421
3426
3425
3421
3419
3425
3423
3422
3421
3422
3419
3418
3419
3419
3419
3419
3418
3413
3413
3418
3417
3413
3414
3413
3418
3417
3417
3416
3415
3415
3414
3412
3412
3415
3412
3406
3408
3411
3412
3411
3411
3412
3412
3412
3413
3412
3410
3409
3410
3406
3404
3410
3408
3407
3407
3404
3400
3401
3405
3405
3400
3400
3400
3405
3403
3404
3405
3403
3405
3404
3400
3400
3404
3403
3401
3400
3399
3400
3400
3398
3400
3399
3400
3400
3399
3398
3398
3398
3392
3394
3397
3396
3395
3393
3393
3391
3392
3397
3395
3394
3392
3394
3399
3400
3398
3398
3398
3399
3399
3399
3397
3397
3396
3391
3390
3389
3393
3389
3385
3384
3389
3387
3386
3384
3383
3383
3383
3381
3380
3380
3378
3380
3381
3379
3375
3376
3380
3378
3376
3374
3372
3372
3371
3365
3366
3366
3369
3367
3365
3365
3363
3362
3361
3362
3360
3360
3358
3358
3358
3357
3358
3358
3354
3353
3360
3358
3359
3359
3359
3354
3353
3357
3356
3355
3354
3351
3349
3350
3354
3353
3354
3352
3350
3350
3349
3349
3349
3349
3348
3346
3348
3345
3343
3341
3346
3345
3345
3345
3345
3344
3344
3343
3343
3338
3339
3343
3342
3342
3342
3342
3343
3342
3342
3342
3341
3338
3339
3344
3344
3343
3343
3340
3340
3339
3344
3343
3338
3339
3343
3343
3343
3341
3340
3339
3338
3336
3337
3337
3336
3335
3336
3336
3337
3337
3336
3337
3337
3333
3333
3337
3335
3335
3334
3334
3330
3329
3334
3333
3332
3331
3331
3333
3332
3332
3332
3326
3328
3330
3330
3329
3323
3325
3328
3328
3329
3331
3332
3333
3332
3331
3331
3330
3329
3328
3323
3323
3328
3327
3326
3324
3325
3323
3323
3323
3323
3319
3320
3325
3324
3324
3323
3322
3318
3320
3325
3323
3322
3321
3321
3321
3320
3320
3319
3315
3313
3312
3316
3316
3315
3314
3308
3310
3310
3313
3311
3311
3311
3309
3308
3308
3307
3307
3307
3307
3304
3305
3309
3311
3310
3307
3308
3312
3311
3310
3309
3307
3307
3306
3305
3305
3304
3304
3305
3303
3304
3299
3299
3304
3302
3302
3301
3301
3302
3302
3304
3303
3298
3300
3299
3305
3305
3304
3304
3300
3300
3300
3304
3303
3301
3301
3300
3300
3298
3297
3296
3296
3295
3295
3294
3289
3291
3291
3295
3294
3288
3289
3294
3294
3294
3294
3294
3292
3293
3287
3287
3292
3293
3293
3292
3292
3291
3290
3286
3287
3287
3291
3288
3282
3286
3290
3289
3288
3286
3287
3290
3288
3287
3286
3284
3283
3284
3281
3280
3280
3280
3278
3279
3278
3278
3278
3276
3276
3277
3275
3275
3276
3276
3275
3276
3275
3277
3276
3276
3276
3271
3270
3276
3274
3269
3268
3268
3272
3271
3267
3268
3273
3271
3269
3269
3270
3269
3271
3272
3270
3269
3270
3269
3267
3269
3265
3267
3271
3269
3269
3263
3263
3266
3266
3266
3266
3264
3262
3262
3257
3257
3263
3262
3261
3260
3259
3258
3259
3259
3259
3261
3262
3263
3263
3262
3262
3264
3261
3262
3262
3259
3259
3264
3263
3257
3258
3261
3263
3260
3260
3259
3259
3258
3256
3256
3257
3256
3258
3254
3254
3261
3260
3261
3261
3260
3255
3256
3261
3260
3259
3259
3259
3256
3255
3261
3260
3258
3258
3256
3256
3255
3255
3254
3249
3251
3251
3256
3254
3251
3251
3255
3255
3255
3254
3256
3259
3260
3258
3259
3265
3266
3263
3261
3260
3259
3258
3257
3257
3254
3253
3252
3250
3250
3244
3245
3247
3248
3248
3247
3247
3246
3246
3241
3241
3242
3246
3245
3239
3240
3246
3244
3244
3242
3240
3241
3240
3241
3241
3240
3240
3243
3248
3250
3252
3252
3249
3251
3253
3256
3255
3255
3253
3253
3250
3249
3249
3247
3245
3243
3242
3241
3240
3239
3239
3232
3233
3237
3234
3229
3229
3229
3233
3233
3231
3232
3233
3233
3233
3230
3229
3236
3236
3236
3235
3235
3234
3232
3232
3233
3233
3232
3233
3232
3233
3229
3230
3235
3234
3234
3235
3235
3234
3234
3229
3230
3235
3232
3232
3231
3230
3230
3230
3227
3228
3227
3226
3226
3221
3222
3226
3225
3219
3219
3220
3222
3221
3217
3216
3222
3220
3220
3219
3218
3217
3217
3215
3215
3215
3216
3214
3213
3213
3213
3212
3213
3211
3213
3212
3212
3213
3215
3212
3213
3217
3220
3219
3218
3217
3211
3213
3217
3217
3217
3216
3216
3212
3213
3219
3217
3215
3211
3211
3215
3216
3213
3215
3218
3221
3223
3223
3223
3224
3223
3223
3223
3221
3220
3219
3219
3219
3218
3217
3216
3214
3214
3214
3213
3208
3209
3212
3214
3215
3213
3215
3218
3217
3218
3218
3218
3219
3222
3218
3220
3225
3224
3224
3222
3221
3221
3221
3221
3221
3220
3220
3219
3215
3215
3219
3216
3215
3214
3213
3211
3210
3210
3209
3204
3205
3205
3207
3209
3204
3204
3210
3207
3205
3204
3202
3201
3201
3200
3200
3198
3198
3199
3197
3197
3197
3196
3192
3193
3195
3198
3198
3193
3194
3200
3200
3197
3196
3198
3202
3203
3203
3203
3198
3201
3201
3204
3203
3203
3203
3201
3202
3201
3200
3201
3199
3199
3197
3196
3195
3194
3195
3195
3194
3191
3192
3191
3192
3191
3191
3190
3186
3186
3192
3190
3190
3187
3188
3194
3191
3193
3194
3194
3194
3193
3189
3190
3194
3192
3188
3189
3188
3193
3192
3192
3191
3185
3187
3188
3192
3190
3190
3189
3189
3189
3185
3182
3182
3186
3185
3180
3182
3185
3183
3183
3178
3180
3183
3182
3180
3180
3182
3181
3182
3178
3179
3184
3183
3182
3182
3183
3184
3184
3184
3185
3185
3185
3185
3186
3185
3185
3185
3179
3180
3181
3184
3184
3178
3180
3187
3186
3188
3187
3186
3186
3186
3186
3185
3184
3184
3182
3182
3182
3178
3180
3185
3185
3186
3183
3181
3186
3184
3184
3185
3184
3183
3185
3190
3191
3191
3190
3190
3189
3188
3189
3187
3187
3188
3187
3186
3186
3186
3184
3184
3184
3178
3179
3181
3179
3178
3179
3177
3176
3175
3170
3171
3171
3174
3173
3168
3169
3173
3172
3171
3166
3166
3170
3169
3163
3164
3167
3168
3166
3166
3165
3165
3164
3164
3164
3164
3164
3164
3164
3163
3164
3164
3164
3164
3162
3164
3165
3166
3163
3161
3159
3160
3163
3163
3162
3160
3161
3161
3161
3160
3161
3158
3160
3160
3159
3160
3159
3157
3158
3161
3160
3160
3162
3161
3160
3163
3163
3161
3162
3159
3158
3160
3163
3162
3162
3161
3161
3162
3162
3161
3163
3168
3169
3166
3168
3173
3177
3179
3180
3184
3194
3199
3198
3207
3212
3222
3229
3231
3236
3248
3252
3258
3259
3266
3276
3280
3279
3287
3293
3301
3307
3310
3316
3321
3323
3330
3334
3338
3340
3344
3352
3356
3357
3360
3363
3365
3367
3369
3369
3370
