7171
7169
7163
7164
7166
7171
7166
7166
7161
7156
7154
7148
7142
7139
7132
7132
7134
7130
7119
7122
7121
7124
7119
7114
7114
7114
7111
7110
7108
7104
7103
7103
7104
7103
7104
7104
7103
7102
7102
7095
7094
7101
7101
7094
7085
7084
7088
7080
7074
7069
7064
7057
7051
7038
7032
7030
7016
6999
6990
6983
6977
6967
6959
6953
6943
6935
6930
6923
6919
6910
6905
6900
6894
6888
6882
6882
6882
6877
6869
6873
6879
6876
6874
6868
6866
6862
6865
6863
6860
6859
6858
6856
6848
6846
6850
6844
6840
6833
6830
6830
6824
6821
6817
6804
6802
6803
6806
6803
6788
6784
6790
6783
6776
6770
6766
6763
6757
6757
6749
6750
6743
6741
6740
6740
6736
6734
6733
6732
6730
6729
6733
6726
6729
6739
6737
6738
6730
6729
6736
6735
6734
6733
6732
6733
6731
6729
6729
6722
6721
6723
6723
6719
6714
6713
6705
6707
6708
6700
6696
6687
6687
6688
6682
6674
6668
6660
6653
6647
6639
6634
6628
6623
6610
6606
6600
6599
6593
6585
6583
6578
6573
6568
6562
6555
6548
6546
6543
6539
6536
6536
6535
6528
6526
6531
6525
6524
6523
6519
6518
6514
6505
6502
6506
6500
6496
6493
6485
6486
6483
6479
6478
6473
6468
6467
6469
6464
6453
6452
6459
6454
6450
6442
6438
6440
6436
6434
6432
6429
6424
6421
6416
6411
6406
6400
6395
6389
6383
6374
6368
6357
6356
6358
6352
6347
6343
6338
6335
6334
6328
6323
6321
6310
6306
6311
6309
6296
6295
6293
6290
6287
6280
6277
6273
6267
6263
6258
6252
6242
6241
6244
6240
6238
6233
6233
6222
6221
6226
6223
6215
6216
6220
6219
6216
6215
6216
6214
6211
6211
6208
6203
6202
6198
6192
6192
6198
6194
6188
6184
6181
6177
6174
6168
6159
6151
6149
6140
6137
6135
6124
6121
6123
6119
6118
6110
6107
6110
6106
6103
6099
6096
6092
6090
6085
6078
6074
6065
6061
6057
6053
6047
6043
6029
6027
6031
6026
6020
6014
6011
5999
5999
6004
5998
5994
5985
5984
5988
5983
5981
5976
5974
5972
5969
5962
5959
5962
5960
5958
5953
5950
5943
5935
5931
5927
5922
5915
5907
5905
5904
5903
5898
5887
5884
5886
5886
5882
5872
5870
5876
5871
5862
5862
5857
5859
5855
5847
5845
5850
5843
5840
5837
5832
5828
5827
5827
5823
5820
5816
5815
5812
5811
5807
5805
5798
5796
5796
5793
5787
5782
5777
5763
5762
5758
5757
5751
5743
5736
5737
5731
5726
5721
5717
5713
5710
5707
5702
5700
5697
5697
5692
5691
5687
5687
5684
5682
5679
5672
5668
5673
5669
5660
5660
5659
5659
5654
5651
5649
5641
5639
5636
5634
5629
5620
5619
5620
5615
5611
5606
5602
5592
5590
5594
5589
5579
5578
5574
5574
5567
5558
5555
5558
5553
5549
5541
5540
5536
5533
5528
5527
5524
5523
5521
5520
5517
5515
5511
5509
5506
5504
5502
5501
5493
5490
5492
5487
5481
5474
5467
5460
5453
5438
5435
5437
5429
5423
5417
5414
5408
5404
5392
5393
5391
5392
5388
5382
5383
5377
5373
5371
5369
5367
5366
5362
5358
5357
5351
5352
5350
5346
5346
5338
5335
5341
5337
5333
5332
5327
5320
5318
5322
5318
5310
5308
5305
5309
5305
5296
5295
5299
5295
5293
5287
5284
5277
5274
5271
5267
5261
5255
5253
5254
5252
5249
5245
5243
5237
5234
5230
5228
5224
5221
5212
5213
5210
5212
5208
5206
5203
5200
5197
5193
5190
5186
5180
5180
5182
5176
5172
5167
5163
5161
5157
5147
5145
5149
5143
5140
5136
5131
5127
5123
5119
5115
5113
5107
5102
5100
5097
5093
5089
5079
5077
5073
5078
5074
5062
5063
5065
5060
5058
5054
5051
5054
5051
5043
5045
5047
5047
5046
5044
5042
5042
5040
5039
5040
5038
5037
5038
5038
5035
5035
5033
5030
5028
5022
5020
5016
5011
5007
5003
4995
4993
4992
4986
4978
4974
4978
4976
4971
4965
4962
4964
4958
4950
4947
4944
4946
4942
4941
4937
4934
4932
4929
4929
4927
4925
4924
4919
4917
4914
4910
4905
4895
4895
4892
4889
4885
4881
4879
4868
4869
4872
4867
4862
4861
4856
4850
4851
4853
4849
4842
4841
4846
4842
4839
4836
4835
4834
4830
4824
4824
4824
4828
4824
4821
4821
4821
4821
4820
4818
4814
4811
4808
4807
4801
4800
4798
4795
4794
4789
4782
4782
4786
4782
4778
4772
4769
4771
4769
4762
4762
4762
4762
4760
4759
4756
4753
4752
4750
4748
4747
4744
4741
4737
4735
4728
4728
4726
4730
4729
4727
4724
4721
4720
4714
4713
4713
4711
4710
4701
4701
4706
4704
4702
4700
4698
4696
4695
4693
4690
4690
4687
4686
4681
4681
4687
4684
4678
4673
4671
4674
4671
4663
4662
4666
4663
4661
4654
4651
4654
4652
4650
4650
4648
4647
4647
4645
4644
4635
4636
4636
4637
4632
4631
4630
4630
4629
4624
4620
4619
4616
4615
4612
4609
4607
4605
4603
4601
4599
4591
4589
4593
4591
4590
4589
4586
4586
4583
4580
4579
4572
4572
4573
4574
4572
4569
4567
4560
4560
4561
4563
4560
4560
4558
4551
4551
4552
4553
4552
4549
4548
4547
4545
4539
4537
4536
4539
4537
4536
4535
4535
4531
4531
4525
4523
4528
4525
4521
4518
4517
4515
4512
4513
4510
4511
4509
4506
4506
4504
4499
4498
4501
4501
4493
4494
4493
4497
4493
4490
4486
4485
4483
4481
4479
4477
4476
4473
4470
4468
4466
4464
4464
4456
4456
4459
4454
4445
4446
4446
4450
4448
4444
4445
4442
4441
4439
4438
4437
4431
4429
4434
4431
4429
4429
4428
4427
4425
4422
4422
4413
4413
4413
4417
4413
4412
4411
4410
4407
4406
4404
4400
4404
4404
4403
4402
4395
4393
4395
4398
4397
4392
4390
4396
4395
4394
4392
4390
4385
4386
4388
4384
4383
4380
4379
4375
4373
4370
4369
4368
4367
4367
4367
4366
4367
4365
4362
4360
4359
4358
4355
4355
4354
4354
4352
4348
4344
4343
4347
4345
4343
4339
4333
4331
4331
4337
4336
4335
4332
4326
4325
4326
4329
4329
4323
4322
4326
4324
4321
4317
4316
4321
4319
4317
4315
4314
4312
4313
4310
4309
4310
4309
4307
4306
4302
4301
4299
4296
4295
4295
4293
4289
4285
4285
4290
4288
4286
4285
4278
4277
4277
4278
4274
4274
4273
4267
4265
4264
4262
4260
4257
4258
4256
4253
4250
4245
4244
4248
4246
4243
4242
4236
4237
4236
4239
4237
4232
4233
4238
4237
4236
4231
4229
4234
4234
4232
4231
4228
4226
4227
4230
4227
4228
4225
4225
4223
4221
4221
4219
4217
4218
4217
4215
4216
4209
4209
4212
4211
4208
4206
4205
4203
4199
4198
4196
4195
4195
4192
4191
4191
4192
4189
4190
4189
4189
4189
4191
4184
4184
4189
4187
4179
4179
4180
4184
4182
4177
4179
4185
4183
4183
4181
4179
4174
4173
4178
4175
4173
4171
4170
4167
4165
4166
4164
4161
4158
4159
4156
4154
4153
4152
4151
4149
4149
4151
4150
4151
4150
4145
4147
4151
4149
4149
4141
4141
4145
4143
4140
4137
4133
4130
4129
4132
4132
4124
4123
4128
4126
4125
4121
4118
4118
4116
4110
4108
4107
4109
4107
4104
4105
4103
4102
4099
4099
4099
4098
4096
4089
4091
4095
4094
4096
4095
4095
4093
4091
4087
4090
4091
4092
4091
4086
4084
4090
4088
4086
4082
4080
4084
4081
4077
4076
4074
4074
4071
4071
4073
4072
4069
4069
4067
4067
4065
4063
4060
4058
4053
4054
4055
4055
4052
4052
4051
4050
4050
4050
4049
4050
4050
4051
4046
4046
4052
4049
4050
4045
4044
4048
4045
4043
4043
4044
4043
4041
4034
4035
4041
4040
4035
4034
4032
4035
4034
4034
4032
4030
4029
4027
4023
4023
4027
4023
4023
4024
4022
4021
4019
4019
4018
4017
4015
4016
4016
4016
4016
4017
4012
4013
4021
4018
4017
4016
4017
4017
4014
4006
4009
4010
4011
4010
4002
4000
4007
4004
4001
4001
4002
4000
4003
4007
4004
4002
4002
3998
3995
3995
3996
3995
3994
3993
3994
3995
3992
3993
3994
3992
3991
3986
3988
3988
3991
3989
3982
3982
3989
3984
3982
3976
3976
3979
3975
3972
3973
3970
3967
3967
3960
3962
3967
3962
3961
3961
3959
3957
3957
3951
3951
3954
3951
3949
3946
3945
3944
3944
3941
3940
3939
3937
3935
3934
3937
3936
3933
3936
3937
3936
3935
3935
3932
3932
3936
3933
3932
3933
3930
3925
3927
3932
3930
3925
3922
3923
3927
3924
3923
3924
3924
3923
3921
3921
3922
3915
3914
3919
3918
3917
3916
3915
3916
3917
3915
3912
3913
3913
3911
3908
3907
3901
3902
3907
3904
3904
3905
3902
3902
3902
3897
3897
3898
3900
3900
3901
3899
3900
3895
3896
3896
3896
3891
3891
3898
3898
3898
3897
3897
3894
3897
3904
3903
3897
3899
3901
3905
3901
3901
3900
3898
3895
3894
3895
3893
3894
3895
3897
3897
3890
3892
3892
3893
3891
3892
3890
3887
3887
3885
3879
3878
3882
3880
3872
3871
3871
3874
3872
3865
3865
3868
3866
3864
3864
3864
3860
3861
3862
3859
3854
3857
3857
3859
3860
3857
3858
3856
3856
3854
3852
3852
3857
3855
3856
3857
3855
3854
3857
3853
3853
3858
3856
3856
3856
3853
3853
3853
3854
3852
3852
3854
3854
3854
3855
3855
3858
3856
3854
3854
3852
3851
3847
3847
3849
3847
3845
3845
3844
3840
3841
3838
3839
3843
3843
3841
3841
3840
3842
3843
3838
3837
3841
3838
3842
3840
3839
3837
3838
3837
3837
3835
3834
3834
3833
3828
3828
3828
3825
3823
3823
3823
3820
3814
3812
3818
3817
3816
3817
3814
3810
3810
3816
3814
3813
3809
3809
3814
3813
3813
3811
3810
3810
3811
3811
3810
3810
3813
3814
3811
3812
3814
3813
3811
3809
3804
3804
3805
3809
3809
3805
3808
3813
3810
3809
3812
3811
3810
3812
3808
3807
3811
3811
3810
3807
3803
3802
3802
3795
3794
3794
3796
3794
3795
3795
3794
3796
3798
3799
3801
3801
3799
3795
3797
3803
3801
3799
3794
3796
3798
3795
3794
3793
3792
3790
3788
3788
3787
3782
3781
3780
3783
3781
3779
3777
3770
3771
3775
3774
3773
3767
3767
3772
3771
3770
3767
3767
3768
3768
3765
3766
3767
3766
3764
3762
3762
3764
3761
3762
3759
3755
3756
3757
3759
3756
3759
3758
3755
3755
3758
3753
3753
3757
3756
3757
3755
3754
3753
3754
3753
3751
3752
3755
3750
3750
3750
3754
3754
3752
3751
3757
3755
3756
3757
3757
3754
3755
3757
3755
3753
3753
3754
3752
3748
3749
3749
3749
3748
3748
3744
3745
3748
3745
3739
3743
3742
3746
3746
3743
3742
3746
3747
3744
3739
3739
3744
3742
3735
3737
3743
3742
3741
3739
3739
3735
3733
3738
3738
3738
3738
3737
3735
3735
3732
3732
3733
3733
3734
3728
3727
3734
3733
3730
3731
3731
3730
3730
3731
3728
3730
3730
3727
3726
3727
3724
3725
3725
3724
3725
3727
3725
3725
3725
3719
3721
3725
3722
3723
3720
3718
3723
3723
3721
3721
3718
3718
3718
3716
3718
3712
3711
3715
3717
3714
3711
3711
3715
3714
3710
3710
3712
3714
3716
3717
3716
3715
3715
3716
3713
3714
3714
3714
3714
3713
3712
3713
3712
3712
3713
3706
3706
3712
3710
3708
3710
3709
3709
3713
3705
3709
3712
3715
3714
3710
3710
3716
3716
3712
3711
3710
3714
3713
3706
3706
3710
3708
3705
3704
3703
3702
3700
3701
3699
3700
3699
3698
3699
3697
3700
3698
3697
3697
3693
3695
3694
3692
3696
3689
3691
3692
3696
3696
3690
3691
3698
3695
3696
3696
3695
3697
3695
3693
3695
3696
3697
3697
3694
3695
3699
3699
3698
3697
3697
3692
3695
3699
3696
3696
3695
3693
3693
3692
3689
3689
3689
3686
3685
3683
3682
3687
3690
3691
3691
3692
3690
3692
3690
3689
3684
3685
3690
3686
3688
3683
3682
3687
3686
3678
3680
3682
3682
3682
3682
3681
3680
3679
3683
3680
3680
3680
3677
3677
3673
3676
3673
3672
3673
3672
3668
3667
3673
3673
3671
3673
3671
3673
3672
3668
3669
3673
3672
3671
3663
3665
3670
3670
3668
3667
3666
3661
3661
3665
3663
3662
3662
3660
3659
3659
3657
3657
3657
3657
3656
3656
3655
3656
3655
3654
3654
3659
3659
3659
3659
3656
3653
3654
3659
3659
3656
3657
3655
3656
3654
3655
3655
3652
3653
3652
3653
3650
3651
3650
3645
3648
3646
3652
3651
3647
3650
3654
3655
3655
3654
3657
3657
3658
3656
3657
3660
3662
3660
3659
3661
3658
3659
3657
3654
3655
3653
3652
3647
3648
3651
3651
3651
3647
3652
3660
3661
3662
3661
3656
3661
3661
3663
3660
3659
3656
3658
3654
3653
3651
3651
3651
3648
3645
3647
3646
3649
3649
3643
3648
3652
3651
3651
3649
3649
3649
3647
3645
3644
3645
3643
3643
3643
3642
3640
3638
3632
3635
3636
3636
3635
3633
3632
3633
3632
3624
3625
3627
3631
3628
3631
3631
3630
3634
3632
3629
3631
3634
3636
3635
3634
3636
3635
3635
3630
3628
3636
3631
3631
3632
3630
3630
3628
3629
3629
3627
3627
3627
3622
3625
3629
3628
3625
3625
3628
3631
3630
3626
3629
3633
3633
3635
3634
3637
3633
3632
3639
3637
3638
3637
3637
3639
3638
3635
3634
3638
3637
3634
3635
3630
3630
3629
3627
3626
3624
3624
3622
3620
3621
3618
3617
3618
3616
3616
3617
3614
3611
3612
3614
3615
3615
3612
3614
3610
3611
3616
3615
3609
3608
3611
3613
3613
3611
3611
3609
3610
3611
3608
3609
3609
3608
3609
3609
3605
3604
3604
3606
3607
3602
3602
3606
3608
3606
3605
3604
3602
3603
3597
3596
3598
3604
3602
3600
3601
3595
3595
3598
3601
3599
3600
3602
3601
3601
3602
3601
3601
3603
3602
3600
3601
3602
3598
3598
3599
3600
3599
3602
3596
3597
3600
3604
3600
3602
3605
3601
3603
3609
3609
3606
3606
3607
3604
3603
3598
3600
3599
3602
3601
3599
3599
3594
3593
3594
3598
3596
3595
3595
3591
3591
3596
3594
3595
3593
3591
3592
3590
3590
3590
3590
3588
3590
3590
3592
3587
3586
3589
3592
3590
3593
3594
3594
3595
3591
3591
3593
3595
3594
3590
3588
3593
3594
3593
3590
3592
3593
3591
3589
3589
3588
3587
3589
3588
3587
3588
3587
3588
3590
3590
3592
3592
3588
3588
3592
3592
3590
3590
3590
3587
3589
3592
3591
3593
3592
3592
3598
3596
3594
3597
3599
3599
3597
3594
3592
3590
3587
3588
3586
3585
3582
3585
3583
3583
3579
3581
3584
3584
3587
3580
3581
3585
3584
3582
3581
3581
3574
3575
3580
3577
3577
3578
3578
3580
3579
3574
3575
3580
3579
3577
3578
3578
3579
3579
3580
3580
3579
3581
3580
3579
3581
3574
3575
3580
3577
3575
3576
3575
3571
3572
3571
3572
3571
3571
3570
3564
3567
3569
3571
3568
3570
3572
3573
3577
3575
3574
3581
3579
3576
3574
3573
3575
3574
3565
3567
3571
3572
3573
3572
3570
3569
3571
3568
3568
3565
3566
3564
3564
3563
3557
3558
3561
3565
3565
3564
3563
3564
3563
3560
3557
3559
3565
3565
3564
3567
3572
3573
3574
3574
3575
3574
3574
3576
3576
3578
3579
3577
3579
3577
3577
3578
3577
3576
3578
3576
3573
3568
3568
3571
3570
3566
3564
3561
3564
3564
3563
3561
3561
3559
3559
3561
3561
3562
3564
3563
3561
3564
3569
3567
3568
3568
3562
3562
3561
3563
3561
3558
3557
3558
3554
3554
3554
3554
3553
3554
3552
3551
3552
3552
3549
3551
3549
3550
3550
3551
3551
3552
3552
3548
3549
3549
3548
3549
3547
3546
3545
3550
3548
3546
3546
3548
3551
3553
3552
3553
3564
3563
3564
3567
3571
3581
3584
3584
3591
3601
3606
3613
3611
3619
3630
3635
3637
3647
3652
3663
3668
3674
3680
3685
3692
3698
3702
3711
3712
3718
3729
3732
3738
3742
3747
3747
3753
3763
3765
3769
3772
3776
3777
3780
3777
3779
