2922
2922
2922
2921
2921
2920
2919
2919
2918
2916
2914
2910
2909
2906
2906
2905
2898
2897
2900
2896
2893
2892
2890
2888
2885
2883
2881
2879
2875
2873
2876
2872
2869
2867
2866
2863
2860
2858
2855
2854
2853
2850
2849
2846
2840
2838
2842
2839
2832
2831
2832
2831
2830
2830
2827
2823
2822
2825
2825
2823
2821
2820
2818
2817
2815
2813
2812
2811
2809
2804
2803
2806
2804
2803
2802
2799
2798
2796
2795
2796
2790
2788
2788
2792
2791
2789
2788
2787
2787
2786
2781
2779
2784
2782
2782
2782
2780
2777
2776
2781
2779
2772
2773
2777
2776
2774
2773
2771
2771
2770
2769
2768
2768
2768
2767
2767
2768
2768
2767
2766
2763
2763
2767
2765
2760
2762
2764
2764
2763
2763
2762
2759
2759
2760
2759
2759
2755
2755
2758
2757
2755
2756
2755
2755
2754
2753
2755
2755
2753
2749
2749
2749
2752
2751
2747
2748
2753
2751
2749
2750
2750
2748
2747
2749
2748
2748
2748
2748
2749
2749
2743
2745
2752
2752
2752
2748
2748
2752
2752
2746
2748
2749
2754
2753
2753
2752
2751
2751
2749
2750
2750
2750
2750
2749
2749
2748
2747
2748
2748
2749
2744
2743
2748
2745
2745
2740
2740
2744
2742
2736
2736
2737
2740
2739
2740
2737
2731
2732
2736
2735
2735
2735
2734
2734
2734
2736
2737
2738
2737
2738
2738
2738
2737
2735
2735
2734
2734
2734
2734
2731
2731
2735
2735
2735
2732
2731
2735
2733
2732
2731
2729
2729
2729
2729
2729
2724
2724
2726
2729
2730
2726
2728
2732
2732
2731
2731
2730
2726
2727
2731
2730
2729
2730
2730
2729
2728
2729
2729
2725
2725
2727
2730
2730
2728
2727
2727
2727
2724
2724
2725
2731
2730
2730
2729
2726
2728
2727
2730
2730
2729
2728
2729
2728
2728
2728
2728
2727
2727
2728
2728
2728
2728
2728
2727
2727
2727
2727
2723
2723
2724
2728
2727
2723
2725
2731
2729
2728
2728
2728
2725
2727
2727
2726
2723
2724
2725
2728
2727
2724
2723
2728
2729
2728
2728
2728
2724
2724
2728
2728
2727
2724
2723
2729
2728
2727
2727
2729
2729
2729
2726
2728
2734
2734
2734
2735
2736
2737
2736
2737
2735
2737
2737
2738
2740
2740
2739
2739
2746
2745
2742
2742
2743
2747
2748
2749
2750
2751
2753
2755
2755
2757
2757
2757
2757
2759
2760
2759
2760
2760
2760
2762
2763
2763
2764
2766
2762
2763
2768
2768
2766
2767
2767
2767
2769
2765
2767
2774
2775
2774
2773
2775
2780
2782
2778
2779
2785
2787
2789
2790
2791
2794
2796
2797
2799
2801
2801
2804
2803
2804
2805
2807
2807
2808
2810
2811
2813
2809
2811
2817
2821
2823
2825
2827
2824
2828
2836
2837
2838
2839
2843
2843
2846
2853
2854
2855
2855
2858
2865
2866
2867
2868
2866
2869
2872
2879
2882
2885
2886
2887
2890
2893
2897
2899
2902
2904
2906
2909
2912
2915
2919
2923
2925
2928
2930
2928
2932
2935
2943
2945
2948
2949
2947
2951
2953
2961
2963
2966
2970
2968
2972
2978
2984
2985
2989
2992
2992
2997
3007
3012
3017
3023
3026
3031
3034
3038
3043
3046
3050
3052
3059
3063
3067
3071
3075
3077
3082
3089
3092
3095
3099
3099
3103
3107
3116
3120
3125
3129
3129
3136
3141
3148
3153
3157
3161
3164
3167
3172
3176
3181
3182
3188
3198
3201
3201
3207
3212
3221
3226
3229
3236
3241
3246
3251
3254
3260
3271
3276
3280
3285
3289
3293
3299
3311
3316
3323
3330
3334
3340
3345
3350
3355
3359
3363
3369
3375
3380
3386
3391
3396
3403
3408
3413
3419
3424
3428
3429
3434
3444
3446
3451
3455
3460
3462
3466
3477
3480
3480
3487
3492
3502
3507
3508
3514
3526
3531
3535
3539
3545
3556
3562
3567
3572
3578
3583
3590
3595
3601
3608
3614
3620
3627
3633
3639
3644
3648
3654
3667
3669
3678
3684
3689
3696
3701
3702
3708
3718
3724
3729
3731
3737
3748
3753
3758
3764
3768
3773
3777
3782
3786
3791
3796
3803
3806
3813
3817
3823
3828
3833
3835
3839
3844
3854
3859
3860
3868
3878
3884
3889
3895
3901
3908
3915
3916
3924
3933
3942
3951
3954
3961
3974
3981
3987
3994
3999
4006
4015
4023
4032
4038
4047
4052
4056
4064
4076
4078
4085
4091
4095
4102
4105
4109
4113
4115
4122
4133
4138
4143
4147
4155
4160
4166
4167
4174
4180
4192
4196
4198
4202
4213
4217
4225
4230
4235
4238
4243
4248
4253
4256
4259
4262
4266
4272
4276
4280
4283
4286
4293
4297
4303
4309
4313
4312
4320
4329
4337
4343
4345
4352
4357
4361
4366
4369
4372
4371
4377
4387
4387
4383
4388
4391
4400
4402
4398
4401
4413
4416
4415
4415
4419
4428
4433
4438
4440
4444
4451
4455
4459
4461
4465
4468
4465
4471
4474
4481
4482
4485
4487
4490
4494
4499
4503
4506
4503
4508
4517
4518
4521
4521
4524
4522
4525
4533
4532
4535
4537
4539
4540
4542
4544
4547
4548
4550
4554
4557
4560
4563
4564
4568
4574
4577
4580
4584
4590
4591
4593
4597
4608
4612
4614
4616
4620
4618
4618
4629
4631
4632
4630
4635
4644
4645
4645
4648
4646
4649
4652
4661
4662
4661
4663
4666
4669
4670
4672
4675
4674
4677
4686
4688
4690
4692
4695
4698
4701
4695
4700
4709
4712
4714
4717
4719
4716
4722
4731
4734
4733
4738
4740
4741
4742
4745
4747
4748
4746
4749
4759
4759
4757
4761
4762
4763
4763
4760
4761
4769
4769
4763
4765
4767
4774
4774
4774
4776
4779
4778
4779
4778
4781
4783
4784
4787
4787
4782
4785
4788
4792
4794
4794
4797
4797
4797
4800
4803
4800
4797
4801
4808
4805
4805
4803
4803
4807
4808
4809
4807
4808
4807
4809
4806
4807
4806
4808
4810
4809
4813
4807
4806
4816
4815
4817
4818
4817
4817
4818
4825
4822
4824
4821
4820
4819
4819
4817
4816
4816
4813
4813
4814
4814
4813
4809
4808
4808
4798
4802
4800
4802
4798
4792
4793
4795
4796
4788
4788
4789
4793
4793
4790
4790
4789
4788
4789
4783
4785
4791
4789
4789
4786
4785
4782
4781
4786
4785
4783
4783
4782
4781
4779
4780
4780
4773
4776
4782
4779
4782
4779
4778
4779
4779
4772
4778
4778
4779
4778
4779
4779
4778
4779
4777
4777
4778
4773
4774
4782
4780
4780
4778
4779
4779
4778
4776
4776
4775
4775
4770
4768
4769
4775
4771
4765
4765
4769
4767
4763
4763
4761
4754
4753
4758
4755
4752
4752
4749
4749
4747
4745
4739
4738
4737
4735
4730
4727
4715
4716
4718
4713
4714
4704
4704
4707
4701
4703
4701
4699
4699
4697
4695
4694
4691
4690
4686
4680
4682
4683
4680
4674
4671
4677
4675
4671
4671
4669
4662
4664
4665
4662
4657
4655
4652
4650
4648
4638
4638
4638
4638
4633
4632
4628
4625
4624
4625
4622
4619
4616
4611
4611
4608
4604
4600
4598
4595
4593
4587
4584
4591
4586
4584
4581
4579
4575
4573
4566
4562
4567
4565
4561
4552
4550
4555
4553
4543
4547
4545
4548
4547
4538
4541
4544
4541
4541
4538
4539
4537
4535
4534
4531
4531
4528
4527
4522
4520
4525
4524
4522
4524
4521
4522
4520
4518
4520
4515
4519
4515
4515
4513
4511
4510
4509
4508
4507
4506
4505
4498
4497
4502
4496
4490
4487
4488
4491
4490
4487
4484
4478
4478
4476
4479
4472
4471
4467
4465
4461
4455
4453
4448
4452
4452
4448
4445
4442
4439
4438
4434
4433
4433
4429
4429
4426
4427
4425
4425
4417
4420
4426
4422
4416
4415
4412
4415
4413
4411
4407
4405
4401
4399
4397
4394
4384
4386
4388
4386
4381
4376
4374
4378
4374
4375
4371
4370
4367
4366
4361
4359
4357
4356
4351
4347
4345
4343
4342
4332
4334
4336
4334
4329
4323
4322
4324
4323
4314
4314
4316
4313
4311
4303
4301
4303
4301
4290
4290
4286
4290
4286
4285
4282
4281
4278
4275
4274
4272
4270
4267
4268
4264
4263
4257
4257
4253
4253
4246
4247
4253
4249
4247
4245
4245
4236
4235
4239
4236
4232
4229
4227
4224
4222
4212
4214
4217
4217
4211
4211
4208
4206
4203
4202
4198
4198
4192
4190
4182
4181
4185
4181
4178
4175
4170
4172
4167
4166
4163
4156
4152
4153
4154
4150
4144
4141
4147
4142
4142
4139
4136
4130
4132
4135
4132
4128
4127
4121
4121
4115
4113
4109
4108
4106
4103
4101
4099
4094
4095
4084
4085
4082
4088
4080
4081
4077
4076
4077
4070
4067
4064
4068
4064
4059
4057
4063
4061
4058
4057
4055
4053
4051
4049
4047
4045
4040
4038
4043
4040
4036
4035
4032
4030
4028
4025
4025
4016
4017
4019
4018
4014
4013
4009
4007
4005
4004
4001
4002
3993
3994
3996
3994
3983
3983
3982
3986
3981
3981
3978
3977
3975
3975
3973
3969
3968
3966
3966
3961
3960
3957
3955
3949
3948
3951
3949
3940
3940
3941
3940
3939
3931
3930
3932
3926
3922
3921
3917
3917
3914
3906
3905
3910
3906
3901
3899
3898
3898
3895
3894
3890
3892
3887
3887
3885
3882
3882
3878
3878
3874
3876
3871
3870
3868
3867
3860
3862
3858
3863
3860
3856
3854
3861
3859
3858
3854
3855
3852
3852
3843
3843
3844
3842
3839
3834
3833
3830
3825
3819
3817
3816
3818
3817
3815
3813
3810
3809
3805
3805
3802
3797
3794
3798
3795
3793
3789
3789
3782
3782
3784
3785
3779
3779
3773
3775
3772
3772
3770
3762
3761
3760
3762
3761
3757
3758
3753
3753
3749
3750
3747
3746
3744
3742
3740
3732
3734
3730
3734
3730
3725
3722
3728
3722
3722
3718
3719
3710
3711
3714
3711
3710
3705
3706
3696
3699
3701
3700
3692
3694
3691
3696
3694
3692
3688
3688
3686
3685
3683
3682
3678
3677
3677
3676
3674
3675
3672
3672
3670
3669
3668
3665
3665
3662
3662
3660
3660
3657
3651
3650
3653
3654
3651
3644
3643
3647
3645
3642
3640
3640
3633
3631
3638
3633
3632
3629
3628
3621
3623
3625
3623
3620
3621
3617
3618
3615
3615
3614
3612
3611
3609
3610
3608
3606
3603
3603
3603
3595
3596
3594
3598
3598
3595
3596
3593
3592
3592
3589
3591
3583
3584
3586
3586
3578
3578
3576
3580
3577
3571
3570
3573
3571
3568
3566
3564
3562
3561
3558
3556
3556
3555
3553
3547
3547
3551
3549
3542
3542
3539
3545
3542
3535
3535
3536
3536
3536
3531
3531
3526
3524
3529
3528
3525
3522
3522
3519
3517
3515
3515
3508
3505
3505
3508
3507
3506
3502
3502
3501
3501
3499
3496
3497
3495
3494
3493
3489
3486
3484
3489
3487
3480
3480
3483
3481
3481
3480
3479
3478
3476
3471
3469
3470
3472
3470
3470
3466
3467
3464
3463
3462
3460
3457
3458
3454
3454
3447
3448
3447
3451
3450
3443
3445
3449
3446
3444
3443
3441
3433
3434
3439
3436
3435
3432
3431
3429
3427
3427
3424
3420
3419
3419
3422
3419
3419
3419
3416
3416
3414
3413
3412
3410
3411
3408
3407
3405
3401
3399
3405
3404
3402
3403
3401
3400
3399
3393
3392
3398
3394
3394
3393
3389
3385
3384
3386
3384
3383
3380
3378
3375
3373
3376
3375
3373
3373
3369
3368
3368
3365
3365
3365
3364
3356
3359
3358
3362
3359
3360
3359
3353
3354
3357
3359
3359
3360
3358
3354
3356
3355
3353
3352
3347
3348
3350
3351
3350
3349
3351
3344
3343
3348
3345
3343
3340
3340
3338
3335
3335
3332
3330
3328
3331
3327
3326
3327
3324
3321
3321
3315
3313
3313
3316
3313
3306
3306
3308
3305
3304
3302
3300
3293
3293
3295
3293
3292
3290
3288
3289
3287
3280
3282
3286
3283
3282
3282
3281
3274
3276
3280
3276
3277
3276
3274
3269
3270
3271
3270
3270
3269
3268
3267
3266
3265
3263
3264
3261
3263
3260
3260
3260
3258
3253
3256
3256
3257
3257
3255
3254
3248
3249
3251
3252
3250
3248
3247
3247
3246
3241
3241
3241
3243
3242
3240
3240
3239
3238
3236
3234
3234
3236
3234
3235
3234
3233
3230
3231
3231
3230
3229
3230
3229
3229
3227
3225
3225
3225
3224
3217
3218
3221
3221
3219
3214
3215
3218
3215
3214
3214
3212
3209
3207
3210
3209
3210
3207
3205
3201
3203
3205
3203
3203
3204
3202
3201
3201
3200
3200
3200
3197
3195
3196
3195
3191
3191
3189
3188
3189
3186
3188
3181
3182
3185
3184
3180
3179
3181
3183
3183
3183
3181
3180
3179
3179
3177
3175
3168
3171
3174
3172
3170
3171
3170
3169
3167
3160
3161
3167
3165
3162
3158
3158
3161
3158
3159
3157
3156
3156
3156
3152
3151
3156
3155
3155
3154
3152
3150
3150
3151
3150
3149
3148
3149
3147
3145
3146
3145
3143
3142
3137
3137
3136
3139
3139
3134
3134
3137
3136
3137
3133
3131
3136
3136
3132
3132
3131
3128
3129
3125
3123
3128
3125
3125
3123
3123
3122
3121
3114
3115
3120
3119
3117
3116
3117
3118
3117
3117
3119
3119
3119
3119
3120
3122
3121
3120
3114
3115
3113
3118
3116
3115
3113
3111
3108
3107
3108
3108
3102
3101
3105
3104
3102
3098
3099
3105
3103
3095
3095
3100
3099
3095
3097
3095
3094
3094
3093
3093
3092
3092
3091
3092
3091
3089
3091
3088
3086
3086
3086
3085
3083
3083
3082
3080
3079
3080
3081
3080
3079
3075
3077
3077
3081
3079
3076
3077
3080
3080
3075
3073
3075
3079
3077
3076
3075
3072
3071
3069
3073
3074
3073
3071
3071
3071
3072
3072
3072
3071
3070
3071
3072
3069
3065
3061
3066
3066
3065
3065
3061
3060
3059
3063
3063
3057
3058
3061
3059
3057
3056
3055
3055
3056
3052
3053
3055
3058
3058
3059
3059
3058
3057
3056
3056
3056
3056
3055
3049
3048
3053
3053
3050
3050
3048
3045
3045
3045
3044
3042
3037
3036
3041
3040
3039
3036
3036
3033
3034
3032
3030
3030
3028
3021
3021
3021
3025
3023
3020
3019
3025
3024
3022
3020
3021
3025
3024
3022
3021
3020
3020
3019
3020
3019
3019
3018
3017
3017
3016
3011
3011
3016
3016
3014
3014
3013
3013
3012
3011
3009
3004
3005
3010
3009
3008
3004
3004
3008
3006
3000
3000
3002
3004
3003
3001
2999
2999
2998
2998
2998
2999
2999
2999
3000
2997
2997
2997
2998
3000
3001
2997
2999
3004
3003
3003
2999
2998
3002
3001
2997
2997
3000
3001
3000
2999
2998
2997
2996
2997
2995
2994
2994
2993
2992
2990
2988
2988
2988
2984
2985
2990
2989
2988
2985
2982
2983
2982
2982
2983
2976
2976
2981
2980
2979
2977
2976
2971
2971
2976
2977
2975
2970
2969
2973
2971
2971
2971
2970
2969
2968
2968
2967
2964
2965
2963
2963
2962
2962
2961
2955
2956
2961
2959
2958
2957
2956
2956
2956
2952
2954
2955
2957
2957
2957
2956
2952
2954
2956
2958
2958
2955
2956
2952
2953
2957
2956
2955
2955
2955
2955
2954
2954
2953
2951
2953
2952
2947
2948
2952
2952
2951
2951
2951
2949
2949
2948
2948
2949
2949
2948
2945
2943
2948
2946
2945
2945
2944
2943
2941
2942
2942
2936
2937
2941
2941
2940
2939
2938
2938
2937
2938
2938
2937
2933
2933
2938
2938
2937
2937
2937
2936
2937
2932
2932
2937
2936
2936
2936
2935
2930
2931
2936
2934
2932
2931
2932
2930
2929
2928
2928
2923
2924
2925
2927
2926
2926
2926
2920
2920
2924
2923
2923
2919
2919
2924
2923
2924
2923
2924
2920
2921
2926
2925
2924
2925
2925
2924
2924
2919
2919
2924
2923
2922
2922
2921
2921
2922
2922
2922
2923
2923
2923
2923
2924
2920
2921
2927
2925
2925
2926
2925
2925
2926
2924
2923
2924
2922
2921
2919
2919
2918
2916
2915
2913
2912
2911
2910
2906
2907
2911
2909
2906
2903
2903
2906
2905
2901
2902
2905
2904
2903
2903
2901
2897
2897
2903
2901
2900
2900
2900
2900
2899
2900
2901
2900
2900
2897
2899
2899
2899
2898
2895
2893
2894
2897
2895
2893
2893
2889
2890
2891
2896
2893
2893
2892
2891
2891
2892
2890
2890
2889
2890
2885
2885
2890
2890
2889
2886
2885
2891
2889
2886
2887
2886
2885
2885
2884
2885
2883
2883
2882
2883
2881
2881
2881
2881
2881
2877
2878
2880
2883
2884
2880
2880
2886
2884
2884
2880
2879
2884
2883
2882
2883
2880
2879
2879
2882
2881
2879
2880
2878
2878
2876
2876
2876
2875
2875
2875
2876
2876
2877
2876
2870
2872
2877
2875
2874
2873
2874
2879
2878
2872
2874
2879
2880
2879
2879
2880
2880
2879
2879
2879
2880
2876
2875
2880
2879
2879
2878
2878
2877
2877
2877
2877
2874
2874
2878
2877
2876
2875
2875
2873
2872
2873
2873
2872
2873
2871
2866
2867
2871
2871
2869
2868
2868
2867
2867
2867
2867
2863
2863
2863
2868
2867
2861
2861
2865
2864
2863
2862
2862
2861
2861
2860
2858
2859
2857
2856
2855
2855
2850
2848
2853
2852
2851
2854
2852
2848
2850
2854
2853
2853
2852
2851
2851
2850
2845
2845
2848
2850
2849
2846
2847
2845
2844
2844
2844
2843
2839
2839
2844
2842
2838
2839
2839
2842
2842
2837
2837
2843
2843
2840
2842
2841
2840
2840
2835
2837
2842
2840
2839
2838
2837
2838
2837
2836
2836
2836
2836
2837
2836
2836
2835
2835
2834
2835
2836
2836
2835
2833
2833
2831
2832
2833
2828
2830
2834
2834
2828
2829
2829
2832
2832
2831
2830
2826
2827
2828
2829
2828
2828
2829
2828
2827
2828
2828
2829
2828
2828
2823
2825
2830
2828
2829
2825
2826
2830
2829
2828
2827
2827
2827
2827
2826
2826
2826
2825
2825
2825
2825
2820
2821
2826
2826
2827
2829
2829
2825
2827
2831
2832
2827
2828
2830
2831
2831
2831
2833
2834
2836
2833
2835
2835
2839
2838
2837
2835
2834
2833
2831
2827
2825
2830
2828
2824
2825
2824
2822
2823
2823
2822
2822
2823
2823
2824
2826
2821
2822
2827
2827
2825
2827
2826
2825
2826
2825
2826
2823
2823
2822
2820
2819
2815
2815
2819
2818
2812
2812
2812
2815
2814
2810
2810
2815
2814
2813
2812
2810
2809
2809
2807
2808
2807
2808
2807
2803
2804
2807
2806
2806
2805
2804
2801
2802
2807
2805
2805
2804
2804
2800
2800
2805
2804
2799
2799
2801
2803
2802
2802
2800
2799
2799
2799
2798
2799
2794
2796
2799
2800
2794
2793
2795
2800
2798
2798
2797
2792
2794
2796
2799
2797
2796
2796
2796
2797
2793
2793
2793
2799
2797
2797
2797
2797
2796
2796
2795
2795
2791
2793
2798
2798
2797
2797
2797
2794
2795
2799
2797
2797
2796
2796
2797
2798
2796
2798
2791
2793
2793
2797
2797
2796
2796
2796
2796
2798
2799
2800
2801
2801
2796
2798
2802
2801
2801
2801
2800
2793
2795
2801
2800
2800
2796
2795
2798
2798
2792
2792
2794
2796
2794
2794
2795
2794
2794
2789
2788
2788
2791
2789
2789
2789
2788
2787
2787
2786
2784
2783
2783
2784
2784
2782
2783
2783
2781
2780
2781
2780
2776
2777
2776
2781
2779
2781
2780
2775
2776
2775
2780
2779
2772
2773
2778
2778
2776
2773
2775
2779
2778
2777
2777
2776
2777
2779
2778
2778
2779
2779
2778
2778
2778
2779
2778
2775
2776
2781
2781
2780
2779
2779
2779
2780
2779
2780
2780
2779
2779
2779
2779
2778
2777
2778
2778
2779
2780
2779
2775
2777
2781
2780
2779
2778
2778
2774
2775
2778
2779
2778
2779
2778
2775
2774
2778
2776
2770
2771
2772
2774
2774
2774
2772
2772
2773
2772
2769
2769
2773
2773
2772
2772
2769
2771
2770
2770
2770
2766
2766
2771
2769
2769
2769
2768
2769
2768
2769
2770
2770
2771
2772
2769
2769
2775
2775
2775
2776
2776
2773
2774
2779
2778
2777
2776
2776
2776
2776
2776
2776
2775
2775
2774
2774
2774
2775
2775
2771
2772
2776
2774
2774
2770
2771
2776
2775
2769
2769
2770
2775
2774
2774
2774
2775
2776
2775
2774
2775
2780
2780
2781
2780
2779
2779
2778
2777
2778
2776
2776
2771
2772
2773
2774
2774
2773
2772
2771
2770
2768
2765
2765
2770
2771
2770
2770
2768
2767
2767
2771
2771
2769
2768
2769
2768
2767
2766
2766
2766
2766
2766
2765
2763
2761
2760
2764
2766
2762
2763
2768
2767
2767
2765
2765
2765
2764
2764
2763
2763
2760
2760
2764
2763
2762
2761
2762
2761
2763
2763
2764
2764
2764
2763
2763
2765
2760
2759
2762
2761
2759
2759
2759
2759
2757
2756
2755
2755
2756
2755
2755
2755
2751
2751
2755
2755
2755
2756
2756
2751
2751
2757
2756
2751
2753
2753
2757
2756
2754
2753
2752
2751
2749
2746
2748
2753
2753
2752
2752
2752
2753
2753
2748
2748
2753
2752
2752
2753
2751
2751
2751
2751
2751
2749
2749
2750
2749
2749
2745
2744
2749
2748
2747
2746
2747
2744
2745
2751
2751
2751
2753
2752
2753
2753
2753
2755
2755
2753
2752
2749
2751
2754
2753
2749
2749
2753
2754
2755
2755
2755
2750
2751
2758
2754
2754
2754
2753
2752
2753
2747
2748
2749
2751
2750
2748
2748
2749
2748
2747
2747
2747
2746
2746
2746
2745
2740
2741
2742
2744
2744
2745
2746
2742
2743
2747
2751
2752
2750
2752
2757
2755
2754
2753
2753
2754
2754
2755
2755
2751
2751
2751
2754
2753
2753
2752
2750
2749
2748
2747
2747
2747
2747
2742
2744
2748
2749
2748
2744
2745
2749
2749
2744
2746
2748
2753
2752
2753
2753
2753
2753
2754
2756
2754
2751
2751
2752
2750
2748
2747
2747
2749
2747
2747
2747
2747
2746
2746
2744
2744
2744
2744
2743
2742
2740
2741
2740
2741
2741
2740
2740
2738
2736
2737
2741
2742
2738
2739
2744
2743
2742
2740
2742
2742
2745
2745
2746
2747
2744
2747
2753
2756
2758
2759
2759
2762
2766
2774
2777
2778
2782
2792
2795
2799
2803
2808
2808
2814
2824
2829
2833
2838
2842
2846
2852
2856
2861
2861
2864
2871
2879
2883
2882
2885
2894
2898
2900
2904
2906
2903
2906
2913
2914
2914
