8183
8181
8181
8182
8182
8183
8180
8174
8176
8180
8177
8177
8173
8173
8173
8170
8170
8170
8168
8166
8166
8165
8162
8155
8154
8158
8155
8146
8147
8148
8154
8155
8145
8148
8151
8146
8138
8135
8129
8133
8129
8123
8118
8117
8112
8112
8102
8100
8105
8099
8094
8093
8086
8084
8079
8078
8072
8066
8063
8061
8059
8057
8049
8050
8043
8040
8049
8044
8038
8035
8034
8023
8023
8028
8024
8022
8014
8013
8012
8010
8009
8005
8007
8005
8001
7995
7995
7998
7997
7986
7987
7987
7984
7982
7970
7965
7967
7956
7947
7937
7928
7915
7905
7889
7877
7868
7857
7845
7829
7825
7824
7817
7813
7808
7806
7802
7804
7801
7796
7793
7784
7778
7774
7765
7763
7755
7749
7745
7735
7734
7733
7740
7738
7739
7737
7730
7736
7734
7740
7739
7739
7737
7732
7732
7735
7736
7736
7733
7734
7731
7732
7732
7728
7731
7729
7732
7728
7729
7728
7727
7721
7717
7711
7701
7698
7697
7688
7680
7669
7661
7661
7649
7633
7626
7622
7612
7603
7593
7586
7578
7572
7567
7562
7558
7552
7548
7553
7548
7543
7540
7540
7542
7539
7539
7535
7525
7523
7525
7524
7521
7518
7518
7513
7511
7509
7505
7501
7492
7488
7485
7482
7475
7473
7466
7460
7460
7461
7456
7453
7451
7452
7449
7445
7438
7431
7436
7427
7419
7419
7413
7412
7402
7394
7381
7373
7360
7348
7338
7332
7331
7322
7314
7310
7306
7300
7297
7291
7288
7283
7281
7280
7276
7277
7274
7276
7275
7274
7272
7275
7275
7276
7275
7269
7267
7273
7271
7265
7261
7261
7253
7252
7254
7251
7239
7241
7234
7239
7233
7228
7222
7212
7205
7207
7202
7197
7191
7182
7177
7172
7165
7159
7156
7150
7149
7141
7139
7133
7130
7126
7125
7121
7114
7111
7114
7106
7099
7088
7086
7086
7084
7074
7072
7075
7071
7069
7059
7057
7059
7055
7049
7048
7041
7038
7035
7032
7028
7019
7015
7014
7014
7010
7005
7003
6999
6996
6992
6989
6985
6980
6978
6975
6970
6960
6957
6954
6956
6948
6943
6934
6922
6917
6915
6912
6904
6897
6890
6882
6875
6866
6859
6847
6840
6832
6820
6812
6812
6799
6790
6777
6770
6766
6758
6750
6741
6736
6726
6722
6715
6710
6703
6700
6688
6684
6681
6684
6680
6671
6670
6673
6670
6667
6661
6662
6668
6663
6666
6663
6662
6661
6659
6657
6656
6647
6649
6653
6651
6649
6644
6644
6642
6640
6637
6637
6636
6635
6635
6628
6627
6631
6628
6624
6616
6613
6615
6611
6608
6605
6602
6597
6596
6591
6589
6584
6584
6581
6578
6574
6570
6566
6572
6566
6557
6553
6552
6550
6547
6542
6539
6534
6530
6525
6520
6514
6511
6505
6500
6493
6490
6483
6481
6475
6472
6459
6458
6461
6455
6450
6444
6439
6440
6437
6423
6419
6422
6420
6414
6412
6406
6398
6398
6400
6392
6390
6384
6380
6374
6372
6366
6364
6357
6356
6351
6345
6341
6333
6324
6319
6311
6307
6302
6295
6285
6281
6284
6278
6270
6262
6255
6259
6251
6247
6243
6236
6227
6225
6228
6221
6212
6213
6214
6214
6206
6206
6202
6205
6199
6200
6198
6194
6186
6182
6175
6171
6166
6164
6154
6156
6150
6148
6147
6138
6140
6140
6139
6140
6130
6129
6131
6130
6124
6121
6118
6116
6114
6112
6110
6109
6106
6104
6098
6098
6100
6100
6088
6089
6089
6088
6086
6075
6072
6077
6071
6065
6062
6057
6053
6050
6046
6043
6034
6032
6032
6033
6027
6021
6017
6010
6007
5998
5995
5989
5982
5978
5975
5970
5965
5964
5957
5958
5952
5942
5937
5942
5935
5931
5923
5918
5918
5911
5908
5905
5902
5897
5893
5886
5879
5869
5865
5859
5853
5849
5837
5833
5835
5829
5825
5823
5819
5810
5811
5811
5812
5808
5809
5803
5803
5798
5799
5795
5796
5791
5791
5787
5789
5780
5783
5785
5785
5781
5779
5774
5769
5768
5770
5763
5763
5757
5754
5748
5746
5736
5733
5736
5731
5728
5728
5723
5717
5715
5717
5712
5711
5709
5706
5702
5702
5700
5698
5688
5688
5691
5686
5681
5679
5674
5672
5669
5668
5665
5664
5656
5656
5656
5656
5642
5644
5642
5646
5643
5634
5631
5635
5630
5628
5624
5621
5620
5620
5615
5613
5612
5606
5605
5599
5597
5590
5587
5580
5576
5573
5571
5565
5562
5562
5550
5551
5551
5549
5545
5538
5536
5532
5531
5518
5519
5515
5518
5518
5518
5515
5508
5508
5510
5508
5509
5501
5502
5504
5500
5499
5499
5495
5495
5490
5488
5486
5481
5480
5479
5482
5478
5469
5466
5470
5462
5459
5453
5448
5443
5441
5435
5433
5427
5424
5420
5416
5416
5410
5411
5400
5400
5398
5400
5396
5391
5387
5394
5392
5390
5386
5383
5376
5374
5378
5375
5371
5371
5367
5366
5363
5362
5359
5359
5355
5355
5349
5350
5352
5348
5340
5341
5338
5342
5336
5334
5331
5332
5326
5320
5318
5313
5315
5314
5313
5310
5307
5306
5301
5295
5297
5300
5297
5294
5294
5290
5285
5282
5288
5284
5285
5279
5277
5274
5274
5270
5271
5268
5268
5266
5266
5264
5264
5263
5257
5258
5262
5259
5258
5255
5251
5257
5252
5252
5247
5247
5242
5242
5238
5238
5228
5230
5232
5230
5224
5224
5221
5219
5220
5218
5217
5218
5213
5213
5210
5207
5197
5198
5200
5198
5195
5191
5189
5184
5181
5177
5172
5172
5167
5167
5158
5157
5162
5157
5153
5149
5149
5153
5150
5145
5144
5149
5146
5142
5140
5136
5131
5127
5134
5128
5124
5117
5116
5111
5108
5104
5101
5097
5094
5091
5090
5087
5085
5082
5080
5079
5079
5079
5078
5072
5071
5077
5072
5072
5063
5063
5066
5061
5055
5052
5050
5054
5050
5044
5043
5047
5045
5041
5041
5042
5046
5045
5043
5040
5040
5035
5035
5032
5030
5027
5026
5025
5024
5024
5021
5022
5020
5020
5015
5019
5024
5025
5024
5017
5018
5020
5020
5015
5014
5010
5008
5006
5003
5001
4997
4995
4993
4990
4988
4985
4985
4978
4980
4983
4983
4979
4979
4976
4975
4972
4965
4968
4965
4964
4967
4964
4961
4961
4964
4963
4961
4963
4973
4971
4964
4965
4968
4967
4962
4955
4951
4956
4949
4941
4940
4937
4937
4931
4930
4928
4925
4922
4921
4918
4918
4914
4916
4912
4911
4910
4907
4907
4898
4896
4899
4898
4894
4895
4891
4886
4886
4890
4887
4887
4888
4889
4889
4889
4891
4890
4891
4890
4890
4889
4886
4884
4882
4874
4874
4877
4872
4870
4864
4862
4866
4865
4859
4857
4856
4853
4852
4849
4849
4846
4847
4848
4846
4847
4843
4841
4847
4842
4833
4837
4832
4834
4830
4824
4823
4823
4821
4816
4816
4813
4811
4810
4807
4806
4805
4802
4802
4800
4799
4805
4801
4795
4799
4796
4802
4800
4800
4799
4797
4797
4795
4793
4794
4787
4789
4793
4791
4786
4786
4787
4787
4787
4785
4783
4779
4777
4778
4782
4779
4780
4780
4780
4784
4783
4782
4784
4782
4783
4780
4781
4778
4774
4772
4769
4767
4762
4762
4755
4751
4750
4752
4749
4748
4747
4738
4740
4740
4744
4739
4740
4740
4737
4736
4734
4730
4732
4736
4735
4734
4729
4731
4727
4726
4726
4726
4724
4724
4729
4728
4728
4726
4725
4719
4717
4721
4718
4716
4714
4712
4710
4710
4708
4706
4698
4698
4698
4697
4699
4691
4691
4697
4691
4689
4690
4685
4686
4685
4676
4679
4683
4683
4682
4680
4681
4676
4676
4673
4673
4670
4667
4664
4657
4654
4661
4655
4652
4652
4649
4646
4648
4645
4644
4641
4639
4640
4643
4641
4641
4638
4639
4638
4636
4633
4629
4635
4631
4632
4628
4628
4625
4624
4624
4621
4618
4617
4621
4621
4619
4616
4615
4621
4616
4617
4614
4616
4616
4615
4610
4610
4615
4611
4613
4609
4609
4604
4604
4610
4606
4604
4604
4602
4603
4598
4598
4595
4595
4596
4593
4592
4591
4589
4588
4582
4583
4585
4587
4587
4578
4580
4583
4579
4579
4576
4575
4574
4574
4575
4571
4570
4571
4569
4573
4573
4572
4572
4580
4575
4577
4575
4576
4567
4569
4572
4569
4570
4568
4568
4567
4565
4565
4561
4563
4562
4562
4558
4557
4564
4560
4559
4557
4555
4552
4551
4555
4552
4551
4546
4546
4545
4544
4545
4541
4537
4539
4543
4542
4542
4540
4541
4540
4540
4532
4532
4535
4536
4536
4537
4536
4535
4534
4536
4533
4533
4533
4532
4529
4531
4539
4537
4534
4531
4530
4535
4534
4530
4531
4528
4523
4522
4529
4525
4519
4523
4524
4525
4523
4524
4525
4522
4522
4518
4520
4516
4516
4514
4512
4513
4511
4508
4509
4510
4508
4511
4509
4508
4508
4501
4500
4502
4503
4503
4498
4497
4505
4504
4504
4499
4498
4504
4501
4498
4499
4497
4490
4489
4491
4491
4489
4485
4484
4482
4479
4478
4479
4472
4475
4479
4478
4477
4474
4475
4471
4473
4478
4477
4477
4475
4474
4475
4476
4474
4473
4470
4468
4466
4463
4460
4461
4457
4457
4457
4455
4453
4450
4454
4452
4452
4452
4450
4449
4451
4444
4445
4452
4448
4448
4446
4449
4449
4446
4443
4443
4449
4448
4445
4445
4445
4443
4444
4444
4443
4444
4441
4440
4440
4440
4439
4439
4438
4436
4438
4433
4434
4442
4440
4433
4437
4437
4442
4443
4436
4436
4445
4440
4439
4436
4434
4438
4436
4425
4426
4427
4426
4423
4422
4420
4418
4417
4417
4414
4413
4414
4411
4411
4411
4409
4409
4408
4405
4406
4400
4398
4405
4402
4398
4400
4402
4408
4410
4409
4410
4410
4409
4407
4407
4405
4403
4404
4402
4403
4403
4400
4401
4395
4395
4399
4396
4392
4392
4390
4386
4383
4389
4387
4377
4379
4378
4382
4382
4380
4378
4373
4376
4375
4379
4379
4380
4378
4380
4381
4380
4380
4378
4379
4377
4377
4375
4376
4377
4377
4374
4376
4368
4372
4375
4376
4371
4369
4367
4371
4369
4365
4364
4367
4367
4365
4365
4367
4364
4365
4358
4362
4362
4370
4368
4369
4367
4366
4363
4363
4360
4361
4358
4360
4357
4356
4354
4354
4352
4352
4352
4348
4349
4353
4352
4353
4348
4346
4350
4349
4345
4343
4345
4348
4348
4342
4343
4342
4343
4342
4340
4343
4345
4347
4344
4344
4337
4342
4341
4341
4341
4339
4338
4338
4335
4335
4334
4333
4335
4334
4335
4334
4334
4333
4333
4331
4329
4327
4328
4333
4329
4330
4323
4324
4327
4325
4325
4323
4323
4322
4324
4317
4319
4322
4321
4320
4319
4318
4316
4315
4314
4315
4310
4309
4313
4314
4314
4308
4310
4314
4313
4314
4311
4314
4320
4323
4327
4325
4324
4322
4323
4328
4323
4323
4320
4320
4316
4317
4315
4315
4308
4311
4312
4309
4308
4305
4305
4303
4301
4300
4301
4300
4302
4304
4305
4308
4309
4313
4313
4315
4314
4317
4314
4314
4312
4310
4308
4307
4301
4301
4302
4301
4290
4292
4290
4291
4291
4288
4290
4281
4284
4287
4285
4285
4281
4282
4276
4278
4282
4283
4280
4278
4278
4283
4281
4282
4280
4281
4280
4281
4279
4281
4279
4280
4278
4280
4278
4274
4272
4277
4273
4273
4272
4271
4269
4267
4269
4267
4263
4263
4269
4270
4272
4270
4273
4274
4275
4272
4273
4270
4271
4268
4268
4266
4266
4264
4263
4264
4263
4261
4260
4259
4259
4254
4254
4254
4259
4256
4251
4251
4258
4255
4256
4251
4251
4253
4254
4251
4254
4252
4248
4248
4253
4252
4250
4251
4250
4249
4249
4250
4249
4249
4249
4250
4247
4249
4247
4250
4245
4249
4254
4255
4253
4249
4247
4251
4250
4248
4246
4244
4245
4244
4245
4244
4245
4244
4246
4246
4245
4240
4241
4242
4243
4239
4239
4237
4240
4242
4241
4244
4251
4247
4244
4241
4242
4245
4244
4239
4238
4244
4240
4239
4238
4236
4236
4236
4236
4233
4232
4232
4231
4229
4229
4227
4229
4229
4227
4228
4222
4224
4226
4227
4218
4222
4218
4224
4221
4218
4216
4220
4221
4220
4220
4219
4220
4218
4219
4221
4223
4223
4223
4221
4222
4226
4230
4231
4233
4236
4237
4238
4234
4236
4240
4238
4236
4234
4231
4228
4226
4220
4221
4223
4222
4220
4216
4216
4218
4216
4210
4212
4212
4215
4215
4216
4215
4213
4213
4211
4210
4206
4202
4200
4206
4202
4201
4199
4200
4198
4198
4194
4196
4203
4201
4199
4200
4196
4198
4197
4193
4195
4196
4200
4201
4200
4200
4200
4200
4202
4200
4201
4199
4199
4193
4195
4199
4199
4200
4194
4197
4202
4201
4201
4201
4200
4202
4201
4201
4200
4200
4201
4201
4199
4200
4199
4201
4201
4200
4196
4194
4194
4197
4194
4191
4190
4196
4193
4194
4190
4192
4194
4193
4191
4192
4189
4188
4189
4187
4188
4185
4185
4175
4179
4176
4182
4179
4179
4175
4175
4173
4173
4171
4172
4167
4167
4172
4170
4165
4165
4164
4170
4170
4163
4166
4171
4171
4169
4171
4169
4170
4168
4170
4167
4170
4167
4169
4165
4167
4173
4175
4172
4174
4178
4182
4186
4184
4183
4185
4181
4184
4182
4182
4182
4178
4180
4177
4177
4175
4174
4166
4168
4171
4170
4166
4166
4165
4166
4164
4161
4162
4160
4163
4162
4159
4158
4163
4162
4156
4159
4158
4162
4161
4160
4159
4161
4158
4155
4155
4154
4162
4158
4160
4158
4159
4162
4161
4161
4162
4157
4159
4166
4162
4162
4161
4160
4160
4158
4160
4158
4159
4157
4160
4158
4159
4153
4156
4161
4159
4156
4155
4153
4160
4157
4151
4153
4152
4155
4153
4152
4151
4146
4146
4149
4150
4147
4149
4148
4145
4146
4155
4153
4155
4156
4155
4158
4155
4156
4154
4153
4153
4152
4154
4153
4151
4151
4149
4149
4148
4147
4146
4141
4141
4146
4145
4146
4139
4142
4144
4142
4137
4137
4141
4141
4144
4145
4146
4145
4147
4142
4142
4141
4144
4144
4141
4140
4138
4138
4136
4139
4136
4137
4137
4138
4137
4137
4138
4138
4136
4138
4134
4135
4139
4139
4140
4134
4137
4142
4141
4138
4138
4138
4135
4135
4134
4136
4134
4138
4135
4135
4134
4140
4139
4136
4137
4139
4140
4137
4133
4132
4138
4137
4135
4133
4129
4130
4127
4127
4127
4124
4126
4124
4122
4122
4123
4121
4121
4118
4120
4118
4118
4116
4115
4114
4115
4110
4113
4115
4111
4108
4115
4113
4107
4109
4109
4113
4112
4107
4108
4113
4113
4107
4106
4108
4112
4110
4109
4110
4109
4107
4107
4109
4107
4108
4106
4108
4108
4108
4104
4107
4114
4112
4106
4108
4112
4112
4110
4108
4108
4111
4111
4111
4110
4109
4109
4110
4110
4108
4107
4108
4106
4106
4104
4104
4104
4103
4102
4102
4102
4100
4099
4099
4095
4096
4098
4099
4098
4100
4099
4093
4093
4099
4093
4095
4096
4094
4093
4094
4090
4093
4096
4097
4098
4094
4093
4097
4099
4091
4093
4093
4098
4097
4091
4092
4098
4093
4095
4093
4092
4092
4094
4093
4091
4092
4093
4092
4091
4092
4091
4091
4092
4094
4091
4093
4093
4094
4093
4088
4092
4094
4097
4101
4097
4099
4107
4105
4105
4108
4107
4107
4107
4110
4108
4100
4103
4101
4104
4102
4099
4097
4092
4094
4093
4096
4096
4091
4089
4093
4092
4085
4087
4087
4091
4089
4088
4088
4080
4082
4083
4085
4083
4084
4084
4081
4083
4084
4081
4083
4083
4081
4083
4083
4082
4083
4081
4082
4083
4082
4082
4083
4083
4083
4083
4083
4085
4084
4085
4087
4087
4088
4090
4088
4091
4101
4103
4106
4113
4120
4121
4130
4142
4148
4150
4157
4167
4176
4182
4185
4195
4207
4213
4222
4228
4233
4237
4246
4258
4263
4270
4276
4282
4288
4293
4301
4308
4311
4318
4324
4328
4333
4339
4339
4345
4349
4351
4355
4358
4354
4357
