2755
2754
2755
2754
2754
2754
2753
2748
2748
2752
2751
2747
2746
2745
2743
2741
2738
2737
2734
2732
2730
2727
2726
2719
2716
2719
2719
2714
2713
2709
2705
2702
2706
2703
2701
2698
2697
2695
2693
2690
2688
2687
2683
2682
2680
2676
2670
2669
2670
2671
2668
2666
2665
2664
2662
2661
2659
2659
2658
2657
2655
2653
2647
2647
2648
2652
2650
2649
2649
2647
2647
2644
2644
2643
2647
2647
2641
2643
2646
2643
2642
2640
2638
2631
2630
2633
2632
2630
2628
2627
2626
2624
2623
2623
2621
2620
2619
2618
2618
2618
2619
2614
2615
2615
2618
2616
2615
2615
2615
2615
2615
2611
2612
2615
2615
2609
2608
2611
2612
2610
2605
2605
2608
2608
2607
2606
2605
2604
2604
2604
2605
2605
2604
2603
2601
2601
2600
2600
2600
2598
2595
2594
2593
2597
2596
2593
2595
2595
2593
2594
2590
2590
2594
2594
2595
2594
2593
2591
2592
2588
2589
2594
2593
2590
2590
2591
2593
2593
2591
2591
2591
2591
2591
2588
2588
2583
2584
2589
2588
2587
2587
2587
2587
2587
2582
2582
2585
2586
2586
2585
2584
2579
2579
2584
2582
2581
2581
2580
2580
2579
2578
2579
2578
2577
2576
2577
2577
2575
2575
2574
2572
2572
2576
2577
2576
2578
2573
2574
2575
2580
2580
2578
2579
2575
2575
2575
2579
2579
2578
2578
2573
2573
2577
2578
2576
2576
2577
2576
2575
2575
2576
2574
2571
2571
2575
2574
2574
2572
2573
2572
2573
2573
2571
2570
2571
2571
2571
2571
2572
2573
2573
2572
2573
2573
2573
2573
2573
2573
2574
2569
2571
2572
2575
2574
2573
2573
2569
2570
2572
2574
2575
2573
2574
2579
2578
2578
2577
2575
2576
2576
2570
2571
2575
2573
2573
2572
2571
2571
2571
2566
2567
2570
2571
2571
2568
2569
2569
2568
2565
2565
2565
2570
2567
2563
2562
2568
2566
2565
2562
2562
2566
2565
2565
2565
2565
2564
2564
2565
2564
2564
2565
2563
2564
2566
2565
2566
2567
2567
2567
2568
2567
2569
2569
2569
2568
2569
2570
2569
2570
2570
2567
2568
2572
2572
2569
2570
2572
2576
2576
2572
2573
2579
2578
2578
2578
2577
2578
2579
2579
2579
2578
2581
2581
2577
2580
2586
2586
2581
2583
2584
2589
2590
2586
2588
2593
2592
2593
2593
2594
2590
2593
2599
2599
2598
2597
2599
2604
2605
2605
2607
2607
2608
2608
2609
2609
2610
2610
2610
2609
2609
2609
2610
2610
2610
2611
2611
2612
2614
2614
2614
2615
2615
2615
2611
2614
2616
2620
2622
2619
2621
2627
2627
2628
2629
2631
2633
2635
2632
2635
2641
2643
2644
2646
2646
2647
2648
2648
2650
2651
2652
2653
2653
2655
2656
2658
2661
2662
2663
2661
2664
2670
2671
2671
2669
2672
2679
2681
2682
2684
2682
2684
2687
2694
2695
2693
2696
2704
2706
2708
2711
2713
2715
2717
2714
2719
2725
2729
2731
2734
2735
2737
2741
2743
2746
2750
2752
2754
2756
2758
2761
2763
2766
2770
2771
2775
2778
2781
2784
2784
2786
2790
2796
2799
2797
2802
2810
2812
2814
2813
2817
2824
2826
2823
2829
2832
2839
2843
2846
2849
2851
2854
2859
2861
2864
2868
2872
2876
2881
2885
2888
2892
2891
2896
2904
2908
2912
2916
2920
2922
2926
2934
2937
2940
2943
2947
2952
2955
2952
2957
2967
2971
2969
2973
2977
2986
2988
2989
2994
3004
3008
3012
3016
3020
3025
3029
3034
3038
3043
3047
3051
3056
3061
3065
3070
3076
3081
3088
3088
3093
3103
3107
3107
3111
3118
3127
3131
3131
3137
3149
3155
3159
3164
3168
3172
3177
3181
3185
3190
3195
3200
3204
3209
3212
3216
3222
3226
3232
3235
3239
3242
3246
3245
3250
3260
3265
3269
3275
3278
3281
3285
3298
3303
3307
3308
3314
3326
3331
3336
3341
3345
3345
3350
3359
3364
3363
3368
3378
3383
3388
3393
3398
3403
3406
3411
3418
3423
3427
3432
3439
3447
3448
3455
3462
3474
3477
3484
3489
3488
3493
3503
3511
3512
3516
3520
3523
3528
3531
3535
3539
3544
3548
3548
3551
3563
3564
3565
3564
3568
3574
3579
3582
3585
3587
3590
3592
3592
3596
3605
3609
3613
3616
3619
3623
3628
3634
3639
3639
3646
3651
3660
3665
3670
3674
3678
3682
3688
3696
3702
3700
3705
3719
3720
3724
3730
3732
3738
3740
3744
3750
3755
3758
3763
3769
3772
3774
3780
3791
3796
3800
3805
3812
3813
3821
3828
3832
3840
3844
3849
3853
3858
3869
3874
3878
3885
3890
3895
3901
3906
3912
3920
3924
3927
3930
3936
3947
3952
3956
3962
3967
3971
3975
3978
3983
3993
4000
4003
4007
4014
4016
4020
4024
4027
4034
4036
4042
4046
4048
4047
4052
4060
4064
4060
4064
4068
4076
4077
4074
4078
4086
4089
4090
4092
4096
4096
4097
4095
4098
4105
4111
4110
4113
4114
4118
4118
4120
4124
4125
4127
4131
4133
4135
4137
4142
4146
4148
4153
4152
4156
4167
4169
4169
4172
4176
4184
4190
4184
4190
4198
4201
4205
4205
4209
4210
4213
4215
4214
4218
4221
4221
4219
4225
4232
4233
4233
4233
4237
4244
4245
4247
4247
4248
4251
4250
4253
4255
4252
4257
4261
4264
4263
4264
4268
4269
4272
4272
4273
4275
4275
4279
4280
4282
4284
4284
4287
4288
4289
4285
4286
4296
4292
4293
4292
4293
4293
4292
4288
4289
4296
4294
4292
4288
4290
4298
4295
4299
4298
4294
4296
4297
4303
4305
4306
4309
4310
4314
4318
4318
4321
4320
4323
4322
4324
4324
4326
4330
4332
4332
4336
4336
4336
4338
4344
4351
4355
4351
4354
4363
4364
4367
4368
4367
4371
4373
4375
4376
4371
4371
4374
4379
4379
4373
4377
4382
4380
4379
4381
4381
4380
4382
4374
4378
4378
4384
4381
4377
4375
4383
4380
4380
4379
4378
4380
4378
4379
4378
4373
4377
4376
4382
4381
4380
4381
4382
4384
4383
4383
4381
4389
4389
4391
4393
4390
4390
4392
4399
4399
4394
4394
4402
4400
4397
4397
4394
4393
4390
4383
4383
4385
4387
4386
4386
4382
4380
4379
4378
4379
4377
4378
4376
4374
4373
4373
4371
4371
4366
4367
4372
4372
4371
4369
4371
4369
4368
4362
4362
4370
4368
4368
4367
4365
4368
4367
4365
4367
4360
4361
4361
4364
4364
4362
4363
4362
4360
4363
4361
4361
4361
4359
4354
4350
4357
4358
4359
4357
4356
4352
4354
4359
4357
4356
4356
4355
4350
4349
4355
4354
4353
4349
4351
4347
4347
4340
4340
4344
4344
4343
4335
4335
4340
4337
4327
4326
4327
4328
4328
4325
4324
4319
4319
4312
4313
4309
4306
4307
4297
4298
4299
4300
4297
4296
4295
4292
4292
4291
4289
4289
4288
4288
4287
4289
4288
4287
4286
4285
4283
4276
4277
4282
4282
4278
4279
4277
4278
4275
4276
4276
4272
4272
4269
4267
4267
4264
4265
4259
4260
4261
4264
4263
4255
4256
4261
4259
4258
4255
4255
4252
4251
4244
4246
4251
4248
4249
4247
4248
4240
4240
4245
4243
4243
4239
4238
4237
4233
4226
4227
4231
4227
4225
4224
4223
4222
4219
4219
4219
4216
4211
4213
4216
4213
4210
4211
4209
4206
4205
4198
4196
4200
4194
4190
4188
4185
4191
4186
4186
4181
4180
4177
4175
4172
4171
4169
4167
4159
4161
4159
4162
4158
4157
4153
4151
4151
4149
4147
4143
4138
4137
4139
4134
4132
4130
4126
4126
4122
4118
4119
4110
4110
4110
4111
4110
4102
4101
4105
4102
4098
4098
4095
4094
4094
4090
4089
4089
4086
4087
4082
4081
4076
4074
4076
4073
4073
4070
4065
4061
4057
4064
4059
4053
4050
4048
4052
4047
4038
4038
4040
4037
4034
4033
4030
4026
4027
4021
4021
4020
4016
4014
4011
4009
4002
4002
4006
4009
4005
4004
4002
3997
3996
3993
3991
3989
3988
3985
3982
3979
3984
3982
3980
3977
3977
3973
3973
3964
3965
3966
3966
3964
3956
3956
3961
3957
3954
3953
3949
3947
3944
3941
3940
3936
3935
3932
3929
3928
3922
3921
3913
3913
3914
3911
3909
3906
3906
3903
3901
3896
3894
3893
3895
3895
3892
3889
3888
3884
3882
3875
3874
3879
3875
3868
3868
3869
3869
3865
3862
3859
3863
3861
3856
3856
3854
3855
3851
3850
3850
3846
3846
3843
3844
3839
3840
3839
3837
3837
3830
3829
3827
3831
3829
3825
3825
3821
3819
3819
3817
3816
3814
3811
3805
3804
3805
3806
3805
3797
3798
3801
3800
3795
3791
3790
3794
3792
3790
3790
3787
3786
3785
3782
3782
3777
3778
3776
3776
3776
3768
3770
3773
3771
3770
3769
3768
3762
3760
3758
3758
3755
3753
3752
3748
3747
3744
3741
3740
3736
3730
3729
3731
3734
3733
3725
3724
3729
3726
3717
3715
3711
3716
3714
3710
3707
3707
3702
3702
3700
3698
3689
3689
3691
3689
3689
3685
3685
3682
3682
3682
3678
3674
3669
3668
3672
3668
3660
3660
3663
3662
3658
3652
3651
3655
3654
3650
3648
3647
3644
3645
3640
3640
3639
3634
3634
3632
3631
3631
3629
3622
3622
3627
3623
3620
3620
3616
3616
3611
3605
3604
3602
3606
3602
3599
3598
3594
3593
3588
3584
3585
3588
3586
3580
3579
3583
3582
3577
3577
3575
3573
3572
3571
3571
3568
3566
3564
3562
3562
3554
3554
3556
3555
3554
3551
3549
3542
3541
3546
3544
3542
3539
3537
3531
3531
3536
3533
3531
3526
3524
3529
3528
3524
3525
3523
3522
3520
3519
3517
3515
3515
3512
3509
3510
3506
3504
3503
3501
3494
3495
3494
3497
3494
3493
3491
3490
3488
3488
3484
3483
3482
3481
3480
3478
3473
3472
3472
3476
3476
3469
3471
3473
3472
3468
3465
3466
3463
3460
3459
3457
3453
3452
3452
3449
3446
3445
3444
3440
3443
3442
3434
3435
3440
3435
3429
3428
3427
3432
3428
3423
3423
3427
3426
3421
3420
3419
3426
3425
3417
3417
3423
3419
3416
3416
3414
3409
3407
3408
3405
3400
3399
3398
3396
3391
3392
3391
3389
3387
3386
3379
3380
3381
3380
3373
3371
3372
3374
3372
3371
3368
3367
3366
3365
3362
3363
3357
3356
3362
3359
3358
3355
3355
3354
3351
3350
3349
3348
3346
3343
3343
3340
3341
3337
3336
3336
3333
3333
3333
3327
3327
3334
3332
3326
3325
3325
3328
3325
3319
3320
3322
3319
3318
3312
3308
3312
3311
3307
3305
3304
3299
3299
3301
3299
3297
3295
3294
3291
3291
3288
3289
3285
3286
3283
3281
3280
3279
3278
3276
3276
3269
3269
3267
3272
3270
3262
3262
3266
3265
3262
3261
3259
3259
3256
3252
3251
3255
3254
3251
3249
3248
3247
3246
3244
3242
3243
3243
3242
3237
3236
3240
3238
3237
3235
3232
3231
3230
3227
3227
3221
3221
3220
3223
3221
3214
3213
3219
3217
3215
3212
3213
3211
3210
3205
3205
3207
3207
3206
3206
3203
3202
3202
3201
3199
3198
3198
3197
3194
3193
3193
3192
3189
3185
3184
3188
3185
3185
3185
3180
3178
3179
3184
3180
3176
3177
3183
3180
3178
3178
3178
3176
3175
3174
3174
3172
3171
3170
3168
3169
3168
3166
3162
3161
3161
3163
3161
3160
3158
3158
3156
3154
3152
3153
3144
3144
3150
3148
3147
3141
3141
3145
3143
3142
3139
3136
3135
3134
3138
3135
3129
3130
3133
3132
3131
3132
3130
3128
3126
3121
3123
3121
3124
3123
3120
3121
3119
3119
3117
3117
3116
3115
3117
3112
3111
3111
3108
3108
3109
3107
3101
3103
3107
3106
3104
3099
3101
3105
3104
3097
3098
3102
3103
3102
3100
3099
3097
3097
3097
3097
3098
3097
3098
3092
3093
3099
3098
3097
3096
3094
3094
3093
3092
3090
3087
3087
3086
3085
3084
3077
3078
3081
3079
3076
3072
3074
3079
3078
3071
3073
3073
3077
3077
3076
3075
3075
3073
3071
3069
3069
3068
3066
3064
3065
3064
3064
3063
3057
3058
3063
3062
3057
3056
3053
3056
3054
3052
3052
3046
3045
3047
3046
3045
3043
3041
3040
3038
3032
3031
3031
3032
3031
3029
3029
3025
3027
3023
3024
3024
3019
3019
3024
3024
3020
3019
3018
3024
3022
3024
3022
3017
3015
3017
3017
3018
3017
3018
3012
3014
3016
3018
3016
3017
3016
3014
3012
3012
3008
3007
3004
3003
3001
3002
3000
2999
2999
3001
3003
3001
3000
2999
2999
2997
2994
2994
2998
2996
2990
2992
2994
2995
2993
2992
2989
2989
2987
2986
2986
2985
2979
2979
2984
2983
2976
2975
2975
2978
2977
2971
2972
2977
2975
2973
2973
2973
2973
2972
2971
2972
2970
2972
2972
2972
2971
2966
2967
2973
2972
2970
2968
2968
2968
2968
2966
2964
2964
2963
2965
2958
2959
2964
2961
2954
2953
2955
2957
2956
2951
2950
2954
2951
2949
2944
2944
2949
2947
2947
2946
2945
2944
2943
2941
2940
2940
2938
2937
2935
2934
2933
2933
2932
2932
2930
2932
2932
2932
2933
2929
2928
2934
2933
2928
2928
2928
2931
2931
2924
2924
2929
2927
2927
2927
2926
2919
2919
2925
2922
2921
2921
2918
2918
2918
2917
2918
2914
2913
2913
2916
2914
2914
2912
2908
2906
2908
2910
2910
2912
2908
2906
2907
2907
2910
2911
2910
2911
2912
2910
2909
2910
2909
2908
2908
2907
2907
2906
2904
2904
2902
2901
2896
2897
2901
2901
2897
2894
2893
2898
2898
2897
2896
2893
2891
2891
2895
2894
2892
2893
2887
2889
2888
2893
2892
2893
2892
2891
2890
2889
2887
2886
2885
2885
2884
2884
2882
2881
2881
2881
2880
2880
2879
2877
2877
2877
2877
2876
2871
2873
2877
2875
2874
2868
2867
2871
2870
2870
2870
2868
2866
2865
2871
2869
2865
2865
2869
2868
2868
2863
2864
2868
2866
2866
2865
2864
2864
2863
2859
2858
2862
2861
2859
2860
2859
2858
2857
2856
2855
2855
2854
2853
2852
2852
2849
2850
2850
2848
2848
2845
2845
2850
2848
2843
2843
2847
2848
2846
2845
2844
2844
2843
2841
2841
2841
2841
2840
2840
2838
2839
2838
2836
2837
2836
2831
2832
2837
2835
2834
2833
2834
2832
2831
2833
2832
2832
2833
2832
2832
2832
2828
2830
2835
2835
2834
2830
2830
2833
2832
2825
2826
2826
2828
2828
2824
2824
2831
2832
2831
2831
2832
2831
2831
2830
2829
2828
2827
2828
2826
2824
2818
2818
2822
2819
2818
2819
2821
2821
2820
2818
2821
2828
2827
2828
2827
2827
2827
2826
2825
2824
2825
2823
2823
2822
2820
2819
2819
2815
2813
2814
2818
2817
2815
2815
2809
2809
2809
2813
2810
2811
2809
2809
2808
2808
2807
2806
2806
2807
2802
2804
2805
2806
2805
2798
2799
2802
2800
2799
2798
2797
2796
2795
2794
2795
2789
2790
2790
2793
2793
2789
2789
2793
2792
2791
2790
2789
2789
2788
2789
2789
2787
2788
2788
2786
2787
2786
2786
2785
2783
2782
2778
2779
2783
2782
2778
2778
2781
2782
2782
2782
2783
2779
2779
2783
2783
2781
2780
2779
2778
2779
2778
2778
2778
2777
2778
2776
2776
2772
2773
2775
2776
2775
2771
2771
2776
2775
2775
2777
2776
2772
2774
2780
2779
2777
2777
2778
2776
2775
2775
2774
2774
2773
2773
2773
2773
2773
2772
2766
2767
2772
2771
2770
2769
2768
2766
2767
2761
2763
2763
2767
2765
2765
2764
2761
2762
2760
2761
2760
2757
2758
2762
2761
2762
2760
2759
2755
2755
2758
2758
2758
2758
2759
2757
2758
2757
2757
2757
2756
2756
2755
2754
2749
2750
2754
2753
2748
2749
2748
2751
2751
2750
2750
2745
2745
2747
2751
2751
2747
2749
2754
2752
2751
2752
2752
2753
2753
2752
2752
2752
2753
2751
2751
2751
2750
2750
2750
2750
2749
2749
2750
2744
2745
2750
2749
2746
2745
2745
2748
2747
2742
2741
2746
2743
2743
2742
2742
2742
2742
2737
2738
2739
2743
2743
2742
2741
2742
2741
2739
2738
2737
2736
2737
2736
2736
2735
2734
2733
2728
2728
2732
2731
2725
2727
2727
2729
2727
2727
2726
2725
2725
2726
2725
2724
2724
2726
2725
2726
2721
2723
2723
2729
2727
2722
2722
2728
2727
2727
2726
2725
2724
2723
2723
2721
2720
2719
2719
2719
2719
2717
2717
2716
2715
2715
2715
2715
2711
2712
2717
2716
2713
2710
2710
2713
2713
2712
2712
2709
2710
2709
2713
2712
2708
2707
2711
2711
2710
2710
2711
2710
2711
2708
2710
2711
2715
2714
2714
2715
2714
2715
2715
2715
2716
2715
2716
2710
2711
2716
2716
2715
2711
2712
2715
2715
2714
2713
2713
2710
2710
2714
2712
2710
2710
2710
2709
2708
2708
2707
2706
2707
2705
2704
2704
2704
2703
2703
2703
2703
2702
2701
2702
2702
2697
2697
2701
2700
2698
2698
2698
2693
2694
2698
2696
2696
2696
2697
2698
2697
2694
2693
2698
2697
2696
2695
2694
2695
2694
2690
2691
2693
2693
2692
2690
2689
2684
2686
2691
2691
2690
2686
2686
2690
2688
2688
2687
2686
2683
2683
2688
2687
2688
2688
2688
2690
2691
2691
2694
2688
2689
2693
2692
2690
2690
2689
2688
2688
2687
2686
2686
2684
2684
2685
2684
2684
2682
2680
2678
2678
2683
2682
2683
2682
2677
2678
2680
2683
2682
2678
2678
2683
2683
2683
2681
2682
2681
2681
2678
2679
2681
2682
2680
2680
2680
2680
2679
2679
2679
2679
2680
2681
2683
2684
2681
2683
2684
2686
2685
2685
2684
2679
2680
2684
2685
2684
2683
2682
2680
2679
2679
2679
2678
2674
2674
2679
2678
2678
2678
2677
2673
2673
2676
2674
2674
2673
2672
2671
2670
2670
2671
2667
2669
2674
2675
2675
2675
2675
2675
2676
2676
2677
2676
2673
2673
2678
2678
2679
2679
2679
2679
2679
2678
2675
2675
2676
2675
2676
2676
2674
2673
2676
2677
2677
2677
2675
2675
2676
2677
2678
2675
2677
2681
2684
2681
2677
2677
2681
2678
2672
2672
2671
2674
2672
2667
2668
2671
2669
2668
2667
2666
2667
2667
2666
2667
2667
2667
2665
2660
2660
2663
2662
2659
2660
2659
2660
2661
2662
2662
2662
2662
2662
2661
2660
2656
2656
2661
2661
2660
2661
2661
2660
2660
2661
2662
2661
2660
2659
2654
2656
2660
2660
2658
2657
2657
2656
2655
2652
2654
2658
2657
2653
2653
2653
2657
2656
2656
2655
2651
2651
2651
2654
2652
2652
2653
2647
2650
2649
2653
2652
2651
2651
2651
2653
2653
2654
2654
2654
2655
2655
2654
2650
2651
2654
2659
2660
2659
2659
2652
2653
2652
2656
2655
2650
2650
2653
2650
2649
2647
2646
2646
2646
2644
2642
2641
2642
2641
2641
2641
2641
2640
2639
2639
2639
2641
2639
2636
2637
2641
2639
2637
2636
2636
2641
2640
2641
2641
2637
2637
2638
2640
2640
2639
2639
2637
2637
2637
2637
2636
2632
2632
2636
2636
2634
2634
2633
2633
2633
2633
2631
2629
2630
2630
2630
2630
2626
2625
2629
2628
2628
2624
2625
2627
2627
2627
2625
2622
2621
2621
2625
2624
2624
2623
2623
2622
2623
2623
2624
2624
2624
2624
2624
2625
2626
2625
2621
2622
2627
2627
2629
2630
2630
2631
2630
2626
2628
2633
2633
2630
2628
2627
2633
2630
2630
2631
2630
2631
2631
2628
2629
2634
2633
2632
2631
2631
2626
2627
2631
2631
2632
2632
2632
2633
2633
2630
2629
2633
2633
2632
2631
2629
2630
2629
2629
2629
2629
2629
2627
2628
2627
2626
2625
2624
2624
2623
2623
2622
2617
2618
2622
2620
2619
2614
2615
2618
2618
2617
2617
2616
2616
2616
2616
2617
2616
2616
2615
2616
2616
2611
2612
2616
2616
2609
2611
2611
2614
2615
2614
2614
2613
2614
2611
2612
2614
2613
2614
2609
2610
2615
2615
2614
2614
2612
2613
2611
2608
2608
2607
2612
2610
2606
2606
2612
2609
2606
2605
2606
2609
2610
2609
2609
2609
2609
2609
2609
2610
2610
2611
2611
2611
2610
2608
2609
2609
2609
2606
2605
2608
2610
2609
2609
2611
2610
2612
2608
2609
2610
2614
2614
2610
2610
2615
2615
2613
2609
2609
2613
2612
2610
2611
2611
2611
2610
2609
2609
2608
2608
2606
2607
2606
2607
2606
2608
2608
2608
2609
2607
2605
2604
2609
2608
2602
2603
2605
2606
2605
2600
2602
2605
2605
2603
2603
2600
2599
2600
2600
2599
2593
2595
2596
2599
2598
2594
2595
2599
2597
2598
2598
2597
2597
2595
2596
2595
2594
2594
2593
2589
2590
2594
2593
2593
2594
2594
2593
2594
2598
2599
2595
2597
2600
2601
2601
2601
2601
2597
2598
2604
2602
2603
2602
2602
2600
2600
2600
2600
2599
2599
2598
2598
2597
2595
2597
2596
2597
2597
2593
2595
2599
2600
2594
2596
2595
2599
2598
2598
2599
2597
2598
2598
2598
2599
2600
2601
2603
2603
2602
2604
2602
2600
2600
2604
2603
2599
2599
2598
2601
2599
2596
2595
2599
2596
2596
2596
2595
2597
2595
2592
2592
2596
2598
2595
2596
2595
2594
2593
2593
2592
2593
2592
2592
2592
2592
2593
2592
2592
2589
2590
2594
2594
2593
2594
2592
2593
2593
2589
2589
2594
2592
2592
2590
2590
2589
2590
2589
2588
2583
2584
2586
2588
2589
2589
2589
2585
2588
2591
2594
2593
2593
2592
2587
2588
2592
2591
2590
2590
2590
2589
2588
2584
2584
2585
2588
2587
2583
2582
2588
2586
2586
2584
2583
2584
2583
2583
2583
2580
2581
2581
2584
2584
2583
2583
2583
2584
2584
2584
2584
2585
2584
2581
2581
2583
2587
2585
2585
2584
2584
2584
2584
2582
2581
2581
2582
2583
2582
2582
2583
2582
2582
2581
2580
2580
2580
2579
2579
2576
2577
2580
2580
2575
2577
2581
2580
2580
2580
2579
2579
2580
2575
2576
2577
2580
2580
2576
2577
2580
2579
2577
2576
2578
2582
2581
2583
2584
2581
2584
2585
2593
2593
2593
2596
2605
2607
2611
2615
2619
2619
2625
2633
2637
2642
2645
2651
2654
2659
2662
2667
2671
2674
2681
2683
2688
2687
2693
2701
2704
2709
2711
2716
2718
2722
2725
2727
2729
2729
2733
2739
2740
2740
2741
2740
2743
