4236
4236
4232
4233
4234
4236
4235
4232
4231
4227
4226
4223
4223
4217
4214
4211
4209
4206
4200
4191
4191
4193
4186
4182
4178
4175
4170
4167
4156
4156
4155
4150
4147
4143
4136
4133
4131
4123
4120
4122
4118
4114
4110
4106
4104
4101
4092
4092
4092
4090
4087
4083
4081
4076
4076
4074
4071
4068
4062
4062
4065
4059
4057
4054
4055
4049
4047
4049
4049
4047
4045
4042
4040
4039
4037
4036
4034
4033
4029
4027
4027
4029
4029
4023
4021
4025
4021
4022
4016
4016
4017
4016
4016
4013
4012
4010
4009
4008
4007
4001
4001
4005
4003
4001
4002
4001
4000
3999
3997
3998
3998
3993
3992
3998
3996
3995
3995
3994
3992
3992
3989
3987
3981
3983
3986
3984
3983
3982
3981
3980
3980
3973
3975
3973
3976
3976
3977
3977
3970
3971
3974
3976
3977
3976
3973
3971
3970
3964
3963
3962
3964
3961
3962
3961
3960
3959
3958
3956
3955
3955
3954
3953
3953
3952
3950
3950
3954
3952
3949
3950
3953
3950
3947
3949
3948
3948
3948
3941
3942
3944
3946
3946
3946
3944
3938
3942
3947
3950
3950
3948
3951
3953
3951
3951
3951
3950
3946
3947
3952
3952
3951
3953
3953
3950
3951
3955
3954
3952
3950
3947
3945
3944
3945
3946
3943
3942
3938
3939
3939
3943
3943
3942
3941
3941
3941
3941
3941
3941
3939
3937
3937
3937
3935
3932
3933
3937
3937
3937
3938
3933
3934
3935
3938
3935
3935
3936
3936
3936
3936
3935
3935
3935
3935
3934
3935
3934
3934
3934
3931
3933
3938
3939
3934
3936
3938
3943
3940
3934
3934
3938
3937
3936
3933
3932
3935
3934
3932
3933
3933
3934
3932
3931
3932
3931
3931
3931
3931
3931
3932
3933
3933
3933
3932
3933
3934
3937
3937
3933
3934
3940
3939
3937
3936
3937
3945
3944
3940
3940
3945
3944
3943
3942
3943
3941
3943
3939
3945
3948
3954
3955
3952
3953
3956
3956
3956
3955
3955
3954
3953
3953
3952
3950
3950
3950
3950
3949
3946
3947
3951
3950
3951
3947
3948
3953
3954
3953
3955
3953
3953
3955
3962
3963
3967
3966
3968
3969
3971
3971
3972
3973
3974
3974
3977
3978
3978
3980
3980
3982
3983
3985
3983
3981
3983
3987
3987
3989
3990
3985
3987
3991
3997
3998
4001
4003
4003
4006
4007
4011
4012
4015
4018
4014
4019
4025
4028
4031
4030
4034
4041
4044
4047
4051
4055
4057
4060
4060
4064
4073
4074
4077
4077
4079
4088
4091
4094
4097
4100
4103
4107
4116
4117
4122
4126
4129
4132
4136
4139
4143
4145
4148
4154
4161
4166
4168
4171
4174
4176
4180
4183
4183
4186
4191
4201
4204
4211
4217
4216
4221
4228
4236
4241
4246
4253
4259
4264
4272
4272
4281
4290
4296
4296
4302
4312
4320
4326
4328
4336
4348
4352
4358
4364
4371
4377
4386
4392
4401
4409
4418
4426
4434
4444
4452
4460
4466
4477
4490
4501
4510
4520
4529
4532
4544
4559
4566
4578
4583
4594
4608
4616
4626
4635
4645
4654
4664
4673
4682
4690
4699
4707
4716
4726
4733
4741
4746
4754
4762
4771
4780
4788
4800
4804
4816
4834
4845
4855
4864
4876
4894
4907
4914
4928
4945
4960
4974
4988
5002
5009
5024
5042
5052
5063
5070
5082
5097
5109
5122
5133
5144
5157
5168
5182
5193
5205
5217
5228
5241
5253
5267
5279
5292
5305
5319
5331
5345
5361
5374
5382
5398
5419
5432
5444
5459
5475
5489
5503
5513
5530
5549
5565
5581
5594
5608
5615
5627
5643
5651
5659
5661
5672
5685
5693
5697
5709
5721
5737
5750
5761
5774
5789
5800
5812
5824
5840
5859
5873
5886
5901
5916
5931
5945
5958
5974
5989
6005
6015
6032
6044
6064
6076
6089
6102
6115
6129
6142
6155
6170
6182
6202
6210
6226
6248
6262
6276
6284
6299
6316
6329
6340
6351
6362
6371
6381
6392
6402
6412
6423
6433
6442
6450
6457
6466
6473
6481
6483
6494
6504
6517
6530
6532
6548
6568
6578
6585
6592
6604
6619
6625
6633
6639
6647
6653
6662
6670
6681
6690
6700
6721
6735
6746
6759
6771
6780
6794
6804
6813
6823
6826
6837
6851
6856
6867
6876
6885
6895
6905
6912
6924
6942
6953
6961
6971
6980
6991
7002
7008
7020
7038
7049
7057
7067
7078
7092
7103
7114
7126
7140
7152
7165
7179
7192
7206
7220
7234
7245
7260
7269
7277
7292
7300
7307
7312
7320
7326
7332
7330
7337
7347
7349
7355
7360
7366
7368
7375
7387
7392
7397
7405
7411
7418
7429
7430
7441
7458
7463
7474
7480
7489
7493
7500
7507
7514
7518
7526
7531
7547
7550
7562
7569
7575
7581
7590
7596
7604
7609
7618
7633
7637
7642
7652
7656
7661
7664
7665
7663
7664
7663
7663
7666
7672
7673
7679
7681
7688
7696
7697
7704
7719
7726
7727
7737
7748
7760
7767
7769
7780
7794
7800
7805
7811
7817
7824
7830
7836
7838
7834
7842
7846
7854
7856
7857
7860
7861
7860
7859
7858
7857
7854
7849
7839
7841
7845
7844
7845
7843
7845
7855
7856
7855
7863
7867
7877
7878
7878
7880
7880
7876
7868
7862
7855
7850
7846
7842
7844
7839
7841
7844
7847
7846
7844
7845
7840
7843
7848
7855
7853
7857
7859
7861
7865
7868
7871
7871
7869
7867
7860
7857
7861
7864
7863
7867
7873
7879
7880
7886
7886
7885
7878
7876
7877
7875
7871
7870
7869
7864
7861
7865
7863
7854
7856
7858
7862
7863
7862
7864
7869
7873
7877
7883
7888
7895
7903
7913
7920
7926
7935
7941
7941
7951
7967
7974
7984
7991
7993
8003
8011
8025
8029
8031
8037
8052
8053
8054
8050
8051
8058
8057
8059
8060
8062
8060
8060
8064
8067
8068
8071
8071
8073
8075
8074
8072
8071
8067
8067
8067
8064
8065
8062
8056
8054
8064
8058
8058
8049
8051
8054
8050
8049
8046
8046
8048
8049
8052
8052
8049
8055
8067
8069
8073
8070
8071
8075
8072
8070
8071
8072
8076
8079
8081
8081
8083
8085
8083
8083
8082
8089
8087
8079
8082
8086
8077
8072
8066
8062
8057
8054
8050
8048
8041
8046
8042
8037
8036
8027
8025
8026
8026
8022
8019
8019
8011
8009
8012
8006
8004
8001
7997
7997
7996
7998
8000
8004
8001
8003
8012
8012
8006
8009
8014
8016
8017
8019
8022
8021
8022
8015
8020
8022
8026
8027
8026
8024
8018
8016
8016
8016
8011
8005
8002
7995
7990
7988
7981
7976
7970
7961
7953
7944
7935
7928
7918
7911
7901
7896
7884
7869
7860
7853
7849
7843
7827
7821
7822
7809
7803
7797
7790
7784
7784
7789
7787
7787
7789
7789
7784
7783
7787
7783
7773
7772
7772
7771
7769
7765
7763
7757
7760
7758
7758
7757
7758
7756
7755
7753
7741
7741
7736
7736
7733
7727
7724
7713
7711
7707
7709
7703
7699
7694
7692
7689
7684
7683
7679
7672
7671
7670
7667
7662
7658
7651
7638
7631
7630
7620
7608
7603
7597
7601
7597
7592
7590
7589
7588
7586
7585
7583
7579
7579
7575
7573
7569
7566
7565
7563
7559
7548
7544
7542
7536
7525
7520
7512
7498
7492
7491
7480
7471
7467
7461
7467
7461
7457
7453
7447
7446
7445
7447
7444
7441
7441
7440
7441
7437
7429
7427
7431
7423
7420
7417
7411
7406
7399
7394
7387
7373
7367
7365
7353
7342
7332
7325
7311
7304
7305
7297
7290
7285
7282
7277
7273
7270
7266
7264
7258
7252
7250
7247
7236
7235
7237
7233
7230
7221
7218
7223
7218
7216
7212
7213
7211
7212
7210
7207
7202
7195
7191
7184
7178
7173
7171
7167
7164
7154
7154
7152
7154
7152
7148
7147
7156
7153
7153
7149
7149
7151
7149
7141
7145
7144
7144
7140
7135
7134
7121
7122
7125
7119
7115
7108
7105
7100
7093
7086
7081
7077
7072
7063
7057
7054
7046
7041
7026
7018
7008
7005
6996
6990
6982
6970
6964
6959
6959
6952
6946
6941
6937
6931
6926
6925
6919
6912
6912
6914
6908
6906
6905
6904
6896
6899
6902
6902
6901
6901
6898
6897
6897
6893
6894
6892
6890
6889
6881
6880
6884
6877
6873
6868
6858
6848
6845
6843
6833
6826
6817
6806
6802
6797
6797
6791
6782
6778
6781
6774
6771
6765
6763
6759
6755
6747
6744
6734
6728
6723
6716
6706
6696
6689
6681
6674
6665
6655
6645
6633
6625
6622
6612
6604
6592
6583
6579
6572
6564
6556
6544
6537
6531
6534
6529
6525
6521
6520
6519
6514
6510
6510
6514
6513
6510
6510
6508
6501
6502
6503
6498
6499
6495
6492
6493
6491
6487
6484
6475
6475
6481
6476
6472
6470
6467
6463
6462
6460
6457
6453
6451
6449
6447
6442
6440
6437
6431
6424
6417
6415
6408
6401
6394
6381
6377
6373
6375
6370
6361
6356
6359
6352
6349
6346
6344
6344
6345
6337
6337
6339
6338
6336
6335
6335
6328
6331
6336
6332
6331
6329
6329
6324
6321
6312
6316
6312
6316
6310
6305
6304
6300
6296
6291
6287
6284
6273
6271
6274
6269
6265
6261
6258
6254
6252
6247
6247
6238
6237
6236
6239
6235
6227
6228
6232
6227
6225
6220
6216
6211
6209
6203
6198
6191
6184
6178
6173
6167
6161
6155
6141
6139
6134
6131
6122
6111
6107
6106
6099
6089
6080
6077
6076
6069
6063
6059
6056
6054
6051
6043
6041
6042
6035
6031
6029
6023
6019
6016
6011
6007
6004
6001
5997
5992
5991
5986
5982
5974
5974
5979
5973
5970
5968
5966
5958
5957
5960
5954
5954
5951
5949
5940
5940
5943
5938
5936
5933
5933
5926
5922
5924
5921
5915
5914
5911
5908
5905
5897
5897
5901
5897
5891
5888
5886
5881
5879
5874
5873
5868
5864
5862
5859
5857
5848
5846
5849
5845
5843
5840
5837
5833
5831
5826
5826
5823
5820
5818
5808
5803
5807
5800
5793
5791
5788
5789
5786
5777
5776
5778
5774
5772
5769
5766
5763
5761
5757
5755
5752
5751
5751
5746
5743
5736
5732
5724
5719
5714
5714
5710
5701
5696
5700
5690
5685
5680
5675
5674
5669
5655
5652
5647
5646
5640
5630
5626
5626
5621
5618
5612
5609
5605
5601
5598
5595
5592
5590
5590
5587
5584
5584
5581
5574
5575
5573
5577
5576
5570
5570
5574
5570
5571
5567
5562
5559
5554
5551
5550
5538
5537
5532
5536
5528
5525
5522
5515
5512
5511
5513
5511
5508
5506
5504
5501
5501
5496
5494
5493
5493
5483
5485
5487
5484
5483
5480
5475
5471
5468
5458
5460
5460
5460
5454
5450
5447
5444
5441
5431
5425
5424
5425
5417
5407
5407
5408
5403
5399
5393
5392
5395
5392
5388
5384
5383
5381
5378
5376
5374
5372
5368
5368
5365
5363
5358
5357
5356
5354
5354
5352
5350
5343
5342
5345
5345
5341
5338
5335
5329
5330
5334
5330
5326
5325
5319
5317
5317
5321
5320
5315
5314
5310
5304
5303
5302
5298
5295
5293
5287
5284
5284
5285
5280
5270
5267
5271
5265
5261
5257
5255
5252
5250
5245
5240
5238
5235
5232
5231
5227
5220
5221
5226
5223
5219
5214
5212
5218
5215
5215
5213
5211
5209
5207
5203
5203
5207
5205
5197
5198
5199
5203
5199
5195
5191
5189
5188
5182
5180
5178
5173
5170
5160
5160
5162
5162
5159
5156
5150
5141
5138
5141
5138
5132
5128
5123
5118
5115
5107
5105
5103
5104
5102
5100
5095
5090
5090
5092
5093
5091
5088
5085
5083
5083
5082
5078
5076
5074
5073
5069
5069
5068
5068
5068
5065
5065
5064
5062
5055
5056
5058
5057
5054
5047
5046
5049
5045
5037
5039
5037
5039
5036
5037
5035
5027
5026
5027
5029
5025
5022
5018
5015
5014
5012
5010
5009
5005
5003
4999
4997
4995
4994
4993
4985
4986
4990
4986
4986
4986
4984
4979
4976
4982
4980
4975
4976
4972
4971
4969
4973
4971
4964
4963
4967
4964
4962
4960
4958
4956
4954
4952
4950
4951
4951
4947
4948
4944
4941
4940
4945
4944
4944
4940
4941
4946
4944
4946
4944
4940
4936
4934
4939
4937
4935
4933
4931
4927
4923
4920
4918
4915
4913
4909
4905
4904
4904
4903
4901
4899
4890
4891
4892
4897
4896
4886
4885
4891
4890
4886
4883
4881
4885
4881
4879
4876
4874
4869
4867
4862
4862
4863
4860
4856
4854
4852
4846
4843
4845
4844
4841
4841
4840
4838
4834
4834
4833
4833
4831
4831
4828
4827
4827
4827
4826
4826
4818
4819
4821
4824
4823
4824
4824
4820
4820
4820
4824
4825
4820
4819
4822
4820
4816
4815
4813
4809
4806
4804
4801
4799
4798
4797
4795
4793
4789
4787
4787
4783
4782
4778
4776
4778
4775
4773
4772
4771
4767
4766
4769
4765
4757
4754
4759
4754
4754
4752
4754
4753
4752
4747
4746
4743
4746
4741
4739
4734
4731
4728
4727
4722
4721
4715
4715
4718
4715
4713
4712
4710
4708
4706
4704
4702
4693
4693
4692
4695
4693
4685
4686
4689
4686
4685
4683
4682
4681
4681
4682
4684
4678
4680
4679
4683
4680
4681
4681
4680
4680
4678
4675
4672
4672
4670
4661
4661
4664
4663
4659
4653
4653
4656
4655
4646
4647
4645
4649
4647
4644
4643
4641
4639
4638
4639
4637
4635
4633
4633
4632
4629
4627
4626
4629
4628
4627
4625
4623
4622
4621
4621
4619
4619
4618
4618
4617
4613
4611
4610
4615
4612
4611
4610
4606
4603
4603
4607
4605
4605
4603
4603
4602
4599
4596
4595
4599
4597
4598
4597
4595
4589
4591
4594
4593
4591
4590
4590
4590
4589
4587
4588
4587
4585
4579
4580
4581
4582
4583
4576
4578
4583
4582
4579
4573
4574
4576
4576
4575
4574
4573
4570
4572
4572
4572
4570
4568
4567
4568
4568
4569
4567
4562
4562
4566
4563
4562
4560
4558
4551
4553
4559
4554
4555
4553
4549
4549
4549
4541
4541
4547
4544
4545
4544
4542
4536
4537
4543
4540
4538
4538
4536
4535
4534
4533
4534
4530
4529
4529
4525
4525
4518
4516
4520
4517
4516
4513
4510
4510
4508
4502
4502
4502
4505
4504
4504
4502
4501
4500
4499
4497
4494
4495
4493
4487
4490
4497
4495
4497
4495
4494
4499
4499
4494
4496
4495
4498
4495
4492
4489
4482
4481
4482
4481
4479
4476
4474
4473
4473
4472
4470
4471
4471
4469
4468
4467
4466
4463
4461
4461
4461
4455
4454
4457
4453
4448
4443
4443
4446
4441
4435
4437
4439
4438
4437
4434
4435
4432
4431
4430
4428
4427
4422
4421
4425
4425
4423
4421
4420
4421
4420
4420
4420
4415
4417
4423
4421
4421
4421
4419
4420
4419
4418
4417
4417
4414
4413
4411
4409
4403
4402
4406
4405
4406
4404
4401
4402
4402
4403
4403
4405
4400
4399
4402
4399
4392
4393
4392
4397
4397
4396
4394
4389
4389
4393
4392
4391
4390
4391
4391
4389
4389
4388
4388
4390
4391
4391
4392
4385
4385
4385
4387
4384
4382
4380
4377
4375
4372
4369
4370
4365
4365
4369
4365
4360
4360
4361
4365
4363
4357
4359
4363
4360
4358
4354
4355
4358
4357
4358
4356
4356
4355
4357
4356
4355
4353
4353
4352
4350
4349
4350
4349
4348
4349
4344
4344
4344
4348
4347
4344
4345
4352
4352
4354
4355
4356
4350
4350
4355
4352
4343
4343
4342
4345
4344
4343
4341
4340
4339
4338
4336
4335
4332
4332
4333
4331
4330
4330
4330
4329
4330
4324
4326
4332
4330
4331
4331
4331
4332
4333
4328
4331
4332
4334
4333
4330
4328
4320
4320
4321
4322
4320
4315
4315
4319
4319
4317
4315
4313
4312
4312
4309
4309
4308
4307
4306
4306
4305
4304
4302
4299
4299
4297
4298
4292
4292
4293
4293
4294
4288
4287
4289
4292
4290
4286
4284
4290
4288
4289
4287
4289
4292
4291
4288
4292
4296
4297
4297
4296
4296
4296
4296
4298
4299
4295
4291
4289
4291
4288
4280
4281
4278
4280
4279
4275
4275
4274
4274
4271
4271
4271
4274
4272
4269
4267
4264
4265
4264
4266
4265
4267
4268
4268
4266
4265
4264
4262
4263
4262
4255
4256
4258
4259
4258
4253
4253
4256
4254
4254
4253
4253
4249
4249
4255
4254
4254
4256
4256
4258
4260
4256
4257
4264
4262
4260
4257
4256
4254
4251
4249
4248
4246
4244
4244
4242
4242
4241
4240
4235
4235
4234
4238
4239
4240
4241
4236
4239
4243
4246
4246
4243
4244
4247
4243
4243
4241
4241
4241
4238
4231
4231
4234
4232
4229
4229
4227
4225
4225
4223
4220
4219
4219
4219
4215
4215
4221
4218
4218
4216
4215
4215
4214
4214
4213
4206
4207
4207
4209
4207
4203
4204
4210
4208
4206
4209
4207
4206
4207
4202
4203
4208
4205
4205
4201
4201
4206
4204
4202
4201
4200
4199
4199
4200
4200
4200
4200
4198
4198
4197
4197
4197
4196
4196
4195
4194
4194
4192
4193
4188
4189
4195
4194
4195
4195
4195
4194
4193
4188
4190
4191
4191
4191
4188
4188
4191
4189
4187
4187
4187
4186
4186
4182
4183
4187
4184
4185
4184
4183
4183
4182
4176
4178
4180
4180
4180
4175
4177
4180
4177
4176
4176
4175
4172
4172
4171
4172
4171
4172
4170
4165
4164
4170
4168
4167
4167
4170
4170
4172
4172
4174
4173
4174
4170
4172
4173
4177
4178
4176
4176
4174
4174
4171
4166
4168
4171
4169
4167
4168
4167
4167
4167
4165
4163
4163
4162
4162
4161
4161
4158
4159
4165
4165
4159
4161
4162
4165
4166
4163
4164
4170
4168
4166
4164
4162
4161
4160
4158
4156
4149
4149
4148
4152
4151
4149
4148
4146
4147
4146
4144
4143
4142
4141
4138
4139
4138
4138
4139
4134
4133
4139
4138
4136
4136
4134
4131
4132
4135
4134
4133
4132
4130
4128
4128
4133
4132
4127
4128
4133
4134
4133
4133
4131
4131
4131
4129
4130
4131
4129
4133
4138
4139
4132
4130
4131
4135
4133
4134
4133
4126
4127
4130
4129
4127
4127
4126
4126
4125
4124
4124
4124
4124
4123
4118
4119
4124
4122
4122
4122
4121
4121
4121
4120
4121
4119
4121
4121
4121
4121
4121
4120
4121
4120
4120
4121
4122
4122
4122
4116
4119
4120
4122
4121
4121
4121
4115
4114
4115
4114
4111
4105
4104
4108
4109
4107
4105
4104
4101
4102
4106
4104
4103
4103
4102
4102
4102
4100
4099
4099
4099
4095
4094
4091
4095
4094
4092
4094
4086
4087
4088
4091
4089
4089
4087
4081
4083
4083
4087
4087
4084
4086
4080
4081
4085
4086
4086
4087
4087
4088
4088
4087
4089
4091
4092
4093
4094
4093
4093
4094
4093
4092
4090
4086
4086
4091
4089
4086
4086
4086
4091
4090
4082
4084
4088
4088
4088
4085
4086
4089
4088
4088
4089
4088
4087
4087
4086
4088
4086
4086
4086
4086
4087
4086
4083
4084
4082
4075
4076
4074
4078
4078
4078
4076
4076
4077
4078
4080
4078
4070
4072
4077
4075
4073
4073
4074
4073
4072
4071
4070
4069
4069
4069
4065
4065
4070
4071
4064
4068
4069
4073
4072
4073
4073
4067
4069
4071
4072
4071
4073
4071
4069
4069
4069
4070
4070
4069
4069
4063
4064
4070
4068
4065
4062
4061
4067
4066
4059
4060
4061
4060
4059
4059
4059
4057
4056
4059
4060
4060
4061
4061
4064
4063
4062
4063
4063
4063
4061
4057
4057
4063
4062
4061
4062
4061
4062
4063
4056
4055
4060
4059
4057
4056
4054
4050
4050
4055
4053
4052
4047
4048
4051
4050
4049
4048
4048
4050
4050
4050
4049
4050
4050
4050
4050
4048
4048
4048
4043
4047
4055
4054
4054
4049
4052
4052
4053
4054
4054
4052
4049
4050
4054
4053
4054
4053
4049
4049
4049
4051
4049
4043
4044
4050
4047
4046
4042
4040
4045
4044
4042
4043
4043
4042
4042
4041
4040
4041
4040
4039
4038
4039
4040
4037
4035
4036
4034
4034
4033
4031
4030
4034
4032
4025
4029
4032
4033
4032
4027
4026
4031
4029
4029
4029
4029
4028
4027
4027
4028
4024
4024
4024
4028
4027
4028
4028
4029
4028
4030
4032
4032
4034
4038
4040
4043
4042
4042
4040
4035
4035
4038
4034
4026
4026
4027
4031
4030
4031
4031
4027
4028
4032
4033
4032
4031
4032
4030
4028
4027
4027
4027
4025
4023
4020
4020
4013
4014
4014
4018
4017
4016
4016
4016
4017
4015
4015
4016
4011
4009
4012
4011
4004
4003
4002
4006
4004
3999
4002
4007
4005
4004
4003
4006
4006
4007
4009
4011
4010
4010
4011
4012
4012
4010
4009
4008
4009
4008
4004
4004
4008
4007
4002
4002
4001
4003
4002
4001
4001
3994
3992
3995
3995
3992
3989
3989
3991
3990
3990
3990
3990
3992
3991
3992
3994
3995
3995
3995
3994
3994
3991
3992
3991
3989
3984
3985
3986
3990
3989
3982
3983
3988
3988
3986
3986
3985
3985
3986
3981
3983
3984
3988
3987
3987
3986
3986
3985
3986
3987
3987
3987
3987
3987
3988
3985
3989
3990
3993
3992
3991
3992
3986
3987
3988
3988
3989
3988
3989
3989
3988
3989
3991
3993
3994
3992
3993
3993
3990
3990
3990
3992
3991
3988
3991
3991
3989
3987
3987
3986
3983
3985
3989
3988
3986
3985
3985
3990
3990
3990
3989
3980
3982
3983
3987
3986
3978
3982
3986
3983
3983
3983
3985
3982
3984
3984
3986
3983
3981
3979
3984
3982
3981
3980
3979
3979
3979
3973
3975
3978
3979
3973
3974
3974
3978
3978
3978
3977
3975
3975
3977
3975
3975
3973
3974
3975
3976
3975
3974
3973
3971
3970
3975
3971
3972
3973
3972
3973
3972
3968
3971
3976
3976
3974
3974
3975
3981
3982
3982
3983
3981
3982
3980
3980
3979
3978
3978
3971
3974
3978
3983
3984
3983
3984
3979
3980
3983
3982
3980
3974
3974
3978
3974
3971
3968
3965
3965
3965
3959
3961
3965
3963
3961
3963
3963
3962
3961
3961
3960
3960
3961
3963
3964
3965
3964
3964
3964
3964
3965
3964
3963
3960
3960
3959
3958
3957
3957
3958
3954
3954
3960
3957
3957
3956
3958
3963
3965
3963
3967
3975
3980
3983
3986
3991
4003
4007
4008
4016
4022
4032
4038
4041
4048
4061
4068
4071
4076
4084
4094
4101
4108
4113
4119
4126
4134
4141
4146
4153
4158
4165
4170
4178
4180
4186
4192
4196
4201
4205
4206
4207
4210
4216
4218
4216
4216
