2710
2708
2704
2706
2706
2709
2707
2706
2703
2701
2701
2698
2697
2696
2690
2689
2693
2690
2688
2685
2683
2681
2679
2673
2672
2677
2674
2672
2665
2664
2667
2663
2661
2659
2657
2656
2654
2651
2651
2649
2649
2645
2643
2642
2645
2642
2640
2639
2637
2635
2634
2627
2626
2629
2628
2620
2620
2620
2622
2619
2618
2618
2616
2614
2612
2610
2610
2608
2607
2606
2605
2603
2601
2599
2599
2598
2592
2591
2596
2596
2596
2597
2596
2590
2591
2596
2594
2591
2588
2588
2592
2591
2590
2589
2588
2588
2587
2586
2585
2583
2581
2583
2583
2581
2577
2577
2582
2580
2577
2579
2584
2583
2583
2580
2580
2583
2583
2582
2582
2581
2580
2580
2576
2577
2580
2578
2576
2575
2575
2573
2573
2569
2568
2570
2571
2570
2569
2567
2567
2566
2565
2565
2564
2563
2562
2561
2561
2555
2556
2557
2559
2557
2556
2555
2555
2555
2556
2555
2555
2554
2555
2551
2552
2556
2556
2555
2549
2551
2554
2554
2549
2550
2551
2555
2555
2553
2552
2551
2552
2552
2550
2549
2545
2545
2550
2550
2549
2549
2549
2549
2550
2550
2550
2552
2553
2553
2551
2552
2552
2552
2553
2552
2549
2547
2548
2552
2551
2545
2546
2551
2551
2550
2546
2547
2551
2550
2551
2551
2550
2549
2549
2548
2549
2549
2549
2544
2544
2545
2550
2550
2549
2548
2548
2549
2549
2550
2548
2549
2548
2548
2548
2548
2545
2545
2548
2548
2543
2543
2547
2549
2547
2543
2542
2545
2544
2539
2539
2540
2543
2541
2537
2537
2541
2541
2542
2540
2540
2540
2541
2541
2543
2545
2545
2546
2547
2547
2546
2547
2547
2546
2546
2541
2542
2546
2545
2545
2543
2543
2541
2543
2541
2542
2540
2539
2539
2540
2539
2539
2539
2539
2539
2534
2536
2538
2542
2542
2536
2536
2541
2540
2540
2540
2540
2539
2539
2539
2538
2539
2537
2537
2534
2535
2539
2538
2532
2532
2534
2537
2536
2537
2536
2533
2537
2538
2541
2540
2535
2537
2541
2542
2541
2541
2541
2540
2540
2540
2540
2540
2540
2538
2537
2537
2537
2537
2538
2536
2536
2537
2537
2539
2537
2532
2534
2538
2540
2541
2537
2538
2541
2542
2542
2542
2542
2542
2541
2542
2543
2540
2541
2543
2546
2546
2546
2548
2549
2550
2552
2554
2555
2553
2553
2560
2558
2555
2557
2557
2563
2562
2562
2563
2558
2559
2560
2563
2564
2559
2559
2564
2564
2564
2563
2565
2566
2567
2568
2569
2566
2568
2570
2574
2573
2576
2579
2581
2582
2583
2583
2584
2585
2585
2586
2587
2588
2590
2590
2592
2593
2594
2596
2593
2596
2596
2603
2604
2604
2605
2607
2607
2608
2609
2610
2608
2610
2616
2618
2620
2620
2622
2619
2623
2628
2629
2629
2631
2633
2636
2637
2638
2641
2644
2647
2647
2647
2649
2655
2656
2658
2661
2663
2666
2668
2667
2670
2677
2678
2674
2677
2678
2684
2686
2683
2686
2692
2692
2693
2692
2694
2699
2702
2704
2706
2708
2711
2712
2714
2717
2720
2722
2726
2728
2731
2734
2737
2740
2741
2745
2748
2750
2755
2758
2757
2761
2769
2771
2771
2773
2777
2784
2786
2784
2788
2798
2800
2802
2806
2811
2813
2819
2815
2819
2824
2831
2833
2835
2837
2840
2843
2846
2851
2853
2856
2860
2858
2863
2871
2874
2877
2880
2885
2885
2890
2899
2901
2904
2907
2911
2912
2916
2926
2930
2933
2938
2940
2944
2948
2952
2956
2961
2963
2967
2966
2972
2981
2985
2983
2990
2995
3003
3007
3010
3013
3016
3020
3022
3025
3030
3035
3038
3037
3041
3051
3054
3058
3060
3064
3067
3071
3075
3080
3085
3089
3093
3098
3101
3100
3108
3116
3121
3127
3127
3133
3142
3147
3152
3156
3161
3165
3170
3175
3181
3182
3188
3195
3202
3209
3213
3217
3224
3229
3229
3233
3238
3248
3252
3256
3258
3264
3269
3273
3275
3281
3291
3294
3293
3301
3307
3316
3322
3327
3331
3337
3343
3347
3353
3360
3363
3371
3374
3381
3380
3388
3394
3403
3406
3411
3417
3425
3429
3434
3437
3441
3452
3456
3461
3465
3471
3475
3480
3483
3487
3494
3496
3502
3509
3512
3515
3521
3529
3534
3532
3539
3544
3548
3553
3555
3557
3562
3565
3567
3572
3576
3578
3584
3587
3590
3596
3599
3601
3602
3607
3614
3617
3615
3618
3625
3632
3634
3640
3641
3646
3649
3649
3653
3658
3667
3671
3669
3676
3685
3688
3693
3696
3701
3706
3708
3715
3720
3724
3728
3732
3737
3741
3745
3748
3753
3757
3760
3762
3766
3777
3780
3777
3784
3788
3797
3802
3798
3805
3813
3816
3819
3819
3824
3826
3828
3831
3835
3836
3840
3843
3840
3844
3853
3855
3858
3864
3865
3866
3870
3877
3881
3882
3885
3888
3892
3894
3898
3902
3899
3903
3910
3913
3915
3918
3921
3923
3928
3926
3932
3936
3944
3946
3942
3948
3954
3956
3954
3957
3957
3959
3961
3962
3966
3966
3969
3972
3973
3977
3978
3983
3985
3988
3988
3995
3996
3999
4002
3999
4005
4008
4014
4016
4012
4020
4026
4030
4027
4031
4034
4043
4042
4049
4048
4045
4047
4051
4058
4059
4059
4061
4062
4064
4064
4069
4067
4064
4065
4076
4077
4077
4079
4079
4079
4081
4085
4085
4082
4085
4088
4094
4097
4099
4099
4101
4104
4106
4106
4111
4111
4116
4112
4117
4123
4125
4130
4130
4134
4136
4140
4141
4143
4146
4148
4150
4147
4152
4159
4160
4161
4159
4160
4166
4165
4167
4169
4167
4171
4170
4168
4172
4178
4179
4177
4180
4178
4181
4181
4182
4182
4175
4180
4182
4190
4189
4185
4184
4193
4192
4191
4191
4194
4191
4195
4190
4194
4185
4191
4191
4197
4196
4191
4193
4201
4202
4201
4202
4205
4200
4203
4208
4210
4210
4210
4211
4212
4212
4212
4214
4213
4213
4214
4214
4215
4213
4216
4214
4216
4214
4209
4209
4214
4214
4213
4213
4209
4207
4211
4214
4216
4216
4215
4213
4215
4213
4215
4213
4209
4212
4216
4219
4215
4218
4218
4219
4217
4219
4219
4215
4216
4215
4222
4218
4219
4216
4209
4208
4209
4210
4210
4206
4204
4201
4200
4198
4192
4193
4197
4198
4190
4192
4195
4191
4194
4191
4191
4185
4185
4189
4189
4189
4183
4182
4187
4186
4183
4184
4183
4182
4183
4184
4183
4182
4181
4180
4181
4182
4179
4179
4173
4175
4182
4182
4180
4178
4176
4176
4177
4170
4172
4172
4178
4175
4176
4174
4175
4174
4170
4170
4171
4175
4171
4169
4166
4158
4161
4161
4166
4164
4156
4156
4160
4158
4156
4156
4154
4152
4151
4149
4148
4147
4143
4139
4137
4132
4132
4129
4126
4122
4118
4113
4108
4115
4112
4109
4109
4107
4102
4100
4103
4100
4094
4094
4097
4097
4096
4089
4088
4094
4095
4093
4092
4090
4090
4087
4087
4088
4080
4080
4082
4083
4083
4081
4081
4079
4078
4076
4075
4074
4072
4074
4069
4070
4067
4065
4067
4060
4062
4067
4063
4055
4054
4054
4058
4056
4057
4054
4045
4045
4048
4047
4046
4044
4042
4038
4035
4031
4029
4024
4022
4020
4018
4017
4009
4007
4008
4010
4010
4009
4006
4004
4003
4001
4001
3998
3994
3993
3986
3985
3989
3985
3983
3974
3972
3976
3976
3974
3971
3968
3967
3967
3967
3964
3963
3959
3959
3958
3957
3950
3950
3955
3954
3950
3947
3947
3952
3950
3950
3949
3942
3941
3940
3943
3942
3942
3940
3931
3931
3934
3934
3933
3929
3927
3927
3929
3925
3921
3919
3919
3917
3914
3913
3912
3913
3909
3907
3906
3906
3902
3899
3896
3891
3887
3884
3887
3886
3881
3878
3871
3869
3867
3872
3868
3865
3865
3857
3857
3855
3858
3856
3847
3848
3851
3846
3843
3840
3838
3833
3828
3826
3824
3819
3816
3816
3813
3810
3803
3804
3808
3803
3801
3799
3798
3795
3791
3785
3786
3786
3788
3787
3783
3781
3779
3780
3772
3770
3770
3774
3770
3769
3768
3764
3761
3760
3754
3753
3756
3753
3747
3746
3746
3739
3739
3737
3733
3732
3729
3728
3725
3724
3721
3721
3720
3719
3716
3715
3716
3713
3710
3706
3706
3711
3707
3705
3705
3704
3697
3696
3698
3697
3691
3688
3686
3690
3690
3683
3682
3686
3684
3680
3675
3673
3677
3676
3675
3671
3670
3668
3667
3663
3662
3661
3657
3656
3655
3653
3649
3649
3644
3642
3646
3644
3644
3642
3639
3634
3634
3637
3634
3631
3625
3624
3629
3626
3622
3619
3617
3615
3614
3611
3609
3607
3605
3604
3603
3602
3600
3598
3591
3591
3596
3593
3587
3585
3583
3585
3586
3581
3578
3575
3572
3572
3571
3567
3562
3561
3565
3563
3559
3557
3555
3551
3551
3550
3548
3547
3543
3543
3541
3542
3539
3537
3537
3533
3532
3527
3525
3528
3526
3517
3517
3516
3517
3515
3509
3507
3513
3510
3508
3505
3504
3501
3497
3493
3494
3495
3493
3492
3489
3489
3486
3484
3483
3481
3481
3477
3477
3474
3472
3470
3468
3462
3460
3457
3463
3461
3451
3453
3455
3454
3451
3445
3444
3448
3445
3441
3441
3438
3439
3436
3434
3434
3431
3431
3426
3423
3423
3426
3423
3418
3417
3421
3418
3419
3416
3414
3414
3410
3411
3407
3404
3401
3398
3403
3399
3396
3395
3393
3392
3392
3388
3387
3385
3383
3382
3378
3378
3372
3371
3374
3370
3371
3366
3365
3360
3358
3365
3361
3355
3354
3355
3356
3354
3349
3350
3346
3346
3339
3337
3338
3339
3340
3336
3335
3334
3333
3332
3325
3326
3330
3327
3322
3320
3321
3323
3319
3318
3317
3311
3311
3310
3309
3308
3301
3299
3304
3301
3299
3297
3296
3295
3292
3287
3287
3290
3290
3286
3286
3285
3282
3282
3281
3277
3278
3276
3275
3273
3270
3269
3266
3266
3264
3262
3262
3258
3259
3254
3249
3249
3252
3253
3250
3252
3249
3241
3243
3246
3244
3244
3237
3236
3242
3238
3233
3233
3233
3236
3234
3228
3227
3231
3229
3227
3225
3223
3222
3221
3219
3216
3213
3210
3211
3215
3212
3213
3209
3210
3206
3205
3205
3201
3203
3203
3195
3196
3198
3200
3196
3192
3192
3196
3193
3186
3186
3184
3188
3184
3178
3179
3182
3181
3179
3173
3175
3177
3175
3174
3172
3168
3164
3164
3168
3166
3165
3163
3161
3159
3156
3155
3156
3153
3153
3148
3147
3149
3151
3150
3150
3148
3147
3145
3144
3142
3142
3139
3139
3133
3132
3139
3138
3135
3129
3129
3133
3133
3130
3130
3128
3127
3128
3125
3124
3122
3121
3121
3119
3117
3114
3114
3112
3112
3104
3107
3103
3106
3106
3098
3099
3102
3102
3101
3099
3099
3097
3098
3096
3096
3091
3090
3091
3093
3093
3085
3087
3090
3089
3088
3087
3083
3082
3082
3073
3076
3075
3079
3076
3076
3072
3072
3071
3071
3071
3069
3064
3062
3066
3064
3064
3062
3062
3060
3060
3051
3054
3058
3058
3053
3054
3051
3050
3051
3043
3046
3046
3047
3045
3046
3043
3040
3041
3044
3043
3041
3040
3042
3039
3038
3038
3036
3038
3037
3036
3029
3029
3035
3033
3031
3031
3029
3024
3024
3026
3026
3025
3022
3022
3022
3020
3018
3019
3012
3013
3014
3017
3015
3012
3010
3015
3013
3012
3011
3008
3008
3006
3005
3005
2995
2998
2997
3001
3001
2993
2995
2999
2996
2996
2991
2991
2996
2993
2993
2991
2991
2991
2990
2991
2989
2988
2989
2987
2989
2987
2987
2988
2981
2983
2988
2984
2983
2982
2980
2977
2975
2981
2978
2976
2975
2973
2974
2972
2972
2972
2965
2967
2965
2969
2969
2967
2969
2961
2964
2965
2968
2967
2961
2964
2966
2966
2965
2964
2963
2960
2961
2959
2957
2957
2953
2954
2952
2950
2950
2947
2946
2944
2943
2941
2938
2944
2942
2941
2942
2938
2935
2937
2941
2941
2934
2934
2941
2937
2937
2932
2930
2936
2932
2931
2929
2930
2928
2927
2925
2924
2924
2922
2923
2922
2922
2919
2922
2919
2920
2919
2918
2918
2913
2913
2915
2916
2913
2915
2913
2910
2909
2912
2911
2906
2906
2909
2910
2906
2907
2905
2906
2903
2904
2903
2902
2903
2899
2897
2896
2900
2900
2896
2893
2893
2898
2896
2894
2894
2891
2891
2891
2885
2887
2888
2891
2889
2887
2890
2883
2884
2889
2888
2888
2886
2886
2883
2884
2883
2883
2881
2882
2877
2877
2877
2879
2880
2878
2878
2876
2875
2873
2874
2873
2873
2870
2872
2870
2871
2865
2867
2869
2870
2862
2863
2867
2869
2866
2868
2866
2863
2860
2868
2864
2865
2862
2863
2860
2860
2859
2861
2859
2859
2858
2859
2857
2858
2855
2853
2852
2852
2854
2855
2848
2850
2855
2854
2852
2847
2847
2852
2850
2848
2848
2845
2847
2846
2847
2845
2841
2840
2843
2844
2843
2843
2842
2837
2837
2843
2840
2841
2835
2835
2839
2837
2836
2835
2835
2836
2834
2833
2831
2830
2831
2830
2829
2828
2824
2826
2828
2829
2827
2828
2827
2827
2824
2826
2825
2822
2823
2824
2827
2825
2822
2820
2825
2825
2821
2819
2820
2819
2816
2817
2816
2814
2814
2815
2809
2810
2814
2814
2808
2808
2811
2813
2812
2807
2807
2811
2813
2807
2808
2808
2809
2809
2808
2807
2802
2803
2803
2806
2806
2805
2805
2804
2805
2802
2803
2800
2802
2800
2800
2799
2800
2797
2798
2798
2798
2796
2797
2796
2795
2795
2794
2794
2790
2788
2794
2792
2790
2786
2786
2790
2787
2788
2786
2787
2787
2787
2782
2784
2787
2787
2787
2787
2787
2782
2782
2787
2784
2778
2779
2781
2783
2782
2782
2781
2777
2777
2779
2780
2781
2779
2782
2779
2780
2779
2780
2778
2779
2776
2778
2776
2776
2774
2776
2773
2774
2769
2771
2775
2772
2769
2767
2768
2771
2772
2765
2767
2769
2770
2768
2764
2763
2768
2767
2762
2764
2763
2768
2766
2767
2766
2766
2765
2764
2764
2764
2762
2762
2760
2761
2759
2759
2757
2760
2757
2754
2755
2759
2757
2755
2756
2754
2752
2750
2756
2753
2753
2752
2753
2751
2752
2746
2748
2751
2751
2751
2750
2750
2750
2749
2747
2749
2748
2745
2745
2749
2747
2747
2747
2744
2744
2743
2744
2741
2744
2742
2737
2738
2739
2743
2742
2739
2738
2745
2743
2742
2738
2739
2742
2740
2735
2736
2741
2739
2741
2740
2739
2739
2737
2738
2736
2736
2735
2737
2735
2735
2730
2730
2732
2734
2733
2733
2733
2732
2732
2729
2727
2729
2731
2732
2730
2729
2730
2729
2729
2730
2728
2724
2724
2730
2727
2726
2723
2722
2727
2726
2721
2721
2725
2725
2725
2724
2724
2724
2721
2718
2717
2719
2722
2723
2719
2719
2718
2719
2718
2714
2714
2719
2717
2715
2717
2714
2716
2714
2715
2714
2714
2714
2712
2711
2713
2710
2711
2705
2707
2711
2711
2711
2713
2711
2713
2714
2714
2713
2709
2710
2708
2712
2712
2705
2706
2711
2711
2710
2707
2704
2710
2706
2707
2706
2707
2705
2705
2703
2704
2703
2702
2702
2700
2701
2699
2699
2697
2699
2697
2697
2696
2697
2695
2691
2690
2696
2697
2696
2694
2697
2694
2693
2696
2694
2695
2694
2694
2695
2693
2689
2689
2696
2695
2693
2695
2695
2693
2694
2693
2691
2690
2688
2688
2693
2691
2693
2691
2692
2693
2691
2692
2691
2692
2692
2691
2692
2692
2690
2691
2685
2686
2692
2690
2690
2689
2688
2688
2687
2683
2684
2685
2687
2687
2686
2686
2687
2685
2681
2683
2683
2686
2684
2684
2684
2682
2681
2681
2679
2680
2675
2673
2679
2676
2677
2677
2677
2675
2676
2684
2682
2682
2684
2684
2685
2686
2687
2687
2682
2685
2684
2687
2687
2685
2683
2679
2679
2684
2686
2684
2688
2687
2688
2687
2688
2686
2686
2686
2685
2685
2684
2683
2683
2681
2680
2680
2674
2674
2678
2675
2675
2673
2672
2671
2670
2668
2669
2667
2666
2665
2662
2661
2666
2663
2659
2660
2660
2665
2663
2663
2662
2658
2661
2662
2663
2664
2659
2661
2665
2664
2663
2662
2661
2659
2660
2658
2658
2656
2657
2656
2654
2655
2653
2651
2652
2653
2651
2652
2651
2647
2649
2652
2652
2645
2648
2647
2652
2652
2652
2654
2652
2653
2654
2652
2652
2651
2652
2651
2649
2647
2646
2646
2649
2649
2651
2649
2649
2651
2651
2646
2649
2652
2652
2652
2651
2650
2652
2650
2645
2646
2649
2650
2648
2648
2647
2646
2645
2642
2641
2647
2644
2643
2644
2642
2642
2644
2642
2642
2643
2642
2643
2644
2644
2643
2644
2640
2638
2640
2643
2641
2643
2642
2641
2642
2642
2644
2646
2642
2646
2651
2650
2650
2650
2649
2649
2648
2646
2644
2641
2639
2640
2644
2641
2641
2641
2639
2640
2638
2635
2634
2636
2636
2631
2631
2631
2634
2633
2626
2629
2633
2631
2631
2629
2629
2629
2629
2630
2630
2625
2625
2625
2631
2629
2628
2628
2628
2626
2626
2627
2624
2625
2623
2623
2624
2624
2622
2624
2623
2622
2622
2624
2620
2620
2623
2628
2627
2629
2629
2628
2629
2629
2627
2628
2627
2627
2629
2628
2626
2625
2625
2629
2630
2624
2625
2632
2630
2631
2629
2631
2635
2636
2635
2633
2632
2632
2631
2623
2624
2630
2627
2622
2623
2622
2624
2623
2624
2622
2622
2621
2621
2620
2621
2620
2619
2619
2618
2619
2616
2615
2620
2619
2618
2620
2620
2618
2618
2618
2616
2618
2617
2615
2616
2617
2616
2615
2613
2613
2616
2617
2616
2611
2614
2617
2617
2612
2614
2620
2619
2619
2621
2620
2620
2620
2621
2620
2622
2617
2619
2621
2620
2619
2617
2617
2617
2615
2615
2615
2612
2612
2610
2608
2611
2615
2615
2616
2615
2614
2615
2614
2612
2613
2613
2612
2606
2609
2611
2613
2613
2612
2611
2611
2608
2608
2607
2608
2608
2606
2600
2602
2605
2604
2604
2603
2601
2597
2598
2602
2600
2598
2596
2596
2600
2599
2599
2597
2597
2596
2596
2596
2595
2596
2595
2590
2590
2591
2596
2594
2593
2594
2590
2590
2590
2595
2593
2596
2594
2590
2591
2596
2595
2594
2594
2595
2592
2594
2593
2592
2592
2593
2593
2591
2592
2592
2592
2593
2591
2593
2588
2589
2595
2593
2591
2589
2590
2594
2593
2593
2592
2593
2591
2591
2590
2591
2590
2591
2585
2587
2587
2590
2590
2589
2589
2587
2589
2587
2587
2586
2582
2584
2590
2588
2590
2593
2592
2590
2593
2598
2600
2599
2599
2602
2597
2598
2603
2601
2600
2602
2601
2600
2600
2593
2594
2599
2597
2597
2597
2595
2591
2591
2594
2595
2592
2594
2594
2594
2595
2595
2594
2595
2595
2594
2595
2595
2595
2594
2593
2592
2588
2589
2587
2591
2590
2584
2583
2589
2587
2584
2583
2584
2586
2585
2585
2583
2584
2584
2582
2580
2579
2583
2583
2581
2582
2581
2582
2582
2580
2581
2580
2579
2579
2578
2578
2578
2578
2576
2577
2577
2576
2576
2572
2572
2576
2577
2569
2569
2570
2573
2573
2568
2567
2571
2570
2571
2572
2572
2569
2569
2573
2573
2571
2572
2572
2569
2569
2570
2571
2569
2570
2570
2569
2569
2569
2568
2570
2571
2570
2571
2569
2567
2567
2572
2571
2571
2571
2570
2569
2570
2566
2565
2571
2569
2569
2570
2570
2565
2567
2570
2569
2570
2570
2568
2567
2568
2575
2575
2572
2575
2574
2578
2578
2577
2576
2574
2574
2575
2575
2574
2571
2572
2574
2573
2572
2571
2569
2569
2569
2568
2567
2568
2569
2568
2570
2571
2572
2572
2568
2571
2570
2574
2574
2574
2573
2566
2568
2568
2569
2569
2567
2569
2562
2563
2568
2567
2566
2566
2566
2566
2565
2565
2566
2565
2563
2563
2563
2562
2560
2560
2560
2556
2556
2562
2561
2560
2562
2559
2557
2558
2562
2562
2560
2560
2556
2556
2557
2561
2561
2555
2557
2560
2560
2558
2556
2556
2559
2560
2560
2559
2559
2559
2559
2557
2557
2553
2553
2557
2557
2557
2557
2556
2556
2557
2558
2557
2558
2556
2556
2561
2562
2561
2561
2562
2563
2563
2558
2559
2565
2563
2558
2559
2559
2561
2562
2561
2559
2560
2560
2558
2557
2557
2557
2555
2554
2556
2556
2554
2556
2557
2558
2557
2557
2559
2557
2557
2558
2557
2551
2551
2557
2556
2555
2554
2556
2560
2560
2555
2554
2557
2557
2558
2554
2552
2558
2559
2557
2558
2556
2557
2557
2556
2557
2556
2557
2554
2554
2555
2555
2554
2555
2554
2551
2552
2552
2551
2551
2547
2548
2551
2551
2551
2545
2546
2548
2547
2543
2544
2542
2546
2545
2540
2539
2545
2544
2539
2540
2541
2545
2544
2543
2543
2544
2543
2544
2543
2545
2545
2545
2545
2546
2543
2544
2545
2547
2547
2542
2543
2546
2546
2545
2542
2542
2545
2545
2544
2542
2541
2541
2540
2540
2540
2538
2539
2541
2541
2541
2540
2541
2542
2541
2536
2535
2538
2541
2541
2535
2538
2543
2542
2541
2536
2540
2545
2543
2537
2539
2541
2543
2541
2540
2540
2540
2540
2540
2538
2536
2536
2536
2536
2536
2535
2535
2536
2536
2536
2530
2531
2536
2537
2535
2530
2531
2535
2535
2534
2533
2533
2532
2532
2531
2532
2531
2531
2532
2533
2533
2529
2530
2535
2537
2535
2534
2533
2531
2530
2534
2535
2534
2532
2532
2531
2532
2528
2528
2532
2533
2534
2534
2533
2533
2533
2530
2530
2535
2535
2535
2534
2535
2536
2536
2536
2538
2537
2537
2537
2532
2532
2538
2538
2534
2533
2534
2537
2537
2534
2534
2535
2534
2534
2534
2533
2533
2535
2536
2535
2535
2535
2536
2537
2535
2534
2534
2535
2536
2534
2534
2535
2532
2532
2534
2536
2535
2536
2535
2532
2534
2541
2540
2539
2539
2540
2543
2546
2544
2546
2551
2554
2556
2554
2555
2564
2567
2563
2571
2574
2582
2585
2589
2595
2597
2603
2606
2608
2613
2624
2627
2627
2634
2642
2646
2651
2653
2658
2658
2664
2672
2675
2678
2681
2685
2688
2690
2694
2697
2700
2700
2703
2703
2704
2706
2705
