2730
2730
2724
2724
2728
2726
2723
2719
2718
2721
2720
2718
2715
2714
2713
2710
2708
2705
2704
2701
2698
2696
2694
2688
2688
2690
2686
2685
2682
2680
2678
2676
2675
2674
2667
2668
2671
2669
2666
2663
2662
2660
2658
2653
2653
2651
2654
2651
2645
2645
2649
2646
2644
2643
2641
2641
2640
2638
2636
2630
2629
2628
2631
2630
2629
2629
2628
2626
2624
2624
2622
2621
2620
2616
2614
2618
2618
2617
2616
2614
2613
2612
2611
2612
2611
2610
2609
2603
2604
2608
2607
2607
2607
2605
2605
2603
2598
2598
2601
2602
2603
2602
2602
2600
2599
2594
2594
2592
2596
2595
2594
2595
2590
2590
2591
2594
2592
2592
2593
2593
2591
2590
2590
2589
2588
2587
2581
2581
2587
2586
2585
2584
2584
2584
2583
2582
2583
2582
2581
2582
2578
2577
2581
2579
2576
2575
2575
2578
2578
2578
2578
2575
2576
2577
2581
2580
2580
2581
2580
2579
2580
2579
2579
2579
2579
2579
2580
2578
2578
2577
2573
2574
2580
2579
2577
2576
2575
2575
2575
2570
2571
2575
2573
2571
2571
2570
2571
2569
2569
2571
2573
2575
2576
2573
2574
2579
2578
2575
2576
2576
2579
2579
2580
2581
2581
2582
2582
2582
2582
2576
2576
2581
2579
2578
2577
2575
2574
2574
2569
2569
2574
2572
2571
2572
2570
2566
2565
2570
2570
2569
2568
2568
2564
2565
2571
2569
2569
2567
2568
2568
2568
2566
2565
2565
2565
2563
2563
2563
2561
2563
2562
2563
2563
2564
2567
2564
2566
2570
2571
2568
2568
2568
2571
2571
2566
2567
2571
2571
2569
2568
2568
2564
2564
2568
2567
2566
2565
2565
2565
2564
2563
2563
2562
2562
2561
2561
2560
2559
2560
2559
2558
2558
2557
2557
2556
2556
2555
2554
2553
2549
2549
2553
2553
2548
2549
2551
2552
2553
2554
2553
2549
2550
2555
2554
2553
2552
2551
2552
2551
2550
2550
2551
2553
2552
2548
2549
2554
2552
2553
2554
2555
2555
2557
2556
2557
2554
2556
2557
2560
2559
2554
2555
2559
2558
2558
2558
2555
2556
2556
2556
2556
2553
2552
2552
2556
2556
2555
2557
2554
2555
2554
2558
2558
2557
2558
2554
2555
2555
2557
2557
2557
2556
2555
2555
2555
2556
2556
2557
2557
2554
2556
2563
2564
2563
2561
2563
2569
2570
2571
2573
2573
2571
2572
2576
2576
2575
2575
2576
2576
2577
2576
2575
2575
2575
2572
2573
2573
2576
2576
2576
2578
2578
2578
2580
2580
2580
2581
2583
2577
2579
2584
2585
2585
2586
2588
2587
2589
2589
2591
2593
2590
2592
2597
2597
2593
2595
2598
2604
2606
2604
2606
2612
2614
2614
2616
2617
2619
2620
2622
2621
2622
2624
2626
2624
2626
2632
2631
2633
2635
2635
2633
2635
2643
2642
2639
2640
2645
2648
2649
2652
2653
2651
2653
2659
2660
2661
2664
2664
2664
2666
2667
2669
2672
2673
2674
2678
2679
2676
2679
2686
2689
2690
2692
2693
2695
2698
2698
2700
2702
2703
2705
2707
2710
2712
2714
2716
2718
2721
2723
2725
2724
2728
2733
2737
2739
2737
2740
2748
2749
2748
2751
2755
2762
2765
2767
2769
2771
2773
2777
2778
2781
2783
2786
2789
2792
2792
2795
2798
2805
2808
2806
2810
2818
2819
2821
2823
2828
2831
2834
2832
2837
2842
2849
2853
2857
2861
2860
2865
2873
2878
2881
2881
2885
2894
2896
2900
2903
2907
2911
2913
2919
2924
2927
2930
2935
2938
2942
2945
2949
2953
2955
2956
2960
2964
2972
2976
2980
2984
2983
2988
2993
3001
3005
3008
3013
3016
3020
3023
3028
3033
3037
3043
3047
3051
3055
3060
3064
3069
3074
3077
3083
3083
3088
3094
3104
3108
3113
3116
3121
3126
3130
3132
3137
3147
3149
3155
3161
3163
3170
3176
3178
3184
3194
3196
3200
3206
3210
3212
3218
3228
3231
3235
3241
3246
3250
3254
3254
3260
3270
3274
3275
3277
3283
3292
3297
3300
3305
3309
3315
3320
3324
3329
3333
3338
3341
3346
3352
3358
3363
3362
3367
3380
3384
3385
3389
3394
3406
3411
3410
3416
3428
3433
3437
3441
3445
3451
3456
3459
3462
3467
3470
3474
3478
3480
3486
3489
3494
3497
3502
3507
3512
3510
3516
3526
3529
3534
3539
3543
3543
3549
3559
3562
3567
3567
3572
3584
3586
3591
3596
3598
3604
3609
3612
3618
3624
3626
3632
3637
3643
3647
3652
3652
3657
3670
3674
3676
3678
3683
3693
3698
3695
3703
3711
3715
3722
3725
3730
3735
3741
3738
3745
3750
3759
3764
3767
3772
3775
3780
3784
3788
3793
3796
3800
3805
3808
3813
3818
3821
3826
3830
3829
3835
3843
3849
3849
3855
3857
3855
3861
3870
3873
3875
3874
3878
3887
3892
3893
3897
3896
3897
3900
3908
3911
3914
3915
3920
3922
3925
3929
3932
3936
3938
3935
3939
3941
3951
3953
3957
3962
3957
3963
3970
3976
3979
3980
3984
3981
3986
3996
3998
4001
4001
4004
4004
4007
4009
4010
4012
4008
4012
4017
4017
4019
4023
4020
4021
4026
4036
4036
4038
4041
4045
4046
4050
4049
4055
4064
4066
4070
4071
4075
4074
4079
4081
4085
4087
4090
4096
4097
4101
4103
4107
4109
4115
4117
4121
4124
4124
4128
4134
4135
4129
4132
4133
4138
4137
4137
4137
4136
4138
4131
4133
4132
4137
4140
4140
4139
4143
4143
4146
4140
4144
4149
4151
4151
4152
4155
4152
4156
4163
4163
4159
4159
4170
4172
4174
4177
4178
4176
4178
4190
4189
4191
4190
4192
4200
4202
4204
4205
4208
4209
4211
4211
4215
4216
4219
4220
4221
4222
4226
4227
4224
4224
4234
4232
4234
4229
4232
4237
4240
4239
4243
4241
4245
4244
4247
4249
4245
4246
4252
4253
4253
4253
4257
4256
4255
4257
4258
4257
4254
4256
4262
4260
4259
4258
4259
4252
4255
4259
4258
4256
4256
4255
4254
4254
4255
4252
4254
4253
4254
4253
4254
4252
4255
4255
4256
4252
4253
4256
4260
4259
4253
4254
4263
4259
4257
4255
4257
4262
4263
4263
4264
4265
4265
4264
4263
4266
4267
4267
4269
4267
4268
4263
4267
4269
4273
4266
4269
4271
4275
4273
4272
4273
4272
4272
4272
4275
4272
4269
4267
4274
4271
4265
4266
4268
4270
4269
4263
4263
4270
4266
4264
4265
4262
4261
4259
4259
4254
4254
4253
4251
4247
4246
4254
4251
4252
4251
4250
4250
4247
4247
4245
4244
4245
4242
4243
4242
4236
4234
4241
4238
4237
4236
4234
4231
4231
4224
4226
4229
4226
4222
4218
4214
4220
4216
4209
4207
4210
4211
4208
4206
4206
4203
4203
4203
4203
4202
4201
4202
4199
4200
4198
4201
4197
4200
4202
4196
4196
4202
4201
4195
4197
4196
4203
4200
4202
4201
4200
4199
4199
4198
4198
4196
4197
4194
4195
4192
4194
4191
4188
4188
4191
4192
4184
4183
4182
4187
4187
4177
4178
4182
4179
4179
4176
4172
4169
4170
4174
4173
4168
4168
4165
4164
4166
4163
4161
4161
4158
4158
4155
4154
4151
4150
4148
4146
4143
4142
4138
4137
4135
4132
4130
4130
4129
4129
4126
4128
4121
4120
4126
4122
4124
4122
4122
4120
4119
4111
4111
4110
4113
4111
4103
4105
4108
4107
4103
4098
4099
4101
4101
4092
4094
4095
4094
4093
4089
4091
4080
4084
4087
4083
4083
4079
4078
4073
4072
4064
4064
4062
4065
4060
4058
4058
4054
4054
4047
4048
4044
4050
4046
4047
4043
4043
4041
4040
4038
4038
4031
4032
4036
4032
4032
4029
4029
4020
4020
4024
4020
4019
4013
4015
4012
4012
4008
4007
4006
4004
4001
3999
3998
3997
3996
3993
3994
3992
3988
3986
3989
3989
3981
3981
3985
3985
3982
3976
3973
3978
3975
3972
3970
3967
3967
3964
3962
3961
3951
3952
3951
3953
3950
3946
3943
3948
3944
3943
3939
3938
3936
3934
3933
3929
3930
3928
3927
3926
3925
3917
3920
3922
3921
3917
3917
3913
3914
3912
3910
3908
3907
3904
3901
3893
3894
3897
3894
3891
3887
3884
3880
3879
3869
3868
3871
3867
3864
3859
3857
3854
3851
3849
3846
3843
3841
3840
3835
3836
3828
3828
3831
3830
3829
3823
3823
3828
3825
3823
3822
3820
3817
3817
3807
3805
3810
3807
3803
3800
3797
3796
3792
3785
3785
3789
3785
3782
3781
3778
3779
3777
3775
3774
3772
3771
3770
3769
3769
3760
3760
3764
3764
3761
3760
3761
3753
3753
3757
3754
3755
3751
3751
3742
3744
3746
3744
3742
3742
3738
3738
3733
3732
3731
3726
3729
3726
3723
3724
3714
3716
3720
3716
3715
3710
3710
3706
3707
3700
3698
3699
3701
3700
3699
3696
3696
3693
3689
3687
3687
3692
3688
3687
3688
3682
3680
3681
3685
3681
3676
3674
3679
3675
3671
3669
3665
3662
3660
3656
3652
3651
3646
3642
3641
3637
3636
3634
3629
3628
3627
3619
3618
3623
3619
3615
3614
3612
3605
3605
3610
3605
3601
3600
3603
3604
3600
3599
3597
3595
3593
3591
3588
3584
3579
3577
3579
3579
3568
3568
3570
3570
3567
3566
3562
3560
3558
3558
3554
3554
3547
3545
3549
3547
3544
3545
3542
3539
3539
3537
3536
3537
3535
3534
3535
3533
3528
3527
3533
3531
3527
3527
3523
3520
3516
3520
3517
3515
3511
3511
3504
3502
3506
3503
3498
3498
3498
3495
3495
3488
3487
3493
3488
3488
3487
3484
3483
3483
3480
3478
3476
3475
3473
3471
3469
3468
3467
3463
3462
3461
3459
3456
3451
3451
3455
3451
3450
3447
3446
3445
3442
3440
3441
3440
3436
3436
3436
3435
3434
3431
3427
3425
3426
3430
3430
3424
3423
3429
3428
3422
3422
3421
3423
3423
3418
3416
3420
3419
3415
3411
3408
3414
3410
3409
3406
3402
3402
3400
3396
3394
3393
3391
3390
3391
3387
3385
3384
3382
3383
3375
3374
3372
3377
3374
3365
3366
3370
3365
3366
3362
3359
3360
3358
3354
3354
3352
3349
3348
3349
3346
3341
3341
3343
3342
3341
3334
3335
3337
3334
3328
3328
3326
3330
3327
3324
3322
3321
3321
3314
3315
3313
3316
3315
3313
3311
3311
3309
3307
3306
3306
3304
3302
3303
3300
3298
3298
3297
3295
3295
3294
3293
3287
3287
3287
3288
3288
3287
3284
3276
3276
3276
3278
3278
3270
3269
3274
3271
3269
3266
3262
3266
3265
3261
3260
3257
3256
3254
3252
3251
3251
3248
3249
3247
3245
3246
3244
3243
3243
3241
3239
3239
3237
3236
3233
3234
3228
3226
3229
3229
3227
3222
3223
3225
3223
3221
3221
3221
3218
3218
3212
3213
3216
3215
3212
3211
3207
3207
3207
3199
3200
3204
3203
3202
3197
3198
3202
3200
3196
3197
3196
3201
3198
3192
3190
3196
3192
3189
3188
3186
3182
3182
3180
3178
3175
3175
3174
3173
3172
3166
3166
3169
3167
3164
3163
3161
3159
3159
3158
3157
3154
3153
3153
3150
3149
3150
3149
3147
3145
3146
3141
3140
3146
3143
3142
3143
3141
3141
3139
3140
3138
3139
3137
3134
3134
3133
3132
3130
3126
3124
3129
3128
3127
3126
3125
3120
3119
3123
3120
3121
3119
3118
3113
3114
3118
3115
3115
3112
3111
3113
3111
3105
3104
3105
3106
3105
3102
3100
3099
3099
3098
3096
3096
3093
3095
3093
3091
3092
3092
3090
3083
3084
3089
3085
3078
3079
3084
3081
3078
3078
3076
3076
3074
3068
3068
3069
3071
3069
3068
3069
3064
3062
3063
3067
3066
3063
3062
3063
3062
3060
3060
3059
3060
3059
3060
3060
3059
3061
3062
3057
3055
3061
3060
3058
3056
3055
3051
3050
3053
3051
3049
3050
3048
3045
3044
3041
3040
3039
3040
3039
3038
3036
3039
3037
3032
3034
3039
3038
3037
3032
3031
3032
3032
3031
3031
3030
3030
3030
3026
3024
3028
3026
3020
3020
3019
3021
3019
3014
3014
3019
3015
3014
3013
3014
3010
3011
3008
3008
3006
3007
3005
3004
3003
3001
3001
2995
2996
2994
2998
2997
2996
2995
2994
2994
2993
2992
2990
2988
2987
2991
2989
2988
2987
2987
2983
2983
2986
2986
2985
2984
2983
2981
2982
2976
2976
2980
2979
2978
2971
2970
2974
2973
2972
2971
2969
2968
2968
2965
2964
2964
2961
2962
2958
2957
2959
2958
2957
2958
2951
2952
2954
2954
2954
2954
2952
2947
2949
2952
2951
2951
2946
2945
2950
2948
2949
2947
2947
2946
2947
2941
2941
2946
2946
2946
2943
2941
2941
2940
2939
2941
2937
2937
2933
2941
2940
2939
2940
2933
2934
2935
2938
2937
2936
2933
2934
2934
2932
2932
2932
2926
2928
2933
2930
2929
2928
2927
2926
2926
2920
2921
2926
2925
2922
2922
2922
2920
2919
2919
2917
2916
2916
2915
2914
2914
2912
2912
2908
2906
2905
2910
2907
2907
2905
2904
2904
2903
2897
2897
2903
2904
2905
2906
2907
2908
2908
2904
2906
2911
2910
2905
2903
2904
2910
2909
2908
2908
2901
2903
2903
2908
2907
2901
2899
2905
2902
2900
2896
2895
2899
2896
2894
2892
2892
2891
2890
2887
2885
2884
2884
2882
2884
2882
2880
2879
2879
2877
2878
2876
2875
2874
2874
2875
2875
2875
2873
2872
2872
2871
2867
2868
2872
2869
2869
2868
2867
2868
2866
2859
2861
2866
2865
2864
2860
2862
2868
2866
2867
2866
2863
2861
2860
2865
2864
2865
2864
2862
2861
2860
2860
2859
2858
2857
2855
2854
2853
2851
2850
2845
2846
2850
2847
2846
2846
2844
2844
2843
2838
2838
2842
2841
2839
2838
2838
2833
2832
2835
2835
2834
2835
2834
2829
2829
2834
2833
2828
2826
2826
2831
2829
2829
2828
2826
2827
2826
2825
2826
2825
2824
2823
2823
2823
2822
2822
2823
2822
2817
2817
2820
2821
2819
2819
2820
2820
2819
2815
2815
2815
2818
2816
2815
2815
2811
2813
2815
2817
2815
2813
2814
2814
2815
2813
2812
2810
2807
2809
2814
2811
2810
2809
2808
2806
2806
2806
2806
2806
2804
2804
2800
2800
2804
2803
2802
2801
2801
2800
2800
2797
2800
2805
2804
2799
2801
2802
2807
2807
2807
2807
2806
2804
2802
2798
2799
2802
2800
2800
2799
2799
2798
2797
2792
2790
2795
2795
2794
2793
2792
2787
2788
2792
2792
2792
2791
2790
2790
2789
2790
2790
2789
2791
2791
2792
2792
2792
2791
2792
2791
2790
2788
2787
2783
2784
2789
2786
2784
2783
2782
2777
2778
2782
2781
2779
2779
2779
2779
2780
2775
2777
2780
2778
2772
2774
2772
2775
2775
2769
2770
2775
2774
2772
2767
2767
2770
2774
2772
2772
2770
2769
2772
2776
2778
2776
2777
2776
2775
2774
2774
2772
2772
2769
2768
2767
2766
2766
2764
2761
2761
2765
2764
2762
2760
2759
2757
2757
2757
2756
2756
2755
2754
2750
2749
2753
2753
2752
2751
2751
2749
2749
2750
2749
2749
2748
2748
2748
2747
2743
2742
2747
2746
2744
2743
2742
2742
2743
2742
2743
2738
2741
2743
2747
2745
2741
2744
2749
2748
2747
2746
2747
2752
2751
2746
2746
2750
2747
2746
2744
2742
2741
2741
2740
2740
2740
2739
2739
2738
2737
2737
2737
2736
2735
2734
2735
2734
2734
2735
2729
2731
2729
2733
2733
2729
2730
2736
2735
2734
2734
2732
2729
2728
2735
2733
2731
2730
2730
2724
2725
2729
2728
2726
2725
2725
2724
2723
2723
2723
2723
2722
2722
2722
2722
2721
2722
2723
2722
2720
2719
2720
2725
2723
2718
2719
2724
2722
2721
2720
2720
2719
2719
2719
2719
2718
2716
2716
2721
2720
2720
2720
2718
2718
2720
2723
2723
2718
2719
2724
2723
2723
2719
2718
2721
2719
2719
2717
2716
2715
2714
2708
2710
2713
2711
2711
2710
2709
2708
2707
2706
2706
2706
2707
2706
2705
2707
2707
2706
2706
2707
2706
2705
2705
2705
2706
2704
2705
2701
2700
2698
2702
2702
2701
2700
2699
2698
2698
2698
2697
2693
2692
2698
2698
2698
2694
2695
2699
2698
2694
2695
2699
2700
2699
2695
2695
2701
2700
2699
2701
2701
2699
2700
2699
2699
2698
2698
2697
2698
2698
2698
2698
2697
2697
2694
2696
2696
2697
2698
2694
2695
2700
2699
2699
2695
2694
2699
2697
2695
2694
2694
2693
2691
2687
2686
2691
2689
2685
2685
2686
2690
2689
2688
2688
2689
2689
2689
2689
2688
2684
2684
2689
2688
2686
2680
2681
2686
2684
2679
2678
2681
2681
2680
2680
2680
2681
2681
2680
2680
2679
2679
2679
2679
2681
2681
2682
2683
2683
2683
2684
2685
2685
2683
2685
2684
2684
2680
2681
2685
2684
2679
2680
2680
2685
2683
2683
2683
2682
2682
2681
2677
2677
2680
2678
2677
2676
2675
2674
2673
2673
2674
2673
2672
2667
2668
2669
2672
2671
2666
2667
2671
2670
2669
2668
2668
2669
2668
2663
2665
2668
2669
2669
2669
2667
2669
2670
2669
2670
2670
2666
2668
2671
2671
2667
2668
2669
2672
2672
2672
2673
2673
2675
2675
2676
2675
2675
2675
2674
2674
2673
2672
2671
2669
2668
2662
2663
2667
2665
2664
2659
2660
2663
2661
2655
2656
2660
2662
2661
2655
2655
2659
2658
2658
2658
2657
2657
2657
2658
2658
2658
2658
2657
2656
2654
2654
2654
2649
2651
2655
2656
2655
2654
2654
2655
2655
2654
2653
2653
2653
2653
2650
2650
2655
2653
2651
2651
2651
2651
2649
2645
2645
2648
2649
2647
2646
2645
2640
2639
2643
2642
2641
2640
2640
2635
2635
2640
2638
2637
2634
2633
2638
2637
2636
2638
2639
2641
2642
2642
2642
2644
2645
2646
2645
2644
2646
2647
2646
2648
2644
2644
2643
2646
2645
2640
2640
2643
2641
2637
2636
2637
2640
2639
2637
2636
2636
2634
2633
2632
2631
2631
2629
2629
2629
2629
2627
2627
2625
2626
2632
2631
2631
2631
2631
2632
2632
2631
2632
2627
2627
2629
2632
2631
2633
2632
2627
2628
2628
2631
2630
2626
2628
2632
2631
2630
2630
2629
2628
2628
2629
2629
2628
2628
2627
2628
2626
2624
2625
2631
2632
2632
2632
2631
2626
2628
2632
2629
2625
2625
2624
2630
2631
2632
2632
2632
2632
2631
2631
2632
2631
2632
2632
2633
2634
2636
2636
2637
2637
2633
2635
2637
2638
2638
2632
2633
2637
2635
2631
2630
2629
2633
2631
2629
2628
2627
2627
2627
2626
2626
2622
2623
2629
2629
2628
2629
2629
2630
2631
2630
2631
2630
2630
2628
2628
2627
2627
2626
2622
2623
2623
2627
2625
2623
2622
2620
2619
2616
2615
2615
2619
2618
2617
2616
2614
2615
2616
2616
2617
2613
2613
2616
2615
2613
2610
2610
2615
2614
2609
2610
2613
2613
2612
2612
2610
2610
2610
2609
2609
2608
2607
2606
2606
2606
2607
2607
2607
2603
2605
2610
2611
2610
2612
2610
2612
2612
2613
2612
2607
2608
2614
2612
2610
2606
2607
2612
2612
2607
2608
2608
2611
2609
2609
2608
2608
2608
2607
2605
2605
2604
2602
2602
2602
2597
2598
2598
2601
2601
2601
2600
2596
2597
2600
2601
2602
2601
2600
2600
2600
2597
2595
2596
2600
2599
2595
2597
2601
2602
2603
2602
2601
2600
2601
2600
2600
2599
2600
2600
2598
2597
2593
2592
2596
2596
2596
2594
2594
2594
2594
2592
2591
2591
2591
2590
2590
2589
2587
2588
2588
2586
2588
2592
2592
2586
2587
2591
2591
2590
2587
2586
2591
2589
2589
2590
2590
2589
2590
2590
2590
2586
2587
2588
2592
2591
2590
2590
2589
2588
2587
2587
2587
2586
2586
2585
2585
2585
2586
2585
2582
2583
2588
2588
2581
2584
2585
2588
2588
2584
2586
2591
2592
2592
2590
2591
2591
2592
2591
2593
2594
2595
2595
2595
2594
2593
2592
2588
2588
2588
2591
2590
2586
2586
2588
2588
2586
2586
2586
2583
2584
2589
2588
2587
2586
2586
2586
2585
2581
2581
2586
2584
2584
2582
2583
2582
2583
2583
2581
2580
2581
2581
2582
2583
2580
2583
2587
2586
2588
2587
2588
2586
2585
2580
2579
2580
2583
2582
2582
2581
2576
2576
2580
2580
2579
2578
2578
2577
2577
2578
2578
2579
2575
2576
2582
2582
2582
2582
2582
2579
2579
2583
2583
2579
2580
2584
2584
2584
2583
2583
2582
2582
2580
2580
2578
2578
2577
2577
2576
2571
2571
2571
2575
2574
2573
2571
2571
2570
2571
2570
2568
2568
2569
2567
2567
2563
2564
2564
2569
2568
2565
2566
2570
2571
2571
2571
2573
2574
2573
2573
2573
2573
2573
2574
2573
2572
2571
2570
2567
2569
2570
2574
2574
2574
2575
2570
2572
2575
2579
2579
2577
2580
2585
2584
2584
2585
2584
2584
2584
2583
2582
2582
2580
2580
2580
2579
2575
2576
2581
2579
2578
2574
2574
2576
2576
2576
2576
2574
2572
2571
2574
2573
2573
2572
2573
2573
2574
2574
2574
2574
2574
2573
2574
2573
2570
2571
2576
2577
2574
2576
2580
2581
2581
2576
2576
2579
2577
2572
2572
2571
2577
2574
2574
2572
2571
2571
2570
2570
2569
2563
2563
2567
2566
2563
2562
2563
2566
2565
2560
2561
2565
2566
2566
2564
2563
2564
2564
2564
2564
2563
2562
2562
2562
2562
2562
2562
2560
2560
2560
2561
2560
2559
2558
2557
2557
2558
2559
2560
2555
2554
2559
2559
2557
2555
2554
2558
2557
2554
2554
2558
2557
2556
2556
2557
2552
2553
2557
2557
2557
2554
2554
2558
2557
2558
2557
2558
2557
2557
2552
2554
2559
2559
2557
2557
2556
2557
2557
2553
2552
2558
2558
2556
2555
2555
2555
2553
2554
2554
2552
2553
2552
2552
2553
2552
2550
2551
2551
2551
2550
2550
2550
2550
2550
2550
2550
2550
2551
2551
2551
2545
2547
2548
2550
2551
2551
2550
2551
2550
2549
2546
2547
2550
2548
2544
2545
2548
2548
2548
2546
2547
2544
2543
2549
2551
2551
2549
2551
2557
2558
2556
2559
2562
2568
2570
2570
2573
2583
2587
2586
2590
2595
2604
2606
2610
2615
2620
2625
2628
2629
2635
2644
2648
2652
2657
2661
2666
2669
2672
2676
2680
2684
2688
2691
2694
2697
2700
2703
2704
2703
2707
2708
2713
2713
2710
2713
