2878
2876
2876
2874
2874
2874
2871
2870
2869
2868
2867
2864
2862
2863
2860
2854
2851
2854
2852
2843
2842
2841
2843
2838
2831
2831
2834
2830
2826
2822
2820
2823
2819
2816
2815
2812
2810
2808
2806
2803
2799
2796
2801
2799
2798
2795
2794
2790
2788
2787
2787
2785
2782
2783
2776
2776
2779
2776
2772
2772
2772
2776
2774
2773
2772
2771
2771
2769
2768
2767
2766
2764
2764
2763
2762
2761
2761
2755
2755
2759
2756
2756
2754
2752
2749
2750
2753
2752
2751
2751
2751
2751
2750
2746
2746
2748
2748
2745
2744
2745
2745
2745
2740
2741
2744
2744
2743
2738
2739
2743
2742
2741
2739
2739
2738
2736
2737
2735
2735
2734
2733
2733
2731
2731
2730
2729
2728
2728
2726
2727
2726
2726
2720
2722
2725
2725
2725
2720
2720
2725
2725
2718
2719
2722
2722
2722
2718
2716
2721
2719
2713
2714
2712
2716
2715
2714
2714
2712
2712
2712
2712
2712
2711
2712
2713
2711
2707
2708
2708
2714
2712
2713
2713
2708
2709
2709
2713
2712
2710
2709
2705
2705
2706
2709
2708
2707
2707
2702
2703
2705
2704
2705
2703
2702
2703
2702
2700
2701
2700
2699
2699
2697
2697
2698
2697
2697
2697
2694
2695
2697
2696
2695
2694
2691
2691
2697
2695
2693
2694
2693
2693
2692
2691
2692
2687
2687
2694
2690
2691
2686
2687
2691
2690
2685
2685
2687
2688
2688
2687
2687
2687
2686
2686
2687
2686
2686
2687
2681
2683
2689
2687
2688
2685
2685
2690
2688
2688
2686
2687
2686
2687
2687
2687
2683
2684
2689
2690
2690
2690
2690
2691
2694
2693
2694
2695
2694
2695
2694
2693
2689
2689
2692
2693
2691
2690
2689
2692
2691
2689
2689
2690
2689
2690
2686
2687
2693
2693
2691
2692
2690
2692
2693
2693
2693
2693
2692
2694
2700
2699
2699
2698
2699
2700
2701
2699
2701
2699
2700
2695
2697
2696
2700
2699
2698
2697
2696
2696
2694
2694
2694
2693
2694
2688
2689
2694
2692
2692
2692
2690
2685
2688
2692
2690
2691
2687
2688
2692
2692
2687
2687
2691
2693
2693
2693
2694
2691
2693
2700
2699
2698
2695
2695
2701
2700
2702
2701
2701
2703
2703
2704
2705
2702
2704
2708
2708
2709
2708
2708
2707
2707
2708
2707
2708
2708
2709
2709
2710
2711
2710
2712
2711
2713
2712
2714
2710
2711
2715
2717
2718
2714
2716
2723
2721
2718
2719
2720
2725
2725
2725
2726
2723
2727
2729
2733
2735
2735
2737
2737
2737
2739
2741
2744
2741
2743
2750
2749
2752
2753
2755
2756
2757
2756
2757
2765
2765
2765
2765
2766
2771
2772
2773
2774
2775
2777
2777
2779
2780
2781
2783
2784
2787
2788
2786
2787
2795
2795
2798
2800
2800
2800
2802
2808
2811
2813
2816
2819
2822
2825
2826
2831
2833
2835
2839
2840
2844
2845
2847
2849
2852
2855
2857
2861
2862
2866
2863
2864
2872
2875
2877
2880
2884
2881
2886
2895
2897
2895
2899
2904
2912
2915
2914
2919
2926
2927
2930
2928
2932
2938
2941
2944
2946
2949
2953
2955
2959
2962
2965
2969
2972
2975
2979
2982
2986
2986
2991
2998
3002
3004
3008
3013
3012
3017
3026
3029
3034
3038
3041
3044
3050
3053
3056
3056
3061
3065
3073
3078
3081
3085
3089
3095
3100
3101
3106
3117
3122
3122
3127
3134
3142
3148
3154
3157
3162
3167
3172
3175
3180
3184
3188
3192
3195
3194
3201
3206
3214
3219
3224
3229
3233
3239
3241
3245
3252
3263
3268
3274
3279
3279
3284
3291
3301
3306
3312
3317
3322
3328
3333
3339
3344
3347
3354
3365
3370
3374
3379
3385
3392
3398
3404
3411
3412
3419
3426
3436
3438
3444
3450
3449
3457
3465
3473
3479
3485
3490
3495
3501
3506
3509
3515
3527
3533
3539
3545
3545
3554
3561
3570
3576
3582
3590
3594
3598
3606
3609
3616
3620
3627
3631
3638
3640
3645
3652
3660
3665
3673
3678
3682
3688
3696
3701
3705
3712
3717
3721
3726
3734
3733
3740
3751
3756
3756
3763
3773
3777
3782
3784
3789
3801
3807
3813
3818
3826
3831
3837
3841
3851
3856
3862
3871
3874
3879
3893
3897
3903
3911
3915
3920
3927
3932
3937
3944
3948
3954
3959
3967
3970
3977
3981
3987
3985
3993
4002
4009
4012
4015
4019
4032
4034
4036
4039
4042
4055
4058
4062
4066
4071
4074
4080
4085
4089
4089
4092
4105
4106
4111
4115
4116
4121
4126
4129
4134
4137
4143
4148
4145
4151
4159
4163
4159
4166
4167
4176
4178
4179
4183
4184
4188
4192
4193
4199
4202
4206
4206
4210
4220
4225
4230
4233
4241
4239
4246
4257
4261
4266
4270
4275
4278
4286
4289
4295
4298
4301
4308
4306
4313
4320
4325
4325
4329
4329
4331
4332
4335
4336
4332
4336
4339
4347
4348
4352
4353
4352
4354
4358
4365
4369
4370
4374
4372
4374
4383
4385
4389
4386
4390
4399
4400
4400
4403
4405
4405
4407
4402
4405
4413
4415
4416
4417
4418
4419
4423
4423
4426
4424
4428
4431
4435
4435
4439
4442
4445
4445
4450
4451
4455
4457
4462
4464
4469
4473
4469
4475
4483
4485
4483
4486
4494
4497
4498
4497
4501
4508
4509
4513
4513
4514
4512
4517
4524
4527
4527
4527
4531
4534
4534
4537
4539
4535
4540
4545
4550
4549
4551
4550
4553
4554
4555
4559
4559
4556
4558
4568
4569
4568
4573
4573
4572
4574
4580
4581
4581
4582
4581
4583
4584
4583
4585
4577
4581
4586
4583
4585
4581
4583
4582
4583
4584
4582
4585
4586
4586
4583
4583
4590
4588
4590
4590
4592
4584
4586
4594
4592
4594
4592
4596
4591
4595
4599
4601
4599
4602
4605
4613
4614
4614
4618
4620
4622
4626
4626
4630
4633
4633
4638
4638
4641
4644
4644
4645
4648
4644
4647
4655
4653
4657
4656
4659
4655
4658
4666
4665
4663
4662
4665
4664
4666
4666
4667
4661
4663
4662
4668
4668
4667
4667
4658
4661
4660
4667
4665
4661
4662
4661
4660
4655
4654
4654
4659
4657
4657
4656
4655
4651
4652
4654
4653
4656
4651
4645
4645
4645
4648
4646
4644
4643
4640
4641
4638
4638
4635
4634
4631
4631
4627
4622
4622
4621
4626
4622
4617
4617
4621
4623
4619
4620
4620
4620
4622
4615
4621
4624
4625
4622
4621
4620
4620
4616
4607
4609
4608
4611
4610
4601
4603
4610
4604
4603
4601
4600
4598
4598
4597
4596
4596
4594
4595
4591
4591
4591
4589
4585
4584
4585
4590
4585
4582
4580
4587
4586
4585
4581
4578
4583
4582
4579
4579
4573
4569
4571
4575
4571
4571
4567
4567
4565
4561
4559
4553
4551
4550
4548
4542
4541
4535
4537
4532
4532
4521
4523
4524
4526
4524
4517
4518
4523
4522
4521
4521
4518
4519
4516
4514
4514
4511
4510
4507
4502
4501
4504
4503
4495
4496
4496
4497
4494
4496
4492
4490
4488
4485
4481
4480
4477
4476
4472
4469
4469
4469
4467
4464
4464
4457
4457
4462
4456
4455
4450
4450
4453
4452
4448
4446
4444
4444
4442
4442
4441
4433
4432
4439
4436
4433
4429
4425
4433
4427
4428
4425
4425
4422
4424
4421
4420
4415
4414
4420
4417
4417
4415
4415
4412
4411
4401
4401
4401
4400
4401
4396
4397
4392
4390
4384
4385
4380
4378
4376
4367
4365
4370
4364
4363
4361
4359
4358
4355
4353
4353
4352
4351
4349
4345
4345
4352
4349
4349
4345
4344
4336
4338
4339
4335
4325
4327
4324
4327
4323
4315
4315
4322
4318
4317
4314
4311
4311
4307
4301
4298
4300
4296
4295
4290
4288
4281
4279
4275
4272
4265
4265
4262
4258
4257
4253
4252
4249
4246
4244
4240
4238
4228
4228
4227
4227
4223
4222
4220
4216
4212
4205
4203
4202
4203
4202
4198
4197
4196
4193
4191
4185
4183
4189
4185
4177
4176
4181
4180
4178
4178
4174
4174
4170
4169
4167
4166
4163
4162
4156
4155
4161
4156
4156
4147
4149
4150
4149
4141
4142
4144
4142
4141
4137
4133
4130
4129
4128
4126
4126
4117
4118
4119
4117
4116
4112
4110
4103
4103
4106
4103
4103
4097
4097
4091
4089
4088
4085
4078
4076
4081
4074
4072
4068
4066
4062
4057
4051
4047
4045
4047
4042
4041
4039
4034
4032
4030
4025
4025
4016
4014
4019
4013
4007
4003
4004
4007
4002
3995
3994
4000
3997
3993
3993
3990
3988
3985
3985
3980
3975
3974
3972
3974
3973
3969
3964
3962
3962
3959
3956
3954
3953
3950
3941
3942
3942
3942
3940
3936
3933
3938
3933
3932
3928
3929
3925
3923
3923
3919
3918
3917
3913
3912
3908
3908
3905
3901
3903
3899
3899
3896
3890
3888
3895
3890
3890
3888
3885
3879
3877
3883
3880
3878
3872
3872
3871
3869
3867
3866
3858
3857
3856
3858
3856
3847
3849
3852
3847
3845
3845
3841
3836
3835
3839
3835
3834
3832
3828
3828
3828
3824
3821
3815
3816
3814
3817
3815
3813
3809
3808
3806
3804
3802
3798
3798
3795
3793
3793
3785
3784
3782
3787
3784
3781
3780
3773
3772
3772
3776
3773
3770
3769
3766
3764
3764
3764
3761
3760
3758
3755
3752
3746
3745
3743
3747
3744
3742
3739
3739
3736
3733
3732
3731
3722
3724
3727
3725
3720
3714
3714
3717
3714
3710
3709
3707
3704
3700
3702
3698
3696
3695
3688
3687
3688
3690
3685
3679
3679
3682
3675
3670
3665
3665
3666
3662
3661
3659
3656
3654
3651
3650
3648
3644
3642
3641
3639
3635
3632
3630
3623
3621
3624
3622
3617
3612
3612
3614
3612
3610
3610
3607
3605
3604
3599
3597
3603
3602
3601
3599
3596
3596
3595
3592
3589
3588
3585
3584
3581
3579
3577
3578
3579
3578
3577
3575
3574
3574
3573
3566
3563
3567
3566
3563
3557
3555
3559
3557
3549
3548
3548
3548
3547
3544
3542
3539
3536
3531
3531
3530
3532
3531
3522
3523
3525
3525
3521
3517
3514
3517
3514
3514
3514
3510
3509
3508
3509
3508
3501
3502
3507
3505
3502
3500
3499
3497
3497
3494
3492
3489
3487
3487
3486
3484
3482
3479
3478
3478
3476
3475
3474
3472
3470
3466
3466
3467
3472
3470
3468
3466
3466
3465
3460
3460
3458
3455
3454
3449
3452
3455
3456
3454
3453
3451
3449
3448
3447
3444
3442
3434
3432
3437
3433
3429
3429
3427
3431
3428
3420
3419
3425
3420
3417
3412
3412
3413
3413
3412
3411
3408
3407
3407
3405
3402
3400
3399
3399
3400
3398
3392
3391
3394
3393
3392
3389
3387
3385
3384
3384
3383
3377
3378
3383
3382
3381
3379
3377
3376
3376
3376
3373
3373
3368
3367
3370
3369
3361
3361
3364
3364
3362
3361
3357
3356
3354
3352
3351
3350
3345
3344
3346
3342
3336
3335
3336
3338
3335
3333
3332
3329
3327
3326
3326
3324
3318
3317
3323
3324
3324
3321
3320
3319
3319
3320
3320
3312
3311
3312
3315
3313
3306
3304
3307
3306
3301
3299
3299
3297
3297
3300
3299
3296
3294
3293
3292
3291
3290
3290
3288
3288
3287
3286
3285
3285
3286
3280
3280
3284
3284
3284
3283
3281
3281
3278
3276
3275
3275
3274
3273
3273
3271
3263
3263
3263
3267
3265
3264
3261
3255
3256
3257
3258
3256
3254
3254
3253
3251
3246
3247
3247
3250
3249
3249
3250
3249
3248
3247
3248
3249
3249
3248
3242
3243
3246
3247
3245
3238
3235
3239
3237
3236
3233
3229
3227
3227
3226
3224
3217
3216
3215
3219
3216
3211
3210
3214
3213
3213
3210
3209
3209
3208
3207
3206
3206
3205
3203
3201
3199
3195
3195
3199
3197
3197
3191
3192
3194
3193
3192
3191
3190
3189
3185
3185
3186
3186
3185
3178
3180
3180
3184
3183
3177
3178
3184
3181
3178
3172
3173
3177
3174
3168
3169
3173
3171
3171
3169
3169
3167
3166
3165
3164
3164
3164
3163
3162
3160
3161
3160
3160
3159
3156
3153
3155
3154
3153
3150
3149
3148
3150
3150
3151
3149
3148
3146
3147
3143
3144
3148
3146
3145
3144
3143
3143
3140
3138
3137
3137
3135
3131
3128
3129
3132
3131
3123
3123
3129
3127
3126
3119
3121
3123
3122
3121
3122
3121
3120
3121
3115
3115
3119
3118
3117
3115
3114
3111
3110
3110
3109
3108
3106
3106
3106
3105
3103
3102
3102
3101
3101
3101
3100
3100
3100
3093
3094
3098
3100
3097
3096
3096
3090
3091
3094
3093
3090
3091
3091
3086
3086
3091
3088
3089
3088
3087
3085
3084
3085
3084
3083
3082
3082
3082
3081
3074
3075
3080
3078
3076
3072
3073
3075
3074
3071
3072
3073
3075
3073
3072
3072
3072
3069
3066
3068
3068
3066
3067
3061
3062
3067
3064
3063
3060
3061
3057
3056
3060
3059
3058
3055
3055
3051
3052
3055
3054
3053
3054
3053
3050
3050
3049
3050
3049
3048
3045
3045
3046
3045
3045
3044
3042
3042
3036
3039
3044
3041
3037
3036
3040
3040
3041
3036
3035
3039
3036
3036
3035
3035
3034
3034
3033
3032
3030
3028
3029
3030
3028
3024
3023
3026
3026
3026
3024
3025
3023
3025
3021
3024
3028
3026
3026
3028
3024
3026
3025
3026
3025
3025
3019
3020
3023
3023
3017
3017
3019
3019
3018
3017
3015
3009
3009
3014
3014
3012
3011
3011
3012
3013
3012
3012
3011
3010
3011
3006
3008
3014
3012
3011
3009
3009
3007
3007
3005
3004
3004
3004
3002
2997
2998
3002
3001
3001
3001
2999
3000
2999
2999
2998
2999
2997
2995
2993
2995
2998
2997
2999
2997
2999
2998
2998
2995
2997
3001
2998
2999
2999
2996
2995
2994
2990
2990
2991
2993
2993
2991
2993
2986
2986
2991
2989
2981
2981
2980
2982
2979
2978
2976
2970
2971
2971
2975
2973
2972
2970
2970
2970
2967
2967
2968
2966
2966
2965
2965
2964
2963
2964
2963
2961
2961
2961
2961
2958
2960
2961
2961
2960
2962
2956
2955
2957
2957
2956
2951
2953
2957
2956
2950
2951
2952
2954
2956
2949
2952
2959
2958
2957
2958
2958
2959
2958
2956
2955
2952
2950
2950
2954
2952
2948
2950
2941
2941
2940
2945
2944
2942
2941
2936
2937
2937
2942
2941
2941
2941
2938
2938
2938
2938
2936
2936
2936
2937
2936
2929
2930
2930
2935
2934
2928
2927
2933
2931
2929
2925
2926
2930
2927
2926
2926
2925
2926
2923
2925
2924
2925
2927
2920
2921
2923
2928
2925
2925
2924
2926
2925
2923
2923
2922
2923
2922
2922
2923
2924
2925
2925
2921
2923
2928
2926
2925
2924
2921
2915
2916
2920
2919
2917
2916
2916
2915
2914
2909
2911
2916
2914
2911
2909
2910
2914
2914
2912
2912
2906
2907
2908
2913
2911
2909
2909
2909
2908
2910
2910
2908
2907
2907
2906
2905
2905
2904
2903
2901
2901
2900
2900
2895
2894
2894
2900
2899
2892
2890
2896
2894
2894
2893
2893
2889
2887
2892
2889
2888
2888
2888
2887
2886
2882
2882
2886
2886
2884
2880
2881
2885
2884
2882
2883
2884
2880
2880
2883
2882
2882
2881
2882
2881
2880
2881
2880
2877
2878
2878
2877
2877
2876
2877
2873
2872
2878
2877
2877
2877
2877
2875
2876
2876
2876
2875
2876
2877
2872
2873
2878
2877
2870
2872
2874
2880
2878
2878
2878
2878
2877
2877
2877
2877
2877
2876
2871
2874
2874
2876
2876
2875
2874
2869
2870
2873
2871
2870
2869
2869
2866
2866
2866
2867
2866
2864
2864
2859
2861
2864
2864
2863
2862
2860
2855
2856
2862
2860
2855
2854
2855
2859
2859
2859
2858
2859
2860
2860
2858
2859
2860
2862
2863
2862
2859
2858
2861
2865
2862
2863
2863
2862
2862
2863
2860
2862
2856
2857
2863
2862
2862
2857
2859
2860
2860
2858
2860
2857
2858
2856
2856
2856
2858
2857
2857
2856
2856
2856
2854
2853
2854
2853
2854
2854
2848
2847
2853
2850
2844
2844
2848
2849
2848
2843
2843
2850
2849
2847
2848
2847
2848
2846
2840
2840
2846
2844
2842
2841
2840
2838
2838
2839
2838
2835
2837
2834
2837
2836
2836
2834
2835
2834
2835
2829
2830
2834
2831
2826
2829
2829
2831
2830
2825
2827
2833
2830
2830
2829
2830
2828
2828
2822
2823
2829
2827
2825
2825
2826
2826
2825
2823
2825
2825
2822
2822
2828
2827
2820
2820
2824
2826
2826
2820
2821
2825
2824
2823
2823
2824
2823
2822
2824
2824
2823
2823
2823
2823
2824
2820
2821
2822
2820
2821
2819
2819
2814
2815
2820
2818
2817
2818
2818
2814
2813
2819
2818
2817
2816
2817
2816
2815
2817
2817
2811
2812
2815
2817
2817
2812
2813
2819
2821
2817
2819
2820
2820
2819
2820
2821
2814
2817
2816
2819
2819
2818
2816
2815
2814
2814
2814
2813
2811
2809
2809
2810
2810
2808
2806
2806
2808
2807
2807
2801
2804
2804
2807
2804
2807
2806
2799
2799
2804
2804
2803
2798
2799
2806
2805
2801
2802
2803
2805
2804
2804
2804
2800
2802
2801
2800
2799
2798
2798
2797
2797
2794
2793
2794
2797
2795
2791
2792
2794
2793
2793
2796
2797
2794
2797
2795
2795
2794
2794
2794
2794
2793
2792
2792
2793
2792
2791
2791
2790
2790
2790
2784
2785
2786
2789
2789
2785
2786
2790
2789
2790
2787
2787
2791
2790
2789
2789
2790
2788
2787
2783
2782
2786
2786
2784
2785
2786
2786
2785
2785
2785
2786
2785
2785
2785
2787
2787
2786
2786
2785
2786
2787
2785
2782
2783
2789
2788
2783
2786
2788
2793
2791
2790
2790
2790
2788
2791
2789
2791
2786
2787
2794
2792
2789
2787
2789
2793
2794
2792
2792
2792
2791
2789
2790
2788
2788
2787
2787
2787
2786
2785
2784
2784
2782
2782
2782
2779
2778
2777
2780
2779
2775
2775
2777
2775
2775
2774
2775
2770
2770
2773
2772
2772
2770
2768
2768
2768
2768
2768
2767
2766
2764
2764
2766
2764
2765
2759
2759
2761
2766
2765
2761
2763
2770
2772
2771
2768
2768
2773
2772
2771
2770
2769
2767
2768
2771
2770
2767
2767
2774
2772
2773
2772
2771
2765
2766
2770
2768
2768
2766
2765
2765
2765
2764
2763
2763
2761
2761
2762
2762
2763
2761
2757
2759
2759
2764
2762
2762
2762
2757
2757
2758
2761
2761
2760
2759
2759
2759
2756
2755
2755
2757
2758
2757
2756
2756
2756
2756
2756
2756
2752
2753
2760
2758
2757
2756
2758
2757
2757
2758
2758
2755
2754
2754
2757
2756
2753
2753
2757
2756
2754
2755
2753
2752
2752
2752
2756
2754
2751
2752
2757
2758
2757
2757
2757
2759
2760
2760
2761
2759
2759
2761
2762
2760
2755
2756
2761
2761
2760
2760
2760
2760
2761
2756
2757
2762
2762
2759
2757
2757
2761
2760
2758
2758
2758
2756
2755
2751
2752
2756
2757
2755
2754
2753
2753
2754
2754
2753
2752
2753
2750
2749
2749
2745
2744
2748
2748
2748
2748
2748
2748
2748
2744
2746
2751
2750
2749
2744
2747
2749
2750
2747
2747
2748
2746
2744
2740
2741
2746
2745
2743
2743
2741
2741
2741
2740
2741
2741
2741
2742
2742
2742
2737
2739
2745
2744
2740
2738
2738
2742
2741
2741
2739
2739
2739
2739
2739
2738
2737
2736
2735
2734
2735
2734
2733
2734
2733
2730
2729
2732
2734
2732
2727
2727
2733
2732
2727
2729
2728
2730
2732
2731
2733
2727
2730
2731
2737
2737
2738
2739
2741
2741
2738
2738
2739
2742
2742
2736
2736
2741
2739
2737
2738
2735
2735
2734
2729
2729
2727
2731
2730
2729
2727
2728
2728
2726
2727
2725
2727
2726
2725
2725
2726
2727
2726
2725
2724
2721
2722
2726
2726
2726
2726
2729
2729
2729
2731
2731
2727
2727
2728
2730
2730
2730
2731
2727
2728
2729
2732
2730
2730
2729
2727
2727
2727
2725
2725
2721
2722
2726
2725
2721
2721
2722
2725
2724
2720
2721
2726
2725
2724
2724
2724
2723
2723
2722
2721
2721
2721
2720
2719
2717
2717
2717
2717
2718
2717
2714
2715
2718
2717
2711
2713
2714
2717
2716
2717
2716
2717
2718
2719
2719
2720
2719
2721
2721
2721
2721
2721
2721
2716
2716
2720
2719
2714
2715
2715
2719
2719
2718
2716
2715
2715
2715
2714
2715
2711
2710
2715
2714
2711
2711
2712
2717
2716
2712
2715
2719
2718
2717
2718
2718
2717
2717
2717
2715
2715
2714
2713
2712
2713
2712
2713
2712
2712
2712
2711
2711
2710
2710
2709
2710
2711
2711
2712
2708
2710
2716
2715
2714
2711
2711
2716
2714
2711
2712
2714
2716
2714
2712
2712
2712
2711
2706
2707
2707
2711
2711
2712
2713
2714
2714
2715
2712
2713
2718
2717
2713
2714
2717
2717
2718
2719
2720
2716
2718
2723
2723
2721
2721
2721
2721
2720
2720
2721
2720
2720
2718
2718
2717
2712
2711
2713
2714
2714
2714
2714
2712
2711
2712
2711
2710
2709
2708
2704
2704
2708
2706
2706
2704
2702
2702
2701
2701
2702
2699
2697
2698
2703
2702
2702
2702
2702
2702
2703
2703
2704
2703
2703
2704
2704
2704
2701
2701
2706
2704
2699
2699
2700
2701
2701
2694
2695
2699
2697
2693
2694
2695
2700
2696
2697
2697
2697
2696
2696
2692
2693
2696
2697
2693
2695
2699
2700
2701
2700
2701
2700
2698
2699
2698
2698
2698
2697
2698
2698
2697
2698
2697
2697
2698
2697
2697
2692
2694
2695
2697
2697
2695
2694
2689
2691
2697
2695
2694
2689
2691
2695
2693
2693
2692
2692
2692
2692
2692
2693
2693
2694
2694
2693
2693
2693
2692
2688
2688
2692
2690
2691
2687
2686
2691
2689
2689
2690
2690
2691
2691
2691
2692
2686
2686
2689
2692
2693
2693
2692
2688
2690
2693
2694
2692
2692
2692
2693
2694
2694
2695
2695
2694
2694
2693
2694
2694
2691
2692
2692
2691
2692
2692
2693
2693
2693
2693
2693
2689
2689
2692
2692
2690
2693
2692
2698
2700
2703
2706
2704
2708
2713
2718
2720
2721
2725
2733
2735
2736
2740
2746
2753
2758
2758
2763
2772
2777
2781
2783
2788
2796
2799
2804
2809
2813
2817
2822
2826
2829
2831
2835
2839
2843
2844
2848
2851
2853
2856
2854
2857
2859
2865
