3284
3283
3277
3278
3276
3278
3279
3275
3274
3273
3270
3266
3261
3260
3258
3256
3248
3246
3246
3246
3242
3238
3237
3234
3230
3227
3224
3222
3221
3218
3214
3212
3210
3207
3206
3202
3199
3192
3190
3195
3192
3190
3190
3186
3179
3180
3182
3180
3173
3173
3173
3175
3171
3171
3168
3161
3162
3160
3163
3162
3156
3154
3158
3154
3154
3152
3151
3150
3150
3149
3147
3145
3145
3143
3143
3140
3137
3137
3136
3136
3135
3136
3135
3130
3130
3135
3133
3131
3128
3127
3131
3129
3122
3121
3125
3123
3123
3121
3121
3119
3117
3116
3114
3112
3111
3111
3105
3107
3109
3108
3104
3102
3102
3107
3107
3106
3106
3104
3105
3105
3105
3105
3100
3101
3106
3106
3103
3099
3099
3104
3103
3101
3099
3097
3097
3096
3099
3098
3097
3097
3096
3097
3095
3094
3094
3090
3091
3095
3094
3095
3090
3091
3097
3096
3097
3097
3096
3093
3093
3094
3093
3088
3089
3094
3094
3094
3093
3093
3094
3095
3095
3094
3092
3091
3091
3085
3085
3088
3085
3084
3080
3080
3084
3085
3084
3083
3077
3080
3080
3084
3081
3080
3080
3075
3076
3078
3084
3081
3081
3082
3083
3084
3082
3079
3079
3082
3081
3080
3080
3080
3081
3083
3082
3082
3082
3082
3080
3080
3080
3080
3078
3077
3074
3074
3073
3070
3069
3068
3071
3070
3070
3071
3066
3066
3067
3070
3069
3069
3068
3069
3070
3071
3068
3069
3073
3073
3074
3074
3075
3073
3073
3073
3071
3069
3068
3068
3068
3066
3063
3062
3060
3061
3066
3065
3064
3060
3061
3064
3063
3057
3059
3060
3062
3061
3060
3061
3059
3059
3059
3061
3063
3058
3058
3064
3065
3065
3063
3063
3060
3061
3066
3064
3058
3060
3062
3063
3062
3063
3063
3061
3061
3062
3061
3060
3061
3059
3060
3060
3060
3061
3061
3060
3059
3056
3057
3063
3060
3061
3062
3060
3062
3062
3056
3056
3063
3062
3061
3057
3060
3067
3066
3068
3069
3071
3071
3072
3072
3072
3073
3072
3073
3074
3076
3075
3075
3072
3073
3078
3079
3080
3080
3081
3077
3078
3084
3082
3079
3079
3080
3079
3079
3073
3075
3077
3080
3080
3076
3077
3082
3082
3082
3081
3081
3080
3082
3088
3089
3089
3090
3092
3089
3091
3096
3095
3097
3097
3097
3099
3099
3099
3101
3101
3104
3103
3104
3106
3106
3108
3108
3112
3109
3112
3113
3117
3117
3118
3119
3119
3121
3119
3119
3121
3126
3127
3130
3131
3132
3133
3134
3133
3135
3142
3143
3139
3141
3145
3151
3152
3151
3155
3165
3167
3170
3174
3178
3177
3182
3186
3187
3185
3187
3189
3197
3197
3199
3201
3203
3206
3208
3212
3215
3219
3221
3219
3223
3228
3234
3234
3239
3241
3244
3246
3251
3254
3256
3259
3264
3262
3267
3276
3278
3283
3287
3290
3288
3292
3304
3306
3310
3315
3318
3317
3322
3332
3336
3336
3340
3345
3355
3357
3360
3364
3369
3372
3376
3381
3386
3388
3393
3396
3401
3404
3409
3414
3424
3429
3433
3438
3444
3450
3456
3458
3464
3475
3480
3483
3490
3494
3499
3506
3508
3515
3525
3529
3532
3538
3543
3545
3550
3561
3565
3572
3578
3584
3590
3595
3599
3606
3617
3626
3633
3638
3644
3651
3659
3666
3674
3682
3689
3697
3702
3710
3721
3726
3732
3736
3742
3748
3754
3756
3763
3776
3780
3787
3793
3800
3803
3810
3825
3830
3836
3842
3851
3858
3865
3874
3881
3888
3894
3902
3908
3916
3923
3929
3931
3941
3950
3963
3970
3979
3988
3991
3999
4010
4021
4029
4039
4047
4057
4063
4065
4076
4083
4096
4104
4106
4114
4130
4137
4144
4152
4162
4166
4176
4191
4199
4208
4218
4228
4236
4248
4258
4268
4277
4288
4299
4309
4318
4326
4336
4338
4349
4359
4371
4378
4386
4395
4403
4411
4416
4422
4428
4443
4449
4451
4460
4475
4479
4487
4495
4502
4510
4517
4525
4531
4540
4547
4556
4563
4572
4579
4587
4593
4598
4608
4619
4626
4627
4637
4649
4657
4663
4671
4679
4685
4693
4700
4706
4715
4719
4726
4739
4744
4751
4758
4763
4770
4777
4783
4788
4792
4798
4797
4807
4814
4827
4831
4838
4845
4851
4858
4865
4869
4879
4894
4898
4908
4916
4922
4927
4935
4934
4942
4951
4953
4958
4963
4968
4968
4972
4983
4987
4992
4997
5003
5009
5013
5017
5020
5025
5030
5035
5038
5043
5048
5053
5059
5065
5072
5077
5080
5080
5086
5098
5101
5097
5104
5109
5119
5123
5120
5124
5134
5132
5136
5136
5138
5140
5140
5134
5137
5146
5149
5150
5156
5161
5160
5165
5177
5181
5187
5195
5203
5209
5215
5216
5227
5236
5246
5252
5257
5264
5267
5274
5278
5284
5291
5295
5301
5307
5312
5318
5325
5328
5334
5336
5341
5346
5342
5346
5354
5359
5363
5362
5368
5381
5385
5389
5395
5398
5398
5402
5414
5415
5411
5416
5421
5428
5433
5435
5438
5436
5442
5449
5457
5463
5467
5472
5476
5479
5483
5484
5489
5489
5489
5489
5490
5487
5491
5492
5501
5502
5506
5509
5512
5517
5522
5527
5533
5541
5549
5554
5560
5566
5569
5574
5573
5578
5592
5596
5599
5601
5603
5606
5613
5611
5617
5627
5627
5628
5629
5631
5627
5630
5636
5638
5638
5642
5644
5641
5644
5652
5650
5652
5652
5652
5650
5652
5662
5663
5665
5665
5669
5672
5677
5677
5678
5678
5680
5680
5682
5681
5680
5681
5676
5677
5686
5681
5682
5683
5685
5682
5685
5693
5696
5696
5701
5703
5701
5704
5712
5712
5712
5716
5717
5722
5724
5727
5728
5731
5735
5739
5743
5746
5746
5747
5748
5746
5745
5743
5740
5731
5728
5732
5726
5721
5718
5716
5721
5721
5717
5718
5721
5721
5721
5720
5722
5716
5716
5723
5720
5719
5717
5718
5719
5718
5722
5724
5726
5729
5732
5733
5735
5738
5739
5735
5737
5739
5748
5749
5741
5743
5753
5752
5750
5747
5750
5753
5754
5755
5755
5753
5752
5752
5754
5752
5746
5745
5752
5751
5749
5747
5748
5748
5748
5748
5749
5750
5750
5751
5751
5751
5744
5749
5755
5754
5752
5751
5750
5744
5744
5748
5744
5744
5743
5738
5736
5736
5733
5733
5729
5724
5723
5727
5727
5724
5722
5715
5712
5713
5719
5713
5708
5707
5716
5710
5710
5703
5706
5707
5707
5705
5704
5700
5699
5698
5697
5695
5692
5693
5685
5686
5686
5688
5688
5688
5687
5681
5681
5679
5683
5681
5681
5679
5675
5675
5671
5667
5665
5668
5669
5665
5665
5663
5661
5659
5660
5657
5655
5653
5651
5651
5650
5643
5644
5651
5645
5643
5640
5638
5636
5632
5629
5627
5617
5616
5621
5614
5609
5602
5601
5603
5598
5594
5592
5590
5580
5578
5581
5578
5568
5567
5565
5566
5563
5561
5559
5553
5552
5550
5547
5545
5540
5539
5538
5535
5524
5526
5523
5526
5523
5521
5520
5518
5515
5511
5508
5506
5499
5498
5502
5498
5494
5491
5490
5489
5486
5477
5474
5480
5479
5474
5471
5467
5460
5459
5463
5460
5452
5446
5444
5447
5444
5435
5434
5441
5436
5433
5432
5427
5425
5423
5411
5412
5411
5413
5411
5404
5404
5400
5397
5393
5390
5386
5386
5383
5375
5372
5376
5372
5370
5362
5359
5362
5358
5354
5352
5346
5343
5341
5336
5335
5329
5329
5323
5320
5320
5316
5312
5302
5302
5305
5300
5297
5290
5287
5290
5287
5285
5282
5274
5275
5273
5268
5267
5261
5259
5257
5262
5256
5252
5250
5253
5251
5248
5243
5241
5234
5232
5236
5230
5225
5223
5220
5212
5211
5213
5209
5199
5198
5198
5199
5195
5190
5187
5179
5178
5182
5176
5175
5168
5168
5164
5161
5155
5151
5150
5152
5148
5147
5143
5142
5138
5135
5132
5129
5125
5124
5119
5116
5113
5110
5105
5102
5102
5091
5092
5100
5095
5092
5087
5086
5079
5074
5079
5077
5071
5069
5065
5060
5055
5051
5046
5043
5042
5036
5028
5028
5029
5022
5014
5011
5006
5008
5006
5002
4996
4996
4990
4985
4979
4978
4982
4978
4975
4971
4970
4969
4967
4966
4963
4953
4956
4964
4957
4955
4953
4953
4952
4948
4948
4947
4945
4944
4943
4936
4935
4937
4932
4928
4922
4918
4915
4911
4908
4905
4901
4900
4897
4895
4895
4886
4884
4889
4884
4878
4874
4871
4879
4875
4872
4870
4867
4865
4863
4859
4858
4855
4848
4845
4841
4841
4838
4835
4828
4826
4831
4825
4824
4824
4817
4813
4813
4817
4810
4810
4809
4804
4800
4798
4801
4799
4797
4794
4792
4791
4785
4784
4783
4772
4774
4774
4772
4770
4765
4762
4758
4756
4746
4744
4742
4746
4742
4738
4738
4725
4726
4724
4724
4720
4718
4715
4710
4709
4706
4703
4700
4695
4694
4692
4689
4689
4685
4681
4680
4677
4667
4667
4669
4665
4665
4659
4658
4649
4647
4651
4646
4642
4639
4634
4631
4628
4626
4622
4613
4610
4608
4612
4609
4608
4603
4595
4596
4593
4595
4595
4591
4587
4585
4582
4579
4576
4573
4571
4566
4564
4562
4559
4558
4553
4551
4549
4541
4539
4545
4542
4539
4530
4530
4530
4524
4522
4518
4510
4506
4505
4507
4501
4499
4499
4489
4490
4488
4490
4486
4485
4482
4479
4475
4473
4472
4468
4468
4467
4465
4460
4456
4452
4449
4452
4451
4448
4444
4442
4440
4439
4436
4436
4433
4434
4432
4431
4429
4421
4419
4421
4419
4409
4406
4405
4406
4405
4401
4396
4388
4389
4393
4388
4385
4382
4382
4377
4376
4373
4371
4370
4363
4361
4364
4363
4360
4356
4352
4348
4348
4349
4347
4344
4340
4336
4333
4330
4329
4328
4320
4317
4321
4318
4315
4312
4308
4306
4303
4301
4298
4296
4290
4290
4288
4285
4276
4275
4279
4276
4273
4264
4263
4268
4265
4256
4255
4254
4257
4254
4250
4248
4247
4245
4241
4240
4238
4237
4237
4231
4229
4235
4234
4231
4232
4230
4227
4225
4225
4224
4221
4219
4217
4215
4213
4209
4207
4205
4203
4200
4192
4193
4199
4195
4187
4184
4184
4188
4182
4180
4177
4175
4173
4170
4169
4165
4164
4160
4153
4153
4154
4152
4149
4147
4144
4141
4139
4138
4136
4135
4129
4125
4129
4127
4124
4122
4119
4118
4116
4109
4108
4111
4109
4104
4099
4097
4101
4100
4092
4090
4095
4092
4090
4084
4083
4081
4081
4074
4073
4073
4076
4073
4072
4068
4068
4063
4063
4062
4061
4059
4058
4055
4055
4054
4053
4051
4045
4046
4050
4048
4040
4040
4038
4043
4041
4039
4034
4032
4029
4028
4026
4022
4022
4017
4017
4013
4010
4008
4005
3999
3997
4003
4000
3997
3996
3994
3993
3991
3990
3988
3987
3987
3986
3986
3984
3982
3978
3976
3972
3965
3964
3963
3966
3964
3958
3958
3963
3959
3957
3949
3948
3950
3947
3945
3942
3941
3939
3938
3931
3930
3933
3932
3926
3925
3923
3927
3925
3922
3921
3919
3917
3917
3916
3915
3914
3912
3910
3908
3907
3905
3905
3898
3897
3901
3898
3892
3892
3891
3896
3893
3892
3892
3885
3887
3888
3889
3888
3883
3882
3887
3885
3882
3880
3877
3875
3874
3872
3871
3870
3867
3865
3863
3862
3861
3860
3858
3856
3858
3857
3858
3856
3855
3848
3847
3849
3850
3848
3842
3840
3842
3839
3830
3828
3829
3833
3833
3830
3828
3821
3822
3825
3830
3829
3830
3829
3828
3829
3827
3825
3823
3823
3821
3814
3813
3815
3813
3810
3808
3807
3804
3805
3795
3796
3796
3797
3794
3791
3788
3787
3785
3785
3782
3777
3777
3776
3774
3772
3766
3765
3765
3768
3766
3760
3758
3762
3761
3759
3758
3756
3752
3752
3755
3754
3753
3750
3750
3748
3746
3745
3745
3744
3742
3742
3742
3739
3734
3734
3737
3736
3735
3730
3729
3731
3730
3727
3727
3725
3722
3720
3724
3721
3719
3716
3716
3715
3714
3713
3711
3709
3706
3703
3701
3701
3696
3694
3697
3697
3690
3690
3691
3691
3689
3687
3685
3685
3685
3683
3682
3682
3681
3680
3679
3678
3678
3678
3678
3672
3674
3677
3674
3675
3674
3670
3666
3666
3670
3666
3665
3662
3657
3658
3657
3660
3660
3653
3653
3658
3656
3654
3648
3648
3650
3650
3648
3646
3646
3644
3644
3642
3642
3642
3638
3637
3637
3637
3636
3634
3629
3630
3637
3637
3638
3638
3639
3643
3644
3644
3644
3644
3642
3641
3639
3638
3636
3633
3631
3628
3627
3625
3622
3615
3616
3620
3617
3617
3611
3610
3613
3611
3609
3608
3605
3604
3603
3602
3602
3595
3594
3599
3599
3596
3591
3591
3594
3592
3585
3585
3583
3587
3585
3584
3583
3577
3578
3579
3581
3579
3578
3576
3576
3575
3575
3574
3574
3574
3573
3573
3575
3576
3575
3574
3568
3568
3573
3571
3564
3564
3564
3565
3562
3560
3559
3557
3555
3554
3553
3553
3551
3550
3550
3548
3541
3541
3541
3543
3542
3541
3540
3536
3537
3541
3544
3543
3543
3545
3543
3545
3547
3547
3547
3545
3543
3542
3541
3538
3537
3535
3530
3530
3534
3531
3525
3524
3528
3527
3526
3520
3518
3523
3521
3520
3519
3518
3516
3516
3515
3514
3514
3514
3514
3513
3513
3508
3509
3513
3512
3509
3506
3507
3512
3509
3511
3510
3508
3508
3505
3498
3499
3502
3499
3492
3492
3491
3495
3491
3490
3489
3488
3488
3486
3487
3486
3488
3487
3488
3488
3488
3487
3488
3482
3484
3488
3486
3481
3482
3481
3485
3483
3481
3481
3479
3477
3475
3472
3472
3467
3467
3472
3470
3470
3469
3467
3468
3466
3460
3461
3466
3463
3461
3457
3457
3459
3458
3458
3456
3455
3457
3453
3453
3453
3453
3452
3451
3452
3450
3448
3448
3446
3446
3444
3443
3442
3440
3441
3436
3436
3440
3439
3437
3437
3436
3431
3431
3435
3436
3429
3430
3432
3436
3436
3436
3436
3435
3435
3434
3436
3434
3433
3434
3429
3430
3433
3434
3433
3427
3429
3434
3431
3425
3425
3425
3429
3428
3427
3427
3422
3423
3423
3426
3423
3423
3422
3421
3421
3416
3414
3414
3417
3415
3408
3409
3414
3410
3409
3408
3408
3407
3406
3405
3406
3405
3403
3404
3404
3405
3405
3405
3404
3404
3401
3401
3400
3400
3400
3394
3395
3395
3400
3400
3394
3396
3401
3401
3399
3399
3398
3399
3398
3397
3398
3397
3398
3397
3397
3396
3391
3392
3397
3394
3393
3388
3390
3394
3391
3386
3385
3385
3388
3386
3381
3380
3387
3384
3383
3380
3381
3385
3384
3383
3382
3380
3381
3380
3377
3376
3375
3375
3375
3375
3374
3373
3373
3373
3372
3371
3370
3370
3371
3370
3370
3368
3362
3363
3367
3365
3365
3364
3366
3366
3366
3365
3366
3368
3370
3368
3363
3364
3370
3366
3363
3360
3358
3361
3362
3360
3359
3359
3360
3359
3360
3358
3354
3354
3359
3357
3354
3352
3352
3349
3350
3348
3347
3344
3342
3342
3346
3345
3338
3339
3343
3345
3343
3342
3342
3334
3335
3340
3338
3338
3337
3336
3335
3334
3329
3329
3332
3334
3333
3329
3329
3333
3333
3331
3333
3332
3332
3331
3331
3330
3330
3330
3329
3327
3326
3327
3327
3325
3324
3322
3323
3322
3320
3322
3317
3316
3319
3319
3319
3315
3314
3318
3318
3312
3313
3313
3318
3319
3317
3319
3325
3325
3324
3323
3322
3322
3321
3321
3321
3320
3318
3318
3320
3320
3318
3318
3318
3317
3316
3314
3314
3313
3313
3307
3307
3308
3308
3307
3302
3301
3305
3303
3301
3300
3300
3299
3298
3298
3297
3297
3297
3297
3296
3296
3290
3290
3297
3295
3293
3290
3292
3297
3293
3288
3289
3293
3291
3291
3289
3287
3287
3288
3287
3287
3286
3281
3282
3287
3285
3284
3284
3284
3285
3286
3288
3288
3289
3289
3290
3290
3291
3291
3292
3287
3288
3292
3291
3289
3285
3284
3288
3286
3283
3284
3283
3280
3278
3277
3275
3274
3275
3274
3272
3272
3266
3266
3271
3269
3264
3265
3265
3267
3265
3265
3265
3265
3264
3262
3261
3261
3266
3265
3265
3264
3265
3264
3264
3259
3261
3265
3264
3262
3261
3261
3260
3259
3258
3258
3250
3253
3257
3258
3257
3253
3253
3259
3257
3256
3254
3256
3254
3252
3252
3253
3252
3251
3249
3251
3250
3245
3246
3250
3250
3250
3249
3247
3243
3243
3248
3247
3247
3247
3246
3241
3243
3248
3248
3247
3244
3244
3244
3245
3247
3246
3239
3239
3241
3243
3242
3242
3240
3238
3239
3238
3239
3239
3238
3237
3237
3238
3240
3240
3239
3238
3237
3231
3233
3237
3235
3231
3230
3231
3236
3234
3234
3234
3233
3233
3232
3233
3233
3232
3232
3227
3228
3226
3229
3226
3227
3228
3222
3222
3222
3225
3224
3224
3223
3222
3221
3217
3218
3217
3221
3221
3220
3220
3219
3218
3218
3219
3218
3218
3218
3218
3216
3217
3218
3216
3216
3216
3215
3216
3212
3213
3212
3217
3216
3213
3215
3221
3220
3220
3217
3217
3221
3220
3218
3218
3220
3220
3219
3214
3216
3220
3220
3221
3222
3222
3218
3220
3225
3226
3220
3220
3220
3223
3223
3220
3219
3218
3216
3214
3210
3210
3214
3212
3211
3208
3208
3207
3207
3206
3205
3205
3204
3203
3203
3204
3205
3204
3204
3205
3204
3205
3204
3203
3202
3204
3203
3201
3200
3200
3199
3199
3197
3197
3190
3191
3198
3197
3197
3198
3198
3194
3194
3200
3201
3199
3197
3198
3201
3201
3196
3196
3201
3199
3199
3199
3198
3192
3193
3199
3201
3201
3200
3200
3201
3202
3203
3201
3201
3201
3203
3201
3198
3200
3200
3199
3200
3199
3199
3200
3194
3194
3197
3194
3193
3189
3188
3190
3188
3181
3181
3184
3185
3184
3181
3181
3187
3187
3187
3186
3186
3185
3184
3184
3183
3180
3179
3179
3177
3177
3176
3176
3175
3172
3170
3168
3170
3175
3173
3169
3171
3176
3173
3174
3173
3173
3174
3174
3174
3175
3177
3178
3178
3176
3177
3176
3179
3182
3182
3184
3181
3184
3190
3188
3182
3181
3184
3189
3187
3182
3182
3186
3185
3183
3181
3181
3181
3181
3180
3179
3176
3175
3174
3178
3175
3175
3174
3173
3171
3169
3170
3170
3165
3167
3171
3168
3168
3165
3166
3171
3170
3171
3169
3169
3169
3168
3169
3167
3166
3164
3163
3163
3164
3163
3159
3159
3160
3159
3159
3159
3155
3155
3160
3158
3155
3156
3160
3162
3160
3158
3160
3165
3164
3160
3161
3161
3164
3162
3161
3161
3161
3161
3160
3160
3160
3160
3159
3160
3160
3159
3158
3159
3163
3161
3157
3156
3158
3155
3155
3149
3150
3156
3153
3154
3153
3152
3146
3146
3150
3150
3150
3150
3152
3153
3153
3156
3158
3160
3160
3161
3161
3163
3163
3162
3162
3162
3160
3160
3159
3156
3157
3161
3158
3152
3153
3153
3153
3152
3147
3146
3151
3149
3145
3145
3146
3150
3151
3151
3150
3149
3149
3148
3146
3145
3140
3141
3145
3143
3142
3142
3142
3141
3141
3142
3142
3141
3141
3142
3138
3138
3143
3143
3137
3137
3139
3143
3143
3144
3142
3137
3137
3139
3142
3141
3139
3138
3138
3137
3135
3135
3136
3135
3134
3134
3134
3133
3133
3135
3131
3133
3138
3137
3132
3134
3139
3141
3140
3140
3142
3141
3141
3138
3136
3135
3135
3134
3132
3131
3125
3127
3127
3129
3129
3124
3125
3128
3127
3124
3122
3124
3129
3128
3127
3127
3129
3129
3132
3128
3129
3133
3134
3135
3134
3133
3134
3134
3131
3133
3139
3138
3137
3136
3135
3134
3134
3132
3131
3126
3126
3127
3131
3129
3124
3124
3128
3125
3124
3123
3121
3120
3119
3117
3118
3118
3116
3115
3115
3114
3109
3109
3113
3113
3112
3110
3110
3109
3110
3110
3111
3112
3113
3112
3112
3114
3115
3114
3114
3116
3115
3109
3108
3114
3113
3113
3112
3112
3109
3110
3113
3111
3106
3108
3109
3113
3112
3110
3110
3105
3105
3109
3112
3112
3112
3112
3111
3109
3111
3113
3113
3112
3113
3111
3111
3116
3116
3119
3121
3121
3118
3120
3126
3123
3121
3121
3120
3118
3117
3117
3116
3116
3114
3114
3114
3112
3113
3113
3113
3112
3111
3107
3109
3113
3112
3107
3108
3110
3109
3107
3106
3105
3100
3101
3103
3103
3102
3101
3101
3094
3094
3100
3098
3096
3092
3091
3097
3095
3094
3092
3092
3091
3092
3091
3090
3089
3090
3089
3089
3090
3090
3088
3090
3092
3092
3093
3095
3097
3098
3094
3095
3102
3102
3101
3099
3100
3101
3098
3095
3096
3102
3100
3099
3098
3098
3095
3097
3100
3098
3097
3093
3092
3098
3095
3095
3095
3093
3093
3092
3092
3092
3090
3090
3091
3090
3090
3086
3086
3090
3089
3084
3086
3087
3089
3088
3089
3088
3087
3087
3085
3084
3085
3090
3090
3086
3088
3092
3092
3095
3097
3098
3099
3099
3094
3093
3094
3096
3096
3096
3094
3093
3093
3093
3091
3090
3091
3091
3090
3090
3091
3091
3091
3089
3088
3090
3090
3089
3090
3090
3087
3086
3090
3090
3091
3090
3090
3090
3091
3087
3089
3094
3093
3089
3090
3090
3094
3095
3089
3091
3096
3096
3095
3095
3097
3099
3099
3101
3102
3103
3102
3102
3096
3095
3099
3097
3090
3090
3090
3090
3090
3093
3091
3092
3092
3090
3088
3090
3090
3089
3089
3091
3091
3091
3090
3092
3094
3094
3094
3094
3094
3093
3091
3091
3088
3086
3081
3081
3082
3084
3082
3078
3079
3083
3080
3080
3079
3079
3075
3075
3081
3079
3073
3074
3076
3079
3078
3077
3076
3076
3075
3076
3076
3076
3076
3076
3077
3077
3078
3078
3078
3078
3078
3077
3077
3078
3078
3078
3078
3078
3078
3077
3076
3075
3074
3074
3073
3073
3076
3072
3073
3077
3081
3082
3081
3086
3094
3094
3093
3096
3098
3106
3109
3108
3113
3122
3124
3126
3127
3132
3140
3145
3143
3149
3155
3163
3167
3171
3175
3180
3185
3190
3194
3197
3202
3207
3211
3218
3217
3223
3227
3236
3240
3240
3245
3255
3256
3257
3260
3263
3265
3268
3269
3269
3269
3271
