3329
3326
3325
3325
3325
3320
3319
3323
3319
3317
3315
3311
3306
3306
3308
3304
3297
3296
3298
3294
3290
3288
3285
3282
3279
3277
3273
3270
3268
3265
3261
3259
3254
3253
3251
3248
3248
3241
3238
3241
3236
3234
3230
3230
3228
3227
3221
3220
3225
3223
3222
3221
3219
3214
3213
3215
3211
3209
3207
3205
3203
3202
3200
3197
3195
3193
3191
3189
3187
3186
3184
3181
3182
3180
3179
3178
3172
3171
3174
3172
3171
3168
3169
3173
3171
3166
3167
3169
3169
3169
3168
3169
3163
3163
3168
3166
3166
3165
3164
3163
3162
3154
3155
3156
3157
3156
3154
3153
3149
3149
3153
3149
3149
3150
3147
3146
3146
3139
3140
3141
3144
3143
3142
3142
3141
3141
3140
3139
3136
3137
3136
3135
3134
3134
3135
3135
3131
3133
3129
3132
3135
3136
3135
3132
3133
3137
3137
3136
3136
3135
3135
3133
3134
3133
3132
3133
3128
3128
3128
3132
3131
3131
3130
3124
3124
3123
3124
3122
3121
3120
3118
3118
3118
3117
3118
3114
3114
3118
3118
3117
3118
3118
3112
3112
3117
3116
3110
3110
3110
3115
3114
3114
3114
3115
3115
3115
3112
3116
3120
3120
3121
3122
3122
3124
3124
3125
3126
3124
3123
3121
3121
3120
3118
3116
3114
3113
3112
3111
3108
3106
3107
3108
3109
3103
3104
3107
3108
3108
3101
3101
3105
3105
3105
3103
3104
3100
3099
3103
3102
3101
3102
3101
3101
3101
3101
3102
3101
3101
3102
3102
3101
3101
3101
3100
3101
3100
3098
3098
3098
3096
3098
3099
3093
3096
3100
3103
3103
3103
3104
3100
3099
3109
3107
3107
3108
3107
3103
3103
3108
3106
3105
3101
3098
3102
3102
3102
3102
3102
3101
3101
3095
3098
3103
3103
3103
3103
3104
3102
3102
3106
3104
3106
3106
3106
3107
3107
3108
3106
3106
3106
3106
3106
3106
3106
3105
3102
3103
3109
3109
3108
3109
3109
3105
3107
3114
3114
3113
3109
3109
3114
3114
3109
3111
3112
3115
3114
3113
3111
3110
3110
3109
3108
3109
3108
3108
3107
3108
3102
3104
3106
3110
3110
3109
3111
3106
3108
3112
3114
3115
3115
3115
3111
3114
3119
3120
3121
3120
3122
3121
3123
3124
3124
3125
3127
3128
3128
3130
3130
3132
3132
3134
3135
3137
3138
3135
3137
3143
3143
3143
3143
3145
3147
3149
3151
3152
3153
3151
3153
3158
3159
3157
3159
3164
3165
3167
3166
3168
3175
3174
3171
3174
3179
3183
3184
3187
3189
3186
3190
3193
3199
3201
3202
3204
3207
3210
3212
3215
3217
3218
3218
3222
3225
3227
3231
3233
3234
3237
3242
3245
3243
3248
3251
3257
3260
3264
3267
3266
3269
3277
3281
3285
3287
3289
3293
3294
3300
3303
3308
3310
3314
3315
3321
3324
3328
3332
3331
3336
3344
3349
3351
3355
3359
3362
3367
3368
3374
3382
3384
3384
3389
3396
3404
3409
3409
3415
3424
3429
3435
3439
3444
3448
3453
3458
3464
3470
3475
3481
3485
3488
3495
3501
3508
3513
3518
3520
3528
3538
3542
3542
3551
3558
3568
3574
3576
3583
3594
3598
3603
3608
3612
3619
3625
3630
3633
3641
3647
3652
3658
3664
3667
3673
3686
3691
3697
3704
3709
3717
3725
3727
3735
3745
3755
3762
3765
3772
3787
3791
3800
3806
3813
3823
3830
3838
3847
3850
3859
3868
3880
3888
3896
3902
3912
3919
3925
3934
3942
3950
3958
3961
3971
3983
3991
3997
4005
4012
4016
4024
4037
4045
4052
4053
4065
4076
4083
4093
4099
4106
4115
4120
4129
4138
4144
4155
4158
4166
4177
4190
4198
4206
4214
4223
4232
4239
4249
4259
4267
4276
4286
4295
4302
4311
4320
4322
4332
4345
4351
4353
4359
4368
4382
4388
4390
4402
4415
4421
4431
4438
4447
4455
4464
4473
4481
4491
4497
4506
4522
4528
4535
4546
4554
4563
4572
4574
4587
4599
4607
4616
4623
4631
4640
4647
4652
4661
4676
4683
4689
4697
4705
4713
4721
4724
4733
4747
4752
4760
4769
4776
4784
4793
4800
4808
4819
4827
4835
4839
4845
4861
4868
4873
4879
4888
4900
4906
4913
4917
4926
4931
4937
4939
4941
4957
4961
4964
4971
4974
4979
4987
4990
4994
5002
5008
5013
5020
5027
5028
5038
5049
5057
5062
5071
5079
5084
5096
5098
5106
5122
5126
5137
5143
5149
5157
5161
5162
5171
5179
5189
5193
5201
5208
5214
5223
5224
5234
5243
5255
5264
5268
5277
5283
5289
5297
5297
5305
5318
5322
5327
5332
5335
5342
5347
5353
5357
5357
5361
5378
5381
5387
5388
5390
5403
5405
5406
5414
5418
5423
5427
5431
5433
5437
5440
5442
5439
5444
5452
5455
5457
5461
5466
5473
5478
5476
5486
5495
5504
5510
5515
5525
5526
5536
5542
5549
5551
5555
5566
5573
5581
5581
5588
5601
5602
5608
5612
5615
5622
5623
5628
5631
5629
5635
5636
5646
5642
5644
5644
5638
5640
5642
5644
5642
5642
5643
5642
5645
5649
5649
5654
5655
5658
5664
5669
5673
5675
5682
5681
5688
5698
5702
5701
5704
5713
5716
5720
5715
5722
5731
5732
5734
5735
5740
5740
5744
5747
5750
5745
5746
5748
5750
5751
5746
5750
5758
5758
5763
5761
5768
5770
5771
5773
5773
5777
5781
5787
5784
5786
5794
5795
5793
5798
5800
5800
5802
5811
5809
5814
5818
5815
5820
5821
5825
5827
5830
5831
5835
5835
5839
5838
5840
5848
5850
5855
5854
5856
5856
5856
5859
5856
5849
5850
5855
5855
5855
5846
5847
5855
5854
5855
5852
5857
5857
5858
5859
5859
5863
5865
5868
5871
5874
5876
5878
5879
5879
5883
5886
5889
5886
5886
5897
5897
5892
5895
5898
5904
5903
5900
5903
5911
5908
5910
5910
5908
5908
5908
5899
5899
5901
5898
5895
5892
5889
5877
5876
5878
5874
5872
5869
5871
5867
5870
5859
5863
5861
5868
5867
5865
5868
5866
5865
5860
5859
5854
5850
5850
5843
5842
5830
5831
5825
5830
5826
5821
5821
5809
5808
5811
5811
5809
5797
5797
5800
5796
5795
5793
5791
5793
5794
5794
5794
5796
5798
5800
5800
5804
5804
5804
5807
5807
5810
5801
5802
5809
5806
5798
5796
5802
5805
5803
5804
5801
5803
5807
5801
5804
5805
5814
5810
5814
5816
5814
5815
5815
5816
5814
5813
5807
5800
5799
5800
5799
5795
5786
5785
5786
5784
5780
5780
5777
5778
5780
5778
5779
5774
5773
5774
5773
5773
5769
5770
5770
5770
5768
5765
5765
5769
5770
5760
5762
5767
5768
5765
5761
5759
5766
5763
5762
5762
5762
5760
5759
5758
5751
5754
5751
5748
5738
5738
5740
5736
5724
5722
5723
5715
5711
5700
5699
5698
5694
5692
5688
5687
5682
5685
5677
5680
5682
5680
5679
5676
5677
5674
5672
5672
5669
5664
5662
5659
5655
5653
5648
5646
5641
5640
5637
5627
5627
5630
5627
5624
5622
5617
5617
5614
5611
5610
5600
5601
5603
5602
5595
5594
5590
5582
5581
5584
5582
5578
5571
5567
5573
5566
5566
5559
5557
5551
5552
5552
5550
5548
5544
5543
5539
5536
5527
5525
5526
5522
5516
5512
5508
5503
5499
5493
5490
5486
5482
5473
5469
5465
5469
5465
5453
5449
5450
5447
5439
5435
5429
5423
5420
5416
5413
5409
5408
5403
5402
5399
5397
5394
5391
5391
5390
5386
5384
5377
5374
5381
5375
5375
5365
5364
5368
5364
5355
5352
5352
5349
5349
5344
5343
5339
5337
5330
5325
5324
5327
5321
5321
5317
5317
5314
5314
5312
5311
5306
5304
5311
5308
5310
5306
5305
5303
5300
5296
5292
5289
5286
5279
5276
5269
5264
5261
5252
5250
5247
5250
5244
5242
5236
5235
5228
5225
5215
5213
5214
5209
5205
5201
5193
5187
5181
5184
5177
5173
5167
5155
5154
5150
5152
5147
5144
5140
5136
5132
5130
5124
5123
5117
5116
5107
5105
5104
5107
5102
5097
5094
5098
5097
5093
5091
5089
5084
5081
5088
5083
5075
5073
5075
5077
5075
5073
5069
5069
5066
5066
5064
5062
5060
5056
5055
5052
5051
5048
5046
5042
5035
5035
5029
5026
5023
5020
5011
5007
5008
5006
4999
4993
4990
4991
4988
4978
4977
4983
4976
4965
4966
4963
4964
4961
4954
4953
4939
4939
4934
4936
4932
4927
4925
4919
4918
4914
4912
4912
4902
4905
4908
4907
4904
4903
4903
4901
4900
4896
4893
4888
4883
4880
4878
4872
4871
4865
4856
4851
4853
4850
4847
4839
4836
4839
4833
4824
4822
4819
4821
4818
4812
4811
4804
4804
4802
4798
4797
4791
4791
4785
4783
4785
4785
4783
4781
4779
4780
4776
4777
4773
4770
4769
4766
4766
4764
4757
4756
4756
4756
4756
4746
4747
4750
4749
4744
4737
4737
4743
4741
4738
4732
4729
4727
4725
4717
4716
4720
4715
4708
4707
4703
4707
4703
4703
4697
4697
4692
4688
4686
4683
4680
4677
4675
4670
4664
4662
4661
4664
4660
4654
4652
4649
4646
4641
4638
4633
4631
4627
4621
4620
4617
4616
4612
4603
4601
4605
4599
4597
4591
4589
4579
4577
4579
4576
4566
4564
4564
4563
4562
4556
4555
4551
4548
4546
4540
4540
4541
4540
4536
4534
4531
4532
4527
4529
4525
4524
4525
4520
4519
4518
4510
4511
4515
4513
4512
4510
4509
4507
4503
4500
4496
4491
4491
4484
4484
4481
4474
4472
4475
4472
4470
4471
4469
4466
4464
4456
4453
4457
4450
4445
4437
4434
4435
4432
4426
4425
4417
4413
4411
4412
4409
4406
4405
4395
4395
4393
4395
4393
4390
4388
4385
4386
4380
4376
4375
4379
4375
4372
4370
4364
4366
4365
4365
4363
4357
4357
4361
4360
4357
4355
4356
4354
4351
4351
4348
4346
4346
4342
4336
4335
4341
4337
4333
4334
4330
4329
4325
4321
4319
4315
4315
4311
4310
4308
4299
4301
4304
4302
4299
4295
4291
4289
4285
4277
4275
4275
4274
4268
4262
4258
4264
4259
4257
4256
4249
4248
4245
4243
4241
4238
4237
4234
4231
4232
4224
4225
4230
4227
4221
4220
4221
4225
4222
4223
4221
4221
4220
4218
4212
4209
4215
4210
4208
4207
4202
4199
4197
4202
4200
4198
4198
4193
4194
4191
4190
4188
4181
4182
4184
4181
4177
4176
4174
4169
4168
4164
4164
4161
4161
4158
4158
4154
4154
4152
4151
4150
4148
4145
4142
4148
4145
4142
4142
4141
4135
4132
4136
4134
4131
4128
4123
4118
4117
4119
4117
4112
4112
4110
4109
4107
4103
4100
4103
4100
4092
4093
4089
4092
4089
4087
4084
4082
4080
4076
4073
4072
4075
4073
4070
4068
4067
4064
4061
4054
4053
4057
4054
4052
4049
4048
4047
4043
4043
4040
4040
4037
4034
4033
4031
4037
4033
4033
4031
4032
4029
4023
4017
4018
4022
4019
4016
4015
4012
4012
4008
4009
4005
4005
4002
4002
4001
4000
3993
3992
3997
3992
3987
3985
3987
3991
3987
3986
3985
3984
3981
3981
3977
3977
3973
3972
3963
3962
3961
3961
3960
3950
3951
3955
3952
3949
3948
3948
3953
3949
3949
3944
3945
3941
3939
3938
3936
3936
3934
3927
3926
3928
3926
3925
3921
3921
3917
3915
3911
3911
3909
3907
3907
3904
3904
3902
3902
3900
3893
3895
3894
3894
3890
3891
3887
3887
3884
3877
3878
3881
3879
3875
3874
3871
3870
3872
3871
3871
3861
3865
3863
3867
3866
3863
3863
3861
3859
3858
3854
3850
3857
3854
3850
3851
3854
3854
3851
3851
3850
3849
3848
3846
3845
3843
3843
3839
3840
3838
3839
3835
3835
3832
3830
3824
3822
3828
3823
3818
3817
3816
3820
3818
3810
3811
3814
3813
3809
3811
3809
3810
3808
3806
3806
3803
3804
3801
3802
3799
3800
3797
3798
3795
3795
3793
3793
3786
3786
3792
3789
3788
3782
3783
3790
3785
3787
3785
3783
3784
3783
3778
3779
3783
3781
3773
3773
3772
3775
3774
3773
3772
3771
3767
3768
3764
3764
3763
3760
3759
3756
3754
3750
3751
3754
3751
3751
3749
3748
3748
3743
3741
3739
3746
3742
3741
3739
3737
3738
3737
3730
3731
3736
3732
3731
3726
3728
3730
3729
3730
3727
3727
3725
3724
3725
3723
3723
3722
3722
3720
3719
3717
3717
3716
3715
3710
3710
3714
3717
3715
3711
3709
3714
3714
3708
3710
3709
3707
3708
3701
3699
3703
3703
3699
3698
3696
3694
3694
3692
3688
3689
3687
3686
3685
3684
3678
3679
3684
3686
3683
3686
3686
3677
3680
3684
3682
3680
3679
3678
3676
3676
3675
3672
3671
3665
3666
3670
3670
3663
3662
3666
3665
3662
3660
3661
3659
3656
3655
3654
3654
3650
3649
3643
3643
3648
3644
3644
3643
3641
3641
3639
3633
3635
3638
3638
3637
3635
3635
3634
3632
3631
3631
3630
3622
3623
3627
3624
3624
3622
3621
3616
3616
3622
3620
3611
3615
3620
3618
3620
3617
3617
3618
3617
3616
3614
3612
3610
3610
3608
3607
3606
3604
3600
3601
3598
3598
3600
3596
3595
3602
3602
3602
3597
3596
3600
3599
3595
3595
3594
3588
3588
3594
3590
3590
3591
3591
3589
3589
3588
3586
3578
3581
3584
3582
3579
3579
3577
3575
3574
3567
3568
3565
3569
3569
3562
3561
3567
3565
3560
3558
3559
3558
3557
3548
3551
3555
3553
3553
3547
3546
3551
3550
3549
3547
3548
3546
3543
3543
3544
3542
3541
3539
3539
3537
3538
3536
3534
3534
3536
3534
3536
3539
3541
3542
3543
3545
3546
3544
3543
3544
3539
3538
3543
3540
3540
3536
3536
3535
3533
3526
3526
3531
3528
3526
3522
3522
3525
3525
3517
3518
3519
3522
3518
3513
3512
3518
3514
3512
3513
3511
3512
3510
3510
3507
3507
3505
3505
3504
3502
3500
3501
3500
3500
3498
3498
3497
3497
3499
3491
3491
3493
3495
3494
3487
3487
3492
3491
3492
3491
3493
3489
3493
3498
3495
3495
3496
3495
3493
3492
3488
3487
3492
3493
3490
3488
3489
3492
3490
3489
3487
3486
3486
3484
3483
3484
3483
3482
3478
3480
3482
3485
3485
3486
3485
3483
3484
3481
3479
3480
3482
3481
3481
3480
3477
3477
3476
3471
3470
3464
3463
3467
3466
3464
3461
3459
3458
3456
3455
3452
3453
3452
3453
3452
3453
3452
3452
3449
3451
3450
3455
3455
3448
3450
3454
3451
3451
3443
3441
3447
3442
3443
3441
3441
3439
3436
3436
3434
3435
3431
3425
3427
3426
3430
3427
3422
3424
3428
3425
3426
3424
3420
3420
3418
3417
3419
3419
3418
3416
3414
3414
3420
3421
3417
3418
3420
3426
3425
3424
3425
3426
3426
3425
3426
3425
3424
3423
3421
3421
3417
3413
3411
3415
3413
3412
3410
3405
3405
3403
3408
3407
3399
3401
3404
3401
3401
3402
3402
3396
3397
3402
3400
3398
3398
3399
3398
3397
3397
3397
3396
3396
3396
3396
3395
3397
3395
3396
3395
3397
3390
3392
3397
3394
3393
3392
3390
3387
3387
3391
3391
3387
3386
3392
3391
3392
3391
3391
3385
3388
3393
3390
3388
3387
3386
3386
3384
3383
3383
3383
3385
3387
3386
3386
3385
3385
3385
3383
3382
3378
3377
3382
3380
3378
3377
3377
3373
3371
3375
3375
3375
3374
3374
3370
3371
3371
3371
3371
3371
3367
3367
3367
3372
3372
3370
3370
3371
3370
3368
3367
3368
3368
3366
3360
3363
3363
3364
3363
3362
3361
3355
3355
3360
3359
3356
3351
3353
3357
3355
3354
3353
3354
3353
3353
3352
3354
3353
3357
3355
3353
3354
3359
3358
3356
3355
3356
3355
3353
3354
3354
3348
3347
3352
3350
3349
3343
3343
3348
3345
3337
3338
3341
3342
3340
3338
3338
3337
3337
3335
3334
3334
3330
3329
3334
3334
3332
3332
3331
3328
3329
3333
3329
3330
3331
3330
3329
3327
3327
3329
3328
3328
3327
3327
3327
3327
3325
3325
3325
3319
3319
3321
3325
3323
3322
3321
3316
3317
3318
3320
3320
3320
3319
3316
3318
3319
3320
3320
3315
3315
3320
3318
3313
3312
3313
3317
3319
3317
3317
3317
3317
3317
3316
3317
3311
3310
3316
3315
3313
3312
3309
3311
3310
3310
3308
3309
3308
3308
3308
3307
3305
3306
3305
3305
3306
3306
3305
3308
3307
3302
3304
3310
3308
3307
3302
3300
3304
3303
3297
3298
3297
3302
3300
3296
3297
3301
3300
3298
3296
3295
3298
3298
3298
3295
3295
3296
3296
3296
3296
3298
3299
3294
3294
3295
3300
3298
3298
3301
3296
3298
3298
3302
3299
3300
3299
3301
3299
3300
3299
3298
3298
3299
3299
3298
3299
3299
3299
3297
3298
3297
3297
3294
3293
3292
3288
3288
3290
3291
3284
3285
3288
3288
3287
3284
3283
3285
3282
3279
3279
3278
3283
3281
3277
3276
3283
3284
3284
3284
3283
3282
3283
3282
3281
3281
3281
3282
3279
3281
3274
3277
3282
3279
3279
3276
3274
3278
3277
3271
3274
3276
3276
3273
3272
3273
3272
3270
3270
3270
3272
3268
3270
3276
3276
3275
3274
3274
3273
3275
3275
3274
3272
3270
3271
3270
3268
3268
3268
3267
3267
3259
3258
3259
3265
3264
3260
3261
3265
3264
3262
3262
3260
3257
3254
3262
3259
3258
3260
3258
3256
3254
3261
3259
3258
3256
3256
3257
3257
3258
3257
3254
3256
3260
3261
3261
3261
3259
3260
3257
3259
3255
3256
3251
3250
3255
3252
3247
3247
3249
3252
3250
3250
3251
3249
3248
3250
3248
3251
3245
3247
3250
3249
3246
3245
3246
3251
3250
3249
3250
3249
3250
3247
3243
3242
3245
3244
3244
3244
3242
3241
3240
3240
3241
3237
3239
3237
3236
3234
3233
3235
3231
3231
3234
3233
3234
3232
3232
3226
3228
3234
3234
3233
3227
3227
3232
3231
3231
3230
3229
3228
3228
3229
3228
3228
3228
3228
3226
3225
3222
3223
3225
3226
3226
3225
3225
3221
3221
3226
3226
3225
3226
3223
3221
3223
3224
3223
3224
3223
3218
3219
3220
3225
3224
3223
3224
3219
3221
3222
3225
3223
3222
3222
3223
3222
3222
3220
3219
3218
3219
3218
3217
3212
3212
3212
3218
3217
3213
3212
3217
3216
3215
3213
3212
3218
3219
3219
3219
3217
3216
3215
3218
3217
3216
3214
3215
3216
3215
3215
3215
3211
3212
3215
3216
3216
3217
3218
3217
3216
3214
3214
3214
3214
3213
3208
3208
3216
3214
3214
3215
3215
3216
3215
3214
3215
3213
3211
3212
3208
3208
3213
3212
3210
3207
3206
3205
3205
3205
3206
3203
3202
3208
3206
3204
3204
3204
3203
3204
3199
3198
3199
3202
3202
3200
3200
3203
3201
3198
3197
3198
3202
3200
3198
3196
3198
3198
3197
3193
3195
3201
3200
3201
3202
3202
3202
3203
3204
3204
3205
3203
3204
3203
3202
3203
3203
3203
3203
3202
3202
3201
3199
3199
3197
3196
3191
3192
3194
3198
3196
3197
3195
3189
3188
3192
3195
3195
3197
3198
3193
3194
3198
3198
3197
3192
3192
3197
3194
3194
3192
3191
3191
3190
3186
3189
3194
3194
3193
3192
3192
3193
3193
3193
3192
3191
3189
3190
3189
3191
3191
3191
3187
3187
3187
3191
3194
3195
3196
3191
3190
3193
3195
3197
3196
3193
3189
3187
3193
3190
3188
3187
3187
3185
3185
3184
3181
3180
3179
3180
3175
3175
3181
3180
3180
3180
3180
3176
3175
3182
3182
3185
3185
3186
3184
3184
3184
3184
3180
3181
3180
3183
3183
3176
3178
3184
3181
3179
3175
3176
3180
3180
3178
3180
3178
3177
3178
3179
3179
3178
3177
3178
3175
3176
3176
3175
3176
3176
3173
3174
3177
3182
3182
3184
3186
3185
3186
3188
3187
3184
3180
3180
3183
3180
3173
3172
3173
3174
3172
3170
3169
3163
3163
3165
3169
3168
3169
3170
3170
3169
3168
3166
3166
3166
3164
3160
3160
3166
3163
3163
3160
3159
3163
3159
3161
3161
3161
3162
3162
3157
3157
3160
3161
3157
3159
3159
3163
3162
3161
3161
3160
3161
3159
3158
3158
3157
3157
3157
3157
3157
3156
3155
3154
3153
3148
3150
3155
3154
3154
3152
3151
3150
3151
3147
3150
3149
3149
3151
3146
3146
3151
3151
3150
3149
3151
3156
3155
3154
3154
3153
3152
3151
3152
3152
3152
3150
3144
3145
3145
3150
3151
3145
3146
3150
3149
3147
3145
3145
3150
3148
3147
3145
3145
3143
3143
3144
3143
3139
3140
3144
3142
3143
3143
3143
3142
3140
3141
3139
3140
3140
3139
3138
3137
3138
3136
3138
3137
3138
3138
3140
3139
3142
3138
3140
3141
3146
3146
3142
3145
3151
3150
3150
3147
3148
3150
3150
3149
3150
3145
3143
3142
3145
3143
3137
3140
3144
3142
3141
3138
3137
3135
3133
3139
3137
3136
3137
3136
3135
3135
3135
3134
3135
3132
3132
3132
3131
3133
3132
3132
3133
3132
3131
3128
3129
3128
3129
3129
3128
3124
3125
3129
3128
3123
3126
3131
3131
3131
3131
3131
3127
3127
3132
3131
3131
3131
3129
3130
3130
3129
3130
3128
3126
3126
3125
3126
3121
3125
3129
3129
3130
3128
3130
3128
3129
3129
3128
3129
3122
3123
3125
3127
3120
3122
3125
3127
3127
3123
3122
3127
3126
3121
3123
3125
3128
3127
3125
3125
3126
3125
3126
3125
3125
3126
3124
3121
3122
3124
3128
3128
3122
3122
3126
3124
3124
3124
3124
3124
3122
3116
3117
3123
3122
3122
3122
3122
3121
3120
3119
3119
3119
3118
3119
3119
3117
3117
3117
3113
3115
3114
3119
3117
3112
3114
3120
3119
3118
3112
3113
3118
3117
3113
3113
3114
3116
3116
3115
3116
3111
3111
3115
3115
3115
3115
3113
3114
3113
3106
3107
3109
3114
3112
3110
3109
3109
3109
3110
3109
3109
3109
3108
3108
3108
3109
3111
3110
3110
3110
3107
3110
3116
3115
3113
3115
3116
3116
3118
3113
3114
3113
3115
3114
3113
3113
3108
3108
3111
3111
3110
3108
3109
3113
3113
3110
3114
3116
3121
3123
3124
3126
3128
3133
3138
3139
3142
3152
3156
3157
3164
3170
3176
3183
3185
3192
3196
3202
3205
3212
3217
3227
3233
3241
3244
3248
3254
3260
3265
3269
3272
3278
3283
3288
3291
3295
3298
3302
3305
3308
3309
3306
3310
3312
3316
3316
3312
3314
