3699
3698
3697
3697
3694
3697
3692
3689
3686
3690
3686
3683
3682
3677
3673
3668
3672
3667
3660
3657
3659
3658
3652
3646
3643
3641
3637
3633
3629
3627
3622
3619
3615
3616
3610
3610
3604
3600
3597
3597
3596
3592
3590
3584
3582
3579
3582
3581
3575
3576
3572
3571
3568
3562
3560
3563
3561
3553
3555
3552
3555
3550
3546
3544
3548
3545
3543
3540
3541
3537
3537
3526
3530
3533
3533
3530
3526
3524
3528
3526
3526
3522
3522
3520
3519
3515
3516
3516
3514
3511
3509
3510
3506
3508
3506
3503
3503
3503
3501
3496
3497
3501
3499
3494
3494
3496
3498
3495
3495
3493
3491
3490
3489
3490
3489
3487
3488
3481
3483
3486
3485
3484
3478
3479
3483
3481
3477
3476
3478
3481
3478
3480
3478
3476
3475
3476
3475
3474
3476
3474
3470
3471
3475
3475
3473
3474
3474
3474
3473
3472
3473
3470
3473
3471
3469
3471
3465
3467
3470
3471
3470
3467
3469
3461
3463
3466
3466
3465
3463
3462
3456
3458
3462
3461
3459
3456
3457
3461
3458
3460
3460
3461
3460
3460
3460
3460
3462
3460
3461
3460
3458
3458
3458
3459
3458
3451
3452
3456
3460
3458
3453
3453
3457
3457
3457
3455
3458
3455
3456
3452
3453
3457
3457
3457
3455
3456
3454
3455
3454
3452
3453
3451
3452
3453
3455
3452
3453
3460
3459
3461
3456
3460
3466
3464
3461
3461
3462
3467
3463
3464
3463
3461
3462
3459
3461
3460
3460
3463
3464
3464
3464
3464
3466
3466
3463
3464
3462
3463
3463
3460
3459
3458
3452
3453
3456
3453
3452
3445
3446
3450
3449
3447
3446
3444
3445
3443
3438
3440
3444
3440
3440
3442
3440
3436
3437
3440
3439
3434
3435
3436
3437
3440
3435
3435
3443
3441
3440
3442
3441
3442
3441
3443
3442
3441
3443
3442
3443
3446
3444
3445
3445
3443
3443
3445
3443
3440
3441
3447
3445
3446
3449
3448
3445
3443
3451
3450
3450
3452
3450
3451
3451
3448
3451
3451
3453
3453
3453
3456
3456
3457
3460
3458
3457
3457
3459
3465
3465
3461
3462
3467
3467
3468
3468
3470
3465
3468
3475
3472
3474
3475
3475
3477
3477
3479
3481
3482
3485
3487
3487
3490
3490
3494
3497
3497
3500
3502
3504
3507
3508
3507
3510
3516
3520
3521
3526
3525
3526
3529
3525
3525
3527
3533
3535
3537
3538
3536
3536
3539
3547
3548
3550
3553
3552
3557
3559
3559
3564
3563
3567
3574
3578
3575
3580
3585
3592
3597
3601
3603
3608
3610
3616
3617
3621
3625
3628
3630
3635
3636
3639
3645
3649
3654
3659
3663
3665
3668
3676
3681
3685
3684
3688
3699
3701
3703
3706
3710
3721
3721
3727
3732
3737
3743
3747
3748
3754
3765
3768
3771
3777
3782
3785
3791
3793
3800
3804
3809
3815
3814
3821
3831
3836
3840
3847
3853
3854
3863
3875
3882
3885
3893
3906
3911
3919
3924
3931
3937
3942
3950
3957
3965
3971
3977
3988
3994
3998
4007
4018
4029
4037
4039
4050
4061
4068
4077
4086
4094
4103
4114
4119
4132
4137
4147
4154
4160
4167
4182
4185
4187
4197
4205
4214
4223
4229
4237
4245
4253
4262
4268
4279
4286
4295
4303
4314
4321
4333
4340
4352
4358
4372
4380
4387
4398
4411
4423
4436
4444
4454
4460
4469
4487
4495
4504
4515
4527
4531
4544
4560
4568
4579
4588
4600
4613
4622
4631
4643
4659
4672
4686
4695
4708
4719
4733
4736
4749
4760
4772
4783
4792
4806
4813
4826
4836
4843
4851
4871
4878
4890
4898
4909
4919
4930
4939
4952
4955
4970
4982
4993
5002
5015
5023
5037
5047
5058
5067
5080
5090
5099
5109
5119
5129
5137
5146
5154
5163
5165
5177
5192
5201
5207
5219
5227
5233
5241
5260
5266
5267
5279
5287
5300
5308
5316
5327
5328
5343
5352
5365
5376
5385
5399
5406
5419
5429
5439
5451
5460
5474
5483
5495
5503
5515
5526
5538
5549
5558
5570
5572
5589
5603
5613
5624
5636
5645
5651
5660
5661
5667
5675
5684
5691
5696
5705
5712
5717
5726
5726
5737
5750
5756
5763
5772
5777
5784
5793
5806
5818
5819
5832
5848
5857
5863
5870
5880
5891
5901
5906
5917
5927
5938
5948
5960
5968
5976
5985
5994
6000
6010
6017
6023
6032
6037
6041
6048
6050
6052
6056
6066
6070
6067
6076
6080
6091
6092
6093
6100
6111
6116
6117
6120
6129
6138
6146
6151
6158
6165
6177
6185
6189
6195
6201
6211
6216
6225
6233
6243
6249
6251
6263
6274
6284
6289
6294
6299
6299
6307
6318
6321
6325
6330
6334
6340
6343
6347
6357
6354
6361
6366
6377
6385
6390
6392
6401
6404
6409
6413
6420
6429
6436
6439
6443
6445
6451
6448
6452
6453
6451
6450
6453
6451
6454
6455
6456
6452
6450
6460
6457
6456
6450
6449
6450
6447
6441
6436
6436
6436
6435
6434
6438
6440
6439
6439
6446
6450
6464
6472
6480
6486
6493
6498
6502
6507
6514
6527
6529
6535
6538
6539
6541
6550
6557
6566
6570
6578
6574
6585
6592
6598
6604
6605
6611
6607
6613
6620
6629
6631
6635
6637
6640
6644
6647
6648
6652
6649
6656
6665
6670
6673
6676
6680
6683
6687
6687
6691
6693
6699
6697
6699
6700
6713
6717
6721
6727
6722
6729
6732
6743
6743
6742
6743
6745
6742
6745
6743
6745
6745
6743
6743
6742
6740
6739
6739
6739
6742
6739
6742
6735
6738
6737
6745
6742
6746
6745
6739
6740
6741
6744
6745
6736
6742
6746
6745
6744
6742
6741
6748
6747
6748
6748
6749
6748
6745
6746
6743
6744
6740
6745
6742
6745
6741
6743
6740
6739
6735
6738
6740
6747
6745
6745
6746
6740
6743
6748
6750
6749
6749
6750
6752
6752
6755
6759
6760
6765
6767
6762
6766
6778
6780
6783
6784
6791
6802
6807
6808
6811
6811
6811
6814
6805
6804
6808
6803
6793
6793
6788
6787
6783
6779
6777
6767
6770
6768
6772
6768
6770
6767
6771
6766
6765
6765
6762
6761
6758
6751
6749
6751
6745
6742
6738
6735
6732
6730
6727
6727
6724
6723
6722
6724
6721
6719
6718
6720
6718
6716
6714
6708
6697
6700
6703
6697
6691
6690
6688
6680
6677
6682
6676
6669
6669
6664
6665
6657
6649
6647
6649
6645
6638
6631
6625
6628
6622
6620
6609
6607
6602
6600
6595
6593
6590
6590
6587
6588
6587
6582
6581
6583
6579
6571
6569
6560
6562
6553
6541
6535
6535
6527
6520
6514
6507
6502
6495
6484
6479
6475
6476
6470
6463
6460
6454
6446
6439
6433
6430
6426
6421
6418
6414
6411
6409
6410
6408
6407
6399
6399
6403
6402
6398
6396
6392
6392
6389
6389
6390
6388
6390
6389
6386
6386
6385
6386
6382
6384
6378
6369
6367
6368
6365
6351
6353
6351
6350
6348
6339
6335
6338
6333
6325
6325
6322
6329
6326
6327
6328
6325
6326
6320
6320
6316
6316
6313
6312
6311
6307
6300
6300
6306
6299
6298
6296
6296
6298
6297
6289
6289
6295
6290
6283
6281
6282
6282
6278
6267
6267
6269
6264
6261
6257
6252
6250
6247
6243
6242
6236
6236
6229
6230
6222
6213
6210
6209
6206
6204
6201
6198
6190
6189
6191
6193
6188
6186
6185
6184
6181
6186
6185
6182
6181
6181
6177
6177
6174
6174
6171
6169
6168
6165
6165
6163
6161
6158
6154
6149
6141
6142
6143
6138
6129
6126
6119
6115
6107
6105
6099
6091
6088
6092
6084
6079
6076
6070
6066
6060
6050
6047
6040
6042
6036
6031
6028
6023
6019
6009
6008
6003
6005
6002
6001
5997
5995
5991
5987
5987
5982
5979
5974
5972
5967
5963
5959
5952
5942
5936
5938
5930
5918
5912
5907
5903
5897
5892
5887
5876
5875
5871
5872
5866
5856
5851
5857
5847
5845
5837
5836
5828
5826
5823
5820
5818
5813
5809
5803
5802
5795
5792
5786
5781
5775
5763
5762
5760
5753
5747
5741
5738
5733
5727
5725
5721
5722
5718
5713
5710
5708
5712
5710
5703
5702
5707
5706
5702
5696
5689
5682
5674
5677
5670
5665
5662
5656
5651
5648
5647
5641
5642
5639
5638
5637
5637
5629
5629
5636
5631
5630
5624
5625
5628
5627
5624
5623
5622
5618
5614
5620
5621
5621
5617
5614
5615
5610
5612
5608
5609
5606
5603
5602
5601
5599
5596
5596
5595
5591
5590
5586
5584
5580
5572
5571
5575
5570
5559
5558
5556
5560
5554
5554
5547
5546
5542
5537
5537
5531
5524
5522
5528
5525
5519
5514
5511
5511
5506
5494
5493
5496
5488
5483
5477
5471
5462
5462
5455
5453
5448
5443
5439
5436
5431
5420
5418
5415
5416
5412
5407
5401
5398
5392
5388
5382
5377
5375
5369
5361
5357
5361
5356
5349
5340
5335
5337
5334
5331
5328
5324
5321
5318
5316
5312
5304
5300
5305
5302
5299
5294
5292
5289
5284
5282
5278
5276
5274
5271
5265
5264
5271
5268
5262
5261
5256
5253
5250
5239
5242
5244
5242
5240
5236
5236
5230
5227
5221
5221
5216
5206
5204
5207
5201
5194
5190
5191
5190
5185
5183
5179
5179
5174
5173
5168
5166
5162
5158
5151
5147
5151
5145
5143
5131
5128
5131
5126
5115
5115
5113
5111
5107
5102
5097
5095
5089
5087
5081
5078
5075
5070
5062
5059
5063
5059
5055
5054
5049
5048
5045
5041
5041
5037
5034
5032
5030
5029
5025
5023
5027
5025
5021
5022
5015
5017
5013
5012
5010
5010
5002
4999
5005
5000
5000
4996
4994
4990
4986
4989
4985
4983
4981
4977
4978
4973
4968
4965
4970
4968
4964
4962
4957
4956
4953
4951
4947
4940
4937
4938
4939
4935
4936
4931
4929
4927
4925
4925
4921
4917
4914
4919
4916
4909
4908
4905
4909
4904
4904
4898
4897
4892
4894
4888
4886
4883
4882
4879
4878
4876
4870
4870
4866
4864
4851
4853
4856
4852
4849
4841
4841
4840
4838
4824
4824
4820
4819
4816
4806
4806
4809
4805
4802
4799
4796
4791
4793
4788
4786
4782
4779
4776
4764
4765
4764
4762
4757
4752
4749
4744
4743
4737
4736
4733
4733
4731
4728
4726
4725
4723
4715
4717
4721
4719
4716
4717
4715
4718
4714
4709
4709
4708
4712
4710
4704
4704
4706
4705
4697
4699
4696
4701
4696
4697
4694
4695
4694
4693
4689
4687
4680
4681
4674
4672
4666
4664
4657
4650
4646
4649
4647
4638
4638
4632
4638
4632
4630
4627
4618
4618
4617
4620
4618
4615
4614
4613
4611
4611
4605
4605
4602
4601
4596
4596
4589
4589
4588
4591
4590
4582
4582
4585
4584
4579
4580
4575
4569
4566
4571
4568
4567
4563
4560
4558
4556
4552
4551
4544
4540
4541
4543
4537
4531
4531
4535
4531
4529
4527
4524
4525
4521
4522
4518
4517
4514
4514
4511
4513
4510
4509
4502
4501
4500
4503
4501
4493
4492
4498
4494
4491
4492
4487
4481
4481
4488
4483
4481
4475
4475
4480
4477
4476
4473
4471
4470
4467
4466
4463
4462
4461
4459
4458
4454
4455
4452
4451
4449
4449
4446
4443
4440
4438
4443
4438
4439
4437
4434
4432
4430
4425
4422
4426
4422
4421
4420
4419
4417
4416
4410
4408
4415
4412
4410
4405
4405
4407
4406
4397
4397
4400
4399
4395
4395
4391
4390
4390
4387
4386
4383
4381
4379
4376
4375
4371
4370
4367
4367
4364
4358
4357
4362
4360
4356
4357
4353
4354
4352
4345
4343
4350
4347
4343
4343
4341
4333
4334
4341
4337
4335
4335
4333
4333
4330
4329
4328
4325
4325
4323
4323
4320
4321
4320
4316
4313
4311
4306
4304
4308
4303
4297
4294
4296
4294
4294
4290
4288
4284
4281
4287
4283
4283
4285
4281
4277
4278
4282
4278
4276
4273
4271
4269
4266
4259
4257
4258
4258
4258
4255
4252
4251
4248
4243
4240
4240
4243
4240
4240
4238
4238
4234
4233
4230
4232
4229
4229
4228
4224
4224
4222
4220
4225
4223
4217
4221
4224
4225
4223
4222
4222
4217
4215
4214
4211
4209
4205
4205
4204
4201
4194
4195
4194
4198
4197
4196
4193
4194
4191
4188
4189
4186
4181
4179
4183
4182
4180
4179
4179
4171
4172
4177
4175
4173
4171
4171
4167
4164
4168
4166
4166
4165
4162
4163
4161
4161
4161
4157
4159
4152
4150
4151
4154
4154
4153
4151
4147
4147
4146
4148
4148
4145
4141
4140
4139
4138
4137
4136
4130
4131
4132
4129
4129
4127
4124
4120
4118
4122
4120
4111
4111
4114
4114
4113
4112
4108
4102
4105
4107
4107
4104
4103
4105
4101
4102
4099
4099
4099
4098
4098
4097
4096
4097
4096
4093
4093
4091
4087
4087
4090
4087
4083
4080
4082
4084
4081
4080
4075
4076
4074
4072
4073
4071
4069
4068
4065
4064
4065
4064
4060
4056
4055
4060
4060
4057
4058
4055
4055
4054
4048
4052
4057
4054
4054
4054
4053
4052
4052
4047
4045
4048
4048
4046
4042
4039
4044
4040
4035
4032
4030
4034
4031
4028
4026
4026
4022
4021
4019
4017
4014
4016
4012
4012
4012
4011
4011
4007
4005
4011
4011
4009
4010
4006
4006
4006
4006
4007
4000
4003
4003
4004
4002
4002
4001
3999
3997
3996
3994
3993
3992
3991
3986
3985
3992
3990
3988
3985
3983
3989
3990
3988
3989
3989
3989
3989
3985
3986
3989
3989
3987
3985
3984
3979
3982
3979
3977
3972
3971
3969
3973
3971
3968
3967
3965
3963
3963
3962
3963
3963
3961
3959
3958
3957
3950
3951
3956
3953
3953
3953
3946
3948
3946
3951
3949
3942
3944
3949
3950
3946
3948
3945
3945
3944
3942
3943
3943
3941
3941
3936
3936
3940
3939
3939
3939
3939
3938
3936
3934
3933
3932
3929
3927
3922
3920
3926
3925
3922
3921
3921
3920
3918
3918
3917
3910
3911
3917
3915
3913
3909
3910
3913
3909
3911
3911
3910
3908
3908
3905
3904
3910
3909
3907
3906
3906
3901
3902
3908
3908
3906
3907
3906
3905
3904
3906
3902
3898
3896
3896
3900
3896
3887
3889
3893
3888
3887
3886
3885
3885
3882
3883
3883
3880
3878
3879
3878
3878
3872
3871
3876
3875
3873
3872
3871
3872
3872
3866
3866
3868
3869
3870
3866
3866
3865
3863
3860
3861
3861
3857
3856
3861
3860
3855
3855
3855
3858
3857
3855
3852
3847
3850
3850
3850
3848
3848
3848
3844
3843
3847
3846
3846
3845
3842
3842
3842
3842
3841
3841
3842
3841
3842
3840
3838
3839
3837
3839
3836
3829
3829
3835
3832
3826
3824
3825
3829
3827
3825
3823
3823
3823
3822
3820
3817
3819
3819
3817
3816
3814
3813
3812
3815
3814
3810
3808
3815
3812
3812
3809
3810
3803
3805
3810
3809
3806
3804
3805
3809
3808
3808
3808
3808
3807
3807
3809
3804
3807
3806
3805
3805
3804
3802
3799
3800
3800
3797
3798
3798
3792
3794
3799
3796
3796
3796
3797
3796
3793
3792
3794
3793
3792
3793
3792
3793
3794
3792
3792
3791
3784
3784
3783
3787
3786
3783
3782
3776
3777
3780
3781
3780
3775
3773
3778
3777
3772
3771
3772
3772
3773
3776
3775
3774
3774
3775
3776
3775
3774
3773
3774
3773
3771
3771
3771
3770
3770
3769
3766
3765
3765
3765
3765
3764
3763
3762
3763
3763
3763
3761
3761
3757
3759
3763
3762
3760
3761
3760
3756
3755
3761
3760
3753
3752
3753
3756
3755
3752
3751
3751
3749
3746
3742
3744
3746
3745
3745
3743
3743
3743
3740
3738
3738
3739
3739
3732
3732
3733
3737
3736
3731
3733
3739
3736
3734
3734
3734
3732
3733
3726
3729
3731
3733
3732
3732
3731
3730
3731
3729
3728
3728
3729
3728
3729
3728
3727
3727
3728
3726
3726
3720
3722
3727
3723
3721
3719
3719
3723
3721
3717
3719
3722
3720
3718
3721
3721
3719
3718
3715
3716
3716
3719
3720
3720
3717
3718
3717
3716
3714
3711
3710
3709
3707
3705
3701
3702
3702
3706
3704
3700
3701
3707
3705
3704
3702
3702
3697
3696
3700
3699
3700
3699
3699
3694
3695
3700
3697
3693
3694
3692
3697
3698
3695
3694
3693
3693
3693
3692
3691
3692
3691
3690
3688
3686
3687
3686
3682
3681
3687
3685
3680
3681
3682
3686
3685
3684
3684
3684
3682
3680
3680
3680
3677
3677
3678
3677
3675
3675
3675
3670
3670
3673
3673
3671
3672
3670
3671
3674
3674
3676
3675
3676
3676
3677
3675
3669
3670
3675
3674
3672
3667
3666
3671
3669
3668
3665
3666
3667
3666
3660
3664
3666
3664
3662
3662
3661
3660
3660
3657
3656
3660
3662
3658
3657
3657
3654
3652
3656
3657
3652
3651
3651
3656
3654
3653
3653
3654
3654
3653
3655
3654
3652
3650
3645
3645
3647
3650
3649
3643
3644
3651
3649
3644
3646
3648
3649
3649
3644
3646
3651
3647
3647
3647
3646
3646
3646
3645
3646
3644
3643
3643
3639
3637
3644
3643
3644
3644
3642
3637
3639
3641
3640
3640
3638
3637
3636
3637
3637
3635
3629
3630
3634
3635
3632
3632
3632
3628
3628
3630
3631
3629
3631
3630
3628
3629
3628
3628
3628
3622
3625
3629
3630
3630
3629
3629
3629
3629
3623
3626
3632
3633
3633
3635
3635
3631
3633
3638
3636
3635
3633
3632
3627
3627
3631
3628
3626
3626
3624
3621
3619
3623
3621
3622
3619
3620
3617
3617
3613
3614
3614
3614
3610
3612
3611
3610
3609
3609
3610
3606
3605
3607
3611
3611
3606
3607
3613
3611
3607
3607
3608
3613
3611
3610
3610
3609
3607
3608
3605
3605
3607
3606
3605
3605
3601
3597
3599
3603
3600
3593
3595
3600
3600
3600
3598
3597
3598
3596
3596
3595
3597
3597
3594
3594
3596
3595
3594
3593
3594
3594
3589
3588
3592
3592
3591
3590
3592
3586
3586
3590
3589
3588
3586
3587
3584
3586
3585
3584
3578
3581
3583
3585
3584
3584
3583
3585
3583
3582
3582
3584
3585
3587
3587
3587
3587
3587
3588
3584
3582
3585
3586
3581
3580
3581
3582
3582
3584
3582
3575
3578
3584
3582
3580
3581
3581
3579
3578
3572
3574
3572
3577
3576
3571
3569
3575
3575
3572
3573
3573
3572
3570
3569
3570
3570
3571
3568
3569
3568
3568
3567
3563
3567
3567
3572
3572
3572
3573
3568
3570
3574
3577
3575
3575
3575
3573
3575
3572
3571
3573
3569
3569
3577
3574
3573
3574
3573
3576
3573
3571
3570
3578
3574
3577
3576
3576
3575
3577
3576
3577
3575
3578
3576
3578
3576
3576
3576
3571
3571
3568
3573
3569
3569
3565
3560
3558
3562
3562
3560
3555
3554
3560
3557
3556
3553
3556
3558
3559
3559
3560
3560
3559
3559
3557
3557
3562
3559
3560
3561
3560
3562
3562
3558
3558
3566
3563
3561
3560
3561
3565
3562
3561
3558
3558
3554
3553
3549
3550
3547
3547
3543
3544
3541
3543
3542
3542
3541
3539
3539
3543
3543
3544
3543
3544
3544
3543
3542
3542
3542
3538
3536
3540
3540
3537
3538
3535
3536
3533
3531
3530
3535
3532
3529
3530
3529
3534
3532
3531
3532
3530
3532
3531
3532
3531
3532
3529
3529
3528
3528
3522
3524
3527
3525
3521
3522
3524
3524
3522
3523
3520
3517
3517
3523
3521
3520
3520
3521
3517
3519
3526
3527
3528
3526
3526
3524
3523
3531
3527
3529
3527
3529
3529
3530
3530
3532
3531
3530
3530
3528
3528
3520
3522
3526
3527
3527
3526
3526
3525
3525
3520
3520
3525
3524
3526
3527
3527
3523
3525
3532
3531
3532
3532
3532
3533
3532
3532
3532
3531
3531
3529
3527
3526
3533
3529
3525
3522
3523
3526
3525
3524
3523
3522
3522
3519
3519
3518
3518
3517
3517
3519
3516
3511
3513
3516
3515
3514
3513
3508
3507
3508
3509
3508
3507
3505
3499
3499
3500
3505
3503
3495
3497
3504
3503
3502
3500
3501
3499
3500
3498
3499
3499
3499
3500
3500
3501
3499
3501
3500
3502
3500
3501
3499
3500
3500
3500
3499
3500
3495
3498
3501
3503
3498
3501
3506
3506
3506
3500
3505
3511
3510
3506
3507
3511
3513
3513
3510
3512
3510
3509
3508
3504
3505
3503
3504
3502
3501
3500
3499
3497
3495
3494
3498
3496
3495
3495
3495
3491
3490
3496
3494
3492
3492
3494
3497
3497
3491
3494
3497
3497
3495
3496
3494
3495
3493
3495
3492
3493
3493
3493
3489
3489
3490
3492
3493
3492
3494
3493
3495
3491
3492
3499
3498
3496
3495
3495
3493
3491
3497
3492
3489
3487
3489
3494
3494
3487
3489
3496
3496
3496
3499
3497
3499
3498
3499
3496
3497
3496
3493
3493
3490
3485
3485
3490
3486
3486
3486
3484
3485
3483
3484
3481
3482
3484
3485
3485
3483
3480
3479
3484
3483
3484
3478
3479
3483
3483
3481
3482
3480
3478
3476
3483
3478
3479
3477
3479
3476
3478
3476
3478
3476
3477
3476
3475
3474
3476
3474
3474
3474
3473
3474
3472
3474
3473
3474
3474
3472
3472
3476
3478
3478
3474
3475
3480
3479
3476
3474
3475
3479
3479
3479
3480
3473
3476
3473
3478
3476
3475
3473
3474
3472
3473
3470
3471
3469
3469
3470
3468
3465
3465
3468
3471
3474
3475
3477
3472
3475
3476
3481
3481
3479
3477
3477
3476
3475
3474
3473
3473
3472
3467
3469
3473
3473
3473
3474
3475
3476
3477
3477
3476
3477
3474
3474
3473
3473
3473
3471
3472
3470
3472
3473
3474
3473
3471
3471
3469
3470
3463
3465
3466
3466
3459
3460
3461
3464
3461
3459
3458
3464
3462
3462
3459
3458
3459
3457
3457
3455
3456
3457
3455
3452
3452
3460
3458
3453
3454
3455
3459
3457
3460
3458
3460
3459
3461
3461
3460
3456
3458
3463
3460
3455
3455
3454
3458
3455
3454
3453
3453
3452
3454
3450
3452
3448
3450
3449
3449
3449
3449
3448
3446
3444
3444
3445
3445
3443
3444
3442
3443
3444
3443
3443
3442
3445
3446
3446
3443
3446
3450
3451
3451
3450
3449
3456
3455
3455
3454
3454
3453
3453
3450
3449
3456
3455
3454
3456
3461
3468
3472
3472
3477
3489
3491
3497
3499
3507
3508
3514
3513
3521
3530
3538
3543
3547
3551
3556
3564
3573
3577
3584
3588
3593
3600
3606
3610
3617
3623
3628
3633
3636
3641
3639
3647
3654
3660
3661
3661
3663
3672
3671
3673
3672
