4806
4806
4802
4803
4803
4805
4803
4799
4796
4794
4791
4787
4778
4775
4773
4768
4763
4761
4755
4748
4742
4742
4735
4729
4725
4720
4714
4710
4702
4697
4698
4690
4687
4683
4679
4670
4666
4666
4661
4657
4655
4650
4646
4641
4637
4633
4632
4627
4618
4614
4612
4612
4610
4601
4598
4600
4595
4592
4589
4585
4579
4577
4581
4575
4571
4569
4568
4562
4561
4564
4560
4556
4554
4553
4551
4548
4548
4546
4545
4543
4542
4540
4539
4530
4532
4536
4534
4531
4530
4526
4525
4524
4523
4520
4519
4518
4518
4516
4516
4511
4510
4516
4514
4514
4510
4511
4514
4514
4511
4512
4510
4509
4510
4506
4504
4510
4509
4501
4502
4501
4502
4502
4494
4495
4497
4494
4491
4488
4485
4484
4483
4482
4480
4477
4478
4478
4477
4478
4472
4470
4476
4475
4476
4473
4473
4472
4470
4470
4468
4466
4466
4465
4464
4464
4462
4462
4461
4460
4458
4455
4455
4459
4458
4455
4457
4460
4464
4466
4462
4465
4469
4467
4466
4462
4460
4460
4458
4453
4453
4455
4456
4455
4451
4451
4455
4453
4454
4453
4452
4453
4453
4453
4451
4450
4448
4448
4447
4445
4445
4442
4442
4442
4439
4437
4436
4441
4441
4438
4441
4446
4445
4444
4440
4438
4443
4440
4439
4440
4439
4434
4436
4439
4438
4436
4436
4436
4434
4432
4432
4432
4433
4432
4432
4431
4432
4434
4433
4434
4433
4435
4435
4435
4432
4433
4428
4430
4434
4432
4429
4428
4428
4423
4422
4428
4426
4425
4426
4427
4424
4423
4427
4427
4427
4427
4426
4422
4423
4428
4426
4426
4426
4426
4425
4425
4421
4423
4426
4425
4424
4425
4426
4425
4427
4426
4426
4425
4427
4428
4425
4426
4432
4432
4430
4430
4430
4430
4430
4425
4425
4429
4428
4429
4427
4428
4429
4428
4428
4430
4432
4432
4433
4435
4436
4443
4445
4446
4447
4445
4447
4448
4443
4444
4448
4448
4448
4446
4443
4443
4444
4438
4440
4445
4442
4443
4444
4444
4446
4446
4444
4448
4450
4456
4457
4458
4459
4460
4463
4461
4462
4464
4470
4471
4467
4469
4475
4475
4477
4479
4480
4483
4487
4491
4494
4498
4501
4504
4508
4510
4513
4517
4520
4521
4525
4529
4531
4531
4534
4528
4530
4531
4535
4536
4533
4533
4541
4542
4540
4540
4544
4553
4555
4558
4560
4560
4565
4569
4577
4581
4587
4591
4597
4603
4606
4608
4613
4616
4619
4624
4626
4630
4633
4638
4648
4651
4655
4662
4662
4670
4677
4687
4689
4690
4696
4706
4709
4713
4717
4722
4726
4732
4737
4744
4749
4754
4761
4767
4773
4775
4784
4796
4802
4808
4812
4820
4832
4840
4842
4853
4861
4874
4882
4890
4900
4911
4921
4929
4938
4950
4964
4975
4987
4999
5009
5018
5028
5039
5049
5060
5069
5081
5088
5098
5107
5114
5123
5132
5142
5151
5160
5168
5179
5193
5205
5216
5228
5241
5251
5264
5272
5287
5305
5316
5331
5343
5356
5372
5385
5394
5408
5429
5443
5456
5470
5486
5506
5520
5533
5550
5560
5578
5594
5614
5630
5639
5655
5673
5684
5696
5707
5719
5732
5744
5758
5770
5782
5795
5811
5830
5843
5861
5875
5893
5909
5926
5940
5959
5971
5991
6013
6029
6045
6061
6077
6091
6110
6134
6149
6165
6183
6199
6217
6234
6253
6272
6290
6308
6327
6346
6365
6380
6399
6424
6438
6453
6471
6488
6505
6521
6531
6550
6568
6586
6602
6619
6632
6644
6662
6685
6701
6717
6732
6750
6763
6783
6807
6822
6839
6857
6874
6889
6907
6920
6940
6959
6977
6994
7011
7028
7044
7061
7075
7091
7108
7122
7140
7154
7174
7188
7206
7220
7234
7247
7260
7274
7291
7303
7316
7330
7346
7364
7377
7387
7402
7421
7431
7440
7446
7459
7477
7487
7495
7509
7523
7541
7559
7574
7589
7607
7622
7643
7657
7674
7691
7706
7721
7734
7751
7765
7779
7789
7804
7821
7833
7845
7861
7876
7884
7902
7923
7937
7955
7971
7986
8003
8022
8045
8062
8075
8091
8100
8112
8127
8142
8154
8162
8173
8184
8198
8207
8216
8228
8237
8247
8257
8272
8281
8290
8301
8318
8328
8336
8349
8357
8367
8380
8386
8397
8408
8410
8409
8417
8424
8433
8440
8447
8454
8455
8462
8472
8479
8486
8489
8490
8493
8500
8507
8513
8523
8529
8539
8546
8556
8563
8572
8584
8594
8605
8613
8626
8647
8657
8671
8687
8702
8715
8732
8757
8771
8782
8805
8827
8853
8868
8877
8893
8911
8922
8935
8939
8949
8962
8969
8974
8980
8988
8999
9009
9020
9030
9041
9045
9050
9059
9066
9072
9080
9086
9094
9104
9110
9118
9123
9126
9130
9134
9133
9141
9150
9162
9168
9173
9182
9190
9196
9198
9208
9219
9230
9237
9245
9250
9256
9261
9267
9267
9275
9289
9299
9300
9314
9328
9339
9349
9352
9363
9375
9382
9385
9393
9405
9414
9425
9429
9439
9438
9446
9451
9457
9458
9457
9455
9452
9456
9457
9462
9465
9474
9481
9488
9493
9500
9505
9511
9512
9520
9529
9532
9537
9538
9548
9551
9557
9564
9569
9576
9581
9586
9592
9594
9595
9601
9602
9602
9593
9591
9589
9590
9593
9590
9590
9590
9589
9595
9591
9596
9607
9609
9608
9617
9625
9636
9637
9638
9644
9650
9650
9648
9648
9644
9636
9630
9630
9617
9607
9595
9581
9573
9571
9562
9561
9562
9564
9568
9571
9578
9587
9591
9597
9602
9609
9613
9617
9621
9621
9619
9623
9633
9631
9629
9620
9616
9613
9603
9596
9591
9586
9577
9571
9563
9559
9554
9554
9557
9560
9561
9564
9561
9555
9551
9555
9553
9551
9552
9553
9547
9552
9558
9557
9554
9550
9551
9555
9561
9567
9570
9574
9580
9587
9592
9600
9608
9617
9625
9632
9638
9645
9653
9651
9657
9665
9664
9663
9659
9660
9666
9664
9657
9661
9664
9660
9660
9655
9655
9647
9641
9644
9637
9631
9624
9620
9614
9609
9604
9601
9597
9593
9594
9592
9590
9577
9574
9576
9571
9566
9556
9552
9552
9546
9534
9527
9523
9522
9514
9510
9505
9497
9497
9494
9490
9487
9490
9490
9483
9483
9485
9481
9478
9475
9472
9472
9466
9459
9464
9463
9467
9466
9466
9468
9470
9472
9474
9472
9474
9475
9476
9475
9478
9471
9475
9474
9482
9480
9473
9474
9478
9475
9473
9465
9464
9468
9465
9462
9459
9458
9451
9451
9453
9448
9442
9437
9442
9439
9433
9430
9429
9426
9420
9418
9411
9409
9405
9400
9392
9387
9383
9378
9377
9372
9367
9363
9357
9347
9342
9336
9332
9324
9315
9301
9297
9288
9282
9276
9270
9260
9256
9258
9255
9246
9246
9243
9241
9232
9224
9218
9212
9209
9201
9190
9179
9165
9156
9138
9128
9127
9116
9107
9102
9093
9094
9088
9082
9075
9065
9059
9055
9048
9046
9052
9049
9046
9045
9044
9034
9027
9033
9027
9023
9018
9013
9009
9000
8992
8986
8970
8962
8951
8941
8931
8913
8900
8893
8881
8862
8853
8843
8837
8828
8819
8810
8803
8796
8790
8778
8771
8771
8765
8762
8757
8755
8755
8752
8744
8742
8746
8743
8742
8740
8740
8738
8739
8740
8741
8746
8749
8750
8753
8756
8756
8762
8770
8773
8772
8775
8778
8779
8781
8778
8781
8787
8786
8786
8786
8786
8779
8777
8785
8781
8781
8781
8784
8783
8782
8773
8774
8769
8768
8762
8759
8754
8750
8746
8738
8737
8736
8740
8737
8727
8724
8728
8723
8722
8718
8714
8709
8703
8698
8692
8684
8678
8671
8664
8656
8653
8646
8640
8635
8630
8626
8623
8621
8620
8611
8611
8611
8611
8604
8596
8588
8582
8572
8565
8559
8550
8538
8530
8531
8521
8509
8502
8497
8496
8487
8471
8464
8464
8451
8441
8434
8423
8408
8398
8398
8386
8378
8364
8354
8347
8339
8329
8320
8306
8298
8293
8287
8280
8272
8263
8252
8242
8234
8223
8212
8201
8191
8182
8173
8167
8160
8153
8145
8138
8131
8126
8120
8112
8104
8093
8088
8084
8076
8066
8056
8045
8040
8032
8020
8014
8015
8002
7993
7987
7975
7966
7959
7956
7952
7948
7944
7941
7938
7937
7938
7937
7929
7933
7933
7939
7939
7938
7938
7934
7937
7938
7938
7940
7933
7935
7939
7937
7935
7935
7935
7933
7934
7929
7927
7927
7926
7925
7927
7926
7920
7919
7924
7918
7914
7912
7909
7904
7905
7901
7898
7888
7884
7878
7876
7869
7864
7858
7848
7843
7832
7823
7812
7802
7793
7779
7777
7773
7770
7763
7749
7742
7745
7738
7729
7726
7723
7719
7714
7700
7693
7690
7677
7665
7658
7649
7639
7630
7627
7619
7611
7604
7600
7601
7593
7587
7584
7580
7576
7572
7566
7558
7550
7540
7527
7522
7514
7512
7501
7490
7484
7487
7475
7466
7455
7452
7452
7445
7434
7428
7429
7423
7416
7411
7404
7401
7393
7387
7383
7378
7368
7361
7352
7341
7344
7336
7331
7326
7319
7316
7313
7306
7300
7297
7294
7286
7282
7277
7273
7270
7260
7258
7253
7254
7250
7248
7243
7240
7232
7224
7215
7210
7209
7202
7197
7194
7183
7181
7178
7180
7175
7168
7165
7167
7162
7157
7150
7144
7147
7144
7142
7135
7134
7130
7129
7125
7121
7120
7117
7114
7112
7111
7108
7105
7103
7100
7097
7092
7088
7081
7076
7077
7072
7061
7057
7055
7052
7049
7044
7042
7036
7034
7030
7027
7022
7015
7013
7015
7010
7005
7000
6999
6994
6990
6984
6980
6972
6965
6963
6961
6959
6951
6946
6944
6941
6935
6931
6927
6920
6918
6920
6916
6910
6905
6900
6895
6890
6879
6880
6881
6875
6869
6864
6858
6853
6848
6843
6840
6836
6835
6831
6827
6827
6816
6815
6817
6811
6806
6797
6795
6798
6795
6790
6785
6781
6776
6771
6767
6763
6754
6751
6753
6749
6745
6735
6733
6731
6728
6721
6714
6710
6703
6697
6689
6681
6669
6662
6658
6655
6648
6640
6637
6631
6625
6621
6618
6610
6608
6605
6602
6600
6591
6590
6588
6590
6587
6585
6583
6575
6575
6574
6574
6571
6564
6564
6567
6563
6560
6556
6554
6549
6545
6540
6535
6531
6528
6526
6519
6513
6514
6510
6505
6501
6496
6493
6488
6481
6479
6468
6465
6464
6459
6450
6443
6439
6435
6431
6419
6417
6410
6408
6403
6396
6392
6380
6378
6374
6375
6368
6357
6354
6354
6348
6340
6337
6332
6334
6329
6324
6320
6315
6310
6304
6303
6298
6294
6289
6285
6282
6274
6268
6265
6265
6263
6260
6256
6250
6248
6245
6247
6245
6242
6240
6238
6236
6235
6232
6231
6231
6231
6228
6227
6225
6223
6222
6214
6214
6217
6213
6210
6206
6204
6195
6191
6193
6189
6185
6180
6174
6166
6164
6164
6160
6157
6154
6150
6146
6143
6136
6136
6140
6137
6134
6131
6129
6122
6121
6124
6119
6118
6115
6112
6111
6108
6103
6103
6106
6100
6098
6093
6092
6096
6093
6090
6090
6087
6085
6084
6082
6078
6076
6074
6072
6068
6065
6063
6060
6054
6051
6054
6052
6045
6041
6041
6040
6040
6037
6035
6033
6032
6026
6026
6025
6022
6021
6018
6018
6016
6014
6012
6004
6005
6007
6006
6004
5998
5999
5999
5998
5995
5990
5982
5981
5983
5982
5981
5976
5974
5979
5975
5975
5972
5969
5967
5963
5957
5955
5955
5958
5951
5944
5942
5943
5939
5933
5930
5927
5923
5922
5919
5916
5913
5908
5904
5901
5898
5893
5891
5888
5883
5880
5878
5877
5875
5875
5872
5869
5860
5858
5857
5858
5853
5851
5850
5847
5848
5845
5842
5843
5834
5832
5837
5830
5825
5821
5815
5815
5812
5803
5800
5802
5800
5793
5792
5787
5786
5782
5780
5778
5773
5771
5770
5769
5766
5767
5765
5764
5762
5764
5770
5768
5764
5760
5764
5762
5757
5753
5749
5749
5743
5735
5731
5720
5717
5710
5706
5702
5695
5691
5689
5686
5681
5674
5672
5674
5672
5672
5668
5667
5666
5663
5662
5661
5657
5658
5658
5652
5653
5657
5653
5647
5648
5649
5649
5651
5649
5649
5643
5642
5649
5645
5644
5644
5641
5634
5634
5633
5630
5624
5620
5616
5611
5609
5606
5603
5602
5600
5598
5593
5589
5593
5591
5588
5590
5587
5585
5584
5591
5588
5586
5588
5586
5587
5588
5584
5581
5571
5567
5562
5559
5552
5549
5541
5537
5535
5530
5527
5526
5521
5519
5519
5515
5507
5511
5509
5513
5510
5502
5504
5507
5501
5504
5499
5501
5502
5502
5496
5497
5500
5500
5498
5496
5496
5490
5491
5498
5494
5493
5494
5491
5486
5487
5489
5489
5486
5485
5484
5480
5482
5480
5475
5477
5473
5472
5471
5468
5468
5465
5461
5460
5459
5464
5462
5460
5461
5455
5453
5456
5456
5457
5455
5455
5461
5459
5456
5456
5453
5447
5444
5442
5437
5427
5425
5419
5422
5415
5410
5408
5403
5403
5397
5399
5395
5392
5390
5385
5385
5391
5388
5385
5383
5379
5377
5373
5365
5361
5361
5364
5361
5353
5356
5359
5356
5356
5353
5352
5357
5356
5354
5352
5352
5349
5346
5345
5344
5341
5340
5339
5336
5334
5333
5330
5329
5328
5322
5321
5321
5324
5321
5321
5319
5318
5317
5316
5317
5316
5310
5313
5315
5313
5309
5310
5310
5314
5312
5313
5312
5311
5309
5310
5307
5305
5310
5307
5307
5306
5305
5303
5302
5302
5300
5298
5298
5296
5293
5294
5291
5290
5289
5284
5286
5285
5281
5280
5279
5271
5270
5275
5270
5263
5262
5258
5262
5259
5252
5250
5255
5250
5246
5244
5243
5235
5235
5238
5234
5230
5226
5224
5228
5223
5223
5222
5220
5219
5219
5216
5216
5212
5211
5215
5213
5212
5212
5212
5206
5208
5212
5212
5212
5209
5208
5208
5208
5207
5208
5204
5204
5202
5203
5202
5198
5197
5200
5196
5194
5190
5191
5191
5188
5181
5185
5186
5188
5186
5183
5180
5174
5173
5176
5170
5171
5166
5164
5158
5158
5162
5158
5156
5157
5156
5152
5153
5151
5150
5150
5151
5149
5151
5152
5151
5151
5159
5156
5155
5150
5149
5153
5149
5149
5149
5152
5150
5150
5155
5154
5153
5150
5147
5139
5141
5139
5137
5137
5137
5132
5131
5132
5135
5130
5128
5129
5133
5130
5129
5129
5128
5129
5128
5129
5128
5129
5129
5127
5127
5127
5124
5126
5120
5121
5124
5128
5125
5122
5121
5118
5115
5110
5108
5102
5100
5099
5097
5094
5090
5085
5085
5088
5086
5079
5078
5085
5082
5079
5073
5073
5075
5074
5072
5068
5070
5069
5068
5063
5065
5068
5067
5065
5061
5063
5060
5061
5063
5063
5060
5059
5059
5055
5055
5053
5052
5050
5051
5048
5040
5041
5045
5040
5041
5040
5037
5037
5038
5035
5035
5030
5031
5034
5034
5035
5032
5032
5033
5032
5030
5029
5031
5029
5030
5024
5025
5029
5028
5026
5022
5023
5027
5027
5026
5023
5025
5028
5027
5022
5024
5029
5025
5021
5020
5022
5026
5025
5018
5019
5022
5017
5018
5015
5013
5013
5014
5010
5009
5009
5007
5007
5005
5005
5003
5001
4995
4993
4993
4997
4995
4990
4991
4994
4992
4990
4991
4990
4992
4991
4984
4986
4993
4992
4990
4990
4993
4991
4989
4991
4990
4991
4990
4989
4987
4986
4985
4985
4981
4979
4978
4975
4973
4973
4973
4971
4968
4969
4969
4966
4961
4962
4967
4963
4960
4960
4961
4959
4956
4952
4951
4950
4952
4951
4948
4946
4951
4951
4948
4947
4948
4952
4952
4950
4947
4945
4947
4945
4946
4946
4941
4946
4952
4951
4951
4950
4950
4951
4948
4945
4940
4938
4933
4930
4926
4925
4923
4922
4915
4917
4914
4916
4916
4915
4913
4912
4913
4911
4909
4907
4912
4911
4902
4903
4909
4908
4905
4906
4905
4902
4903
4903
4901
4899
4900
4898
4893
4891
4895
4892
4890
4885
4883
4890
4888
4886
4885
4886
4886
4886
4882
4881
4886
4885
4883
4883
4881
4880
4879
4877
4878
4876
4876
4873
4874
4870
4866
4865
4866
4863
4858
4857
4856
4859
4858
4856
4852
4852
4851
4851
4848
4846
4848
4844
4843
4844
4846
4847
4846
4845
4850
4855
4855
4855
4855
4854
4851
4850
4847
4848
4838
4840
4842
4843
4842
4837
4835
4843
4837
4838
4837
4835
4828
4831
4833
4829
4829
4827
4827
4824
4826
4823
4823
4826
4825
4822
4821
4820
4816
4815
4819
4818
4817
4817
4817
4815
4815
4816
4814
4815
4817
4816
4815
4817
4818
4817
4810
4812
4813
4815
4816
4811
4812
4816
4816
4811
4811
4813
4814
4816
4815
4814
4814
4812
4809
4809
4808
4804
4800
4805
4801
4802
4801
4798
4797
4797
4796
4795
4796
4796
4794
4793
4791
4788
4788
4784
4782
4778
4773
4771
4775
4773
4763
4765
4765
4768
4766
4764
4762
4767
4766
4766
4766
4767
4768
4768
4766
4767
4761
4760
4761
4766
4764
4763
4762
4757
4759
4757
4759
4758
4755
4753
4752
4752
4750
4750
4750
4747
4749
4748
4749
4748
4747
4749
4752
4753
4752
4755
4747
4748
4746
4748
4747
4747
4746
4747
4747
4744
4742
4741
4745
4743
4737
4736
4741
4737
4735
4736
4733
4728
4726
4734
4733
4733
4727
4729
4734
4732
4730
4732
4728
4729
4726
4729
4728
4728
4728
4728
4728
4730
4730
4729
4723
4726
4730
4728
4730
4726
4726
4729
4726
4725
4725
4726
4725
4725
4726
4729
4724
4724
4728
4728
4728
4726
4726
4723
4722
4728
4726
4724
4720
4722
4723
4722
4721
4721
4720
4721
4720
4714
4716
4719
4714
4715
4713
4715
4717
4718
4719
4719
4727
4724
4722
4721
4720
4717
4716
4716
4714
4715
4715
4715
4709
4712
4715
4711
4711
4709
4706
4704
4703
4701
4700
4701
4700
4697
4696
4696
4694
4695
4690
4690
4690
4694
4693
4693
4694
4689
4690
4697
4694
4693
4695
4695
4696
4697
4691
4691
4694
4695
4695
4691
4692
4696
4696
4694
4694
4692
4689
4687
4686
4684
4676
4676
4676
4677
4675
4675
4675
4674
4675
4676
4678
4678
4678
4679
4674
4673
4674
4675
4670
4664
4663
4666
4665
4665
4665
4667
4668
4668
4668
4673
4673
4675
4676
4674
4673
4671
4671
4677
4675
4673
4673
4671
4666
4665
4671
4664
4660
4661
4659
4655
4657
4656
4655
4653
4653
4653
4658
4657
4654
4656
4654
4653
4652
4648
4647
4651
4647
4643
4642
4645
4643
4641
4640
4641
4635
4634
4640
4637
4635
4636
4636
4636
4632
4628
4631
4630
4633
4634
4632
4631
4632
4629
4630
4632
4631
4628
4627
4634
4633
4629
4628
4625
4624
4622
4619
4618
4614
4614
4615
4618
4617
4610
4612
4618
4614
4614
4615
4614
4612
4613
4615
4613
4616
4616
4618
4620
4620
4621
4623
4621
4624
4624
4623
4623
4620
4621
4624
4622
4618
4617
4616
4622
4620
4614
4616
4620
4618
4616
4612
4613
4615
4614
4613
4615
4612
4614
4616
4614
4614
4613
4611
4612
4615
4616
4617
4616
4618
4617
4609
4612
4611
4617
4616
4613
4612
4618
4613
4613
4613
4610
4609
4610
4609
4608
4608
4611
4609
4608
4609
4611
4610
4602
4604
4604
4609
4606
4603
4603
4609
4607
4605
4606
4605
4608
4609
4605
4605
4609
4606
4605
4608
4607
4609
4611
4608
4609
4612
4615
4614
4612
4611
4611
4612
4612
4612
4610
4608
4608
4600
4599
4603
4601
4600
4594
4595
4599
4601
4600
4599
4600
4597
4598
4601
4600
4598
4598
4597
4596
4593
4594
4593
4592
4593
4587
4586
4586
4591
4591
4592
4595
4595
4598
4598
4601
4603
4602
4605
4599
4600
4602
4603
4599
4598
4598
4591
4590
4595
4594
4593
4588
4588
4592
4590
4586
4585
4583
4582
4582
4579
4581
4581
4577
4574
4572
4571
4574
4572
4572
4572
4571
4569
4568
4566
4565
4567
4567
4562
4564
4566
4570
4570
4570
4570
4570
4568
4569
4568
4568
4567
4570
4570
4569
4564
4565
4564
4569
4568
4566
4566
4565
4566
4566
4563
4560
4564
4561
4561
4558
4556
4553
4553
4553
4552
4549
4552
4546
4549
4547
4551
4550
4545
4547
4551
4551
4549
4550
4551
4551
4554
4556
4555
4554
4554
4553
4558
4557
4558
4556
4557
4557
4555
4557
4557
4551
4552
4555
4554
4554
4549
4548
4551
4549
4549
4548
4544
4543
4542
4545
4546
4543
4543
4543
4541
4538
4539
4539
4534
4535
4540
4539
4539
4537
4536
4538
4536
4537
4538
4535
4536
4537
4538
4540
4534
4535
4540
4539
4537
4534
4535
4539
4538
4534
4535
4537
4542
4540
4538
4539
4540
4538
4538
4540
4539
4537
4537
4537
4538
4537
4535
4537
4537
4538
4536
4534
4534
4531
4528
4523
4526
4526
4527
4521
4522
4523
4528
4527
4523
4524
4529
4528
4526
4526
4526
4522
4520
4524
4520
4522
4520
4522
4521
4518
4516
4515
4515
4515
4510
4508
4510
4513
4510
4510
4509
4510
4509
4508
4506
4506
4507
4507
4506
4505
4505
4503
4504
4506
4504
4504
4505
4506
4505
4504
4502
4501
4508
4509
4504
4506
4507
4513
4512
4510
4511
4507
4510
4509
4514
4513
4508
4509
4512
4509
4510
4508
4507
4503
4503
4504
4502
4501
4500
4501
4495
4495
4501
4501
4495
4496
4497
4502
4498
4498
4498
4500
4499
4497
4499
4499
4498
4499
4497
4498
4500
4500
4499
4498
4497
4502
4501
4501
4499
4499
4498
4499
4498
4496
4492
4492
4492
4490
4490
4486
4486
4489
4488
4484
4483
4484
4488
4485
4485
4484
4484
4483
4483
4481
4481
4485
4482
4481
4483
4481
4478
4478
4483
4481
4483
4484
4482
4484
4483
4481
4484
4489
4488
4487
4488
4488
4488
4491
4488
4489
4493
4492
4492
4490
4486
4487
4484
4484
4481
4480
4479
4478
4477
4478
4478
4480
4480
4481
4481
4482
4482
4478
4481
4486
4486
4487
4486
4484
4482
4483
4485
4484
4481
4480
4481
4487
4490
4494
4498
4496
4505
4512
4522
4527
4531
4541
4552
4562
4568
4573
4584
4598
4605
4610
4622
4634
4644
4652
4658
4670
4678
4686
4695
4701
4709
4719
4724
4731
4739
4741
4747
4755
4765
4766
4772
4778
4781
4787
4784
4789
4791
