4683
4681
4679
4672
4673
4674
4670
4666
4663
4661
4657
4651
4648
4643
4640
4635
4624
4622
4616
4617
4609
4606
4600
4594
4590
4585
4579
4575
4570
4566
4563
4556
4550
4545
4540
4541
4536
4530
4528
4517
4516
4514
4515
4509
4508
4504
4497
4494
4492
4494
4488
4483
4482
4479
4474
4471
4471
4468
4466
4463
4461
4459
4455
4456
4451
4449
4445
4448
4445
4444
4443
4440
4436
4437
4439
4436
4430
4431
4434
4432
4432
4428
4429
4425
4422
4421
4421
4420
4416
4415
4414
4412
4407
4405
4405
4398
4399
4400
4398
4397
4395
4390
4388
4390
4393
4393
4391
4388
4389
4387
4385
4386
4385
4381
4382
4385
4385
4384
4383
4381
4375
4374
4379
4375
4371
4370
4368
4368
4368
4367
4366
4364
4362
4360
4360
4359
4355
4354
4359
4358
4357
4355
4354
4360
4362
4363
4364
4362
4364
4366
4367
4367
4358
4359
4362
4361
4359
4360
4355
4355
4355
4355
4354
4353
4351
4353
4355
4353
4352
4352
4347
4349
4347
4349
4348
4348
4347
4343
4342
4341
4341
4342
4341
4341
4341
4340
4341
4340
4339
4340
4339
4336
4338
4340
4341
4344
4341
4344
4348
4350
4345
4348
4350
4353
4350
4350
4348
4349
4349
4348
4347
4344
4338
4336
4341
4338
4335
4333
4330
4329
4329
4328
4327
4326
4325
4324
4318
4318
4324
4323
4322
4322
4324
4321
4321
4324
4321
4325
4323
4318
4319
4322
4329
4332
4334
4336
4337
4336
4335
4332
4332
4332
4330
4329
4330
4330
4328
4327
4327
4328
4322
4323
4323
4324
4323
4319
4317
4321
4321
4320
4320
4319
4313
4314
4319
4320
4321
4322
4321
4319
4321
4326
4326
4327
4324
4319
4319
4320
4324
4324
4324
4326
4326
4327
4328
4329
4329
4328
4329
4327
4325
4325
4326
4327
4328
4329
4328
4331
4331
4333
4336
4331
4334
4339
4342
4336
4337
4338
4342
4339
4335
4336
4344
4339
4338
4335
4337
4341
4340
4341
4342
4342
4342
4344
4344
4347
4347
4349
4350
4351
4352
4352
4354
4355
4357
4351
4354
4358
4364
4366
4364
4367
4375
4376
4378
4380
4379
4381
4384
4386
4388
4384
4388
4390
4396
4400
4398
4398
4407
4406
4409
4411
4412
4411
4413
4421
4420
4420
4423
4424
4431
4434
4437
4441
4444
4445
4448
4451
4455
4459
4462
4460
4463
4467
4475
4477
4480
4483
4487
4491
4496
4500
4503
4508
4513
4519
4523
4521
4528
4536
4544
4549
4552
4558
4563
4567
4572
4576
4581
4588
4593
4598
4602
4607
4611
4617
4629
4635
4640
4646
4649
4658
4665
4676
4680
4681
4689
4702
4706
4712
4717
4725
4728
4735
4749
4755
4764
4770
4780
4789
4796
4804
4814
4822
4833
4842
4850
4858
4869
4877
4881
4889
4900
4912
4918
4924
4932
4942
4953
4960
4968
4979
4993
5003
5008
5019
5034
5041
5052
5061
5069
5080
5092
5102
5111
5122
5134
5146
5159
5171
5178
5194
5212
5225
5240
5254
5267
5274
5287
5306
5315
5329
5340
5356
5374
5387
5403
5415
5428
5441
5452
5457
5468
5487
5497
5509
5524
5537
5548
5563
5576
5586
5602
5617
5628
5642
5656
5667
5685
5706
5717
5734
5750
5763
5774
5789
5803
5817
5826
5839
5853
5875
5890
5905
5918
5937
5957
5975
5993
6012
6022
6041
6066
6076
6095
6106
6121
6143
6160
6173
6190
6208
6222
6237
6255
6271
6286
6304
6323
6340
6355
6375
6392
6408
6427
6446
6463
6483
6502
6523
6538
6558
6583
6600
6618
6636
6654
6674
6696
6710
6730
6758
6780
6797
6818
6838
6847
6868
6892
6907
6923
6940
6962
6982
7002
7013
7032
7052
7067
7083
7097
7112
7126
7143
7157
7170
7182
7195
7209
7221
7234
7248
7262
7272
7285
7301
7318
7332
7344
7362
7380
7395
7411
7420
7434
7452
7467
7480
7498
7515
7526
7544
7563
7579
7592
7606
7619
7630
7643
7644
7654
7670
7681
7692
7707
7719
7733
7749
7763
7778
7791
7806
7820
7830
7842
7855
7867
7878
7891
7900
7905
7913
7923
7927
7926
7932
7946
7951
7957
7957
7964
7978
7990
7998
8009
8024
8038
8053
8062
8079
8098
8107
8123
8135
8146
8152
8165
8185
8196
8207
8220
8232
8244
8259
8268
8282
8294
8305
8317
8320
8331
8346
8353
8366
8377
8388
8399
8409
8425
8435
8448
8459
8463
8478
8487
8498
8504
8510
8517
8528
8532
8541
8548
8559
8577
8589
8596
8606
8620
8633
8644
8649
8663
8676
8687
8698
8711
8727
8729
8742
8758
8766
8775
8785
8796
8806
8821
8829
8843
8863
8876
8884
8892
8902
8916
8922
8930
8939
8948
8956
8962
8966
8974
8977
8980
8984
8989
8993
8998
9004
9006
9015
9029
9033
9044
9046
9050
9057
9061
9062
9069
9079
9089
9100
9103
9110
9118
9120
9121
9122
9123
9131
9135
9137
9143
9153
9154
9154
9150
9152
9159
9162
9164
9168
9166
9172
9178
9187
9191
9195
9199
9204
9211
9214
9223
9234
9246
9258
9261
9274
9289
9306
9311
9320
9325
9327
9338
9351
9356
9364
9368
9370
9364
9368
9375
9375
9376
9379
9379
9380
9385
9387
9390
9394
9397
9399
9398
9403
9407
9411
9414
9422
9429
9432
9440
9446
9452
9452
9464
9467
9478
9480
9477
9476
9483
9478
9476
9465
9459
9459
9453
9438
9433
9434
9429
9424
9417
9414
9415
9414
9414
9413
9412
9414
9413
9413
9413
9407
9410
9415
9420
9423
9417
9422
9429
9424
9419
9422
9420
9427
9424
9424
9425
9421
9420
9417
9413
9411
9405
9400
9397
9393
9392
9387
9383
9383
9380
9374
9370
9373
9368
9362
9359
9350
9339
9336
9336
9328
9323
9322
9321
9323
9323
9326
9329
9328
9331
9332
9331
9334
9342
9347
9349
9353
9357
9360
9359
9357
9359
9362
9366
9370
9373
9378
9390
9393
9393
9400
9404
9414
9418
9423
9423
9418
9422
9430
9428
9427
9419
9418
9421
9412
9406
9395
9384
9373
9359
9340
9328
9325
9312
9297
9285
9270
9258
9249
9234
9228
9219
9210
9207
9201
9196
9195
9192
9191
9191
9193
9194
9194
9194
9199
9211
9213
9221
9222
9225
9237
9235
9232
9233
9245
9244
9249
9254
9254
9253
9255
9265
9263
9265
9262
9261
9269
9270
9273
9273
9273
9273
9270
9268
9264
9262
9261
9254
9251
9250
9245
9242
9240
9239
9239
9239
9238
9237
9234
9237
9237
9235
9234
9231
9229
9232
9226
9226
9221
9212
9201
9192
9185
9178
9165
9150
9139
9140
9131
9121
9110
9104
9101
9094
9090
9082
9080
9071
9071
9073
9071
9067
9062
9055
9047
9045
9043
9037
9027
9026
9029
9025
9020
9018
9012
9013
9005
8999
8990
8983
8970
8966
8968
8964
8962
8961
8959
8959
8959
8958
8957
8954
8950
8947
8942
8937
8929
8925
8918
8915
8904
8906
8902
8905
8904
8899
8901
8903
8901
8903
8899
8899
8897
8898
8894
8894
8895
8892
8893
8887
8885
8890
8887
8876
8877
8874
8874
8871
8866
8865
8852
8850
8850
8845
8843
8829
8828
8831
8823
8822
8814
8810
8806
8803
8798
8791
8786
8782
8779
8775
8771
8768
8763
8761
8755
8755
8748
8745
8737
8735
8736
8730
8717
8715
8710
8708
8698
8691
8683
8675
8666
8660
8656
8649
8634
8627
8625
8616
8599
8596
8590
8591
8586
8577
8573
8582
8574
8575
8573
8571
8568
8568
8567
8556
8554
8549
8545
8543
8538
8528
8525
8523
8512
8505
8495
8484
8475
8465
8454
8442
8434
8423
8411
8396
8383
8381
8365
8356
8346
8335
8327
8320
8305
8301
8297
8292
8286
8273
8276
8273
8271
8265
8265
8259
8259
8260
8260
8259
8251
8253
8253
8258
8255
8254
8253
8252
8251
8243
8245
8243
8246
8242
8241
8239
8236
8234
8231
8224
8222
8224
8222
8216
8213
8208
8206
8198
8190
8186
8186
8179
8167
8164
8160
8159
8154
8149
8144
8136
8131
8128
8127
8121
8110
8105
8097
8087
8081
8070
8064
8056
8051
8045
8037
8033
8025
8022
8014
8010
8000
7994
7996
7988
7984
7973
7971
7968
7963
7953
7951
7942
7937
7927
7924
7913
7907
7898
7894
7883
7874
7859
7853
7847
7838
7819
7815
7806
7801
7791
7779
7773
7757
7755
7751
7744
7737
7727
7720
7712
7706
7696
7690
7683
7673
7667
7669
7662
7648
7647
7641
7644
7636
7635
7627
7625
7621
7617
7613
7605
7596
7591
7592
7586
7580
7575
7567
7561
7554
7548
7543
7528
7527
7521
7522
7516
7508
7504
7500
7496
7491
7488
7481
7477
7475
7467
7464
7466
7465
7461
7462
7457
7458
7456
7453
7454
7452
7453
7451
7442
7442
7444
7442
7436
7433
7430
7426
7423
7411
7411
7411
7404
7397
7387
7379
7377
7371
7359
7356
7351
7347
7345
7343
7338
7327
7323
7318
7314
7308
7299
7295
7288
7281
7278
7272
7271
7264
7264
7253
7253
7259
7253
7252
7250
7249
7245
7238
7235
7228
7221
7210
7205
7195
7189
7189
7177
7170
7160
7153
7141
7134
7135
7127
7113
7109
7105
7105
7097
7090
7089
7083
7081
7076
7071
7064
7060
7058
7052
7049
7042
7042
7039
7044
7036
7035
7030
7021
7021
7017
7019
7011
7010
7002
7000
6995
6993
6988
6989
6986
6986
6974
6972
6974
6970
6964
6961
6956
6949
6947
6953
6949
6946
6940
6937
6936
6933
6932
6927
6927
6920
6915
6918
6914
6900
6900
6900
6894
6891
6880
6874
6873
6868
6859
6851
6847
6839
6833
6829
6821
6817
6812
6803
6801
6794
6785
6781
6776
6770
6762
6757
6755
6760
6754
6744
6747
6753
6748
6747
6742
6743
6744
6745
6742
6738
6738
6734
6731
6728
6727
6721
6722
6720
6715
6712
6711
6706
6702
6702
6697
6693
6690
6688
6687
6679
6671
6676
6670
6665
6658
6658
6645
6639
6638
6629
6618
6609
6602
6591
6584
6571
6562
6566
6556
6548
6537
6536
6534
6525
6516
6513
6512
6510
6507
6503
6500
6495
6492
6491
6489
6483
6481
6478
6472
6467
6455
6452
6447
6450
6446
6439
6434
6422
6419
6411
6412
6408
6403
6398
6390
6388
6389
6384
6383
6376
6374
6368
6365
6369
6367
6362
6361
6358
6358
6355
6350
6352
6352
6348
6346
6345
6341
6333
6336
6339
6336
6336
6334
6332
6330
6330
6327
6327
6321
6320
6319
6316
6314
6307
6307
6301
6306
6301
6297
6295
6293
6290
6283
6278
6277
6276
6270
6266
6263
6260
6256
6250
6244
6242
6234
6232
6231
6227
6223
6213
6212
6214
6209
6205
6204
6199
6199
6198
6191
6192
6192
6189
6182
6180
6180
6182
6182
6174
6173
6176
6172
6167
6159
6157
6156
6151
6148
6144
6140
6138
6135
6130
6127
6128
6121
6119
6115
6112
6103
6103
6107
6100
6097
6097
6088
6084
6079
6072
6066
6060
6054
6049
6044
6037
6028
6022
6017
6013
6000
5995
5990
5991
5984
5981
5976
5973
5970
5967
5965
5960
5957
5956
5951
5951
5947
5945
5944
5938
5938
5929
5929
5936
5928
5927
5920
5916
5920
5913
5910
5910
5908
5904
5903
5895
5894
5898
5893
5891
5889
5887
5887
5884
5878
5878
5880
5876
5873
5863
5863
5863
5859
5855
5851
5849
5845
5844
5839
5834
5839
5837
5834
5833
5831
5830
5827
5825
5825
5821
5820
5821
5817
5816
5809
5809
5812
5805
5804
5801
5798
5794
5795
5796
5790
5788
5783
5783
5780
5776
5775
5769
5759
5758
5755
5756
5754
5742
5743
5747
5740
5738
5733
5731
5724
5721
5727
5722
5719
5715
5713
5714
5709
5709
5708
5697
5699
5697
5698
5696
5687
5688
5694
5689
5687
5684
5681
5682
5678
5677
5675
5673
5673
5674
5670
5671
5667
5670
5667
5666
5667
5663
5664
5659
5659
5655
5652
5649
5649
5646
5645
5641
5637
5636
5630
5625
5627
5630
5623
5620
5620
5625
5618
5616
5609
5609
5614
5611
5603
5604
5604
5604
5603
5600
5598
5594
5594
5587
5584
5585
5586
5581
5579
5576
5572
5572
5570
5567
5564
5560
5555
5552
5550
5549
5542
5541
5545
5541
5533
5534
5534
5533
5530
5528
5526
5519
5518
5524
5520
5517
5515
5516
5512
5511
5510
5506
5506
5506
5504
5498
5497
5503
5502
5498
5495
5496
5503
5502
5501
5500
5502
5499
5496
5489
5488
5492
5488
5487
5482
5480
5476
5472
5471
5468
5463
5462
5459
5456
5454
5453
5451
5451
5449
5448
5449
5447
5440
5442
5444
5441
5436
5434
5437
5440
5438
5438
5434
5437
5431
5431
5433
5427
5429
5427
5419
5420
5426
5421
5422
5414
5412
5418
5413
5403
5406
5404
5404
5404
5398
5395
5401
5399
5396
5396
5393
5392
5390
5390
5390
5387
5388
5385
5385
5389
5388
5389
5389
5384
5382
5376
5377
5371
5368
5362
5359
5359
5358
5352
5349
5346
5346
5346
5336
5336
5337
5338
5335
5333
5332
5331
5327
5327
5325
5321
5323
5321
5313
5316
5318
5314
5314
5310
5311
5309
5307
5308
5304
5303
5298
5294
5300
5296
5288
5289
5291
5293
5289
5285
5281
5284
5282
5279
5274
5272
5273
5274
5271
5267
5266
5266
5264
5264
5265
5256
5256
5262
5255
5252
5251
5246
5244
5243
5239
5237
5236
5233
5232
5232
5228
5229
5228
5227
5227
5225
5217
5215
5219
5215
5207
5206
5204
5207
5203
5198
5195
5197
5195
5192
5193
5191
5192
5192
5192
5191
5192
5187
5187
5182
5181
5187
5186
5181
5177
5175
5173
5171
5167
5164
5162
5162
5161
5159
5160
5154
5153
5154
5151
5145
5142
5140
5142
5138
5136
5135
5131
5128
5128
5124
5124
5130
5126
5127
5127
5123
5122
5124
5127
5123
5120
5116
5122
5119
5116
5117
5115
5111
5112
5107
5105
5107
5106
5102
5100
5098
5101
5103
5099
5101
5098
5099
5098
5096
5098
5089
5090
5091
5094
5094
5094
5093
5092
5090
5087
5086
5086
5087
5086
5085
5085
5079
5079
5077
5084
5081
5081
5078
5078
5075
5076
5074
5072
5067
5066
5073
5068
5067
5064
5061
5068
5065
5063
5061
5060
5059
5057
5057
5055
5054
5052
5048
5047
5048
5052
5049
5049
5046
5046
5044
5045
5038
5038
5042
5040
5037
5035
5040
5038
5039
5038
5038
5037
5039
5032
5035
5032
5035
5036
5033
5031
5031
5030
5030
5028
5027
5026
5021
5022
5018
5017
5012
5011
5014
5014
5012
5009
5003
5001
5003
5005
5002
5000
4995
4998
4993
4993
4985
4982
4986
4982
4983
4978
4974
4972
4971
4978
4973
4968
4966
4970
4968
4966
4964
4963
4960
4958
4957
4956
4956
4953
4953
4954
4952
4950
4950
4950
4948
4948
4949
4947
4949
4947
4944
4943
4946
4947
4948
4945
4944
4945
4944
4945
4940
4941
4941
4940
4933
4933
4937
4938
4936
4937
4935
4937
4933
4926
4927
4928
4931
4927
4922
4920
4926
4924
4924
4921
4923
4921
4925
4926
4928
4922
4921
4921
4921
4921
4918
4912
4912
4908
4906
4904
4903
4895
4896
4898
4898
4892
4890
4887
4892
4888
4886
4883
4881
4880
4879
4874
4873
4880
4878
4880
4880
4880
4883
4880
4880
4878
4880
4876
4878
4875
4876
4869
4871
4871
4873
4867
4869
4868
4868
4867
4862
4862
4867
4864
4862
4862
4861
4862
4859
4856
4855
4858
4858
4859
4851
4853
4856
4857
4853
4853
4851
4853
4850
4849
4848
4849
4847
4846
4845
4844
4844
4843
4842
4841
4840
4839
4839
4842
4839
4834
4834
4838
4837
4838
4832
4835
4837
4836
4830
4830
4831
4833
4833
4826
4828
4830
4829
4826
4826
4824
4823
4821
4815
4815
4818
4817
4816
4815
4813
4812
4811
4812
4811
4813
4810
4813
4812
4815
4810
4814
4812
4816
4812
4812
4811
4804
4803
4805
4806
4805
4806
4804
4804
4804
4799
4799
4802
4803
4804
4797
4799
4802
4801
4798
4800
4798
4800
4797
4800
4798
4798
4795
4794
4788
4789
4791
4789
4787
4786
4784
4781
4779
4786
4784
4784
4783
4784
4781
4781
4778
4778
4776
4774
4773
4770
4770
4764
4768
4769
4768
4766
4764
4764
4759
4761
4765
4765
4762
4762
4760
4760
4757
4754
4756
4760
4761
4762
4766
4768
4764
4766
4769
4769
4761
4762
4762
4765
4764
4759
4761
4752
4751
4752
4754
4751
4749
4747
4744
4743
4740
4739
4737
4736
4737
4733
4733
4730
4735
4734
4733
4734
4740
4740
4738
4737
4734
4732
4734
4730
4730
4735
4732
4732
4731
4732
4733
4731
4732
4734
4732
4731
4729
4726
4725
4718
4716
4720
4715
4713
4710
4707
4712
4709
4702
4701
4704
4704
4703
4698
4697
4701
4700
4699
4696
4698
4696
4697
4695
4695
4687
4690
4689
4693
4691
4691
4692
4691
4692
4691
4693
4691
4692
4691
4693
4690
4685
4685
4686
4689
4690
4690
4688
4689
4691
4692
4689
4691
4689
4694
4691
4694
4690
4693
4691
4690
4689
4689
4689
4683
4685
4684
4688
4685
4680
4683
4687
4688
4682
4684
4684
4690
4684
4682
4680
4682
4682
4678
4674
4673
4671
4668
4664
4665
4661
4656
4655
4659
4657
4651
4651
4650
4654
4652
4652
4651
4654
4652
4649
4649
4650
4654
4651
4649
4647
4648
4645
4645
4643
4640
4640
4637
4639
4637
4636
4631
4635
4638
4639
4631
4636
4636
4640
4637
4636
4638
4630
4634
4638
4639
4637
4637
4637
4634
4637
4636
4638
4638
4633
4634
4637
4634
4634
4632
4633
4631
4629
4625
4623
4629
4626
4627
4627
4628
4626
4629
4628
4629
4629
4626
4627
4625
4626
4621
4621
4626
4624
4626
4625
4623
4619
4620
4625
4621
4623
4623
4624
4624
4624
4621
4621
4627
4623
4623
4620
4618
4616
4611
4609
4607
4604
4605
4600
4596
4594
4598
4597
4596
4598
4599
4598
4601
4598
4599
4593
4595
4595
4601
4599
4596
4598
4603
4602
4598
4597
4595
4595
4593
4587
4588
4594
4590
4591
4592
4588
4590
4586
4581
4580
4582
4583
4583
4581
4579
4581
4577
4579
4577
4577
4576
4577
4577
4578
4575
4575
4576
4582
4580
4582
4580
4580
4580
4577
4576
4575
4580
4577
4575
4573
4578
4576
4575
4577
4575
4571
4571
4578
4578
4575
4577
4575
4574
4574
4574
4574
4571
4571
4570
4571
4569
4568
4566
4563
4564
4561
4568
4566
4566
4565
4565
4563
4565
4556
4560
4564
4564
4563
4564
4562
4562
4561
4568
4564
4565
4565
4566
4568
4570
4567
4569
4564
4565
4570
4569
4569
4565
4566
4562
4562
4555
4556
4555
4559
4556
4555
4554
4553
4554
4553
4554
4553
4554
4552
4554
4555
4554
4554
4554
4547
4550
4552
4551
4542
4547
4544
4548
4547
4549
4548
4549
4546
4547
4548
4547
4542
4541
4546
4544
4540
4540
4543
4546
4547
4546
4545
4538
4539
4537
4541
4539
4537
4537
4533
4535
4532
4532
4531
4524
4525
4530
4527
4527
4524
4523
4524
4524
4524
4522
4517
4519
4519
4526
4524
4522
4525
4529
4529
4527
4527
4526
4523
4523
4520
4518
4519
4517
4519
4518
4515
4517
4514
4515
4512
4511
4512
4510
4506
4506
4510
4509
4504
4507
4507
4512
4508
4508
4508
4506
4507
4506
4503
4503
4508
4507
4506
4506
4507
4503
4506
4498
4500
4505
4501
4503
4501
4501
4496
4497
4500
4498
4494
4492
4495
4499
4500
4499
4499
4493
4497
4496
4500
4500
4500
4501
4501
4502
4501
4502
4502
4500
4502
4497
4498
4504
4503
4505
4505
4504
4507
4505
4503
4504
4502
4501
4501
4499
4499
4501
4497
4499
4496
4494
4495
4493
4494
4492
4488
4491
4492
4495
4494
4489
4491
4496
4494
4496
4491
4497
4500
4501
4494
4497
4499
4500
4497
4494
4493
4492
4489
4490
4487
4487
4485
4484
4483
4480
4480
4476
4478
4475
4474
4467
4470
4473
4474
4470
4470
4473
4480
4479
4479
4481
4472
4475
4474
4479
4477
4471
4470
4476
4472
4471
4472
4470
4472
4470
4471
4470
4469
4469
4468
4468
4465
4462
4462
4468
4466
4463
4462
4462
4467
4465
4467
4465
4466
4464
4466
4463
4466
4471
4468
4467
4466
4465
4467
4464
4464
4462
4463
4464
4462
4464
4460
4458
4458
4465
4461
4460
4456
4455
4462
4459
4460
4457
4459
4460
4457
4460
4459
4461
4458
4461
4458
4460
4459
4458
4452
4453
4460
4457
4456
4454
4455
4458
4458
4455
4459
4463
4463
4462
4459
4459
4465
4459
4460
4457
4458
4458
4454
4457
4454
4456
4455
4455
4455
4454
4456
4457
4457
4457
4453
4454
4453
4452
4451
4445
4446
4450
4451
4452
4455
4456
4452
4454
4460
4457
4458
4456
4453
4453
4449
4451
4448
4442
4441
4440
4442
4442
4438
4436
4430
4433
4435
4439
4441
4442
4443
4445
4445
4445
4444
4445
4445
4444
4438
4438
4440
4439
4437
4430
4431
4432
4431
4430
4428
4427
4426
4427
4421
4423
4427
4425
4426
4424
4425
4423
4424
4419
4419
4424
4421
4423
4421
4421
4421
4418
4415
4414
4417
4419
4418
4415
4416
4415
4416
4416
4412
4411
4415
4416
4415
4415
4414
4415
4415
4416
4414
4413
4414
4414
4416
4416
4418
4419
4415
4418
4423
4424
4422
4425
4419
4421
4418
4417
4413
4410
4407
4409
4410
4409
4405
4406
4402
4405
4401
4398
4398
4401
4400
4393
4396
4393
4399
4396
4397
4394
4391
4390
4396
4394
4394
4393
4393
4394
4394
4394
4393
4395
4393
4396
4398
4400
4403
4403
4404
4403
4404
4408
4408
4400
4403
4406
4404
4404
4397
4399
4400
4399
4396
4398
4398
4397
4400
4398
4399
4397
4396
4395
4392
4392
4398
4396
4397
4397
4394
4392
4392
4394
4393
4391
4391
4390
4389
4387
4387
4386
4387
4385
4383
4382
4381
4382
4380
4383
4381
4378
4379
4384
4383
4385
4384
4384
4383
4383
4382
4383
4388
4391
4394
4392
4396
4398
4400
4400
4404
4406
4401
4404
4414
4413
4415
4421
4426
4437
4442
4444
4453
4465
4474
4478
4489
4495
4503
4513
4514
4527
4531
4546
4553
4558
4566
4581
4587
4595
4603
4610
4618
4625
4632
4638
4644
4650
4656
4660
4664
4675
4679
4677
4683
4686
4693
4696
4698
4697
4693
4692
4697
