3759
3756
3753
3751
3755
3751
3749
3748
3744
3744
3739
3734
3731
3734
3729
3725
3722
3718
3714
3711
3708
3704
3699
3699
3692
3690
3685
3680
3677
3681
3677
3673
3670
3669
3665
3663
3660
3657
3654
3651
3647
3643
3643
3636
3636
3630
3630
3625
3624
3623
3615
3614
3616
3615
3609
3607
3602
3606
3603
3596
3596
3598
3596
3593
3589
3589
3591
3589
3583
3582
3583
3583
3581
3580
3578
3572
3572
3572
3573
3571
3570
3568
3567
3565
3566
3565
3563
3564
3562
3559
3559
3564
3562
3561
3561
3560
3559
3558
3553
3552
3554
3554
3552
3552
3550
3550
3549
3546
3546
3544
3545
3542
3544
3541
3542
3540
3541
3535
3535
3541
3538
3533
3532
3537
3537
3539
3537
3538
3536
3538
3532
3534
3534
3538
3534
3535
3532
3534
3531
3531
3529
3531
3524
3524
3530
3527
3524
3524
3525
3522
3524
3517
3520
3524
3523
3521
3520
3521
3519
3520
3517
3519
3518
3518
3517
3517
3519
3517
3520
3516
3515
3516
3519
3520
3512
3515
3519
3518
3517
3512
3513
3518
3517
3517
3518
3516
3517
3514
3515
3512
3508
3509
3510
3511
3511
3509
3509
3508
3509
3503
3505
3504
3508
3507
3505
3504
3506
3504
3506
3501
3503
3506
3505
3504
3504
3504
3503
3503
3498
3498
3504
3505
3499
3500
3500
3503
3503
3498
3499
3507
3506
3510
3509
3512
3513
3513
3514
3513
3514
3513
3515
3513
3510
3510
3511
3509
3508
3508
3510
3509
3504
3504
3508
3508
3505
3503
3501
3506
3505
3501
3500
3504
3505
3505
3503
3503
3503
3502
3504
3502
3502
3500
3502
3496
3499
3502
3504
3505
3504
3506
3508
3509
3510
3510
3513
3514
3516
3516
3518
3512
3518
3522
3522
3523
3524
3522
3521
3521
3520
3518
3520
3513
3515
3518
3518
3516
3516
3516
3516
3518
3516
3517
3521
3522
3519
3519
3522
3527
3528
3522
3522
3527
3523
3523
3525
3523
3520
3523
3516
3518
3518
3522
3520
3517
3516
3522
3519
3515
3515
3517
3521
3522
3523
3523
3521
3522
3522
3522
3523
3524
3524
3525
3523
3525
3525
3526
3525
3529
3527
3530
3525
3531
3530
3537
3537
3539
3538
3537
3538
3541
3546
3547
3549
3550
3552
3554
3555
3557
3559
3556
3557
3565
3568
3568
3571
3573
3576
3577
3582
3583
3585
3587
3591
3592
3593
3591
3595
3604
3605
3606
3605
3611
3617
3619
3621
3625
3627
3631
3635
3633
3638
3643
3646
3649
3651
3655
3652
3658
3667
3669
3673
3679
3683
3688
3692
3696
3699
3704
3706
3712
3713
3718
3719
3722
3721
3726
3736
3739
3744
3743
3747
3757
3758
3763
3769
3773
3779
3784
3785
3792
3803
3807
3807
3813
3817
3829
3832
3839
3842
3847
3853
3856
3863
3867
3872
3879
3884
3890
3897
3901
3909
3914
3919
3929
3933
3941
3946
3952
3957
3963
3976
3982
3987
3999
4004
4014
4021
4025
4034
4043
4051
4058
4064
4073
4074
4083
4098
4103
4105
4115
4121
4134
4143
4145
4155
4171
4177
4188
4194
4204
4211
4222
4230
4239
4245
4254
4260
4272
4281
4292
4301
4312
4318
4330
4340
4349
4353
4368
4383
4395
4402
4410
4419
4435
4444
4453
4461
4468
4476
4485
4501
4507
4517
4525
4534
4541
4553
4559
4571
4578
4588
4597
4609
4619
4625
4637
4654
4663
4675
4686
4699
4709
4722
4732
4744
4756
4766
4773
4785
4794
4811
4819
4825
4835
4857
4863
4875
4883
4896
4907
4918
4923
4937
4953
4966
4979
4983
4996
5012
5022
5033
5045
5054
5067
5076
5088
5097
5110
5118
5131
5135
5144
5160
5169
5177
5189
5198
5205
5217
5231
5243
5253
5264
5273
5283
5294
5304
5316
5326
5337
5346
5359
5368
5382
5391
5401
5409
5427
5436
5443
5451
5462
5474
5485
5493
5503
5516
5525
5539
5548
5561
5569
5583
5594
5603
5612
5616
5623
5637
5648
5647
5661
5673
5685
5693
5702
5709
5726
5735
5740
5752
5761
5775
5778
5784
5791
5796
5803
5809
5814
5818
5828
5834
5841
5849
5854
5861
5873
5885
5891
5903
5908
5915
5922
5934
5942
5946
5950
5956
5973
5983
5992
6003
6016
6029
6039
6042
6057
6072
6083
6097
6105
6112
6115
6124
6138
6151
6158
6167
6179
6187
6199
6207
6219
6226
6237
6248
6253
6264
6266
6272
6286
6292
6295
6306
6309
6309
6318
6330
6335
6341
6350
6356
6358
6368
6382
6390
6395
6403
6412
6416
6424
6426
6432
6444
6451
6457
6467
6471
6478
6488
6492
6502
6511
6517
6522
6525
6531
6544
6551
6557
6568
6578
6584
6593
6596
6601
6608
6617
6616
6608
6614
6618
6617
6618
6617
6620
6617
6620
6619
6621
6622
6625
6625
6625
6628
6628
6628
6631
6634
6634
6636
6639
6643
6649
6647
6654
6667
6675
6681
6680
6689
6705
6708
6710
6719
6726
6738
6746
6743
6755
6768
6768
6772
6774
6778
6789
6792
6797
6796
6797
6798
6798
6802
6800
6804
6806
6813
6817
6824
6827
6832
6836
6836
6842
6840
6844
6846
6845
6842
6841
6850
6853
6853
6857
6858
6855
6859
6868
6868
6868
6873
6876
6889
6889
6895
6897
6900
6908
6907
6916
6920
6922
6931
6936
6943
6951
6954
6962
6964
6972
6979
6982
6983
6980
6980
6978
6976
6971
6973
6977
6978
6978
6974
6974
6968
6965
6973
6968
6960
6965
6965
6974
6971
6973
6973
6972
6972
6970
6963
6964
6965
6961
6954
6953
6949
6950
6952
6947
6952
6948
6952
6960
6962
6964
6969
6969
6973
6976
6976
6976
6981
6980
6983
6979
6978
6988
6981
6978
6977
6973
6970
6967
6965
6964
6954
6958
6957
6961
6963
6958
6962
6954
6958
6960
6963
6961
6963
6959
6952
6956
6957
6960
6957
6950
6952
6954
6954
6952
6947
6946
6942
6943
6940
6937
6927
6927
6929
6931
6927
6922
6921
6916
6919
6915
6915
6916
6915
6916
6917
6920
6919
6919
6923
6921
6923
6920
6919
6911
6912
6915
6920
6916
6914
6915
6909
6907
6912
6910
6906
6905
6906
6904
6904
6898
6897
6897
6900
6898
6890
6890
6894
6886
6884
6877
6870
6863
6858
6854
6852
6848
6846
6839
6829
6827
6826
6820
6808
6806
6804
6802
6799
6797
6796
6789
6788
6792
6796
6797
6796
6797
6796
6797
6794
6793
6795
6796
6794
6792
6787
6784
6781
6775
6776
6773
6766
6766
6760
6758
6756
6752
6755
6751
6748
6752
6749
6743
6742
6738
6737
6737
6728
6730
6734
6733
6728
6731
6730
6729
6731
6734
6737
6741
6737
6737
6746
6745
6744
6749
6745
6744
6749
6754
6752
6751
6750
6749
6743
6736
6735
6730
6721
6720
6712
6707
6703
6694
6693
6694
6688
6684
6682
6686
6690
6688
6682
6683
6687
6681
6678
6677
6670
6667
6662
6649
6646
6651
6642
6639
6634
6626
6626
6625
6619
6618
6612
6609
6605
6593
6589
6593
6587
6574
6570
6566
6566
6560
6547
6540
6543
6537
6530
6523
6515
6511
6504
6495
6492
6485
6486
6480
6473
6468
6461
6457
6459
6453
6446
6445
6441
6437
6436
6436
6434
6434
6434
6433
6431
6431
6424
6424
6428
6434
6431
6431
6431
6428
6424
6417
6413
6409
6411
6406
6397
6390
6378
6373
6366
6364
6358
6347
6340
6328
6321
6312
6311
6303
6299
6294
6280
6280
6283
6275
6276
6271
6271
6270
6268
6264
6263
6260
6256
6256
6255
6253
6245
6248
6246
6247
6245
6237
6237
6243
6237
6237
6233
6234
6224
6221
6228
6225
6222
6221
6217
6209
6209
6208
6201
6200
6193
6190
6184
6180
6171
6169
6164
6160
6156
6150
6150
6145
6144
6143
6138
6128
6130
6129
6132
6131
6126
6127
6116
6117
6118
6120
6116
6115
6107
6105
6103
6099
6096
6093
6084
6079
6084
6080
6073
6073
6067
6063
6058
6046
6043
6047
6037
6035
6031
6021
6016
6012
6004
5999
5996
5988
5983
5981
5979
5968
5967
5970
5964
5960
5960
5954
5946
5948
5948
5945
5941
5935
5934
5924
5921
5924
5919
5911
5907
5903
5897
5894
5890
5883
5881
5877
5871
5863
5861
5862
5860
5858
5853
5846
5844
5841
5844
5841
5833
5831
5837
5830
5829
5824
5822
5815
5811
5816
5808
5803
5801
5792
5785
5782
5783
5780
5775
5772
5766
5760
5758
5751
5749
5743
5741
5735
5735
5729
5729
5725
5725
5723
5721
5716
5709
5708
5705
5700
5695
5693
5686
5681
5669
5667
5670
5663
5661
5655
5649
5648
5642
5638
5633
5620
5617
5610
5611
5603
5591
5589
5591
5584
5576
5568
5563
5567
5562
5555
5553
5550
5543
5539
5536
5534
5530
5529
5526
5523
5523
5518
5517
5521
5519
5516
5514
5513
5512
5507
5508
5507
5503
5503
5498
5496
5493
5499
5495
5486
5486
5493
5492
5488
5482
5482
5486
5482
5473
5473
5471
5473
5467
5464
5462
5460
5456
5452
5451
5449
5444
5443
5440
5436
5434
5431
5425
5424
5421
5413
5410
5407
5398
5392
5382
5376
5378
5372
5359
5354
5354
5351
5345
5340
5338
5328
5325
5330
5327
5322
5322
5319
5316
5316
5314
5311
5311
5311
5308
5306
5304
5298
5299
5290
5286
5284
5284
5279
5277
5271
5267
5264
5260
5256
5254
5243
5240
5243
5240
5235
5231
5228
5219
5219
5222
5217
5216
5212
5208
5203
5201
5203
5201
5199
5197
5196
5194
5189
5183
5182
5186
5181
5179
5177
5173
5173
5168
5164
5159
5156
5155
5152
5151
5148
5138
5137
5141
5135
5132
5126
5124
5120
5116
5114
5108
5105
5102
5096
5089
5085
5087
5083
5076
5075
5074
5078
5074
5073
5066
5065
5062
5057
5055
5051
5041
5041
5046
5039
5036
5033
5030
5026
5020
5011
5010
5008
5002
5001
4993
4986
4988
4982
4974
4970
4962
4959
4958
4950
4948
4946
4940
4938
4936
4932
4930
4931
4921
4921
4928
4924
4919
4921
4916
4909
4909
4917
4913
4909
4909
4907
4905
4906
4899
4898
4898
4900
4896
4892
4891
4887
4883
4876
4877
4874
4877
4875
4866
4864
4871
4866
4864
4863
4858
4856
4855
4850
4850
4846
4843
4841
4837
4836
4834
4830
4829
4828
4823
4823
4818
4816
4815
4814
4813
4810
4806
4803
4807
4803
4800
4796
4792
4787
4787
4789
4785
4780
4777
4780
4779
4775
4768
4770
4772
4769
4768
4766
4763
4761
4759
4757
4756
4753
4751
4748
4746
4744
4738
4736
4740
4736
4732
4731
4725
4720
4716
4718
4715
4711
4708
4705
4702
4702
4698
4694
4690
4686
4688
4692
4688
4680
4683
4686
4682
4677
4675
4673
4679
4676
4672
4673
4670
4670
4669
4665
4666
4664
4662
4660
4660
4661
4660
4658
4654
4654
4655
4654
4653
4649
4648
4646
4642
4641
4638
4638
4637
4633
4631
4631
4627
4628
4622
4623
4624
4627
4623
4618
4617
4622
4619
4612
4610
4607
4610
4606
4599
4597
4595
4588
4587
4583
4579
4578
4575
4566
4567
4569
4567
4564
4558
4556
4559
4559
4550
4551
4550
4553
4548
4545
4544
4540
4539
4536
4533
4531
4527
4522
4520
4516
4512
4510
4506
4504
4500
4498
4496
4486
4485
4482
4487
4486
4481
4480
4474
4474
4472
4476
4472
4469
4466
4470
4470
4466
4465
4462
4459
4458
4456
4456
4453
4452
4451
4448
4449
4445
4446
4444
4444
4444
4435
4436
4439
4436
4430
4429
4429
4431
4425
4427
4424
4424
4424
4416
4417
4416
4421
4421
4417
4419
4415
4416
4413
4408
4408
4408
4407
4399
4397
4399
4398
4397
4392
4392
4391
4388
4387
4385
4384
4382
4380
4381
4375
4375
4372
4371
4368
4366
4364
4364
4364
4360
4361
4354
4355
4359
4356
4350
4349
4354
4350
4350
4347
4348
4343
4343
4350
4346
4344
4344
4344
4337
4338
4343
4339
4335
4337
4333
4333
4329
4330
4327
4318
4319
4317
4321
4319
4317
4312
4310
4308
4307
4307
4302
4297
4294
4299
4297
4296
4292
4288
4282
4280
4284
4282
4282
4281
4282
4280
4277
4274
4275
4273
4275
4272
4273
4272
4265
4267
4270
4269
4268
4265
4265
4256
4256
4261
4258
4253
4254
4253
4251
4250
4240
4240
4246
4244
4245
4239
4239
4243
4241
4241
4237
4236
4234
4230
4230
4225
4225
4222
4222
4219
4218
4217
4214
4210
4208
4214
4213
4211
4210
4209
4210
4208
4210
4208
4209
4208
4207
4209
4207
4199
4199
4201
4202
4200
4196
4195
4200
4197
4188
4188
4186
4188
4185
4187
4183
4185
4181
4180
4183
4180
4180
4178
4172
4174
4177
4178
4175
4169
4171
4175
4175
4173
4172
4167
4163
4161
4161
4156
4151
4152
4151
4154
4150
4144
4145
4149
4148
4144
4142
4143
4141
4142
4139
4142
4141
4139
4138
4139
4137
4135
4132
4137
4133
4128
4124
4122
4125
4126
4127
4126
4121
4122
4121
4126
4123
4123
4119
4118
4114
4112
4104
4104
4107
4103
4099
4099
4100
4100
4098
4097
4092
4093
4091
4089
4089
4086
4086
4084
4085
4084
4081
4082
4081
4081
4078
4077
4078
4076
4077
4076
4075
4074
4074
4071
4071
4068
4070
4068
4068
4064
4061
4068
4064
4060
4063
4063
4070
4067
4062
4065
4071
4068
4068
4065
4064
4068
4068
4060
4062
4063
4063
4059
4056
4056
4053
4051
4052
4049
4048
4048
4047
4046
4043
4038
4039
4037
4036
4035
4029
4026
4031
4030
4022
4024
4022
4025
4021
4021
4023
4016
4019
4020
4024
4023
4023
4020
4019
4016
4016
4013
4010
4011
4008
4005
4005
4002
4004
4002
4001
4002
3994
3998
4002
4000
4001
3999
3999
3998
3999
3992
3993
3995
3994
3995
3988
3987
3994
3989
3984
3985
3982
3987
3986
3985
3984
3983
3984
3981
3982
3979
3978
3978
3975
3975
3972
3971
3970
3964
3966
3968
3969
3961
3962
3962
3965
3967
3964
3965
3958
3958
3961
3963
3963
3958
3958
3964
3961
3961
3959
3959
3956
3958
3955
3956
3953
3952
3952
3951
3951
3947
3949
3943
3944
3946
3949
3949
3943
3946
3950
3950
3949
3947
3948
3945
3945
3944
3944
3936
3936
3935
3939
3938
3934
3935
3931
3932
3927
3929
3924
3920
3919
3924
3920
3921
3919
3920
3917
3917
3917
3917
3917
3916
3918
3916
3918
3918
3919
3914
3914
3916
3920
3920
3915
3914
3913
3913
3912
3906
3909
3911
3909
3906
3906
3899
3899
3900
3905
3903
3895
3898
3901
3900
3897
3895
3894
3898
3896
3894
3893
3892
3892
3892
3892
3891
3890
3889
3889
3890
3889
3890
3888
3888
3884
3885
3885
3883
3885
3881
3879
3880
3884
3882
3878
3879
3877
3874
3873
3879
3876
3870
3870
3868
3873
3870
3866
3864
3872
3867
3868
3869
3865
3866
3864
3866
3865
3865
3863
3865
3865
3865
3865
3863
3862
3861
3862
3859
3863
3854
3856
3861
3859
3859
3851
3853
3855
3854
3849
3850
3854
3855
3857
3857
3857
3857
3859
3858
3858
3858
3860
3858
3858
3856
3856
3854
3854
3849
3850
3851
3849
3841
3839
3841
3841
3837
3837
3835
3831
3830
3837
3833
3832
3829
3830
3827
3828
3827
3825
3823
3822
3822
3820
3821
3820
3820
3820
3818
3819
3813
3817
3822
3823
3816
3818
3818
3823
3822
3822
3825
3824
3825
3823
3817
3819
3823
3821
3824
3821
3821
3817
3815
3821
3818
3817
3814
3816
3812
3814
3812
3812
3803
3805
3807
3807
3803
3804
3803
3797
3798
3803
3804
3803
3804
3802
3804
3802
3802
3802
3803
3804
3806
3805
3805
3804
3805
3804
3806
3803
3800
3798
3804
3801
3798
3797
3802
3802
3803
3798
3800
3805
3802
3802
3799
3799
3796
3797
3789
3790
3793
3792
3788
3786
3785
3784
3782
3781
3779
3778
3776
3777
3776
3777
3776
3778
3781
3780
3781
3776
3777
3784
3783
3784
3785
3783
3784
3782
3779
3778
3783
3781
3779
3775
3777
3780
3778
3777
3773
3770
3767
3767
3770
3767
3767
3764
3763
3761
3761
3760
3759
3759
3757
3758
3755
3757
3753
3753
3751
3750
3755
3755
3747
3747
3747
3752
3751
3744
3747
3751
3750
3748
3745
3744
3750
3750
3750
3747
3747
3745
3748
3744
3746
3743
3746
3745
3746
3742
3744
3744
3743
3744
3742
3739
3738
3738
3738
3736
3737
3731
3732
3735
3737
3735
3735
3735
3733
3734
3730
3728
3730
3734
3731
3733
3729
3724
3723
3724
3728
3727
3727
3725
3724
3724
3722
3720
3721
3726
3723
3725
3725
3719
3721
3720
3724
3726
3725
3727
3721
3721
3721
3727
3724
3725
3725
3723
3723
3721
3720
3720
3720
3720
3719
3718
3718
3716
3716
3719
3716
3719
3718
3711
3713
3714
3718
3717
3715
3712
3707
3709
3710
3713
3710
3705
3707
3713
3713
3710
3709
3709
3714
3711
3710
3709
3706
3707
3705
3704
3705
3705
3706
3704
3705
3707
3705
3706
3707
3704
3702
3702
3704
3704
3702
3703
3701
3698
3699
3692
3693
3691
3696
3696
3693
3695
3694
3692
3693
3693
3694
3689
3689
3695
3691
3691
3690
3690
3686
3687
3691
3691
3689
3690
3688
3688
3689
3685
3687
3681
3682
3685
3685
3682
3678
3678
3685
3684
3681
3680
3679
3686
3685
3683
3682
3683
3682
3683
3683
3682
3678
3676
3682
3681
3677
3679
3677
3678
3677
3675
3676
3675
3676
3676
3675
3676
3675
3675
3673
3675
3673
3672
3672
3668
3671
3663
3664
3667
3668
3668
3664
3662
3669
3669
3666
3667
3668
3667
3669
3664
3664
3670
3671
3669
3668
3666
3669
3670
3668
3666
3664
3666
3665
3666
3664
3664
3662
3657
3660
3659
3665
3664
3657
3658
3665
3661
3659
3658
3656
3658
3657
3657
3657
3656
3657
3656
3658
3658
3652
3655
3662
3660
3660
3659
3657
3652
3651
3658
3656
3655
3655
3654
3656
3654
3654
3652
3653
3651
3654
3654
3656
3657
3657
3658
3654
3657
3656
3654
3650
3651
3656
3655
3655
3647
3646
3649
3650
3647
3650
3646
3642
3642
3644
3645
3637
3640
3643
3644
3640
3639
3637
3634
3635
3633
3634
3630
3627
3626
3629
3629
3628
3629
3625
3626
3626
3626
3626
3626
3624
3625
3624
3623
3620
3617
3624
3624
3622
3624
3623
3618
3619
3622
3621
3615
3616
3620
3620
3620
3619
3618
3620
3619
3622
3620
3623
3624
3625
3626
3624
3627
3625
3629
3624
3627
3631
3630
3625
3625
3629
3629
3629
3626
3627
3624
3625
3623
3625
3624
3620
3620
3623
3621
3614
3615
3614
3620
3616
3618
3616
3616
3613
3612
3613
3611
3611
3609
3609
3607
3609
3606
3606
3601
3601
3608
3604
3605
3604
3603
3599
3598
3605
3602
3597
3598
3599
3603
3599
3602
3601
3598
3599
3603
3604
3604
3601
3603
3601
3602
3601
3601
3601
3600
3599
3599
3598
3598
3597
3596
3597
3596
3593
3592
3598
3596
3593
3592
3594
3600
3599
3596
3596
3605
3601
3601
3600
3599
3598
3598
3594
3592
3597
3597
3600
3598
3600
3598
3600
3598
3598
3597
3598
3597
3597
3594
3596
3593
3594
3591
3593
3590
3590
3589
3589
3586
3589
3586
3584
3585
3587
3588
3580
3582
3579
3586
3584
3586
3587
3582
3585
3584
3590
3588
3589
3588
3583
3585
3588
3589
3591
3590
3592
3592
3594
3595
3597
3598
3599
3598
3597
3596
3593
3595
3590
3586
3586
3589
3587
3585
3584
3582
3577
3579
3579
3580
3577
3578
3572
3575
3573
3578
3576
3572
3571
3577
3574
3575
3569
3569
3575
3573
3574
3571
3573
3572
3571
3572
3571
3571
3569
3570
3569
3567
3565
3566
3570
3570
3564
3565
3566
3573
3571
3568
3569
3578
3573
3577
3575
3577
3573
3575
3581
3579
3577
3578
3577
3575
3575
3574
3574
3575
3574
3574
3574
3573
3573
3571
3571
3570
3569
3569
3568
3567
3568
3566
3566
3561
3561
3560
3566
3562
3558
3558
3563
3560
3561
3559
3561
3555
3555
3560
3558
3559
3560
3558
3555
3555
3562
3560
3563
3561
3562
3560
3561
3559
3562
3554
3558
3558
3564
3561
3562
3559
3560
3562
3559
3560
3557
3560
3556
3556
3555
3551
3553
3553
3552
3554
3547
3547
3554
3549
3550
3547
3547
3553
3552
3549
3550
3555
3556
3556
3556
3555
3549
3550
3556
3554
3555
3555
3552
3553
3553
3547
3548
3550
3552
3551
3550
3549
3550
3546
3549
3545
3547
3546
3546
3542
3543
3548
3549
3546
3541
3544
3547
3547
3547
3545
3546
3544
3544
3544
3543
3545
3545
3543
3544
3543
3541
3542
3537
3539
3544
3545
3545
3542
3544
3539
3538
3545
3544
3542
3540
3541
3548
3548
3548
3550
3547
3546
3544
3549
3549
3547
3546
3545
3546
3543
3544
3544
3543
3541
3543
3542
3545
3538
3539
3544
3539
3537
3537
3539
3540
3538
3538
3538
3536
3537
3536
3536
3536
3537
3536
3535
3536
3538
3539
3538
3534
3538
3543
3542
3539
3539
3541
3545
3544
3543
3541
3542
3540
3540
3538
3540
3540
3540
3533
3535
3540
3538
3536
3535
3535
3531
3533
3527
3532
3534
3537
3539
3539
3538
3532
3537
3541
3540
3538
3533
3533
3536
3535
3533
3532
3532
3531
3530
3527
3528
3528
3528
3527
3525
3525
3524
3525
3524
3522
3519
3521
3519
3526
3527
3523
3527
3535
3535
3535
3536
3535
3530
3531
3537
3532
3534
3534
3533
3533
3533
3529
3529
3532
3532
3531
3528
3530
3528
3526
3523
3524
3522
3526
3527
3522
3521
3528
3526
3523
3518
3519
3522
3521
3520
3521
3519
3519
3519
3520
3517
3519
3517
3520
3518
3518
3519
3518
3517
3517
3513
3514
3516
3516
3516
3517
3516
3515
3515
3515
3515
3518
3519
3520
3523
3523
3525
3528
3528
3529
3530
3528
3528
3527
3524
3523
3523
3521
3515
3517
3520
3518
3515
3512
3514
3516
3515
3513
3514
3510
3511
3514
3519
3520
3525
3527
3526
3531
3536
3546
3551
3551
3560
3571
3577
3579
3583
3591
3598
3603
3603
3608
3620
3623
3629
3634
3638
3644
3650
3655
3662
3668
3672
3679
3681
3690
3695
3699
3701
3706
3711
3720
3723
3727
3728
3732
3736
3737
3739
3741
3740
