3094
3093
3094
3093
3094
3092
3089
3088
3086
3090
3087
3084
3083
3080
3079
3076
3070
3067
3071
3065
3064
3060
3058
3056
3052
3045
3044
3048
3042
3040
3037
3035
3028
3027
3028
3026
3022
3021
3017
3016
3014
3012
3011
3008
3008
3004
3000
3000
3000
2996
2996
2994
2992
2994
2991
2986
2987
2990
2989
2980
2982
2980
2984
2980
2978
2977
2976
2973
2970
2969
2969
2963
2962
2966
2964
2963
2963
2961
2960
2959
2953
2952
2958
2956
2956
2955
2955
2955
2954
2950
2951
2950
2948
2949
2943
2944
2946
2946
2941
2938
2938
2942
2940
2939
2936
2932
2931
2931
2934
2932
2932
2931
2930
2930
2930
2928
2927
2921
2923
2926
2925
2924
2922
2921
2921
2920
2919
2919
2918
2918
2917
2919
2916
2914
2914
2920
2918
2917
2917
2915
2915
2916
2916
2914
2912
2910
2912
2915
2916
2913
2914
2912
2914
2913
2907
2909
2912
2912
2911
2912
2910
2906
2909
2914
2913
2914
2913
2914
2914
2916
2914
2916
2916
2918
2912
2913
2915
2916
2915
2913
2913
2907
2908
2907
2911
2909
2909
2906
2907
2905
2905
2903
2905
2903
2904
2904
2906
2905
2906
2906
2903
2902
2908
2905
2906
2904
2904
2899
2899
2901
2902
2901
2902
2896
2897
2897
2902
2900
2901
2899
2900
2899
2899
2897
2898
2896
2896
2895
2896
2896
2893
2894
2898
2899
2894
2897
2899
2901
2899
2899
2897
2896
2896
2896
2894
2895
2895
2894
2892
2892
2892
2891
2894
2889
2892
2896
2894
2895
2895
2894
2894
2895
2896
2893
2892
2891
2898
2895
2896
2895
2893
2894
2893
2889
2888
2890
2891
2892
2891
2893
2889
2892
2895
2897
2896
2897
2895
2894
2894
2893
2893
2893
2892
2893
2887
2890
2892
2893
2890
2890
2890
2889
2888
2889
2889
2888
2890
2889
2887
2886
2892
2890
2886
2887
2886
2892
2889
2890
2888
2890
2887
2890
2889
2893
2892
2895
2889
2891
2894
2897
2899
2897
2900
2895
2896
2903
2901
2904
2904
2907
2908
2908
2908
2907
2910
2905
2908
2912
2913
2912
2913
2914
2913
2914
2915
2916
2915
2916
2918
2916
2918
2917
2919
2913
2916
2921
2921
2919
2920
2918
2920
2919
2917
2916
2922
2922
2922
2922
2923
2920
2920
2927
2925
2928
2924
2926
2932
2930
2933
2933
2935
2935
2937
2938
2939
2942
2942
2945
2945
2946
2945
2948
2953
2956
2956
2959
2960
2957
2961
2966
2970
2966
2969
2972
2978
2980
2983
2985
2987
2989
2990
2993
2995
2998
2998
3002
3003
3005
3007
3009
3007
3009
3017
3019
3016
3019
3020
3028
3028
3031
3031
3035
3039
3040
3044
3045
3050
3050
3054
3058
3060
3063
3067
3066
3070
3079
3081
3079
3084
3089
3094
3099
3101
3104
3103
3110
3115
3120
3123
3127
3131
3134
3137
3143
3147
3150
3155
3161
3159
3165
3175
3177
3182
3187
3190
3191
3197
3204
3207
3211
3215
3221
3222
3225
3235
3241
3244
3248
3255
3258
3261
3268
3272
3277
3282
3287
3291
3296
3302
3307
3307
3312
3321
3329
3331
3335
3340
3347
3350
3355
3359
3362
3368
3374
3374
3378
3388
3395
3400
3406
3413
3415
3421
3430
3436
3442
3448
3452
3455
3463
3474
3478
3485
3489
3495
3499
3506
3509
3516
3528
3532
3540
3546
3554
3563
3568
3570
3579
3590
3598
3604
3609
3615
3618
3627
3638
3640
3645
3652
3658
3665
3671
3672
3677
3683
3694
3700
3707
3714
3719
3725
3728
3734
3743
3755
3762
3768
3774
3780
3786
3794
3797
3804
3816
3821
3827
3833
3841
3848
3855
3863
3869
3875
3883
3891
3900
3906
3914
3921
3929
3936
3939
3948
3956
3970
3975
3977
3984
3997
4002
4008
4011
4019
4033
4041
4046
4055
4062
4069
4076
4084
4089
4096
4105
4113
4121
4128
4132
4138
4152
4158
4164
4171
4179
4184
4192
4206
4213
4221
4230
4234
4241
4248
4259
4266
4266
4275
4286
4292
4298
4302
4308
4313
4318
4318
4325
4332
4341
4346
4350
4358
4361
4366
4373
4376
4383
4384
4391
4404
4410
4417
4423
4431
4437
4445
4448
4458
4466
4473
4477
4478
4484
4494
4498
4495
4502
4513
4518
4524
4531
4535
4542
4548
4553
4555
4563
4570
4573
4582
4583
4590
4593
4599
4603
4610
4610
4618
4630
4632
4632
4638
4645
4657
4662
4659
4666
4681
4688
4690
4697
4701
4703
4710
4721
4725
4732
4738
4744
4747
4753
4758
4763
4765
4767
4773
4773
4775
4778
4780
4775
4781
4786
4793
4797
4800
4806
4805
4808
4816
4822
4826
4830
4834
4838
4843
4847
4854
4860
4865
4869
4870
4876
4887
4891
4897
4897
4902
4912
4915
4918
4924
4928
4931
4934
4933
4936
4945
4946
4949
4955
4958
4958
4960
4970
4973
4978
4983
4987
4998
4996
5005
5010
5015
5018
5020
5022
5028
5039
5044
5039
5044
5055
5058
5061
5065
5067
5069
5069
5071
5074
5075
5080
5080
5084
5089
5091
5095
5095
5100
5104
5110
5114
5113
5116
5123
5128
5131
5134
5140
5134
5139
5149
5149
5154
5154
5159
5159
5158
5164
5167
5170
5165
5170
5177
5177
5173
5177
5181
5183
5185
5183
5186
5195
5193
5192
5192
5192
5192
5191
5192
5192
5194
5195
5196
5195
5192
5193
5190
5183
5187
5191
5191
5189
5190
5188
5193
5193
5193
5193
5192
5188
5189
5195
5192
5185
5187
5188
5193
5193
5191
5194
5198
5198
5194
5193
5195
5198
5193
5194
5195
5194
5192
5191
5190
5191
5192
5194
5195
5196
5194
5197
5197
5199
5200
5199
5202
5205
5207
5207
5201
5207
5216
5215
5209
5210
5212
5219
5218
5216
5216
5209
5213
5215
5218
5219
5217
5219
5219
5219
5218
5221
5222
5214
5211
5219
5217
5209
5209
5209
5214
5214
5214
5213
5211
5208
5209
5211
5211
5210
5211
5220
5217
5213
5212
5215
5224
5226
5226
5223
5226
5221
5221
5218
5218
5217
5212
5209
5205
5204
5201
5200
5196
5196
5188
5190
5191
5191
5189
5188
5186
5184
5185
5178
5174
5175
5180
5179
5179
5178
5169
5171
5170
5175
5175
5178
5177
5171
5172
5177
5179
5180
5181
5179
5181
5177
5179
5175
5172
5171
5168
5165
5163
5159
5159
5158
5157
5155
5150
5148
5139
5141
5143
5143
5140
5139
5137
5135
5134
5128
5128
5129
5132
5130
5123
5126
5134
5129
5127
5127
5125
5131
5130
5133
5133
5132
5130
5130
5130
5128
5128
5126
5125
5126
5126
5124
5122
5117
5117
5126
5120
5117
5113
5112
5114
5113
5110
5109
5103
5100
5097
5101
5100
5096
5094
5092
5090
5088
5085
5085
5082
5079
5077
5071
5073
5074
5072
5070
5067
5064
5061
5054
5053
5051
5052
5046
5037
5034
5039
5032
5025
5016
5013
5016
5009
5004
4997
4994
4991
4984
4974
4972
4973
4969
4969
4968
4963
4958
4959
4957
4957
4954
4954
4953
4951
4953
4950
4948
4945
4943
4944
4936
4932
4934
4933
4932
4928
4919
4921
4919
4920
4916
4912
4908
4908
4906
4902
4903
4900
4891
4891
4897
4897
4892
4889
4886
4881
4880
4884
4881
4880
4879
4876
4874
4872
4864
4863
4868
4862
4859
4858
4853
4853
4851
4844
4844
4844
4848
4844
4842
4840
4839
4834
4830
4827
4824
4821
4817
4806
4802
4804
4797
4792
4786
4782
4773
4770
4773
4767
4762
4759
4754
4751
4748
4748
4745
4744
4741
4738
4735
4733
4729
4727
4718
4717
4712
4713
4712
4708
4706
4702
4700
4696
4689
4687
4693
4691
4684
4684
4687
4684
4683
4681
4681
4681
4679
4678
4677
4674
4668
4670
4671
4669
4668
4667
4666
4665
4666
4664
4663
4663
4663
4662
4660
4656
4656
4655
4652
4649
4639
4638
4633
4635
4629
4624
4622
4617
4617
4613
4605
4603
4604
4599
4597
4593
4587
4582
4581
4582
4578
4575
4573
4571
4568
4567
4559
4557
4560
4557
4547
4546
4545
4547
4543
4536
4535
4540
4533
4532
4530
4526
4526
4521
4521
4518
4516
4514
4512
4505
4505
4509
4504
4496
4497
4494
4495
4494
4491
4490
4487
4485
4483
4481
4480
4477
4476
4475
4470
4463
4463
4462
4465
4462
4453
4452
4457
4452
4449
4446
4446
4440
4438
4436
4433
4432
4431
4429
4424
4421
4427
4424
4421
4419
4417
4412
4411
4409
4409
4406
4407
4405
4403
4400
4393
4392
4397
4393
4391
4389
4388
4384
4378
4376
4376
4372
4371
4370
4366
4362
4355
4352
4356
4351
4348
4343
4341
4334
4334
4339
4335
4330
4329
4326
4324
4322
4315
4312
4318
4313
4309
4303
4301
4305
4302
4294
4293
4291
4295
4290
4288
4285
4281
4278
4275
4272
4270
4265
4264
4260
4257
4255
4252
4249
4247
4243
4239
4239
4231
4230
4229
4232
4229
4223
4222
4226
4220
4215
4213
4213
4216
4212
4206
4205
4209
4205
4201
4200
4196
4194
4190
4187
4185
4184
4180
4176
4176
4175
4174
4171
4168
4167
4161
4159
4158
4156
4156
4149
4148
4147
4152
4149
4147
4145
4140
4138
4137
4132
4131
4135
4132
4130
4128
4122
4121
4121
4125
4120
4112
4112
4117
4113
4112
4110
4107
4106
4101
4101
4099
4095
4093
4093
4090
4088
4084
4082
4076
4072
4073
4076
4073
4065
4064
4069
4065
4065
4058
4059
4062
4058
4056
4054
4051
4047
4045
4048
4046
4043
4039
4040
4039
4035
4029
4030
4031
4027
4025
4021
4020
4018
4018
4015
4013
4011
4010
4007
4005
4002
3997
3995
4000
3997
3995
3991
3989
3985
3983
3982
3979
3972
3971
3970
3974
3972
3971
3967
3960
3959
3960
3962
3959
3957
3955
3952
3950
3948
3946
3942
3940
3938
3935
3931
3928
3928
3928
3926
3924
3916
3916
3921
3921
3919
3915
3913
3913
3911
3905
3904
3905
3903
3902
3903
3901
3898
3895
3889
3890
3889
3892
3888
3881
3881
3887
3884
3880
3874
3871
3876
3874
3874
3871
3867
3866
3864
3863
3865
3856
3857
3861
3859
3857
3854
3851
3846
3845
3850
3846
3844
3843
3840
3837
3837
3835
3833
3829
3827
3826
3822
3820
3813
3814
3819
3814
3811
3807
3807
3812
3808
3800
3801
3802
3804
3802
3800
3797
3792
3791
3795
3794
3789
3788
3786
3783
3781
3779
3781
3778
3774
3773
3773
3771
3770
3769
3767
3764
3761
3762
3761
3754
3756
3758
3756
3754
3753
3748
3748
3748
3740
3741
3740
3741
3740
3740
3738
3735
3733
3732
3728
3727
3730
3727
3727
3725
3722
3719
3719
3719
3716
3714
3715
3709
3708
3706
3712
3710
3707
3705
3699
3699
3697
3699
3699
3690
3690
3694
3691
3691
3689
3687
3681
3682
3686
3682
3680
3682
3680
3672
3672
3676
3673
3672
3671
3671
3671
3669
3669
3667
3665
3664
3663
3662
3660
3657
3657
3656
3654
3650
3650
3649
3643
3642
3646
3644
3637
3639
3639
3640
3638
3635
3633
3633
3631
3632
3630
3627
3623
3624
3627
3626
3624
3624
3622
3622
3618
3617
3618
3616
3614
3614
3612
3611
3611
3607
3606
3606
3603
3604
3601
3601
3601
3592
3593
3598
3595
3591
3588
3586
3589
3586
3583
3582
3581
3577
3576
3574
3573
3566
3564
3566
3566
3561
3560
3559
3551
3552
3558
3554
3554
3548
3547
3551
3551
3548
3548
3545
3545
3544
3541
3539
3540
3537
3535
3536
3536
3535
3534
3536
3533
3532
3534
3532
3530
3529
3530
3528
3523
3523
3522
3523
3522
3516
3515
3519
3518
3511
3509
3511
3514
3510
3509
3508
3506
3506
3505
3499
3499
3502
3499
3491
3493
3494
3495
3493
3492
3490
3482
3483
3488
3486
3483
3483
3482
3480
3480
3473
3472
3472
3477
3474
3472
3472
3471
3468
3468
3468
3466
3466
3465
3464
3461
3461
3461
3458
3458
3458
3459
3458
3458
3458
3457
3456
3456
3453
3454
3447
3446
3448
3449
3446
3440
3440
3444
3441
3439
3438
3435
3439
3437
3431
3431
3435
3437
3435
3434
3431
3429
3429
3428
3426
3427
3424
3422
3423
3420
3413
3415
3418
3416
3415
3411
3411
3415
3412
3411
3409
3408
3410
3406
3405
3405
3400
3400
3399
3400
3399
3396
3395
3400
3402
3400
3399
3399
3399
3397
3390
3391
3397
3392
3391
3390
3388
3388
3388
3380
3382
3384
3385
3385
3383
3386
3384
3384
3382
3379
3381
3374
3374
3380
3377
3377
3376
3374
3376
3374
3370
3371
3373
3371
3370
3367
3369
3367
3365
3364
3362
3363
3360
3359
3355
3354
3357
3353
3348
3347
3345
3350
3346
3339
3338
3342
3342
3339
3334
3336
3340
3338
3335
3334
3331
3332
3332
3330
3328
3324
3324
3328
3329
3329
3327
3327
3326
3328
3326
3327
3327
3325
3325
3324
3323
3324
3322
3321
3320
3321
3315
3316
3322
3318
3314
3314
3312
3316
3312
3309
3307
3313
3311
3310
3308
3305
3307
3305
3305
3303
3300
3298
3298
3301
3301
3298
3300
3296
3298
3296
3296
3296
3295
3295
3289
3291
3291
3294
3291
3287
3287
3291
3292
3288
3288
3287
3286
3286
3283
3282
3276
3278
3277
3281
3276
3275
3276
3273
3275
3272
3268
3270
3272
3271
3268
3269
3266
3265
3264
3264
3262
3263
3260
3261
3259
3260
3257
3257
3252
3252
3258
3257
3255
3251
3250
3253
3253
3252
3251
3252
3250
3251
3250
3249
3248
3249
3246
3247
3246
3242
3242
3245
3246
3238
3239
3241
3243
3242
3238
3236
3243
3239
3238
3234
3235
3240
3237
3236
3235
3234
3234
3232
3232
3232
3231
3233
3234
3236
3235
3239
3237
3235
3236
3240
3240
3241
3239
3240
3231
3233
3237
3233
3227
3225
3226
3229
3227
3226
3224
3219
3219
3219
3224
3221
3220
3219
3218
3218
3217
3217
3215
3215
3214
3215
3214
3214
3212
3213
3212
3210
3210
3209
3204
3202
3205
3206
3207
3204
3203
3198
3197
3202
3203
3201
3200
3199
3193
3194
3199
3197
3198
3195
3196
3190
3190
3196
3193
3192
3192
3191
3191
3189
3183
3183
3188
3188
3187
3187
3185
3184
3184
3184
3182
3181
3180
3181
3179
3180
3173
3176
3174
3179
3177
3174
3172
3179
3176
3172
3172
3172
3176
3174
3168
3170
3173
3172
3171
3172
3169
3166
3165
3170
3170
3169
3168
3166
3167
3166
3164
3164
3164
3162
3163
3160
3162
3160
3161
3156
3157
3156
3162
3159
3159
3160
3159
3159
3156
3155
3153
3156
3157
3149
3151
3153
3156
3155
3152
3152
3157
3157
3155
3156
3154
3155
3155
3150
3151
3159
3157
3158
3156
3156
3151
3152
3151
3149
3147
3145
3145
3149
3150
3147
3148
3146
3149
3148
3145
3146
3150
3150
3150
3148
3150
3147
3149
3147
3148
3146
3147
3143
3144
3141
3142
3139
3135
3134
3139
3137
3135
3136
3134
3134
3130
3131
3129
3131
3129
3130
3123
3127
3129
3132
3126
3126
3128
3131
3132
3131
3131
3131
3130
3131
3131
3129
3131
3129
3131
3128
3129
3123
3125
3128
3127
3122
3122
3124
3125
3124
3118
3119
3122
3121
3119
3119
3118
3117
3118
3114
3117
3122
3125
3124
3127
3127
3129
3129
3127
3128
3122
3122
3123
3125
3125
3122
3123
3117
3117
3119
3124
3123
3122
3121
3121
3118
3118
3116
3115
3115
3114
3114
3113
3115
3114
3115
3118
3116
3114
3113
3119
3117
3116
3112
3111
3116
3113
3112
3108
3109
3107
3104
3104
3101
3102
3099
3098
3099
3101
3101
3102
3097
3098
3103
3101
3101
3096
3097
3100
3098
3097
3097
3096
3093
3094
3092
3094
3093
3094
3087
3088
3087
3093
3090
3090
3088
3088
3085
3088
3086
3088
3082
3083
3091
3091
3090
3090
3089
3096
3094
3093
3092
3088
3086
3088
3090
3089
3087
3084
3080
3078
3079
3082
3076
3077
3075
3074
3073
3074
3068
3070
3073
3072
3071
3070
3071
3072
3069
3070
3070
3066
3068
3073
3070
3071
3069
3069
3069
3067
3069
3066
3066
3066
3064
3064
3062
3061
3063
3056
3058
3057
3060
3060
3056
3057
3055
3055
3057
3050
3052
3055
3053
3054
3053
3053
3049
3050
3054
3054
3048
3048
3053
3054
3053
3052
3052
3046
3048
3052
3052
3050
3051
3050
3050
3052
3050
3050
3049
3048
3050
3048
3050
3050
3049
3050
3047
3049
3043
3044
3050
3047
3041
3041
3041
3045
3045
3041
3039
3046
3042
3042
3044
3041
3043
3044
3042
3043
3042
3043
3042
3043
3040
3041
3042
3035
3039
3037
3044
3043
3045
3042
3040
3037
3040
3044
3045
3045
3044
3042
3042
3047
3048
3049
3046
3047
3043
3044
3041
3042
3042
3040
3041
3037
3038
3036
3036
3034
3031
3030
3036
3034
3033
3035
3034
3034
3033
3035
3033
3029
3028
3033
3033
3028
3029
3029
3026
3026
3022
3022
3023
3026
3027
3025
3027
3025
3026
3022
3021
3021
3024
3024
3017
3020
3023
3023
3021
3022
3020
3019
3019
3016
3013
3015
3017
3017
3015
3016
3017
3016
3017
3016
3017
3015
3014
3016
3014
3011
3010
3013
3017
3016
3018
3016
3018
3017
3017
3013
3016
3019
3019
3020
3018
3018
3018
3016
3012
3012
3016
3017
3015
3016
3017
3016
3017
3015
3015
3021
3020
3018
3021
3019
3019
3018
3017
3017
3017
3017
3017
3013
3014
3017
3017
3010
3012
3013
3017
3015
3016
3014
3013
3013
3014
3011
3011
3012
3010
3011
3011
3006
3006
3005
3010
3007
3006
3004
2998
3000
2998
3003
3000
3001
2996
3000
2998
2998
2998
2999
2995
2996
3002
2999
3000
2999
2999
2994
2995
2999
2998
2997
2996
2996
2994
2995
2993
2996
2993
2994
2992
2989
2990
2994
2994
2990
2991
2990
2991
2990
2987
2988
2994
2993
2994
2993
2995
2994
2992
2988
2990
2994
2991
2991
2990
2990
2987
2988
2986
2988
2987
2987
2986
2985
2986
2983
2984
2978
2978
2978
2981
2981
2979
2977
2979
2980
2979
2977
2981
2987
2988
2989
2989
2986
2986
2986
2992
2991
2987
2986
2991
2988
2989
2987
2988
2985
2986
2984
2985
2983
2982
2982
2981
2981
2979
2980
2976
2977
2975
2977
2975
2976
2976
2972
2971
2972
2974
2974
2973
2972
2968
2969
2969
2973
2969
2971
2970
2968
2970
2964
2965
2966
2967
2969
2965
2967
2973
2972
2973
2968
2967
2973
2971
2965
2966
2965
2968
2967
2967
2967
2962
2964
2967
2969
2970
2970
2971
2971
2972
2975
2976
2977
2979
2978
2981
2981
2982
2983
2981
2979
2977
2979
2979
2972
2974
2974
2975
2973
2973
2972
2971
2971
2968
2969
2967
2968
2967
2967
2966
2965
2967
2964
2962
2963
2967
2970
2968
2971
2969
2971
2970
2968
2968
2973
2971
2972
2970
2973
2968
2969
2974
2974
2971
2972
2974
2977
2979
2977
2977
2976
2976
2973
2972
2968
2968
2966
2966
2963
2962
2959
2960
2954
2954
2956
2957
2948
2950
2949
2953
2950
2946
2947
2952
2952
2951
2955
2953
2957
2956
2952
2954
2959
2959
2959
2961
2961
2961
2963
2963
2964
2964
2962
2961
2962
2960
2958
2957
2962
2961
2962
2961
2959
2958
2956
2956
2955
2955
2953
2953
2951
2951
2951
2950
2949
2948
2949
2950
2951
2945
2947
2950
2951
2949
2944
2946
2949
2951
2943
2946
2944
2950
2948
2943
2945
2949
2949
2946
2947
2944
2946
2943
2945
2942
2943
2943
2941
2943
2941
2939
2941
2941
2939
2937
2937
2938
2935
2938
2930
2933
2931
2936
2933
2930
2930
2934
2934
2929
2929
2929
2934
2932
2928
2929
2932
2932
2931
2929
2930
2928
2929
2928
2930
2927
2930
2927
2929
2927
2928
2928
2929
2927
2928
2927
2928
2929
2927
2923
2924
2926
2929
2929
2926
2927
2921
2921
2923
2925
2926
2920
2923
2926
2926
2925
2924
2924
2923
2924
2922
2922
2923
2922
2923
2918
2921
2926
2923
2921
2920
2922
2925
2924
2924
2921
2922
2920
2920
2920
2920
2914
2915
2920
2918
2914
2913
2914
2917
2917
2915
2918
2917
2921
2920
2922
2923
2925
2927
2926
2928
2928
2931
2929
2929
2928
2934
2933
2933
2932
2932
2927
2926
2930
2927
2928
2925
2926
2924
2926
2919
2921
2925
2924
2924
2922
2921
2920
2919
2920
2917
2919
2917
2917
2917
2915
2915
2913
2910
2911
2910
2913
2913
2911
2912
2904
2908
2909
2913
2912
2907
2909
2912
2913
2910
2912
2912
2908
2909
2905
2904
2909
2907
2905
2903
2903
2910
2907
2904
2905
2908
2910
2909
2910
2909
2910
2909
2908
2908
2908
2908
2908
2908
2909
2909
2908
2909
2908
2909
2908
2910
2909
2910
2908
2908
2907
2909
2908
2906
2906
2910
2909
2910
2906
2906
2910
2909
2903
2905
2904
2906
2905
2905
2904
2905
2903
2902
2903
2905
2902
2903
2898
2899
2906
2905
2903
2904
2903
2898
2900
2904
2903
2903
2902
2901
2902
2902
2902
2903
2898
2899
2900
2902
2904
2896
2898
2903
2901
2903
2902
2903
2904
2902
2903
2905
2904
2904
2904
2897
2899
2903
2902
2903
2902
2901
2902
2900
2899
2901
2899
2899
2900
2899
2896
2898
2896
2898
2897
2897
2894
2893
2899
2898
2894
2895
2898
2900
2900
2898
2900
2894
2896
2899
2899
2897
2894
2892
2897
2897
2889
2892
2892
2895
2894
2889
2890
2895
2892
2893
2892
2891
2892
2890
2885
2887
2890
2889
2890
2884
2886
2888
2887
2889
2886
2887
2887
2886
2886
2885
2886
2887
2883
2884
2885
2884
2886
2885
2883
2885
2884
2883
2885
2884
2883
2884
2878
2879
2882
2884
2884
2882
2882
2889
2886
2888
2886
2886
2886
2887
2882
2880
2887
2886
2884
2883
2884
2883
2882
2882
2883
2880
2881
2881
2880
2880
2880
2880
2880
2878
2878
2879
2878
2879
2879
2878
2878
2879
2878
2879
2875
2874
2880
2878
2878
2879
2878
2880
2883
2879
2882
2888
2890
2894
2893
2896
2904
2908
2908
2913
2918
2929
2932
2933
2942
2951
2956
2959
2964
2969
2970
2976
2987
2989
2993
2996
3002
3010
3014
3021
3023
3026
3028
3035
3043
3047
3049
3053
3054
3056
3060
3066
3070
3069
3072
3072
3075
3075
