4539
4533
4533
4533
4536
4532
4528
4526
4529
4524
4521
4518
4513
4509
4505
4500
4494
4487
4483
4478
4479
4473
4467
4465
4454
4451
4448
4447
4443
4438
4434
4430
4427
4422
4416
4415
4405
4403
4403
4399
4396
4391
4388
4383
4378
4375
4373
4368
4366
4363
4360
4356
4349
4347
4351
4345
4341
4334
4332
4332
4330
4328
4325
4318
4316
4315
4317
4315
4311
4309
4308
4306
4302
4303
4300
4297
4297
4294
4296
4294
4289
4290
4294
4292
4291
4288
4286
4286
4284
4282
4282
4280
4277
4272
4269
4268
4272
4271
4267
4266
4266
4265
4264
4264
4260
4257
4255
4259
4256
4252
4252
4250
4253
4255
4250
4251
4258
4259
4259
4253
4251
4254
4252
4249
4246
4246
4243
4243
4241
4240
4239
4240
4238
4237
4237
4235
4235
4233
4232
4231
4231
4231
4231
4230
4223
4223
4229
4227
4225
4223
4225
4229
4228
4224
4225
4229
4228
4227
4223
4222
4225
4222
4221
4220
4219
4218
4216
4215
4214
4214
4213
4213
4213
4212
4208
4211
4216
4215
4214
4216
4216
4216
4216
4213
4212
4219
4216
4217
4216
4215
4213
4213
4207
4210
4209
4214
4213
4208
4208
4215
4212
4211
4211
4209
4208
4208
4208
4208
4209
4208
4208
4203
4204
4206
4205
4204
4202
4201
4195
4197
4202
4200
4198
4199
4205
4203
4204
4203
4203
4199
4201
4198
4198
4197
4197
4198
4194
4195
4200
4200
4199
4196
4196
4196
4195
4189
4190
4196
4195
4194
4190
4190
4195
4194
4196
4196
4196
4196
4195
4195
4192
4192
4191
4190
4185
4186
4191
4188
4187
4186
4185
4185
4185
4187
4186
4186
4187
4183
4186
4189
4195
4196
4197
4196
4197
4198
4197
4195
4195
4198
4197
4192
4193
4195
4195
4196
4195
4193
4196
4195
4195
4196
4197
4193
4194
4199
4201
4202
4203
4205
4206
4206
4205
4207
4216
4214
4210
4210
4212
4214
4212
4207
4208
4214
4212
4212
4212
4212
4212
4211
4210
4210
4210
4209
4210
4214
4213
4212
4215
4215
4217
4220
4218
4220
4227
4229
4230
4231
4232
4234
4235
4238
4240
4243
4245
4247
4245
4248
4253
4254
4251
4256
4262
4265
4266
4263
4266
4273
4272
4270
4272
4275
4277
4278
4279
4281
4278
4279
4285
4289
4290
4293
4297
4294
4299
4305
4308
4313
4316
4318
4322
4325
4329
4334
4338
4342
4344
4348
4354
4357
4361
4368
4371
4375
4380
4385
4385
4392
4400
4405
4410
4410
4416
4426
4431
4434
4441
4446
4452
4458
4464
4470
4473
4479
4488
4497
4502
4506
4511
4521
4526
4532
4539
4545
4547
4553
4565
4571
4578
4586
4592
4596
4602
4616
4624
4632
4640
4649
4659
4667
4676
4684
4689
4701
4713
4723
4729
4740
4751
4760
4771
4776
4786
4797
4810
4819
4829
4838
4849
4857
4868
4877
4886
4896
4906
4912
4924
4939
4949
4957
4969
4979
4984
4996
5012
5020
5030
5039
5049
5059
5070
5081
5092
5105
5116
5129
5141
5154
5166
5179
5188
5201
5218
5235
5248
5262
5277
5291
5307
5322
5330
5345
5365
5375
5387
5398
5408
5420
5430
5439
5450
5460
5469
5479
5489
5500
5506
5519
5534
5544
5551
5565
5578
5593
5605
5613
5623
5644
5656
5669
5684
5696
5706
5720
5743
5756
5769
5785
5796
5808
5822
5844
5858
5874
5889
5905
5919
5935
5950
5967
5984
6003
6020
6037
6056
6073
6087
6097
6115
6137
6152
6165
6175
6191
6210
6222
6236
6249
6265
6282
6297
6308
6325
6349
6361
6378
6395
6410
6426
6442
6453
6470
6488
6503
6519
6535
6552
6559
6574
6595
6608
6622
6632
6648
6671
6685
6702
6714
6729
6741
6754
6766
6777
6786
6796
6801
6813
6825
6838
6850
6855
6868
6885
6894
6906
6917
6928
6938
6947
6950
6960
6970
6983
6990
6999
7008
7021
7033
7039
7053
7065
7081
7092
7109
7121
7137
7155
7172
7191
7205
7224
7236
7254
7272
7287
7300
7321
7333
7349
7361
7370
7377
7384
7393
7408
7417
7424
7435
7454
7465
7480
7486
7501
7519
7531
7545
7560
7574
7589
7602
7619
7632
7638
7652
7670
7680
7692
7706
7719
7727
7744
7762
7775
7789
7804
7815
7826
7837
7848
7857
7862
7865
7872
7882
7886
7885
7893
7907
7916
7922
7930
7938
7945
7956
7965
7975
7981
7992
8006
8017
8031
8033
8047
8062
8079
8092
8102
8114
8119
8133
8151
8163
8175
8189
8197
8206
8218
8231
8241
8252
8257
8270
8286
8296
8305
8315
8327
8337
8348
8356
8365
8368
8379
8391
8398
8401
8399
8403
8411
8411
8413
8418
8422
8429
8434
8439
8443
8446
8450
8449
8450
8450
8449
8453
8449
8454
8460
8464
8463
8458
8462
8469
8468
8465
8471
8478
8486
8489
8496
8499
8508
8514
8524
8526
8528
8529
8532
8527
8531
8535
8538
8538
8533
8533
8541
8541
8543
8549
8556
8562
8566
8574
8582
8588
8594
8600
8607
8611
8619
8626
8626
8630
8641
8642
8642
8646
8650
8654
8658
8657
8665
8672
8683
8687
8690
8694
8698
8706
8710
8714
8718
8711
8719
8727
8730
8726
8731
8736
8750
8752
8753
8754
8747
8751
8755
8762
8762
8765
8772
8767
8767
8770
8773
8770
8766
8767
8774
8771
8770
8769
8771
8770
8770
8772
8773
8780
8782
8786
8789
8794
8801
8809
8813
8820
8825
8827
8835
8848
8852
8852
8862
8873
8879
8881
8885
8889
8892
8893
8890
8890
8887
8892
8892
8891
8890
8887
8887
8882
8882
8880
8881
8872
8863
8857
8852
8847
8843
8842
8844
8842
8842
8841
8844
8842
8844
8841
8832
8830
8831
8824
8816
8806
8802
8799
8793
8785
8776
8766
8756
8745
8734
8725
8724
8713
8704
8695
8689
8686
8684
8686
8687
8683
8686
8691
8695
8698
8695
8701
8713
8717
8717
8724
8735
8744
8752
8756
8759
8762
8763
8760
8756
8754
8752
8753
8755
8754
8753
8754
8755
8748
8751
8754
8753
8748
8751
8751
8759
8760
8761
8765
8765
8768
8766
8758
8750
8750
8740
8733
8725
8719
8709
8703
8700
8692
8687
8682
8677
8672
8667
8662
8654
8644
8639
8631
8628
8623
8619
8615
8607
8610
8615
8611
8613
8613
8614
8621
8625
8626
8629
8628
8630
8633
8642
8642
8643
8646
8649
8651
8653
8651
8651
8647
8644
8642
8637
8634
8631
8626
8627
8620
8609
8603
8602
8593
8585
8582
8578
8569
8567
8570
8564
8564
8562
8560
8561
8561
8554
8552
8552
8552
8552
8546
8539
8532
8526
8518
8511
8504
8496
8483
8475
8466
8452
8445
8440
8437
8429
8420
8415
8416
8409
8406
8401
8400
8394
8393
8392
8389
8383
8381
8381
8386
8383
8384
8385
8385
8384
8386
8388
8384
8386
8383
8377
8380
8383
8387
8385
8384
8379
8376
8370
8370
8363
8355
8349
8343
8340
8337
8325
8323
8319
8318
8311
8307
8304
8297
8294
8287
8280
8278
8280
8275
8271
8271
8265
8264
8264
8269
8272
8270
8273
8277
8278
8274
8266
8262
8261
8254
8246
8246
8246
8251
8248
8241
8239
8243
8239
8237
8234
8227
8224
8219
8211
8210
8206
8199
8193
8183
8179
8182
8175
8171
8166
8161
8156
8152
8143
8135
8131
8121
8113
8106
8099
8094
8087
8082
8075
8072
8065
8063
8058
8051
8039
8035
8035
8025
8016
8005
7997
7994
7984
7969
7961
7959
7952
7947
7939
7935
7935
7929
7925
7921
7920
7917
7919
7915
7915
7915
7911
7906
7903
7900
7899
7895
7894
7890
7885
7884
7878
7877
7871
7867
7861
7848
7845
7842
7840
7836
7826
7822
7825
7817
7816
7814
7811
7810
7806
7796
7796
7798
7797
7795
7789
7784
7785
7780
7768
7763
7757
7757
7746
7739
7729
7721
7712
7704
7696
7688
7683
7677
7672
7665
7662
7657
7654
7645
7642
7642
7637
7632
7626
7620
7616
7612
7608
7607
7594
7594
7592
7592
7586
7581
7575
7567
7566
7569
7563
7561
7558
7556
7553
7550
7541
7540
7539
7541
7539
7527
7527
7531
7522
7516
7514
7508
7506
7504
7500
7498
7496
7490
7490
7480
7478
7474
7468
7455
7451
7446
7445
7436
7430
7425
7409
7404
7399
7397
7391
7378
7375
7375
7367
7358
7352
7344
7336
7328
7321
7318
7311
7307
7303
7298
7296
7293
7291
7289
7287
7280
7276
7272
7275
7269
7265
7259
7254
7247
7241
7228
7224
7222
7213
7199
7194
7189
7188
7184
7177
7170
7160
7152
7145
7132
7120
7105
7096
7095
7080
7069
7063
7055
7052
7044
7031
7023
7026
7017
7010
7006
7001
6997
6991
6990
6988
6987
6983
6982
6977
6980
6984
6977
6975
6972
6968
6965
6963
6959
6957
6955
6954
6953
6950
6948
6952
6951
6941
6943
6942
6945
6941
6937
6932
6929
6924
6919
6913
6907
6897
6894
6893
6886
6877
6871
6863
6857
6850
6838
6836
6837
6831
6826
6821
6816
6813
6810
6806
6804
6793
6792
6789
6793
6788
6784
6781
6779
6775
6774
6769
6765
6763
6761
6758
6757
6752
6746
6744
6746
6742
6739
6734
6727
6720
6721
6720
6720
6711
6709
6715
6709
6705
6700
6697
6696
6691
6688
6682
6679
6673
6670
6662
6659
6662
6658
6655
6652
6647
6640
6637
6641
6637
6636
6634
6631
6629
6627
6627
6624
6615
6615
6613
6610
6604
6601
6595
6588
6583
6571
6568
6561
6559
6552
6546
6538
6525
6521
6516
6515
6510
6504
6499
6495
6491
6488
6484
6481
6479
6475
6472
6470
6462
6458
6457
6455
6452
6443
6438
6441
6435
6428
6423
6413
6412
6406
6403
6401
6396
6392
6389
6391
6388
6380
6380
6382
6378
6376
6373
6370
6367
6363
6360
6357
6355
6347
6348
6351
6346
6340
6340
6341
6342
6339
6338
6334
6332
6331
6328
6326
6326
6325
6322
6317
6315
6311
6307
6302
6293
6287
6287
6280
6273
6267
6261
6254
6251
6245
6241
6231
6229
6228
6225
6223
6216
6213
6214
6210
6202
6202
6200
6202
6201
6196
6194
6193
6188
6186
6181
6180
6175
6173
6166
6162
6159
6157
6153
6150
6146
6138
6135
6137
6130
6128
6122
6119
6113
6111
6117
6114
6111
6103
6101
6102
6098
6096
6095
6093
6090
6087
6085
6083
6079
6077
6068
6067
6066
6067
6064
6057
6056
6061
6058
6053
6051
6049
6045
6044
6035
6036
6039
6038
6033
6025
6023
6025
6020
6018
6013
6012
6007
6006
6001
5999
5999
5995
5990
5986
5981
5977
5973
5966
5960
5954
5947
5942
5934
5930
5922
5917
5904
5901
5894
5894
5889
5886
5880
5866
5864
5860
5861
5856
5845
5839
5842
5836
5830
5824
5821
5816
5812
5808
5805
5796
5795
5795
5795
5791
5784
5781
5786
5780
5777
5770
5771
5771
5769
5767
5764
5759
5756
5752
5749
5748
5747
5744
5736
5737
5735
5737
5735
5727
5729
5733
5730
5727
5726
5725
5722
5721
5719
5717
5718
5717
5716
5714
5711
5711
5707
5707
5705
5703
5699
5697
5702
5700
5691
5691
5692
5693
5691
5689
5685
5684
5681
5678
5677
5675
5668
5668
5671
5669
5664
5663
5663
5661
5659
5656
5652
5645
5645
5644
5646
5644
5643
5642
5635
5634
5637
5635
5635
5627
5625
5629
5627
5626
5624
5621
5618
5617
5617
5615
5612
5610
5608
5609
5607
5603
5602
5608
5607
5608
5602
5600
5594
5594
5596
5589
5586
5583
5578
5573
5571
5566
5567
5572
5567
5563
5558
5555
5549
5541
5530
5527
5528
5523
5515
5508
5506
5508
5503
5498
5497
5493
5492
5491
5483
5482
5484
5481
5477
5475
5470
5467
5467
5466
5463
5463
5463
5463
5461
5460
5460
5460
5458
5456
5454
5448
5450
5455
5452
5445
5444
5442
5440
5435
5425
5424
5423
5416
5409
5403
5399
5397
5395
5390
5384
5376
5375
5373
5373
5368
5364
5360
5357
5355
5353
5351
5350
5345
5345
5351
5347
5345
5343
5342
5337
5334
5332
5328
5326
5324
5323
5323
5321
5314
5313
5319
5318
5317
5317
5313
5312
5312
5310
5310
5305
5306
5303
5307
5306
5301
5303
5306
5301
5300
5293
5292
5294
5291
5291
5290
5286
5282
5280
5278
5278
5270
5270
5273
5269
5266
5263
5260
5259
5256
5253
5251
5247
5245
5240
5239
5236
5235
5235
5232
5225
5224
5229
5226
5220
5220
5224
5223
5221
5217
5219
5222
5220
5218
5217
5216
5216
5214
5212
5211
5208
5206
5205
5202
5201
5191
5190
5194
5191
5185
5182
5182
5188
5184
5176
5174
5183
5180
5179
5173
5171
5174
5172
5170
5168
5165
5163
5162
5163
5161
5161
5158
5160
5160
5160
5161
5158
5156
5154
5153
5152
5149
5144
5143
5145
5144
5143
5138
5137
5134
5133
5130
5128
5126
5122
5120
5120
5117
5116
5115
5107
5108
5114
5110
5108
5101
5103
5103
5102
5093
5094
5093
5095
5094
5089
5091
5097
5095
5091
5089
5090
5081
5081
5083
5082
5080
5078
5079
5078
5077
5074
5072
5071
5069
5066
5065
5062
5059
5058
5050
5050
5055
5052
5049
5044
5042
5047
5046
5042
5040
5038
5035
5034
5032
5032
5029
5026
5024
5022
5021
5017
5017
5022
5020
5019
5019
5019
5012
5012
5015
5013
5007
5009
5008
5011
5008
5006
5003
4999
4998
4994
4994
4992
4989
4984
4978
4975
4971
4969
4964
4962
4961
4961
4960
4956
4954
4952
4953
4952
4953
4952
4945
4946
4949
4950
4949
4945
4947
4950
4949
4944
4942
4945
4948
4949
4948
4945
4945
4944
4945
4938
4938
4942
4942
4941
4941
4939
4939
4936
4936
4934
4934
4931
4931
4929
4929
4926
4924
4919
4919
4924
4921
4918
4910
4911
4913
4912
4910
4909
4907
4902
4901
4903
4899
4899
4900
4899
4898
4897
4890
4892
4897
4894
4893
4893
4891
4888
4887
4885
4882
4881
4881
4881
4879
4877
4876
4876
4869
4868
4871
4870
4867
4864
4863
4865
4861
4853
4855
4856
4862
4863
4861
4862
4862
4861
4859
4856
4857
4853
4852
4858
4854
4845
4843
4844
4846
4843
4840
4837
4834
4831
4829
4828
4825
4827
4822
4817
4816
4817
4821
4820
4817
4818
4817
4815
4808
4809
4809
4814
4813
4812
4809
4809
4807
4808
4808
4808
4804
4807
4815
4813
4815
4813
4814
4809
4811
4816
4815
4814
4813
4810
4808
4808
4800
4802
4806
4803
4800
4796
4795
4788
4790
4795
4792
4789
4790
4790
4786
4785
4785
4784
4784
4777
4779
4778
4777
4776
4776
4767
4766
4766
4768
4765
4757
4757
4762
4758
4758
4756
4756
4755
4755
4755
4755
4752
4753
4752
4751
4749
4741
4743
4747
4744
4743
4739
4739
4735
4737
4744
4741
4741
4740
4740
4746
4743
4740
4738
4732
4729
4728
4732
4729
4727
4725
4726
4725
4726
4725
4724
4724
4723
4722
4724
4722
4722
4720
4719
4717
4715
4714
4713
4710
4708
4704
4701
4703
4701
4694
4695
4693
4696
4694
4687
4689
4693
4690
4687
4683
4684
4687
4686
4683
4685
4681
4683
4685
4688
4688
4686
4686
4686
4683
4684
4682
4682
4683
4683
4684
4682
4682
4683
4680
4674
4675
4678
4674
4668
4665
4665
4666
4665
4659
4658
4663
4658
4657
4658
4658
4654
4655
4659
4657
4656
4656
4656
4653
4654
4651
4653
4653
4653
4652
4649
4652
4649
4650
4650
4650
4647
4649
4647
4645
4645
4639
4642
4644
4648
4648
4644
4647
4651
4648
4650
4650
4648
4646
4641
4635
4637
4638
4636
4634
4629
4626
4629
4628
4628
4628
4627
4627
4624
4623
4623
4623
4621
4616
4614
4613
4616
4614
4613
4613
4611
4609
4610
4609
4608
4607
4606
4605
4606
4603
4606
4604
4602
4604
4599
4602
4603
4601
4599
4595
4596
4601
4598
4592
4590
4590
4594
4591
4586
4590
4596
4596
4599
4599
4599
4596
4594
4591
4589
4585
4583
4581
4581
4580
4579
4579
4572
4573
4573
4576
4575
4575
4573
4568
4572
4576
4580
4579
4578
4578
4573
4573
4579
4578
4577
4572
4573
4572
4571
4570
4567
4566
4563
4564
4559
4558
4562
4559
4559
4560
4558
4557
4556
4551
4551
4553
4555
4553
4553
4555
4554
4555
4557
4558
4559
4556
4554
4559
4557
4555
4555
4553
4551
4548
4546
4546
4545
4544
4538
4539
4540
4545
4543
4542
4543
4544
4542
4540
4539
4538
4539
4537
4532
4533
4533
4538
4535
4529
4527
4534
4533
4532
4532
4532
4531
4530
4534
4532
4531
4531
4530
4528
4526
4525
4525
4524
4522
4520
4519
4519
4519
4518
4517
4517
4513
4515
4516
4521
4519
4521
4521
4521
4519
4518
4515
4515
4518
4515
4510
4510
4509
4508
4507
4502
4501
4507
4505
4500
4501
4497
4502
4500
4495
4495
4499
4498
4493
4493
4491
4491
4488
4489
4488
4489
4485
4487
4492
4490
4488
4490
4490
4489
4486
4486
4486
4487
4485
4485
4484
4484
4483
4484
4482
4481
4486
4487
4484
4479
4479
4484
4484
4477
4476
4482
4480
4479
4481
4480
4472
4472
4478
4475
4474
4471
4470
4471
4470
4468
4469
4468
4468
4466
4467
4464
4465
4463
4463
4463
4461
4461
4462
4462
4462
4457
4459
4459
4464
4461
4456
4457
4461
4459
4459
4454
4453
4457
4457
4456
4456
4454
4453
4454
4454
4455
4450
4449
4456
4456
4454
4452
4453
4448
4449
4454
4451
4449
4449
4446
4447
4446
4448
4448
4447
4448
4449
4457
4456
4450
4454
4460
4459
4459
4453
4452
4457
4454
4451
4451
4448
4450
4447
4449
4450
4448
4450
4449
4448
4448
4445
4442
4445
4442
4440
4438
4438
4438
4439
4432
4434
4436
4434
4433
4427
4424
4427
4424
4421
4421
4419
4418
4416
4416
4416
4415
4416
4408
4410
4413
4416
4417
4415
4415
4414
4413
4412
4414
4411
4411
4411
4411
4409
4409
4409
4407
4403
4403
4408
4407
4407
4406
4404
4404
4405
4403
4404
4409
4407
4407
4406
4408
4403
4403
4408
4407
4405
4403
4403
4403
4403
4402
4401
4399
4400
4399
4400
4399
4398
4397
4407
4405
4406
4405
4405
4410
4409
4404
4403
4404
4402
4402
4401
4401
4395
4396
4401
4400
4398
4397
4396
4395
4393
4390
4390
4392
4390
4388
4387
4386
4387
4386
4381
4380
4380
4385
4384
4379
4381
4385
4384
4383
4381
4380
4380
4381
4383
4383
4381
4385
4385
4387
4386
4383
4384
4388
4388
4387
4382
4383
4389
4386
4379
4379
4379
4384
4382
4382
4380
4379
4380
4380
4379
4379
4372
4373
4376
4374
4374
4373
4374
4373
4372
4371
4371
4370
4369
4369
4364
4364
4367
4367
4362
4363
4364
4365
4365
4361
4362
4367
4365
4364
4361
4363
4363
4363
4365
4367
4366
4367
4369
4369
4369
4369
4371
4367
4367
4366
4365
4364
4361
4358
4359
4358
4357
4354
4353
4348
4349
4354
4352
4350
4351
4352
4347
4348
4353
4353
4349
4351
4352
4353
4353
4348
4349
4351
4349
4349
4347
4344
4339
4340
4345
4344
4342
4343
4343
4343
4346
4349
4348
4350
4349
4349
4344
4347
4352
4352
4352
4350
4347
4345
4342
4340
4338
4340
4338
4334
4334
4334
4333
4333
4327
4328
4335
4334
4334
4336
4336
4331
4332
4336
4335
4335
4335
4334
4332
4331
4331
4329
4330
4330
4329
4326
4327
4332
4329
4325
4328
4330
4330
4331
4326
4326
4329
4330
4330
4329
4332
4329
4332
4340
4341
4342
4343
4345
4343
4342
4338
4338
4342
4338
4335
4329
4327
4331
4328
4327
4325
4322
4320
4321
4318
4318
4317
4318
4318
4318
4321
4320
4321
4320
4318
4312
4317
4317
4320
4318
4314
4316
4321
4321
4320
4323
4322
4323
4321
4321
4318
4310
4312
4312
4317
4317
4313
4313
4318
4316
4316
4317
4316
4315
4312
4304
4304
4309
4309
4309
4312
4313
4315
4314
4310
4312
4313
4317
4313
4311
4310
4306
4305
4306
4303
4303
4301
4299
4298
4297
4293
4292
4291
4294
4294
4294
4293
4292
4290
4289
4290
4291
4285
4288
4293
4293
4293
4288
4288
4292
4293
4293
4292
4288
4288
4290
4294
4295
4288
4288
4293
4292
4291
4291
4291
4292
4292
4295
4297
4296
4298
4295
4295
4293
4291
4289
4284
4284
4286
4285
4284
4277
4279
4281
4280
4278
4275
4274
4274
4274
4274
4275
4273
4269
4269
4274
4273
4274
4271
4270
4270
4271
4272
4272
4271
4271
4272
4273
4274
4274
4272
4274
4275
4274
4274
4272
4273
4273
4274
4274
4274
4273
4272
4274
4272
4269
4269
4273
4269
4270
4270
4268
4269
4269
4265
4267
4274
4273
4271
4268
4269
4274
4273
4264
4267
4268
4267
4267
4267
4266
4260
4260
4266
4264
4265
4265
4266
4265
4264
4262
4261
4260
4258
4258
4257
4257
4253
4253
4253
4253
4252
4251
4250
4245
4248
4254
4252
4249
4244
4246
4250
4250
4244
4242
4245
4247
4249
4242
4242
4247
4247
4242
4241
4243
4248
4246
4246
4245
4246
4247
4247
4249
4249
4249
4250
4252
4252
4254
4254
4254
4253
4256
4249
4253
4255
4256
4253
4251
4248
4248
4246
4248
4247
4245
4244
4242
4242
4244
4238
4239
4239
4243
4242
4237
4236
4242
4237
4239
4236
4235
4233
4233
4238
4237
4237
4238
4240
4239
4243
4244
4244
4244
4244
4245
4241
4243
4249
4252
4246
4245
4249
4248
4246
4245
4244
4239
4237
4241
4240
4240
4240
4238
4231
4234
4240
4239
4239
4239
4239
4240
4240
4242
4240
4241
4242
4243
4239
4236
4242
4241
4239
4240
4236
4232
4233
4237
4236
4234
4232
4230
4231
4231
4231
4231
4226
4227
4233
4233
4234
4233
4231
4230
4230
4230
4229
4228
4226
4226
4228
4225
4221
4219
4220
4224
4222
4223
4221
4220
4221
4221
4220
4221
4216
4215
4220
4219
4219
4217
4218
4218
4220
4219
4220
4221
4224
4222
4224
4224
4220
4223
4229
4227
4226
4226
4226
4224
4224
4218
4221
4225
4225
4227
4226
4228
4236
4240
4238
4244
4249
4260
4266
4270
4277
4289
4297
4302
4307
4315
4328
4336
4342
4348
4358
4368
4376
4379
4388
4402
4407
4413
4419
4426
4430
4437
4447
4453
4459
4463
4468
4474
4480
4485
4486
4486
4491
4501
4498
4502
4506
4506
