4327
4327
4327
4325
4323
4322
4321
4318
4315
4312
4304
4303
4298
4299
4294
4292
4287
4282
4278
4271
4266
4262
4262
4259
4254
4249
4246
4241
4236
4233
4228
4222
4218
4219
4217
4210
4205
4199
4202
4198
4193
4190
4187
4185
4183
4180
4177
4173
4171
4168
4168
4164
4162
4162
4158
4158
4161
4161
4158
4156
4153
4155
4151
4149
4146
4144
4141
4139
4137
4134
4127
4127
4127
4123
4118
4116
4112
4109
4108
4105
4103
4103
4099
4097
4091
4091
4095
4092
4087
4085
4085
4091
4089
4084
4082
4086
4084
4083
4079
4076
4078
4077
4070
4071
4070
4071
4069
4067
4065
4059
4059
4063
4061
4061
4059
4057
4058
4057
4056
4056
4056
4054
4054
4052
4050
4050
4051
4052
4051
4051
4045
4047
4052
4051
4050
4048
4046
4045
4043
4043
4042
4040
4039
4038
4038
4037
4039
4039
4039
4039
4037
4033
4034
4037
4036
4030
4031
4037
4039
4041
4043
4044
4045
4046
4042
4044
4044
4046
4043
4042
4042
4035
4035
4036
4038
4036
4032
4033
4038
4034
4032
4034
4035
4037
4035
4038
4037
4038
4040
4040
4035
4036
4038
4035
4034
4031
4029
4025
4025
4027
4027
4025
4024
4023
4022
4023
4019
4020
4017
4016
4016
4016
4014
4015
4013
4012
4011
4006
4008
4010
4014
4012
4009
4010
4015
4016
4017
4016
4016
4012
4012
4014
4013
4014
4010
4009
4008
4009
4009
4010
4008
4007
4007
4006
4008
4013
4011
4004
4005
4011
4011
4011
4007
4007
4013
4010
4007
4006
4008
4011
4010
4010
4009
4008
4008
4008
4007
4009
4007
4007
4001
4004
4007
4009
4008
4006
4007
4007
4007
4006
4008
4008
4009
4011
4013
4011
4012
4012
4011
4011
4010
4008
4007
4007
4007
4004
4004
4004
4007
4006
4007
4008
4007
4005
4005
4005
4005
4004
4005
4002
4001
4000
4007
4007
4005
4005
4013
4012
4010
4010
4012
4017
4018
4015
4016
4023
4021
4021
4021
4020
4020
4022
4022
4022
4022
4023
4024
4023
4023
4022
4024
4024
4024
4025
4025
4027
4026
4029
4024
4027
4028
4035
4034
4030
4033
4040
4039
4040
4040
4042
4040
4042
4047
4045
4047
4047
4051
4053
4055
4056
4055
4057
4058
4059
4063
4065
4061
4065
4071
4072
4074
4075
4079
4084
4087
4089
4092
4089
4094
4099
4106
4107
4110
4113
4118
4121
4124
4125
4128
4139
4140
4140
4146
4148
4154
4158
4162
4167
4172
4173
4178
4182
4185
4192
4193
4198
4201
4205
4209
4214
4216
4222
4226
4232
4236
4241
4248
4253
4259
4257
4263
4271
4273
4271
4275
4279
4288
4294
4294
4299
4309
4313
4317
4322
4324
4329
4334
4337
4341
4348
4353
4358
4363
4369
4372
4379
4388
4395
4404
4408
4414
4428
4433
4440
4449
4455
4461
4470
4475
4483
4496
4503
4511
4515
4523
4531
4536
4543
4551
4559
4564
4572
4577
4586
4600
4608
4618
4625
4635
4641
4654
4667
4674
4685
4694
4703
4713
4724
4730
4738
4755
4764
4770
4783
4794
4806
4819
4826
4837
4858
4868
4879
4889
4903
4919
4932
4945
4959
4973
4985
4999
5011
5026
5039
5051
5064
5077
5089
5098
5107
5114
5126
5142
5150
5160
5168
5179
5193
5204
5210
5225
5241
5255
5268
5282
5296
5311
5324
5336
5353
5370
5389
5403
5419
5434
5445
5457
5471
5487
5502
5515
5526
5539
5554
5563
5579
5595
5608
5622
5635
5650
5662
5679
5692
5713
5727
5737
5756
5779
5791
5804
5815
5831
5849
5865
5877
5893
5906
5919
5932
5954
5970
5984
5998
6017
6034
6050
6067
6080
6090
6103
6120
6130
6145
6158
6168
6178
6187
6193
6206
6217
6231
6241
6256
6266
6280
6293
6306
6320
6333
6346
6361
6372
6385
6400
6413
6429
6434
6453
6472
6485
6492
6509
6521
6535
6545
6554
6569
6582
6591
6607
6618
6634
6646
6661
6669
6685
6706
6718
6728
6737
6750
6762
6770
6779
6792
6803
6814
6823
6829
6843
6854
6868
6882
6891
6905
6914
6927
6943
6955
6960
6974
6985
7001
7011
7014
7025
7042
7053
7062
7066
7077
7092
7102
7112
7120
7130
7143
7156
7164
7171
7182
7192
7201
7208
7216
7226
7235
7241
7256
7272
7279
7290
7301
7310
7321
7330
7333
7348
7364
7370
7380
7383
7392
7402
7412
7413
7425
7434
7449
7459
7466
7475
7485
7496
7505
7514
7524
7533
7543
7552
7560
7564
7570
7575
7583
7587
7594
7604
7606
7616
7623
7634
7642
7652
7660
7663
7674
7682
7695
7704
7710
7723
7738
7750
7759
7773
7782
7788
7804
7820
7827
7839
7851
7866
7873
7881
7888
7898
7898
7909
7918
7927
7932
7935
7941
7946
7951
7952
7955
7963
7972
7978
7979
7989
7994
7997
8003
8015
8017
8022
8029
8029
8033
8035
8034
8036
8036
8037
8044
8048
8053
8056
8054
8054
8051
8048
8042
8035
8028
8021
8014
8013
8012
8009
8002
8004
8008
8017
8022
8019
8027
8039
8039
8038
8038
8041
8045
8046
8050
8055
8055
8060
8066
8080
8088
8094
8100
8101
8110
8123
8136
8145
8155
8163
8170
8180
8191
8201
8210
8221
8230
8235
8241
8254
8257
8257
8254
8262
8268
8269
8274
8276
8278
8286
8287
8287
8291
8303
8306
8307
8314
8317
8322
8326
8330
8336
8338
8345
8351
8354
8362
8367
8372
8376
8380
8385
8385
8394
8405
8409
8408
8416
8425
8427
8427
8426
8424
8426
8420
8417
8417
8418
8417
8414
8406
8413
8416
8410
8407
8401
8405
8409
8408
8406
8403
8399
8395
8392
8382
8378
8377
8370
8367
8365
8364
8353
8356
8361
8359
8357
8355
8354
8352
8347
8336
8333
8338
8332
8324
8320
8319
8314
8309
8300
8297
8296
8287
8275
8269
8261
8258
8256
8254
8255
8256
8259
8261
8264
8263
8264
8268
8276
8276
8278
8277
8278
8288
8287
8292
8295
8296
8299
8300
8302
8303
8305
8306
8305
8301
8300
8302
8299
8295
8295
8287
8284
8280
8282
8281
8278
8276
8268
8270
8272
8280
8276
8277
8276
8269
8272
8271
8273
8269
8258
8254
8260
8249
8242
8237
8231
8226
8223
8218
8212
8210
8207
8205
8199
8196
8194
8195
8193
8192
8189
8188
8188
8198
8194
8189
8192
8199
8197
8197
8201
8200
8201
8201
8195
8201
8204
8209
8206
8201
8200
8207
8200
8195
8190
8190
8180
8177
8180
8177
8173
8167
8163
8163
8158
8153
8151
8151
8152
8153
8146
8146
8149
8145
8141
8136
8127
8121
8117
8105
8100
8099
8091
8078
8072
8070
8071
8068
8057
8054
8063
8057
8052
8048
8042
8041
8037
8037
8033
8030
8030
8026
8027
8024
8023
8018
8019
8016
8012
8004
8004
8006
7997
7990
7982
7973
7964
7954
7938
7923
7919
7904
7893
7881
7870
7864
7861
7848
7849
7851
7849
7849
7841
7835
7840
7836
7823
7820
7819
7819
7817
7813
7812
7813
7811
7815
7814
7810
7812
7813
7807
7808
7815
7817
7816
7817
7815
7816
7816
7813
7812
7811
7808
7808
7799
7798
7804
7798
7793
7793
7789
7786
7783
7778
7775
7763
7761
7754
7755
7746
7742
7740
7735
7731
7724
7725
7724
7720
7718
7710
7709
7707
7708
7703
7699
7695
7692
7690
7691
7685
7684
7676
7673
7680
7676
7664
7662
7661
7660
7654
7648
7641
7631
7631
7625
7623
7619
7614
7610
7605
7600
7594
7592
7588
7580
7575
7568
7564
7551
7546
7541
7541
7537
7525
7521
7525
7519
7516
7506
7502
7502
7497
7493
7489
7485
7481
7476
7473
7469
7464
7460
7456
7452
7447
7439
7435
7436
7429
7427
7423
7417
7413
7410
7407
7406
7398
7395
7393
7389
7385
7377
7375
7373
7367
7355
7352
7350
7350
7343
7343
7338
7328
7325
7324
7329
7323
7316
7312
7318
7314
7308
7303
7297
7294
7289
7283
7277
7275
7268
7263
7259
7253
7242
7236
7241
7236
7228
7224
7218
7211
7204
7207
7202
7196
7189
7182
7180
7175
7170
7164
7152
7151
7145
7146
7141
7135
7129
7117
7119
7114
7112
7108
7101
7096
7091
7085
7078
7073
7070
7063
7053
7046
7037
7025
7014
7003
6994
6986
6972
6961
6961
6946
6936
6927
6920
6911
6902
6888
6887
6888
6882
6876
6871
6867
6875
6871
6859
6859
6859
6862
6859
6855
6855
6857
6850
6848
6846
6842
6841
6839
6835
6829
6827
6824
6823
6819
6819
6812
6811
6813
6809
6808
6807
6801
6798
6794
6792
6790
6783
6780
6776
6769
6760
6763
6754
6748
6740
6733
6727
6718
6713
6708
6694
6692
6684
6687
6680
6675
6672
6667
6661
6654
6650
6646
6643
6637
6630
6620
6609
6600
6597
6596
6587
6575
6569
6570
6566
6560
6550
6547
6551
6544
6541
6535
6529
6523
6524
6519
6515
6510
6508
6506
6500
6497
6494
6491
6480
6476
6480
6476
6472
6467
6464
6461
6460
6457
6454
6447
6441
6439
6438
6435
6426
6423
6422
6418
6416
6412
6405
6400
6394
6392
6384
6377
6374
6370
6368
6366
6361
6357
6351
6349
6345
6336
6331
6335
6327
6319
6315
6311
6310
6299
6286
6280
6279
6270
6264
6254
6245
6246
6242
6236
6233
6229
6227
6225
6223
6221
6213
6211
6215
6211
6209
6203
6203
6206
6200
6200
6197
6191
6189
6179
6175
6169
6161
6160
6152
6147
6141
6134
6129
6124
6118
6115
6110
6106
6102
6100
6089
6088
6090
6084
6082
6077
6075
6067
6064
6068
6065
6062
6055
6053
6057
6054
6050
6048
6046
6045
6044
6041
6037
6029
6029
6033
6027
6022
6015
6016
6016
6011
6009
6004
5999
5992
5989
5985
5981
5967
5965
5966
5961
5956
5954
5948
5942
5936
5932
5929
5923
5917
5912
5904
5900
5900
5895
5888
5883
5880
5877
5874
5864
5864
5867
5863
5858
5853
5847
5843
5837
5834
5825
5823
5817
5815
5813
5808
5799
5797
5797
5798
5794
5785
5784
5783
5781
5778
5773
5769
5767
5766
5758
5760
5764
5764
5760
5758
5753
5746
5745
5753
5749
5747
5745
5743
5741
5738
5735
5730
5727
5721
5723
5722
5720
5717
5715
5707
5706
5703
5707
5700
5699
5692
5688
5682
5676
5670
5664
5661
5656
5651
5648
5642
5636
5632
5631
5628
5624
5621
5620
5618
5616
5609
5606
5610
5606
5603
5599
5593
5590
5586
5578
5573
5577
5572
5568
5566
5562
5552
5548
5551
5545
5535
5534
5532
5530
5524
5523
5519
5516
5515
5511
5505
5504
5508
5505
5502
5498
5497
5495
5492
5489
5485
5480
5478
5476
5473
5470
5467
5465
5461
5459
5457
5456
5451
5451
5449
5440
5440
5443
5439
5430
5426
5425
5426
5422
5414
5411
5413
5407
5402
5396
5393
5394
5391
5386
5386
5382
5382
5377
5376
5376
5372
5370
5368
5362
5360
5358
5357
5354
5351
5348
5344
5341
5342
5340
5333
5334
5336
5335
5332
5332
5327
5329
5324
5317
5315
5319
5316
5312
5308
5307
5310
5307
5300
5302
5300
5301
5299
5298
5296
5285
5290
5287
5290
5286
5285
5281
5281
5276
5277
5269
5269
5268
5267
5263
5263
5255
5256
5253
5256
5256
5251
5250
5251
5250
5250
5247
5244
5243
5240
5238
5238
5234
5231
5231
5229
5226
5221
5221
5226
5221
5219
5217
5218
5209
5209
5213
5210
5207
5202
5197
5199
5197
5195
5194
5187
5185
5183
5184
5183
5180
5176
5173
5170
5166
5163
5162
5158
5157
5153
5152
5149
5144
5141
5137
5133
5129
5127
5118
5114
5110
5111
5107
5102
5099
5090
5087
5085
5087
5084
5079
5077
5073
5071
5069
5063
5064
5066
5063
5056
5056
5059
5057
5055
5055
5054
5050
5049
5043
5043
5044
5046
5045
5045
5045
5039
5037
5036
5036
5036
5034
5030
5028
5027
5022
5020
5017
5017
5016
5012
5009
5005
5002
5000
4995
4993
4993
4989
4983
4983
4981
4982
4980
4981
4980
4974
4973
4977
4975
4974
4969
4968
4966
4963
4963
4961
4959
4958
4956
4956
4955
4953
4951
4949
4946
4950
4955
4951
4948
4945
4945
4944
4939
4940
4936
4930
4929
4935
4935
4933
4931
4929
4923
4925
4928
4923
4918
4913
4910
4913
4909
4902
4903
4906
4904
4900
4898
4896
4893
4887
4885
4883
4876
4876
4873
4869
4868
4865
4865
4862
4863
4863
4860
4861
4855
4857
4859
4859
4856
4850
4851
4852
4850
4848
4844
4843
4840
4836
4836
4834
4834
4831
4829
4826
4827
4819
4819
4823
4818
4813
4809
4811
4812
4810
4807
4805
4798
4800
4802
4806
4805
4803
4802
4795
4795
4794
4796
4793
4790
4788
4784
4784
4784
4782
4781
4777
4778
4775
4775
4776
4776
4775
4768
4768
4773
4771
4766
4767
4765
4768
4767
4762
4763
4766
4763
4757
4757
4757
4760
4758
4757
4756
4756
4754
4752
4746
4748
4753
4751
4749
4749
4746
4741
4741
4743
4745
4742
4740
4741
4739
4736
4734
4732
4734
4733
4731
4731
4730
4728
4725
4724
4723
4722
4720
4719
4717
4716
4720
4715
4714
4714
4714
4714
4714
4708
4708
4713
4712
4708
4709
4711
4716
4715
4714
4712
4710
4709
4707
4707
4704
4702
4700
4697
4695
4693
4691
4688
4688
4686
4683
4684
4682
4682
4681
4676
4676
4679
4677
4677
4676
4673
4672
4673
4669
4668
4673
4671
4663
4663
4664
4668
4668
4664
4667
4672
4670
4667
4665
4664
4659
4657
4660
4658
4658
4659
4661
4656
4655
4659
4655
4651
4650
4648
4642
4643
4646
4644
4642
4638
4637
4637
4635
4629
4631
4635
4631
4629
4629
4628
4625
4624
4617
4618
4622
4621
4621
4619
4618
4616
4616
4615
4613
4613
4613
4611
4612
4610
4604
4603
4604
4606
4604
4602
4600
4594
4592
4594
4591
4590
4590
4587
4586
4585
4578
4580
4578
4584
4580
4581
4579
4578
4579
4578
4575
4574
4579
4577
4576
4574
4575
4575
4575
4567
4568
4571
4567
4566
4564
4564
4558
4558
4562
4559
4558
4555
4554
4552
4547
4547
4546
4545
4544
4537
4536
4534
4536
4532
4530
4529
4526
4525
4524
4524
4522
4516
4516
4520
4518
4517
4514
4514
4519
4517
4512
4514
4517
4518
4515
4515
4517
4516
4519
4516
4518
4519
4518
4518
4517
4516
4517
4516
4515
4513
4512
4517
4518
4513
4515
4521
4520
4520
4520
4517
4515
4515
4507
4508
4508
4513
4511
4508
4508
4506
4505
4503
4504
4503
4503
4503
4501
4501
4500
4499
4498
4495
4494
4487
4487
4492
4490
4488
4486
4483
4479
4478
4485
4483
4481
4476
4477
4480
4478
4478
4480
4475
4475
4476
4482
4478
4475
4472
4469
4467
4469
4468
4467
4466
4466
4465
4463
4461
4458
4460
4463
4463
4457
4458
4462
4463
4460
4460
4460
4454
4450
4456
4454
4453
4450
4447
4445
4445
4444
4441
4441
4440
4441
4441
4442
4436
4437
4439
4438
4437
4436
4435
4435
4433
4433
4432
4430
4425
4428
4434
4434
4435
4433
4429
4428
4430
4426
4428
4419
4422
4424
4422
4422
4416
4416
4419
4417
4416
4417
4412
4411
4411
4412
4410
4409
4407
4408
4406
4407
4407
4409
4403
4408
4412
4411
4411
4411
4409
4409
4407
4400
4401
4399
4400
4402
4402
4399
4394
4393
4394
4398
4397
4391
4393
4396
4396
4392
4390
4388
4386
4386
4380
4378
4384
4381
4378
4377
4376
4376
4375
4374
4376
4374
4372
4372
4372
4372
4367
4368
4373
4373
4372
4367
4364
4365
4363
4364
4363
4362
4357
4356
4363
4362
4358
4357
4357
4354
4354
4357
4356
4352
4353
4355
4357
4357
4357
4356
4354
4353
4354
4353
4354
4354
4351
4349
4349
4344
4346
4346
4349
4346
4342
4341
4349
4346
4344
4343
4345
4343
4344
4346
4346
4346
4345
4343
4342
4341
4340
4340
4339
4340
4338
4338
4338
4339
4338
4337
4336
4335
4331
4332
4331
4331
4323
4325
4329
4328
4325
4321
4322
4326
4324
4323
4325
4325
4325
4324
4320
4322
4325
4325
4325
4322
4321
4319
4319
4319
4317
4317
4315
4314
4315
4314
4314
4311
4313
4308
4307
4308
4307
4308
4307
4306
4308
4305
4305
4305
4309
4308
4303
4305
4308
4306
4309
4309
4309
4310
4309
4301
4302
4302
4302
4301
4298
4298
4292
4292
4294
4295
4294
4290
4291
4297
4298
4298
4298
4296
4296
4295
4291
4292
4298
4293
4295
4296
4296
4295
4295
4296
4296
4294
4294
4293
4292
4289
4287
4287
4279
4281
4281
4286
4289
4285
4285
4292
4289
4285
4282
4279
4284
4281
4273
4274
4275
4273
4270
4268
4268
4265
4264
4261
4261
4261
4260
4258
4258
4258
4256
4255
4253
4250
4250
4252
4250
4250
4250
4246
4243
4244
4249
4248
4247
4248
4247
4246
4247
4247
4246
4245
4243
4243
4243
4243
4242
4243
4244
4243
4240
4241
4246
4246
4243
4239
4241
4246
4246
4245
4245
4244
4244
4245
4239
4242
4248
4246
4246
4242
4244
4248
4250
4251
4250
4250
4250
4249
4248
4245
4242
4243
4241
4238
4236
4232
4232
4237
4235
4235
4237
4236
4237
4234
4235
4234
4233
4232
4232
4229
4229
4225
4227
4229
4226
4225
4225
4224
4224
4225
4219
4221
4226
4225
4224
4220
4220
4223
4222
4216
4218
4221
4219
4220
4222
4222
4221
4222
4222
4226
4226
4221
4223
4229
4228
4227
4227
4226
4224
4224
4227
4228
4229
4228
4227
4226
4227
4226
4225
4218
4219
4222
4219
4216
4215
4215
4211
4211
4216
4213
4212
4213
4212
4211
4210
4206
4208
4211
4211
4212
4206
4208
4213
4209
4207
4207
4207
4201
4205
4210
4208
4205
4203
4202
4204
4202
4201
4201
4196
4199
4200
4200
4199
4200
4200
4199
4197
4197
4196
4196
4196
4193
4186
4187
4193
4189
4189
4190
4189
4185
4185
4193
4191
4187
4188
4188
4193
4194
4192
4192
4191
4191
4192
4189
4188
4185
4186
4185
4186
4184
4181
4179
4185
4184
4186
4187
4188
4189
4190
4190
4191
4193
4191
4190
4191
4190
4186
4183
4187
4185
4183
4185
4181
4179
4177
4170
4172
4176
4174
4169
4170
4172
4178
4177
4176
4176
4173
4175
4174
4168
4169
4173
4171
4169
4167
4167
4164
4164
4170
4167
4166
4166
4162
4163
4163
4165
4163
4161
4161
4162
4159
4160
4160
4157
4155
4155
4160
4157
4156
4157
4159
4158
4157
4154
4157
4158
4158
4160
4157
4157
4163
4164
4158
4159
4159
4163
4164
4167
4170
4171
4170
4166
4163
4162
4167
4164
4163
4160
4160
4160
4161
4155
4156
4163
4162
4161
4159
4158
4156
4158
4158
4156
4156
4154
4154
4152
4152
4149
4150
4155
4153
4150
4149
4150
4150
4149
4144
4144
4149
4149
4148
4147
4145
4142
4142
4136
4138
4138
4142
4141
4135
4136
4140
4139
4134
4133
4134
4138
4136
4132
4133
4133
4132
4134
4136
4136
4137
4138
4132
4135
4140
4143
4143
4142
4142
4140
4138
4137
4136
4134
4129
4129
4134
4133
4127
4127
4128
4130
4129
4126
4126
4131
4129
4130
4130
4129
4130
4128
4129
4130
4129
4128
4127
4128
4127
4128
4128
4121
4124
4124
4130
4130
4130
4130
4131
4130
4127
4123
4124
4128
4127
4127
4125
4125
4126
4125
4126
4126
4126
4127
4120
4120
4122
4127
4126
4126
4123
4122
4123
4125
4124
4125
4125
4122
4122
4122
4119
4118
4117
4120
4119
4112
4112
4117
4116
4116
4110
4109
4114
4113
4114
4110
4110
4109
4109
4109
4108
4102
4103
4110
4110
4111
4109
4110
4111
4111
4113
4111
4113
4112
4110
4106
4107
4112
4110
4107
4104
4105
4107
4108
4105
4104
4103
4103
4102
4101
4102
4099
4100
4102
4101
4100
4094
4094
4099
4099
4092
4096
4096
4102
4101
4101
4100
4108
4107
4102
4103
4102
4106
4104
4101
4098
4099
4100
4099
4101
4101
4095
4098
4104
4104
4105
4105
4104
4102
4101
4101
4098
4098
4098
4098
4097
4096
4093
4093
4092
4090
4089
4089
4087
4085
4082
4078
4080
4080
4084
4082
4076
4078
4083
4081
4081
4080
4080
4078
4079
4073
4075
4080
4076
4076
4072
4075
4080
4079
4075
4077
4079
4084
4081
4082
4083
4081
4083
4083
4081
4079
4080
4079
4080
4080
4080
4078
4079
4078
4078
4078
4079
4075
4076
4077
4078
4077
4077
4076
4072
4073
4075
4075
4073
4073
4073
4071
4071
4070
4070
4068
4065
4064
4071
4070
4070
4071
4071
4072
4073
4070
4070
4076
4078
4078
4079
4080
4081
4081
4082
4081
4081
4082
4083
4082
4081
4082
4082
4082
4080
4079
4074
4073
4078
4076
4069
4069
4072
4070
4068
4064
4064
4068
4064
4057
4057
4058
4059
4061
4061
4061
4060
4059
4059
4057
4057
4057
4057
4056
4054
4050
4048
4051
4053
4051
4051
4052
4052
4054
4053
4050
4050
4055
4052
4048
4049
4050
4052
4052
4050
4051
4049
4049
4044
4043
4043
4047
4047
4046
4048
4047
4047
4044
4040
4043
4048
4049
4049
4049
4048
4047
4048
4051
4049
4049
4049
4048
4050
4052
4049
4048
4052
4051
4050
4050
4049
4043
4042
4044
4044
4038
4040
4041
4043
4043
4042
4042
4041
4044
4043
4043
4045
4042
4045
4045
4046
4045
4045
4046
4045
4044
4044
4042
4043
4043
4045
4043
4043
4039
4039
4045
4042
4036
4036
4038
4042
4040
4038
4038
4037
4036
4037
4031
4033
4036
4036
4036
4036
4038
4039
4040
4043
4043
4039
4042
4045
4046
4046
4048
4045
4039
4039
4044
4042
4039
4037
4037
4038
4038
4032
4034
4035
4039
4036
4031
4031
4035
4032
4027
4024
4025
4028
4028
4023
4025
4030
4028
4027
4027
4026
4025
4026
4027
4027
4027
4028
4027
4027
4027
4026
4027
4027
4027
4026
4028
4029
4032
4032
4027
4032
4033
4038
4039
4039
4038
4041
4040
4042
4043
4043
4043
4042
4042
4041
4040
4041
4041
4039
4039
4044
4044
4042
4045
4048
4055
4057
4056
4060
4070
4074
4078
4079
4084
4092
4099
4104
4111
4115
4119
4125
4137
4141
4143
4151
4165
4170
4177
4183
4190
4197
4204
4212
4218
4224
4228
4234
4246
4251
4254
4260
4265
4269
4273
4273
4279
4285
4286
4287
4289
4290
4291
