4068
4067
4066
4065
4065
4061
4059
4058
4055
4053
4050
4045
4037
4036
4038
4033
4028
4025
4022
4019
4015
4010
4007
4003
4000
3998
3993
3989
3981
3979
3981
3977
3972
3964
3960
3963
3959
3955
3951
3948
3947
3942
3937
3932
3936
3931
3928
3926
3924
3920
3915
3913
3911
3904
3904
3903
3905
3903
3896
3896
3899
3894
3893
3890
3886
3886
3885
3878
3876
3881
3878
3877
3872
3871
3872
3872
3871
3867
3869
3866
3864
3865
3864
3862
3860
3859
3858
3854
3855
3854
3848
3847
3851
3848
3848
3844
3845
3847
3846
3842
3844
3845
3847
3845
3843
3842
3840
3841
3835
3833
3832
3833
3831
3829
3828
3826
3825
3825
3824
3823
3822
3820
3819
3818
3816
3816
3817
3815
3816
3817
3816
3813
3812
3813
3817
3816
3813
3811
3819
3815
3815
3815
3812
3815
3814
3816
3816
3815
3812
3811
3813
3812
3812
3810
3809
3808
3807
3808
3808
3804
3803
3808
3806
3804
3805
3805
3803
3802
3801
3802
3799
3797
3797
3800
3799
3797
3796
3792
3794
3795
3799
3799
3798
3800
3801
3802
3803
3800
3801
3804
3804
3802
3802
3797
3796
3795
3799
3797
3797
3799
3798
3798
3798
3797
3796
3797
3797
3798
3798
3797
3796
3794
3793
3794
3794
3792
3788
3789
3789
3794
3794
3790
3788
3794
3794
3794
3795
3797
3791
3793
3799
3795
3794
3790
3790
3793
3793
3789
3791
3793
3794
3793
3792
3790
3789
3789
3788
3786
3787
3785
3785
3785
3786
3786
3787
3791
3793
3796
3793
3795
3800
3799
3796
3796
3795
3796
3796
3791
3792
3795
3796
3794
3789
3789
3792
3789
3787
3787
3788
3788
3787
3784
3784
3788
3787
3785
3783
3783
3784
3784
3784
3782
3782
3780
3779
3775
3776
3781
3779
3778
3779
3777
3778
3779
3779
3781
3774
3776
3779
3783
3786
3782
3785
3790
3787
3787
3787
3786
3787
3789
3784
3786
3793
3792
3793
3792
3793
3792
3792
3793
3793
3791
3791
3791
3787
3790
3796
3796
3791
3792
3793
3798
3800
3800
3802
3797
3799
3800
3803
3804
3807
3809
3812
3814
3817
3819
3819
3820
3822
3820
3821
3828
3828
3830
3831
3834
3833
3834
3842
3844
3845
3849
3847
3843
3846
3853
3853
3854
3854
3855
3856
3857
3858
3859
3861
3864
3866
3864
3868
3875
3877
3874
3878
3881
3887
3890
3893
3897
3901
3902
3905
3908
3913
3915
3920
3917
3921
3928
3930
3933
3931
3937
3944
3946
3949
3951
3954
3957
3960
3964
3968
3971
3974
3978
3983
3988
3988
3994
4005
4008
4013
4017
4021
4027
4033
4041
4047
4053
4061
4068
4075
4080
4085
4089
4090
4097
4105
4114
4120
4121
4128
4138
4144
4143
4150
4156
4168
4175
4177
4187
4197
4202
4208
4214
4222
4226
4233
4245
4249
4255
4265
4272
4281
4288
4293
4304
4310
4319
4327
4334
4343
4351
4359
4369
4378
4385
4392
4401
4407
4418
4424
4434
4441
4447
4455
4469
4479
4483
4491
4507
4516
4527
4535
4544
4554
4564
4570
4582
4589
4603
4613
4623
4632
4637
4649
4662
4676
4686
4698
4709
4720
4730
4736
4751
4763
4777
4789
4799
4810
4819
4832
4839
4849
4857
4875
4885
4895
4904
4917
4930
4938
4953
4964
4979
4990
4997
5011
5026
5041
5055
5069
5080
5085
5099
5110
5124
5135
5144
5153
5157
5171
5183
5197
5208
5219
5234
5239
5254
5270
5284
5297
5312
5322
5337
5348
5361
5373
5386
5394
5408
5415
5429
5442
5454
5464
5477
5490
5508
5524
5538
5551
5558
5573
5587
5605
5620
5627
5641
5660
5672
5682
5695
5708
5718
5731
5743
5752
5763
5770
5784
5788
5802
5806
5818
5834
5843
5848
5859
5866
5870
5879
5888
5896
5911
5914
5928
5947
5954
5959
5975
5988
6003
6013
6024
6036
6046
6053
6062
6070
6077
6084
6096
6113
6120
6131
6140
6147
6154
6166
6180
6189
6200
6210
6222
6236
6248
6257
6273
6291
6302
6317
6329
6344
6359
6370
6374
6387
6405
6412
6423
6428
6439
6456
6463
6474
6486
6496
6506
6518
6527
6537
6549
6556
6567
6579
6592
6606
6616
6631
6645
6659
6673
6686
6700
6714
6722
6733
6751
6761
6770
6780
6794
6803
6812
6813
6822
6831
6835
6839
6835
6838
6847
6842
6842
6845
6847
6846
6852
6865
6870
6875
6886
6890
6893
6906
6917
6924
6930
6938
6948
6958
6973
6983
6994
7008
7022
7026
7043
7058
7077
7089
7106
7120
7127
7140
7150
7169
7177
7184
7195
7207
7218
7229
7240
7247
7255
7263
7272
7279
7285
7293
7299
7303
7312
7327
7329
7332
7341
7347
7351
7355
7360
7366
7365
7374
7388
7390
7396
7395
7406
7419
7424
7431
7438
7444
7448
7455
7466
7470
7471
7473
7475
7480
7481
7487
7494
7497
7506
7511
7514
7517
7514
7517
7527
7528
7525
7531
7536
7549
7550
7557
7561
7566
7575
7577
7584
7590
7593
7594
7602
7607
7608
7613
7613
7615
7618
7630
7632
7627
7634
7638
7645
7649
7654
7661
7667
7671
7676
7679
7682
7690
7693
7693
7694
7692
7691
7686
7683
7683
7681
7679
7678
7678
7677
7674
7674
7684
7683
7684
7685
7691
7691
7694
7693
7697
7709
7713
7710
7713
7717
7722
7721
7713
7715
7723
7720
7716
7716
7718
7718
7721
7721
7718
7720
7722
7720
7717
7716
7710
7709
7700
7702
7701
7702
7702
7702
7697
7695
7698
7702
7700
7703
7701
7706
7717
7714
7715
7713
7710
7704
7707
7714
7713
7712
7717
7720
7720
7725
7725
7731
7733
7735
7741
7745
7748
7744
7751
7762
7763
7763
7764
7770
7777
7776
7777
7777
7777
7771
7767
7765
7759
7757
7753
7743
7745
7744
7746
7744
7735
7736
7740
7735
7736
7737
7739
7735
7740
7747
7748
7750
7752
7751
7753
7753
7752
7749
7742
7742
7740
7734
7728
7719
7716
7711
7706
7702
7696
7692
7698
7696
7696
7695
7689
7692
7688
7693
7694
7686
7686
7694
7692
7691
7691
7694
7694
7692
7688
7684
7678
7676
7673
7676
7673
7672
7671
7672
7672
7674
7672
7675
7678
7678
7678
7679
7681
7680
7681
7680
7684
7684
7685
7684
7685
7683
7687
7690
7680
7681
7688
7687
7683
7676
7676
7680
7676
7674
7675
7670
7664
7661
7666
7664
7657
7655
7654
7651
7649
7649
7648
7639
7644
7650
7648
7648
7646
7643
7638
7637
7636
7632
7627
7619
7617
7619
7610
7598
7595
7592
7585
7583
7577
7570
7564
7558
7556
7548
7544
7541
7534
7529
7527
7519
7517
7514
7516
7517
7512
7512
7508
7505
7501
7499
7494
7489
7485
7472
7465
7467
7461
7451
7447
7438
7428
7426
7429
7424
7419
7417
7411
7407
7402
7393
7392
7393
7392
7389
7384
7380
7376
7372
7369
7364
7361
7358
7352
7341
7339
7339
7329
7318
7306
7297
7297
7288
7272
7268
7266
7264
7260
7255
7255
7246
7244
7249
7248
7245
7241
7241
7241
7239
7238
7237
7237
7233
7230
7230
7228
7225
7223
7218
7217
7214
7210
7212
7207
7205
7201
7200
7200
7189
7190
7194
7189
7180
7183
7179
7182
7183
7179
7179
7169
7169
7172
7172
7169
7165
7159
7148
7145
7148
7140
7136
7126
7122
7125
7118
7105
7100
7096
7094
7090
7086
7080
7076
7068
7064
7057
7048
7046
7041
7035
7029
7027
7021
7017
7011
7009
7002
6994
6991
6986
6982
6971
6971
6973
6967
6959
6958
6957
6956
6957
6946
6942
6948
6944
6939
6938
6935
6924
6919
6924
6918
6912
6908
6906
6902
6897
6890
6888
6879
6875
6875
6871
6866
6862
6859
6857
6854
6847
6843
6836
6825
6821
6822
6815
6808
6806
6801
6792
6790
6793
6788
6771
6771
6767
6765
6760
6755
6747
6742
6738
6736
6731
6728
6719
6717
6720
6720
6714
6708
6707
6703
6697
6690
6686
6687
6685
6683
6677
6674
6667
6663
6670
6665
6660
6659
6657
6649
6647
6652
6647
6643
6638
6638
6633
6629
6627
6625
6621
6617
6615
6610
6604
6603
6602
6593
6593
6598
6593
6588
6581
6580
6584
6579
6576
6570
6565
6564
6560
6550
6545
6549
6543
6536
6530
6525
6521
6515
6513
6503
6500
6492
6485
6474
6470
6469
6460
6449
6444
6439
6428
6420
6407
6402
6402
6391
6384
6376
6367
6359
6352
6343
6336
6320
6314
6308
6307
6298
6288
6281
6267
6260
6255
6253
6244
6230
6225
6227
6219
6210
6202
6197
6199
6192
6186
6184
6182
6175
6170
6168
6160
6156
6152
6151
6147
6143
6141
6138
6137
6136
6132
6128
6127
6126
6123
6125
6122
6121
6123
6115
6116
6116
6122
6119
6112
6112
6119
6115
6112
6103
6101
6103
6098
6096
6093
6087
6080
6081
6085
6079
6071
6072
6074
6070
6067
6063
6061
6059
6054
6052
6051
6048
6045
6040
6033
6032
6037
6030
6027
6021
6017
6018
6015
6012
6009
6003
6001
5999
5996
5990
5988
5986
5982
5977
5973
5972
5969
5965
5964
5955
5950
5949
5951
5945
5943
5941
5938
5933
5926
5926
5923
5920
5913
5912
5907
5904
5897
5895
5894
5888
5878
5880
5880
5873
5869
5862
5861
5862
5856
5847
5846
5847
5841
5837
5829
5827
5827
5824
5821
5816
5810
5809
5804
5798
5795
5786
5784
5785
5783
5780
5779
5773
5771
5770
5766
5762
5762
5759
5756
5747
5748
5752
5744
5741
5735
5732
5735
5735
5730
5727
5722
5716
5714
5717
5714
5712
5706
5702
5701
5696
5687
5687
5687
5681
5677
5673
5669
5666
5662
5656
5650
5643
5640
5635
5638
5633
5629
5626
5619
5613
5616
5612
5607
5602
5601
5599
5593
5591
5592
5587
5581
5577
5574
5571
5561
5562
5560
5557
5553
5548
5545
5540
5535
5523
5523
5521
5521
5518
5510
5508
5514
5510
5508
5503
5504
5502
5498
5490
5491
5487
5488
5482
5478
5472
5468
5467
5462
5459
5454
5452
5447
5438
5437
5442
5438
5434
5427
5423
5425
5423
5419
5415
5412
5408
5404
5400
5395
5392
5387
5381
5376
5374
5368
5364
5361
5360
5356
5354
5352
5347
5345
5349
5344
5336
5338
5340
5340
5339
5332
5331
5334
5332
5332
5327
5323
5319
5316
5319
5317
5317
5314
5308
5306
5304
5300
5295
5294
5291
5286
5284
5281
5276
5274
5269
5268
5265
5261
5259
5251
5250
5249
5246
5244
5241
5238
5230
5230
5229
5228
5218
5218
5220
5220
5215
5208
5207
5209
5204
5199
5195
5192
5189
5184
5179
5175
5181
5177
5172
5172
5169
5167
5164
5159
5158
5154
5150
5150
5143
5142
5147
5144
5134
5133
5130
5133
5128
5124
5122
5119
5117
5115
5109
5106
5108
5106
5103
5100
5097
5094
5091
5088
5084
5080
5078
5075
5072
5071
5068
5065
5063
5060
5054
5053
5051
5056
5055
5054
5051
5043
5045
5047
5046
5045
5039
5039
5046
5043
5034
5035
5034
5035
5033
5032
5030
5026
5024
5021
5017
5015
5011
5009
5007
5004
5001
4999
4997
4997
4997
4994
4990
4988
4987
4983
4980
4976
4972
4970
4961
4959
4958
4962
4956
4948
4949
4954
4951
4947
4941
4940
4944
4942
4937
4936
4931
4931
4926
4923
4921
4924
4920
4913
4913
4910
4914
4913
4909
4908
4905
4904
4902
4898
4897
4895
4894
4892
4891
4885
4885
4884
4886
4886
4879
4880
4885
4880
4879
4879
4877
4869
4870
4872
4869
4867
4863
4859
4856
4853
4852
4848
4846
4842
4840
4838
4835
4832
4828
4826
4825
4822
4816
4815
4811
4814
4810
4808
4806
4801
4798
4800
4798
4792
4790
4793
4790
4786
4784
4782
4776
4774
4777
4773
4772
4771
4769
4766
4763
4757
4759
4758
4759
4756
4756
4755
4747
4748
4752
4752
4749
4746
4745
4741
4741
4740
4739
4738
4738
4736
4729
4729
4737
4732
4732
4728
4726
4726
4726
4725
4721
4715
4716
4717
4721
4721
4714
4715
4719
4716
4715
4710
4708
4710
4707
4701
4698
4699
4702
4699
4698
4694
4694
4691
4690
4692
4689
4686
4686
4679
4678
4682
4680
4676
4676
4672
4671
4671
4671
4669
4667
4666
4667
4665
4663
4659
4658
4657
4656
4654
4646
4646
4650
4648
4646
4642
4643
4641
4641
4635
4634
4640
4637
4631
4628
4625
4630
4627
4622
4619
4621
4621
4619
4619
4614
4614
4614
4611
4610
4608
4609
4609
4608
4606
4604
4603
4601
4598
4597
4601
4598
4599
4599
4596
4595
4595
4590
4589
4593
4590
4590
4588
4587
4578
4576
4582
4581
4578
4574
4571
4567
4568
4570
4568
4566
4562
4561
4559
4561
4557
4555
4554
4554
4547
4548
4545
4550
4548
4547
4546
4543
4541
4540
4538
4537
4531
4532
4539
4537
4535
4535
4534
4531
4529
4529
4529
4527
4526
4523
4519
4518
4520
4518
4510
4508
4510
4510
4508
4505
4505
4501
4499
4499
4497
4495
4492
4491
4490
4489
4489
4487
4485
4479
4480
4484
4483
4476
4478
4479
4482
4480
4478
4479
4478
4476
4474
4474
4472
4468
4468
4471
4467
4465
4465
4464
4462
4463
4456
4458
4463
4461
4457
4456
4453
4455
4453
4446
4447
4451
4449
4447
4447
4446
4444
4443
4440
4440
4438
4433
4433
4437
4436
4432
4430
4428
4428
4427
4421
4421
4425
4422
4419
4419
4418
4412
4413
4415
4413
4412
4410
4411
4403
4403
4407
4407
4405
4406
4404
4404
4403
4400
4401
4399
4399
4397
4395
4394
4393
4392
4390
4388
4381
4380
4380
4385
4386
4387
4385
4381
4382
4382
4382
4378
4373
4373
4376
4372
4371
4372
4370
4369
4366
4359
4360
4363
4360
4360
4359
4357
4356
4354
4353
4352
4353
4353
4352
4353
4353
4350
4351
4351
4349
4345
4344
4341
4341
4340
4334
4336
4336
4338
4339
4333
4335
4340
4338
4335
4330
4331
4334
4332
4324
4324
4331
4328
4328
4319
4320
4326
4324
4321
4318
4317
4317
4317
4315
4313
4312
4311
4313
4311
4310
4306
4308
4304
4307
4299
4299
4301
4305
4304
4297
4298
4305
4302
4302
4300
4297
4299
4298
4298
4297
4295
4294
4292
4293
4293
4289
4289
4293
4292
4291
4289
4288
4281
4282
4286
4285
4282
4280
4279
4278
4277
4279
4278
4277
4278
4278
4284
4283
4283
4283
4277
4278
4277
4282
4281
4281
4281
4280
4279
4277
4269
4269
4272
4271
4263
4262
4264
4267
4265
4265
4265
4260
4259
4256
4255
4253
4251
4249
4245
4242
4241
4240
4241
4242
4241
4235
4236
4242
4242
4240
4236
4238
4239
4238
4238
4236
4233
4231
4231
4235
4233
4228
4228
4234
4231
4230
4228
4227
4225
4224
4224
4221
4220
4218
4216
4215
4214
4214
4213
4211
4210
4208
4209
4209
4204
4204
4210
4205
4205
4201
4201
4204
4204
4200
4200
4199
4198
4197
4194
4195
4200
4199
4198
4198
4198
4198
4198
4194
4195
4201
4199
4198
4196
4194
4194
4192
4191
4190
4187
4186
4185
4184
4183
4179
4180
4187
4184
4185
4179
4181
4186
4184
4183
4183
4180
4179
4177
4178
4177
4177
4176
4175
4174
4174
4179
4176
4174
4174
4180
4177
4176
4174
4172
4166
4168
4173
4171
4170
4168
4168
4169
4167
4167
4167
4163
4159
4159
4162
4161
4159
4156
4153
4155
4154
4153
4152
4152
4152
4151
4150
4150
4146
4147
4151
4150
4150
4149
4149
4146
4145
4141
4141
4147
4146
4145
4143
4143
4136
4134
4139
4138
4138
4137
4136
4132
4133
4136
4135
4132
4131
4130
4128
4127
4126
4125
4126
4126
4127
4126
4127
4129
4131
4133
4135
4137
4135
4133
4126
4126
4126
4124
4117
4116
4115
4116
4115
4112
4112
4110
4109
4109
4109
4107
4104
4105
4109
4107
4099
4100
4102
4104
4102
4101
4097
4093
4093
4094
4095
4094
4092
4093
4094
4094
4090
4088
4088
4092
4092
4091
4089
4087
4086
4085
4084
4082
4081
4080
4078
4076
4076
4076
4074
4070
4072
4076
4074
4073
4073
4072
4070
4070
4075
4073
4068
4070
4071
4077
4077
4079
4079
4080
4077
4077
4077
4078
4076
4076
4076
4076
4075
4072
4072
4066
4068
4073
4070
4069
4069
4069
4068
4067
4067
4066
4061
4063
4065
4067
4065
4065
4066
4070
4068
4064
4064
4064
4068
4065
4063
4063
4060
4059
4058
4057
4054
4052
4051
4046
4045
4048
4049
4047
4046
4045
4044
4043
4038
4038
4033
4039
4039
4039
4040
4034
4035
4034
4038
4036
4031
4032
4039
4037
4037
4036
4036
4035
4035
4034
4034
4034
4035
4036
4035
4035
4034
4033
4027
4028
4029
4032
4032
4028
4032
4038
4038
4037
4037
4035
4031
4030
4029
4028
4021
4020
4020
4023
4020
4018
4018
4011
4012
4010
4015
4014
4011
4011
4010
4010
4009
4010
4009
4008
4008
4008
4008
4007
4007
4007
4007
4008
4002
4001
4006
4006
4005
4002
4002
4007
4007
4006
4006
4006
4007
4007
4002
4003
4009
4007
4007
4005
4006
4002
4003
4007
4007
4006
4006
4006
4001
4003
4006
4007
4003
4004
4006
4007
4007
4001
4002
4005
4003
4003
4002
4001
4000
3999
3997
3994
3995
3996
3995
3999
3999
3995
3998
4004
4003
4003
4003
4000
3999
3999
3997
3997
3995
3994
3994
3992
3990
3988
3989
3989
3988
3987
3988
3988
3985
3985
3991
3989
3989
3987
3986
3981
3982
3986
3984
3980
3980
3980
3981
3982
3976
3978
3982
3981
3980
3978
3976
3975
3975
3974
3973
3973
3971
3972
3976
3974
3968
3968
3971
3972
3970
3965
3967
3973
3973
3973
3972
3970
3970
3970
3968
3968
3967
3965
3964
3964
3966
3965
3965
3961
3964
3968
3966
3966
3966
3967
3967
3971
3965
3966
3968
3973
3970
3964
3961
3967
3962
3960
3957
3956
3959
3958
3957
3957
3956
3955
3954
3952
3952
3951
3951
3950
3949
3948
3947
3946
3945
3945
3944
3944
3941
3938
3939
3943
3942
3937
3936
3944
3940
3939
3939
3939
3934
3935
3942
3942
3941
3941
3942
3943
3944
3941
3944
3943
3944
3944
3943
3943
3938
3939
3945
3943
3943
3944
3941
3942
3941
3941
3942
3941
3937
3936
3940
3939
3938
3937
3934
3931
3931
3935
3931
3930
3930
3930
3929
3929
3928
3929
3927
3927
3926
3924
3926
3925
3923
3924
3924
3920
3922
3923
3927
3924
3924
3924
3921
3922
3921
3920
3922
3917
3919
3924
3922
3921
3920
3920
3916
3916
3921
3919
3920
3919
3917
3914
3916
3920
3920
3919
3919
3919
3917
3917
3917
3916
3916
3915
3916
3917
3917
3918
3918
3919
3920
3916
3916
3919
3922
3921
3921
3921
3914
3913
3918
3916
3914
3910
3909
3913
3911
3910
3910
3911
3907
3906
3911
3908
3901
3901
3901
3904
3902
3902
3903
3903
3903
3904
3905
3904
3905
3905
3905
3906
3907
3906
3907
3906
3908
3907
3905
3899
3900
3903
3902
3901
3902
3900
3894
3893
3899
3898
3897
3892
3891
3894
3893
3887
3889
3889
3892
3892
3891
3891
3891
3892
3893
3892
3892
3891
3890
3891
3891
3885
3886
3883
3888
3889
3889
3890
3886
3889
3892
3898
3898
3898
3897
3897
3896
3897
3895
3893
3888
3888
3893
3890
3882
3882
3883
3887
3886
3884
3885
3884
3885
3886
3881
3883
3887
3884
3883
3883
3881
3882
3880
3878
3879
3879
3877
3872
3872
3873
3877
3877
3873
3872
3876
3876
3874
3876
3874
3874
3874
3874
3874
3875
3874
3874
3875
3874
3874
3873
3873
3874
3874
3875
3876
3877
3876
3871
3873
3874
3878
3876
3872
3872
3878
3877
3879
3878
3877
3873
3874
3879
3877
3873
3874
3874
3879
3877
3871
3871
3876
3872
3871
3870
3869
3869
3868
3866
3866
3865
3865
3865
3865
3865
3863
3863
3864
3864
3865
3866
3866
3863
3865
3871
3869
3869
3868
3867
3862
3864
3869
3868
3864
3861
3860
3864
3864
3862
3862
3861
3860
3860
3859
3858
3853
3855
3861
3861
3859
3858
3857
3859
3858
3858
3858
3856
3854
3855
3859
3858
3855
3854
3850
3851
3851
3851
3852
3848
3846
3853
3851
3852
3851
3849
3845
3846
3852
3850
3849
3847
3846
3849
3850
3850
3851
3850
3851
3851
3852
3853
3852
3853
3853
3854
3854
3855
3856
3854
3854
3849
3849
3850
3849
3849
3848
3847
3841
3842
3845
3843
3842
3838
3837
3842
3841
3840
3841
3839
3838
3837
3836
3837
3830
3833
3834
3837
3835
3835
3833
3830
3830
3833
3833
3833
3831
3831
3830
3830
3830
3830
3830
3829
3829
3830
3830
3830
3830
3828
3825
3826
3829
3829
3829
3827
3822
3822
3824
3827
3827
3822
3823
3828
3828
3826
3827
3826
3827
3826
3827
3828
3827
3826
3825
3832
3831
3832
3831
3831
3829
3829
3826
3827
3831
3830
3831
3829
3829
3826
3827
3832
3832
3832
3830
3831
3830
3830
3829
3829
3828
3826
3827
3825
3824
3821
3821
3826
3825
3817
3819
3818
3824
3821
3821
3820
3819
3821
3823
3822
3824
3827
3829
3828
3829
3832
3831
3831
3826
3825
3830
3827
3820
3821
3821
3824
3823
3822
3822
3824
3826
3828
3828
3827
3828
3830
3824
3825
3830
3828
3827
3821
3820
3824
3822
3814
3816
3813
3816
3813
3813
3812
3810
3807
3808
3808
3807
3810
3810
3804
3807
3814
3813
3813
3813
3815
3814
3814
3814
3814
3816
3810
3811
3815
3813
3809
3809
3811
3813
3812
3811
3809
3805
3805
3809
3810
3806
3804
3804
3803
3803
3801
3800
3800
3800
3800
3799
3801
3796
3797
3799
3799
3798
3799
3797
3797
3797
3793
3796
3797
3801
3802
3801
3802
3803
3802
3801
3802
3803
3799
3799
3805
3802
3800
3796
3797
3800
3800
3800
3802
3802
3802
3803
3802
3805
3804
3803
3798
3799
3799
3804
3801
3801
3799
3799
3797
3796
3797
3797
3797
3796
3795
3795
3795
3795
3795
3794
3795
3796
3796
3794
3796
3799
3805
3807
3803
3806
3813
3816
3819
3820
3825
3833
3838
3844
3850
3852
3857
3864
3875
3879
3882
3890
3902
3906
3914
3916
3923
3935
3941
3946
3954
3961
3966
3973
3974
3981
3993
3999
3999
4005
4012
4019
4023
4027
4031
4033
4035
4037
4039
4041
4042
4040
4042
