4744
4743
4744
4744
4744
4744
4736
4736
4737
4733
4730
4722
4719
4721
4715
4708
4707
4703
4696
4692
4688
4681
4677
4673
4666
4659
4656
4655
4648
4640
4635
4635
4631
4626
4620
4615
4613
4607
4603
4601
4595
4587
4587
4586
4581
4577
4574
4565
4561
4556
4559
4552
4547
4545
4540
4538
4533
4530
4526
4522
4521
4517
4514
4512
4507
4504
4507
4503
4495
4495
4494
4494
4492
4484
4484
4487
4485
4484
4482
4479
4479
4477
4475
4474
4473
4472
4469
4466
4465
4464
4460
4460
4456
4456
4455
4455
4450
4448
4453
4450
4447
4448
4450
4451
4448
4444
4444
4447
4444
4444
4439
4438
4445
4440
4434
4436
4436
4435
4436
4431
4429
4435
4433
4432
4432
4430
4428
4429
4426
4423
4424
4423
4420
4419
4417
4417
4413
4414
4414
4410
4411
4412
4410
4410
4407
4405
4410
4409
4406
4403
4404
4408
4404
4401
4402
4401
4407
4406
4400
4403
4407
4405
4403
4402
4400
4402
4402
4396
4396
4399
4398
4397
4397
4397
4398
4399
4399
4401
4401
4402
4402
4401
4400
4394
4396
4395
4395
4394
4393
4391
4389
4389
4387
4386
4384
4385
4384
4385
4383
4382
4384
4382
4381
4380
4379
4379
4377
4378
4376
4379
4379
4375
4377
4384
4384
4382
4380
4381
4380
4378
4378
4378
4378
4377
4378
4375
4376
4378
4380
4378
4380
4384
4387
4384
4379
4381
4384
4380
4377
4376
4376
4380
4375
4376
4374
4368
4370
4368
4369
4370
4371
4368
4366
4367
4366
4366
4366
4364
4362
4365
4363
4362
4364
4364
4361
4361
4363
4363
4356
4358
4359
4363
4361
4360
4360
4360
4361
4361
4362
4361
4360
4360
4358
4360
4364
4365
4364
4366
4366
4367
4366
4368
4366
4367
4365
4362
4368
4368
4364
4366
4368
4368
4368
4366
4366
4371
4371
4371
4371
4371
4370
4371
4378
4378
4376
4382
4383
4389
4390
4389
4388
4384
4383
4388
4389
4388
4388
4390
4390
4388
4391
4393
4392
4391
4394
4400
4398
4401
4402
4401
4403
4404
4402
4406
4411
4413
4414
4412
4414
4414
4416
4416
4415
4416
4418
4416
4420
4420
4422
4426
4428
4427
4430
4430
4433
4440
4441
4439
4443
4449
4452
4456
4453
4455
4463
4465
4460
4464
4470
4475
4477
4483
4485
4481
4488
4489
4497
4501
4502
4507
4511
4515
4519
4524
4528
4532
4536
4542
4544
4548
4554
4557
4562
4568
4568
4574
4585
4588
4595
4602
4606
4613
4619
4625
4631
4634
4641
4645
4658
4662
4667
4674
4676
4684
4690
4701
4707
4710
4718
4725
4729
4737
4741
4749
4763
4767
4773
4784
4789
4796
4806
4817
4827
4831
4842
4848
4854
4862
4867
4875
4884
4890
4900
4908
4916
4919
4929
4941
4948
4959
4967
4972
4982
4989
5006
5012
5019
5030
5046
5057
5067
5078
5089
5103
5112
5127
5139
5151
5167
5179
5192
5204
5215
5227
5232
5240
5251
5265
5272
5278
5290
5308
5317
5327
5336
5348
5363
5376
5388
5402
5413
5424
5436
5444
5454
5470
5480
5492
5500
5511
5522
5534
5544
5560
5571
5585
5599
5612
5629
5644
5659
5669
5688
5706
5727
5743
5759
5779
5795
5811
5825
5841
5860
5881
5897
5916
5932
5949
5968
5985
6004
6021
6032
6051
6075
6091
6111
6128
6143
6165
6183
6196
6217
6241
6260
6280
6298
6318
6331
6353
6374
6391
6410
6424
6444
6461
6476
6489
6509
6523
6547
6564
6575
6594
6616
6630
6643
6660
6674
6688
6706
6713
6727
6748
6759
6771
6786
6799
6815
6831
6845
6862
6878
6897
6915
6934
6951
6966
6982
7000
7010
7028
7040
7057
7081
7093
7112
7127
7145
7162
7174
7182
7198
7216
7225
7239
7242
7256
7272
7280
7286
7300
7316
7326
7339
7348
7364
7383
7396
7410
7427
7440
7456
7472
7487
7504
7520
7533
7551
7567
7585
7598
7615
7630
7644
7661
7676
7692
7699
7715
7734
7744
7760
7771
7786
7798
7816
7831
7846
7863
7881
7896
7906
7922
7942
7950
7954
7964
7974
7979
7987
7993
8001
8000
8009
8021
8026
8035
8039
8044
8046
8055
8063
8066
8074
8078
8088
8094
8104
8119
8131
8138
8151
8160
8170
8183
8190
8197
8208
8221
8227
8232
8243
8255
8265
8278
8285
8300
8310
8318
8330
8339
8352
8363
8377
8395
8409
8428
8446
8457
8478
8505
8518
8534
8552
8568
8579
8595
8618
8629
8642
8656
8672
8693
8704
8712
8725
8733
8741
8753
8757
8770
8784
8789
8799
8809
8819
8827
8837
8840
8846
8859
8866
8868
8870
8874
8886
8893
8896
8904
8910
8918
8925
8936
8944
8951
8960
8966
8976
8985
8992
9000
9009
9018
9026
9032
9043
9051
9058
9070
9079
9080
9093
9107
9118
9124
9132
9144
9157
9167
9171
9180
9187
9198
9207
9213
9219
9234
9241
9248
9251
9257
9258
9256
9248
9250
9254
9248
9242
9241
9240
9239
9239
9240
9239
9238
9240
9242
9246
9248
9247
9259
9267
9279
9285
9289
9299
9316
9323
9328
9334
9342
9353
9360
9368
9374
9380
9384
9390
9393
9398
9400
9404
9405
9404
9403
9399
9390
9384
9376
9364
9356
9355
9352
9348
9342
9338
9331
9325
9311
9308
9303
9302
9297
9295
9292
9287
9289
9297
9303
9305
9305
9305
9315
9312
9311
9309
9311
9308
9313
9325
9330
9338
9343
9351
9354
9361
9368
9378
9383
9387
9394
9403
9409
9407
9417
9430
9433
9435
9436
9441
9451
9453
9455
9454
9455
9456
9457
9456
9457
9458
9460
9458
9461
9460
9461
9460
9454
9453
9455
9450
9448
9447
9447
9452
9452
9456
9461
9461
9468
9474
9474
9479
9493
9497
9503
9508
9510
9516
9519
9516
9518
9526
9525
9524
9521
9522
9518
9518
9520
9518
9515
9515
9509
9507
9503
9507
9502
9503
9500
9496
9496
9491
9491
9484
9483
9480
9481
9478
9473
9468
9464
9469
9465
9460
9458
9453
9452
9449
9441
9437
9444
9439
9439
9432
9435
9440
9438
9430
9432
9434
9434
9435
9430
9425
9413
9412
9416
9413
9407
9404
9400
9397
9392
9381
9382
9373
9373
9364
9355
9341
9326
9320
9312
9301
9292
9282
9276
9261
9260
9257
9251
9243
9239
9236
9235
9232
9231
9231
9231
9228
9231
9231
9227
9225
9224
9220
9215
9211
9208
9204
9205
9201
9193
9200
9202
9209
9212
9211
9216
9220
9221
9223
9215
9217
9227
9225
9227
9226
9223
9225
9229
9235
9236
9238
9239
9239
9235
9232
9229
9225
9220
9216
9210
9204
9200
9192
9187
9186
9179
9176
9170
9163
9160
9158
9164
9162
9154
9152
9158
9151
9150
9147
9142
9137
9131
9129
9121
9115
9101
9092
9088
9081
9064
9055
9054
9044
9033
9024
9011
9000
8988
8973
8967
8957
8952
8941
8926
8917
8915
8906
8900
8891
8885
8883
8877
8876
8872
8870
8869
8870
8869
8868
8868
8867
8866
8868
8868
8860
8860
8864
8861
8854
8854
8855
8859
8857
8854
8853
8848
8853
8855
8857
8857
8857
8853
8848
8846
8839
8836
8829
8823
8814
8808
8800
8784
8779
8770
8764
8752
8741
8730
8716
8702
8697
8690
8682
8672
8669
8673
8668
8660
8660
8659
8663
8658
8654
8652
8650
8647
8647
8646
8642
8639
8640
8636
8630
8624
8625
8622
8626
8620
8613
8610
8621
8613
8612
8606
8605
8608
8601
8598
8594
8591
8585
8582
8579
8569
8558
8552
8552
8543
8535
8526
8517
8501
8498
8493
8480
8472
8468
8459
8450
8447
8439
8432
8423
8417
8412
8402
8400
8388
8386
8384
8381
8372
8360
8347
8339
8328
8310
8305
8299
8300
8296
8295
8295
8288
8287
8288
8290
8286
8281
8277
8268
8268
8267
8266
8265
8254
8249
8255
8250
8247
8246
8246
8245
8242
8238
8237
8230
8226
8219
8214
8205
8199
8190
8183
8173
8168
8162
8155
8144
8141
8136
8129
8119
8120
8119
8118
8112
8109
8105
8102
8096
8094
8085
8083
8088
8084
8077
8079
8080
8080
8072
8063
8056
8053
8043
8033
8024
8014
8002
7996
7995
7987
7980
7972
7967
7964
7955
7943
7939
7940
7930
7925
7923
7914
7903
7900
7901
7897
7883
7882
7881
7876
7874
7867
7858
7851
7844
7838
7830
7825
7820
7814
7808
7807
7805
7801
7797
7792
7788
7780
7773
7769
7764
7756
7754
7749
7746
7740
7737
7732
7730
7725
7718
7707
7705
7703
7694
7685
7679
7673
7672
7665
7653
7649
7650
7640
7636
7624
7616
7617
7610
7605
7598
7589
7580
7574
7575
7570
7568
7563
7560
7560
7555
7554
7553
7549
7548
7546
7545
7541
7542
7538
7530
7532
7537
7535
7533
7534
7532
7530
7528
7526
7521
7514
7507
7505
7506
7501
7496
7491
7479
7477
7472
7469
7464
7457
7448
7444
7440
7431
7422
7420
7422
7417
7413
7408
7403
7397
7394
7389
7381
7371
7364
7362
7353
7344
7338
7330
7325
7320
7309
7306
7305
7305
7302
7294
7294
7299
7295
7289
7288
7282
7288
7285
7281
7274
7274
7271
7266
7263
7257
7255
7251
7242
7238
7232
7223
7216
7208
7200
7194
7187
7173
7169
7164
7166
7159
7148
7148
7153
7148
7144
7137
7137
7138
7136
7132
7132
7130
7129
7123
7119
7117
7105
7105
7103
7101
7096
7084
7078
7080
7072
7067
7061
7054
7050
7042
7039
7036
7029
7027
7022
7009
7007
7009
7000
6998
6992
6986
6983
6980
6977
6972
6970
6968
6966
6963
6962
6960
6955
6953
6951
6947
6945
6941
6930
6930
6929
6922
6910
6906
6901
6897
6890
6881
6878
6868
6860
6856
6847
6841
6831
6823
6824
6817
6811
6808
6800
6793
6790
6790
6786
6781
6777
6771
6764
6765
6765
6761
6757
6753
6751
6744
6741
6735
6730
6723
6716
6704
6696
6693
6690
6686
6682
6674
6670
6665
6662
6660
6655
6649
6648
6641
6639
6643
6636
6632
6623
6618
6617
6610
6598
6596
6593
6590
6585
6580
6577
6570
6567
6570
6567
6565
6562
6558
6557
6553
6552
6550
6546
6547
6544
6542
6537
6535
6529
6528
6527
6522
6519
6518
6509
6506
6510
6508
6502
6497
6492
6497
6488
6481
6477
6478
6477
6475
6471
6470
6469
6466
6461
6459
6455
6450
6446
6449
6442
6440
6440
6433
6432
6428
6429
6427
6423
6421
6418
6413
6412
6406
6408
6396
6395
6392
6391
6390
6380
6381
6382
6381
6373
6367
6364
6370
6361
6360
6358
6356
6352
6348
6348
6342
6341
6337
6332
6330
6327
6330
6325
6324
6319
6318
6312
6310
6305
6301
6294
6291
6286
6281
6273
6271
6275
6277
6271
6269
6265
6255
6252
6248
6249
6243
6234
6231
6236
6229
6227
6221
6216
6211
6207
6195
6192
6192
6186
6180
6175
6171
6163
6162
6156
6154
6148
6147
6145
6144
6141
6136
6135
6136
6132
6130
6121
6121
6121
6116
6107
6104
6101
6100
6095
6089
6085
6081
6075
6074
6063
6062
6062
6058
6049
6044
6048
6045
6040
6041
6038
6035
6033
6031
6028
6028
6024
6023
6023
6020
6020
6015
6013
6012
6008
6001
5997
5999
5993
5988
5981
5978
5977
5974
5966
5961
5963
5956
5951
5947
5941
5940
5935
5933
5928
5926
5923
5919
5912
5909
5912
5904
5901
5897
5893
5891
5889
5882
5881
5882
5882
5877
5879
5877
5870
5871
5875
5874
5873
5873
5875
5873
5873
5869
5867
5862
5859
5855
5847
5845
5845
5840
5828
5828
5823
5826
5820
5814
5811
5817
5811
5807
5805
5800
5800
5795
5793
5790
5787
5785
5783
5782
5781
5779
5779
5769
5772
5771
5775
5773
5769
5767
5764
5761
5760
5759
5752
5754
5752
5746
5746
5750
5749
5749
5748
5744
5744
5742
5736
5736
5736
5739
5738
5730
5731
5734
5730
5727
5724
5723
5721
5720
5720
5717
5711
5709
5709
5708
5708
5697
5697
5699
5694
5688
5686
5687
5683
5683
5681
5678
5676
5669
5668
5663
5659
5654
5647
5652
5649
5648
5642
5642
5647
5642
5641
5637
5632
5629
5623
5617
5614
5608
5606
5601
5594
5595
5596
5593
5592
5587
5581
5580
5575
5581
5576
5575
5572
5568
5568
5567
5564
5564
5560
5562
5558
5557
5556
5554
5556
5554
5550
5544
5545
5549
5549
5546
5546
5544
5541
5540
5538
5538
5538
5531
5530
5535
5531
5526
5524
5526
5528
5523
5522
5522
5521
5519
5514
5514
5509
5516
5513
5511
5511
5502
5504
5501
5505
5502
5500
5500
5497
5496
5492
5493
5490
5489
5486
5482
5479
5485
5482
5482
5480
5479
5471
5470
5477
5474
5472
5467
5466
5466
5461
5457
5454
5448
5445
5443
5431
5432
5432
5429
5425
5422
5417
5415
5413
5410
5407
5405
5402
5400
5398
5395
5393
5392
5390
5389
5386
5385
5381
5381
5380
5372
5375
5378
5375
5375
5371
5370
5372
5371
5362
5364
5362
5365
5364
5355
5356
5360
5357
5355
5354
5353
5352
5351
5348
5350
5349
5347
5343
5342
5340
5344
5341
5332
5334
5331
5332
5329
5325
5325
5314
5315
5314
5314
5313
5310
5309
5309
5305
5305
5303
5302
5302
5298
5295
5294
5291
5291
5287
5288
5287
5285
5286
5280
5281
5284
5284
5283
5275
5272
5276
5270
5269
5266
5261
5257
5254
5253
5249
5248
5248
5245
5241
5239
5241
5241
5232
5234
5234
5237
5236
5229
5230
5234
5232
5229
5227
5226
5225
5222
5223
5224
5222
5222
5221
5221
5218
5214
5214
5217
5216
5211
5207
5203
5208
5202
5202
5201
5199
5199
5197
5191
5191
5193
5190
5188
5188
5186
5184
5184
5182
5182
5179
5178
5179
5176
5175
5176
5174
5169
5172
5174
5175
5173
5173
5173
5171
5172
5163
5167
5165
5168
5167
5159
5162
5164
5164
5163
5160
5162
5157
5156
5160
5158
5156
5155
5157
5155
5156
5157
5157
5154
5155
5153
5148
5148
5152
5149
5145
5144
5142
5147
5143
5137
5139
5143
5142
5141
5139
5141
5142
5140
5141
5139
5136
5134
5133
5127
5126
5118
5119
5125
5121
5119
5121
5121
5119
5116
5117
5112
5112
5110
5108
5106
5103
5108
5102
5097
5093
5088
5086
5082
5077
5078
5068
5071
5066
5070
5067
5065
5062
5060
5058
5047
5046
5042
5046
5042
5041
5037
5030
5030
5029
5032
5029
5029
5026
5026
5023
5023
5022
5021
5021
5020
5021
5023
5021
5021
5022
5017
5018
5023
5021
5015
5016
5018
5023
5021
5022
5021
5015
5016
5017
5019
5015
5012
5010
5011
5009
5005
5004
5002
5007
5008
5007
5005
5005
5002
5002
5000
5001
4997
4996
4990
4990
4992
4994
4995
4989
4993
4998
4997
4996
4997
5000
4993
4992
4996
4994
4990
4989
4988
4985
4982
4982
4977
4975
4976
4974
4970
4971
4974
4972
4971
4969
4966
4966
4961
4955
4956
4956
4954
4953
4949
4947
4948
4943
4945
4944
4942
4942
4941
4939
4939
4937
4936
4934
4931
4933
4930
4926
4921
4919
4924
4919
4916
4916
4918
4912
4912
4917
4915
4909
4911
4910
4916
4915
4909
4912
4915
4912
4908
4905
4906
4910
4908
4907
4909
4907
4906
4904
4904
4904
4901
4903
4902
4903
4905
4903
4902
4906
4904
4902
4902
4902
4901
4902
4905
4902
4900
4901
4906
4906
4904
4901
4897
4903
4901
4895
4894
4895
4900
4898
4893
4894
4896
4894
4894
4893
4889
4890
4891
4889
4888
4890
4890
4890
4890
4891
4887
4888
4893
4892
4891
4888
4889
4889
4889
4884
4887
4892
4894
4891
4888
4886
4883
4880
4879
4876
4873
4870
4871
4865
4864
4868
4867
4868
4863
4863
4869
4867
4866
4865
4863
4861
4860
4864
4861
4856
4855
4860
4859
4858
4856
4854
4856
4855
4848
4851
4850
4854
4853
4853
4850
4848
4847
4846
4845
4844
4842
4843
4841
4841
4838
4834
4836
4834
4833
4832
4831
4837
4838
4838
4837
4838
4839
4839
4841
4841
4836
4837
4838
4840
4840
4840
4837
4834
4836
4831
4826
4826
4829
4826
4823
4822
4819
4814
4815
4818
4815
4815
4815
4814
4816
4814
4811
4809
4816
4815
4809
4809
4810
4810
4809
4807
4808
4800
4804
4804
4808
4807
4803
4801
4807
4803
4802
4802
4801
4796
4795
4799
4797
4796
4794
4791
4793
4792
4790
4792
4793
4794
4791
4791
4791
4791
4790
4789
4787
4782
4783
4782
4784
4783
4778
4778
4781
4778
4775
4772
4769
4772
4772
4770
4769
4767
4766
4766
4760
4762
4765
4762
4763
4762
4763
4762
4761
4760
4761
4757
4760
4759
4763
4759
4760
4760
4761
4760
4759
4758
4759
4758
4756
4753
4753
4752
4753
4754
4748
4751
4758
4758
4755
4754
4755
4758
4757
4751
4754
4757
4757
4756
4751
4751
4756
4754
4747
4749
4750
4750
4749
4746
4744
4743
4743
4740
4740
4739
4738
4735
4732
4734
4726
4726
4726
4731
4731
4729
4730
4731
4730
4730
4730
4727
4728
4728
4727
4726
4723
4724
4723
4727
4726
4727
4726
4719
4720
4721
4725
4723
4718
4720
4725
4722
4721
4721
4722
4720
4718
4714
4716
4723
4722
4720
4719
4723
4724
4725
4722
4721
4720
4720
4719
4718
4718
4716
4717
4714
4712
4709
4712
4712
4705
4704
4709
4709
4707
4702
4702
4706
4705
4704
4702
4702
4703
4701
4702
4701
4703
4701
4704
4706
4706
4709
4711
4707
4706
4712
4709
4707
4700
4698
4699
4696
4693
4690
4691
4685
4681
4687
4685
4682
4680
4681
4679
4677
4676
4677
4677
4676
4674
4673
4676
4672
4671
4676
4675
4675
4676
4675
4673
4673
4670
4671
4673
4671
4667
4668
4667
4670
4670
4666
4664
4671
4672
4670
4673
4670
4668
4670
4676
4675
4675
4674
4675
4676
4674
4672
4672
4668
4666
4666
4671
4670
4668
4668
4666
4667
4663
4663
4660
4660
4660
4657
4656
4655
4655
4654
4653
4653
4654
4654
4652
4652
4653
4654
4654
4649
4649
4654
4653
4652
4646
4648
4651
4649
4644
4645
4646
4649
4647
4643
4641
4646
4647
4642
4645
4643
4642
4643
4642
4640
4640
4639
4638
4639
4638
4635
4636
4636
4636
4632
4635
4633
4631
4634
4626
4628
4629
4631
4629
4630
4628
4625
4625
4631
4627
4627
4624
4625
4627
4625
4622
4621
4623
4626
4623
4622
4621
4627
4625
4624
4625
4623
4626
4624
4624
4622
4622
4620
4619
4616
4616
4613
4614
4605
4609
4607
4612
4608
4610
4607
4607
4608
4605
4601
4600
4607
4604
4599
4599
4607
4603
4604
4597
4600
4603
4602
4600
4602
4601
4602
4599
4600
4599
4599
4598
4598
4598
4596
4597
4597
4596
4595
4596
4598
4594
4592
4591
4596
4593
4586
4589
4587
4592
4587
4588
4586
4586
4586
4582
4583
4582
4581
4580
4581
4580
4579
4579
4577
4579
4576
4573
4572
4578
4575
4575
4570
4570
4576
4572
4571
4571
4568
4571
4569
4566
4565
4569
4568
4564
4564
4567
4570
4567
4570
4568
4565
4563
4566
4567
4565
4564
4564
4563
4564
4563
4563
4561
4562
4562
4562
4561
4554
4556
4557
4560
4558
4559
4557
4550
4555
4555
4559
4558
4556
4554
4561
4557
4559
4557
4557
4557
4558
4557
4559
4557
4556
4559
4557
4558
4555
4556
4554
4555
4556
4555
4554
4549
4550
4552
4551
4546
4545
4544
4548
4549
4548
4548
4545
4546
4547
4548
4547
4546
4546
4541
4544
4544
4548
4546
4542
4542
4549
4546
4543
4540
4543
4545
4546
4539
4541
4544
4544
4543
4542
4539
4539
4540
4538
4538
4537
4537
4537
4537
4537
4537
4537
4535
4537
4534
4535
4534
4536
4536
4530
4532
4531
4536
4532
4535
4533
4533
4531
4533
4532
4532
4531
4531
4525
4528
4531
4531
4530
4529
4530
4528
4530
4522
4525
4524
4530
4526
4525
4525
4521
4520
4522
4526
4525
4524
4524
4525
4525
4520
4518
4521
4524
4523
4520
4522
4520
4520
4518
4516
4514
4520
4517
4518
4517
4516
4518
4516
4514
4512
4520
4515
4514
4511
4513
4515
4514
4511
4512
4515
4514
4512
4513
4510
4510
4512
4511
4510
4510
4507
4508
4512
4511
4508
4510
4507
4508
4506
4507
4507
4506
4506
4504
4505
4504
4504
4504
4504
4502
4498
4496
4498
4501
4501
4500
4497
4499
4497
4498
4497
4494
4493
4494
4498
4493
4495
4494
4496
4494
4495
4488
4491
4496
4495
4493
4491
4491
4496
4496
4493
4493
4488
4488
4487
4492
4489
4490
4489
4487
4487
4486
4486
4484
4481
4480
4488
4485
4485
4484
4487
4484
4483
4480
4479
4483
4483
4483
4481
4484
4479
4480
4486
4483
4485
4484
4484
4481
4483
4481
4481
4481
4480
4478
4474
4476
4478
4479
4477
4478
4476
4473
4474
4477
4476
4476
4475
4474
4473
4476
4473
4474
4474
4475
4473
4471
4473
4471
4472
4466
4468
4473
4473
4470
4468
4469
4473
4472
4467
4466
4469
4471
4472
4471
4469
4468
4468
4470
4468
4467
4469
4466
4467
4465
4467
4464
4465
4462
4463
4464
4465
4458
4461
4460
4464
4464
4463
4464
4465
4465
4462
4460
4459
4464
4464
4462
4463
4461
4463
4464
4462
4461
4460
4462
4459
4459
4458
4454
4453
4460
4459
4456
4455
4456
4452
4453
4455
4457
4451
4453
4455
4457
4455
4455
4454
4455
4454
4456
4457
4454
4450
4450
4455
4455
4446
4450
4448
4453
4450
4452
4450
4449
4449
4453
4452
4454
4453
4452
4454
4457
4452
4452
4455
4457
4457
4456
4455
4454
4453
4453
4452
4450
4445
4447
4451
4449
4451
4448
4449
4443
4444
4450
4449
4440
4442
4443
4445
4446
4445
4447
4444
4445
4445
4446
4445
4447
4444
4445
4443
4442
4443
4442
4445
4443
4446
4446
4441
4442
4444
4446
4448
4449
4449
4452
4453
4457
4456
4457
4449
4451
4450
4449
4445
4443
4442
4440
4441
4438
4437
4438
4435
4435
4436
4434
4434
4432
4430
4430
4430
4437
4433
4429
4428
4433
4430
4434
4432
4432
4429
4431
4442
4440
4438
4440
4445
4453
4456
4464
4468
4472
4480
4486
4500
4507
4511
4521
4535
4542
4551
4556
4569
4581
4590
4600
4606
4612
4622
4630
4644
4651
4661
4667
4677
4686
4692
4699
4707
4712
4720
4723
4728
4735
4737
4740
4745
4747
4750
4752
4749
4750
4750
