3104
3103
3103
3101
3098
3095
3094
3098
3094
3088
3088
3090
3087
3085
3077
3077
3077
3075
3071
3069
3067
3063
3060
3059
3055
3052
3051
3046
3044
3043
3038
3037
3034
3032
3029
3029
3025
3020
3019
3019
3018
3016
3014
3012
3011
3009
3007
3005
2998
2997
2997
3000
2997
2992
2990
2993
2993
2990
2989
2989
2984
2982
2987
2983
2982
2981
2981
2977
2975
2978
2978
2975
2973
2971
2970
2968
2964
2962
2968
2965
2962
2963
2961
2959
2959
2957
2955
2955
2955
2955
2954
2955
2953
2954
2954
2953
2952
2951
2950
2950
2949
2943
2945
2947
2947
2947
2944
2944
2943
2942
2943
2940
2940
2941
2938
2939
2939
2933
2932
2934
2935
2932
2929
2928
2934
2934
2930
2932
2931
2928
2931
2934
2933
2934
2933
2932
2930
2930
2934
2935
2935
2934
2934
2931
2930
2935
2933
2931
2932
2931
2928
2927
2926
2925
2924
2922
2918
2918
2916
2921
2918
2918
2918
2917
2918
2918
2917
2917
2918
2919
2917
2918
2913
2914
2915
2918
2917
2912
2915
2918
2918
2919
2918
2916
2913
2912
2916
2913
2913
2910
2910
2910
2910
2908
2908
2904
2904
2905
2908
2908
2908
2907
2906
2906
2905
2903
2903
2901
2900
2907
2906
2905
2906
2905
2900
2900
2906
2904
2898
2899
2899
2904
2905
2902
2902
2904
2903
2901
2902
2899
2899
2899
2899
2898
2899
2899
2898
2895
2894
2901
2899
2893
2893
2893
2897
2897
2896
2896
2896
2895
2895
2896
2894
2895
2896
2895
2895
2895
2890
2893
2897
2894
2891
2892
2895
2896
2893
2894
2893
2892
2891
2891
2892
2891
2892
2892
2887
2889
2894
2894
2895
2895
2895
2896
2896
2891
2893
2899
2899
2898
2897
2899
2892
2894
2899
2898
2899
2900
2898
2899
2898
2896
2899
2897
2897
2899
2892
2893
2899
2895
2893
2895
2894
2893
2895
2890
2889
2896
2895
2894
2892
2893
2894
2892
2892
2891
2894
2894
2893
2894
2896
2895
2896
2893
2893
2895
2901
2899
2900
2900
2898
2896
2899
2903
2902
2899
2899
2906
2904
2903
2901
2903
2907
2908
2904
2905
2910
2910
2909
2912
2911
2911
2913
2914
2912
2912
2914
2912
2913
2915
2915
2915
2916
2917
2915
2915
2916
2914
2913
2918
2920
2919
2920
2922
2917
2917
2925
2926
2925
2927
2927
2927
2929
2930
2932
2931
2930
2931
2936
2938
2938
2939
2937
2937
2939
2946
2946
2947
2948
2950
2951
2951
2955
2956
2957
2958
2961
2961
2963
2964
2966
2969
2971
2974
2975
2975
2977
2980
2985
2987
2989
2990
2994
2994
2998
2995
2998
3004
3005
3006
3008
3008
3009
3011
3019
3019
3024
3024
3026
3028
3032
3032
3036
3040
3042
3042
3045
3049
3057
3057
3055
3058
3067
3068
3069
3067
3071
3077
3079
3082
3082
3087
3089
3094
3092
3097
3104
3107
3112
3115
3119
3121
3127
3129
3132
3137
3141
3142
3148
3151
3156
3159
3161
3164
3174
3178
3184
3185
3191
3200
3204
3211
3213
3218
3219
3224
3231
3235
3240
3244
3248
3252
3258
3264
3270
3269
3274
3285
3288
3294
3299
3303
3309
3312
3318
3323
3327
3333
3337
3344
3348
3351
3355
3363
3373
3376
3383
3388
3394
3398
3404
3412
3417
3423
3429
3432
3441
3451
3459
3464
3470
3477
3484
3493
3495
3503
3514
3522
3530
3531
3538
3552
3558
3559
3565
3573
3586
3591
3596
3601
3608
3614
3620
3627
3633
3641
3647
3653
3661
3666
3673
3681
3687
3695
3701
3706
3709
3714
3717
3731
3736
3740
3750
3748
3756
3763
3775
3782
3784
3793
3804
3811
3819
3822
3830
3842
3851
3858
3865
3872
3879
3885
3893
3902
3906
3916
3929
3937
3944
3949
3958
3962
3970
3981
3989
3993
3995
4005
4017
4024
4029
4037
4041
4049
4057
4069
4077
4083
4091
4099
4107
4115
4123
4131
4139
4146
4155
4162
4172
4177
4184
4191
4201
4210
4216
4223
4235
4241
4251
4258
4264
4268
4277
4285
4291
4290
4299
4312
4318
4324
4332
4336
4342
4350
4351
4359
4370
4373
4374
4382
4388
4398
4402
4409
4415
4411
4418
4425
4438
4443
4445
4450
4456
4463
4466
4468
4472
4485
4492
4492
4498
4508
4513
4519
4522
4530
4541
4544
4549
4559
4565
4573
4576
4581
4588
4603
4606
4611
4618
4624
4629
4637
4642
4649
4656
4663
4668
4673
4680
4684
4689
4696
4703
4709
4716
4723
4725
4731
4734
4741
4751
4762
4767
4767
4774
4784
4788
4791
4797
4804
4808
4813
4811
4817
4828
4833
4837
4843
4848
4847
4852
4862
4863
4868
4873
4877
4884
4888
4891
4893
4897
4900
4905
4905
4909
4905
4911
4923
4926
4932
4934
4938
4945
4950
4954
4961
4965
4967
4971
4979
4987
4988
4992
5003
5010
5013
5018
5024
5029
5032
5036
5040
5047
5052
5057
5060
5069
5072
5077
5081
5084
5089
5092
5095
5095
5098
5101
5105
5109
5108
5111
5123
5125
5120
5123
5127
5136
5136
5140
5144
5146
5150
5153
5153
5158
5167
5170
5171
5176
5173
5179
5183
5192
5194
5196
5200
5203
5201
5203
5206
5205
5200
5204
5209
5209
5210
5209
5211
5205
5204
5210
5210
5212
5210
5210
5213
5215
5215
5217
5221
5225
5228
5224
5228
5234
5236
5233
5234
5234
5236
5237
5237
5236
5237
5238
5234
5235
5237
5244
5242
5243
5243
5245
5244
5247
5247
5247
5255
5256
5258
5256
5256
5253
5255
5262
5263
5253
5255
5264
5266
5266
5259
5259
5266
5266
5268
5269
5270
5270
5272
5274
5278
5277
5278
5278
5279
5280
5280
5281
5280
5280
5275
5274
5278
5283
5283
5283
5283
5278
5279
5281
5284
5284
5284
5283
5283
5280
5280
5281
5278
5275
5273
5265
5264
5266
5267
5267
5261
5259
5264
5258
5254
5251
5250
5247
5247
5248
5246
5248
5245
5245
5244
5242
5236
5235
5239
5241
5235
5236
5237
5241
5243
5241
5240
5235
5236
5237
5243
5242
5239
5242
5232
5235
5237
5239
5241
5235
5238
5245
5246
5246
5247
5247
5247
5247
5247
5247
5247
5248
5249
5247
5249
5247
5243
5240
5238
5237
5236
5234
5231
5231
5221
5220
5222
5219
5215
5211
5207
5204
5202
5191
5189
5187
5187
5184
5179
5175
5166
5163
5163
5163
5160
5156
5157
5152
5152
5150
5149
5148
5139
5142
5147
5145
5138
5138
5138
5142
5139
5132
5131
5138
5134
5132
5132
5129
5125
5125
5123
5121
5112
5112
5111
5116
5114
5112
5113
5111
5109
5106
5100
5099
5102
5099
5095
5094
5093
5091
5091
5084
5084
5080
5076
5071
5065
5063
5062
5056
5053
5048
5038
5036
5032
5034
5028
5020
5016
5021
5015
5011
5009
5008
5000
5000
5007
5004
5002
5000
4999
4993
4996
5002
4997
4994
4992
4991
4989
4986
4985
4983
4982
4979
4976
4973
4970
4970
4968
4968
4967
4961
4958
4955
4959
4957
4948
4949
4952
4948
4946
4942
4939
4931
4929
4935
4931
4927
4925
4922
4922
4919
4918
4916
4912
4911
4908
4904
4902
4896
4895
4898
4896
4897
4889
4890
4897
4895
4892
4889
4889
4886
4886
4890
4887
4885
4880
4875
4874
4873
4870
4869
4858
4859
4864
4861
4860
4860
4857
4856
4854
4854
4855
4855
4852
4851
4848
4847
4843
4841
4838
4834
4832
4825
4822
4827
4824
4815
4816
4816
4818
4814
4811
4810
4808
4804
4803
4798
4797
4798
4796
4796
4794
4786
4781
4779
4785
4781
4775
4775
4782
4779
4778
4771
4772
4776
4775
4773
4773
4772
4770
4768
4765
4761
4761
4758
4756
4755
4750
4742
4737
4738
4735
4731
4728
4725
4721
4717
4713
4706
4704
4701
4698
4691
4689
4690
4684
4674
4672
4673
4668
4665
4656
4655
4656
4650
4645
4640
4636
4632
4627
4622
4618
4615
4613
4606
4602
4599
4596
4594
4593
4591
4589
4585
4582
4575
4578
4582
4581
4582
4581
4579
4569
4568
4571
4568
4561
4559
4558
4561
4558
4553
4550
4548
4547
4544
4540
4537
4534
4533
4530
4527
4524
4523
4518
4511
4509
4513
4511
4506
4506
4506
4507
4506
4499
4498
4502
4500
4501
4499
4498
4490
4489
4492
4492
4489
4485
4485
4482
4481
4478
4478
4477
4474
4470
4467
4466
4463
4460
4457
4455
4448
4444
4444
4447
4448
4444
4441
4436
4433
4431
4426
4425
4417
4417
4421
4414
4412
4410
4409
4410
4408
4399
4397
4401
4399
4399
4391
4391
4394
4390
4380
4378
4377
4380
4378
4374
4372
4369
4369
4369
4367
4365
4363
4360
4359
4358
4355
4351
4349
4344
4343
4348
4346
4339
4336
4332
4334
4329
4326
4324
4314
4314
4314
4314
4309
4307
4304
4301
4295
4292
4289
4285
4280
4277
4276
4271
4269
4266
4263
4261
4257
4252
4251
4242
4243
4244
4243
4240
4235
4236
4240
4238
4231
4230
4228
4230
4228
4230
4227
4217
4218
4220
4226
4222
4220
4220
4218
4215
4214
4214
4214
4212
4210
4209
4208
4202
4198
4195
4199
4195
4190
4186
4183
4181
4179
4173
4171
4168
4165
4162
4159
4156
4151
4149
4149
4149
4146
4143
4141
4140
4138
4131
4130
4135
4133
4123
4123
4121
4121
4120
4119
4116
4112
4110
4110
4108
4106
4098
4099
4103
4100
4096
4094
4092
4089
4085
4083
4083
4080
4076
4072
4067
4065
4068
4061
4059
4057
4054
4050
4049
4044
4043
4045
4040
4038
4037
4035
4030
4027
4027
4024
4016
4015
4015
4018
4016
4014
4010
4008
4007
4004
4001
3999
3993
3991
3996
3994
3990
3990
3990
3987
3984
3979
3979
3980
3978
3977
3974
3975
3966
3968
3971
3967
3965
3965
3965
3960
3958
3953
3952
3956
3955
3954
3952
3951
3950
3946
3944
3944
3943
3938
3937
3941
3937
3936
3936
3932
3928
3926
3929
3929
3922
3922
3924
3922
3919
3921
3919
3914
3913
3918
3915
3913
3911
3908
3906
3905
3905
3901
3898
3897
3897
3893
3889
3889
3886
3879
3876
3873
3877
3875
3873
3871
3869
3864
3862
3861
3858
3852
3853
3858
3854
3852
3849
3849
3846
3847
3848
3847
3841
3841
3842
3844
3840
3833
3834
3838
3833
3832
3830
3827
3820
3819
3825
3819
3818
3817
3814
3812
3811
3811
3810
3807
3806
3806
3804
3800
3800
3798
3789
3790
3787
3792
3790
3788
3786
3783
3783
3779
3775
3775
3778
3775
3767
3766
3769
3765
3763
3758
3757
3758
3755
3755
3751
3750
3750
3748
3745
3744
3744
3739
3740
3738
3734
3734
3733
3726
3726
3733
3731
3733
3728
3729
3734
3732
3730
3729
3727
3720
3718
3723
3719
3716
3717
3716
3715
3713
3707
3707
3711
3707
3706
3704
3701
3701
3702
3698
3697
3696
3693
3691
3690
3689
3684
3682
3682
3678
3675
3671
3668
3669
3663
3658
3656
3658
3657
3657
3650
3649
3656
3650
3643
3643
3644
3646
3644
3643
3642
3641
3638
3637
3635
3633
3634
3632
3630
3629
3630
3625
3624
3621
3618
3621
3620
3612
3611
3611
3614
3610
3605
3606
3610
3605
3607
3605
3603
3604
3604
3594
3597
3603
3602
3603
3602
3599
3600
3600
3591
3596
3597
3601
3604
3603
3600
3600
3598
3596
3596
3593
3586
3587
3593
3591
3587
3589
3588
3581
3584
3588
3582
3580
3577
3572
3570
3568
3565
3566
3558
3555
3556
3557
3554
3552
3550
3547
3547
3546
3544
3542
3542
3542
3541
3541
3539
3537
3537
3531
3530
3534
3533
3524
3524
3526
3527
3525
3520
3519
3523
3522
3521
3517
3517
3515
3513
3513
3512
3505
3508
3506
3509
3509
3509
3507
3502
3504
3504
3506
3506
3502
3501
3502
3500
3499
3497
3496
3497
3497
3493
3492
3491
3488
3488
3482
3482
3484
3483
3481
3477
3476
3476
3474
3469
3469
3472
3471
3470
3467
3469
3461
3461
3466
3463
3462
3462
3460
3460
3461
3459
3458
3460
3459
3458
3458
3460
3453
3452
3455
3455
3453
3450
3451
3451
3448
3449
3448
3442
3444
3443
3447
3446
3439
3437
3442
3440
3440
3437
3437
3432
3433
3438
3435
3436
3433
3431
3430
3429
3424
3425
3428
3426
3426
3423
3423
3421
3419
3419
3418
3416
3415
3416
3414
3414
3413
3411
3408
3407
3406
3410
3409
3401
3403
3406
3403
3403
3402
3400
3395
3395
3398
3397
3396
3394
3394
3394
3393
3395
3394
3394
3393
3392
3390
3389
3387
3383
3384
3382
3381
3377
3377
3380
3380
3374
3375
3375
3378
3375
3375
3374
3368
3369
3373
3369
3367
3366
3367
3362
3363
3368
3364
3365
3362
3361
3357
3355
3361
3360
3356
3357
3356
3353
3354
3353
3352
3347
3347
3347
3354
3350
3350
3350
3349
3350
3347
3346
3348
3345
3347
3342
3342
3344
3342
3342
3341
3340
3337
3339
3332
3330
3331
3335
3331
3333
3331
3330
3329
3326
3322
3322
3326
3323
3324
3323
3320
3320
3320
3312
3315
3320
3316
3316
3314
3312
3314
3311
3311
3310
3303
3304
3306
3309
3307
3305
3306
3307
3306
3303
3302
3301
3304
3305
3304
3302
3302
3302
3300
3297
3297
3301
3298
3300
3299
3297
3292
3293
3296
3294
3294
3292
3291
3289
3287
3287
3286
3283
3282
3281
3280
3281
3281
3281
3278
3279
3277
3277
3279
3274
3273
3279
3278
3270
3272
3273
3274
3273
3273
3270
3264
3265
3270
3267
3265
3266
3265
3259
3262
3267
3265
3265
3265
3264
3265
3264
3264
3264
3262
3260
3260
3260
3261
3255
3255
3259
3257
3256
3256
3253
3250
3250
3254
3254
3251
3251
3250
3248
3248
3248
3245
3245
3246
3244
3241
3243
3248
3246
3247
3247
3246
3241
3241
3247
3247
3247
3245
3244
3245
3246
3244
3242
3242
3242
3239
3236
3235
3236
3236
3229
3229
3235
3236
3234
3234
3232
3229
3229
3233
3233
3231
3227
3227
3229
3229
3222
3222
3223
3224
3223
3222
3221
3220
3219
3218
3220
3219
3219
3220
3219
3219
3219
3219
3218
3216
3216
3215
3215
3210
3209
3211
3213
3212
3213
3211
3207
3206
3213
3210
3210
3208
3208
3202
3202
3207
3205
3204
3200
3197
3203
3201
3201
3198
3197
3196
3195
3195
3194
3193
3192
3191
3190
3188
3188
3188
3188
3189
3185
3186
3187
3193
3192
3186
3189
3193
3190
3189
3185
3183
3189
3186
3185
3184
3181
3181
3179
3177
3179
3178
3174
3175
3173
3172
3167
3166
3172
3171
3169
3171
3171
3172
3173
3171
3171
3172
3172
3170
3171
3171
3168
3168
3171
3170
3169
3168
3168
3162
3162
3167
3164
3159
3159
3160
3163
3160
3162
3161
3161
3162
3162
3161
3161
3160
3161
3160
3159
3155
3155
3154
3160
3156
3153
3153
3154
3154
3154
3153
3156
3150
3153
3161
3158
3159
3160
3161
3159
3160
3159
3158
3157
3156
3156
3150
3152
3155
3156
3154
3155
3154
3155
3156
3152
3154
3157
3158
3153
3152
3151
3154
3154
3148
3148
3150
3149
3150
3146
3146
3142
3143
3146
3145
3143
3142
3139
3139
3138
3136
3135
3135
3132
3133
3130
3130
3128
3127
3121
3122
3123
3125
3125
3123
3124
3124
3124
3123
3118
3121
3124
3124
3118
3118
3123
3120
3122
3120
3119
3118
3118
3111
3114
3112
3117
3115
3115
3113
3113
3112
3111
3111
3109
3109
3108
3110
3108
3111
3109
3111
3107
3108
3113
3113
3113
3111
3111
3110
3110
3104
3106
3109
3108
3106
3103
3103
3105
3106
3104
3106
3100
3100
3102
3104
3104
3103
3105
3102
3105
3101
3103
3102
3102
3104
3103
3105
3105
3107
3106
3103
3103
3109
3108
3107
3106
3105
3104
3102
3102
3101
3100
3099
3097
3094
3092
3098
3096
3096
3095
3092
3091
3088
3094
3091
3091
3091
3086
3087
3086
3092
3088
3086
3086
3091
3091
3089
3090
3088
3090
3087
3089
3086
3087
3085
3087
3087
3087
3087
3086
3081
3080
3080
3084
3081
3080
3078
3078
3078
3078
3074
3073
3077
3077
3075
3075
3076
3075
3076
3075
3076
3070
3073
3074
3076
3073
3070
3069
3074
3074
3073
3070
3071
3069
3071
3064
3066
3071
3068
3067
3063
3063
3066
3066
3058
3060
3065
3065
3065
3063
3062
3057
3059
3063
3062
3061
3060
3060
3058
3058
3057
3058
3056
3056
3057
3056
3055
3055
3055
3054
3055
3054
3054
3052
3053
3051
3053
3050
3053
3050
3053
3049
3052
3050
3051
3048
3050
3048
3051
3052
3048
3048
3053
3053
3052
3049
3050
3055
3056
3055
3056
3057
3053
3055
3057
3058
3052
3055
3056
3058
3055
3052
3051
3057
3054
3053
3051
3051
3048
3050
3047
3049
3047
3048
3044
3045
3044
3044
3043
3040
3042
3042
3046
3043
3045
3043
3038
3039
3044
3043
3043
3042
3041
3039
3039
3032
3036
3036
3038
3039
3035
3037
3035
3036
3035
3036
3034
3030
3031
3036
3036
3035
3035
3035
3031
3032
3033
3033
3030
3030
3031
3033
3033
3031
3033
3031
3030
3029
3031
3029
3027
3027
3033
3031
3032
3029
3030
3029
3028
3028
3028
3024
3025
3028
3032
3033
3029
3030
3037
3036
3034
3034
3034
3028
3027
3034
3032
3030
3030
3029
3025
3024
3029
3028
3026
3026
3025
3026
3024
3025
3022
3019
3018
3021
3022
3022
3020
3019
3020
3016
3017
3015
3015
3015
3013
3014
3013
3010
3010
3012
3017
3015
3011
3012
3015
3015
3014
3013
3014
3009
3008
3014
3013
3012
3013
3013
3012
3011
3012
3012
3013
3012
3013
3012
3010
3007
3005
3011
3010
3008
3008
3007
3006
3006
3002
3002
3006
3006
3007
3001
3004
3008
3007
3006
3007
3006
3007
3008
3003
3005
3008
3007
3008
3005
3007
3005
3007
3005
3005
3004
3003
3003
3003
3001
3002
3003
3002
3004
3006
3007
3007
3004
3006
3012
3011
3009
3006
3006
3010
3008
3003
3002
3006
3002
3003
3002
3000
3000
2999
2994
2995
2995
3000
2997
2998
2997
2998
2996
2997
2995
2998
2993
2994
2999
2999
2999
3000
3003
3004
3006
2999
3002
3008
3006
3006
3002
3003
3005
3004
3003
3005
3003
3001
3000
3000
3000
2998
2999
2992
2993
2992
2996
2994
2988
2989
2993
2992
2993
2994
2993
2993
2996
2993
2995
2993
2994
2991
2994
2992
2994
2992
2992
2992
2991
2988
2987
2993
2990
2991
2990
2990
2989
2988
2988
2987
2988
2990
2988
2987
2986
2992
2989
2984
2985
2990
2992
2992
2990
2992
2996
2994
2987
2989
2987
2992
2989
2985
2983
2989
2985
2984
2983
2984
2981
2982
2979
2980
2979
2979
2976
2978
2975
2975
2973
2974
2973
2974
2968
2970
2972
2973
2970
2971
2969
2969
2969
2967
2968
2962
2964
2967
2968
2968
2962
2964
2970
2969
2969
2968
2968
2964
2966
2968
2969
2967
2967
2968
2965
2966
2964
2965
2964
2963
2963
2965
2964
2964
2965
2958
2961
2964
2964
2962
2960
2959
2965
2964
2959
2962
2963
2966
2967
2966
2964
2965
2964
2965
2964
2964
2962
2964
2961
2961
2962
2961
2963
2962
2963
2962
2963
2965
2964
2964
2966
2964
2965
2962
2959
2960
2963
2965
2963
2961
2959
2965
2963
2960
2960
2958
2961
2962
2956
2958
2960
2960
2958
2958
2958
2954
2955
2960
2958
2959
2956
2957
2956
2957
2956
2957
2956
2956
2955
2955
2955
2953
2953
2949
2949
2951
2951
2951
2950
2951
2944
2947
2949
2951
2949
2946
2945
2950
2947
2948
2946
2946
2945
2947
2945
2946
2940
2943
2945
2949
2949
2951
2951
2954
2951
2953
2951
2952
2950
2952
2950
2951
2949
2949
2948
2942
2942
2946
2948
2945
2946
2943
2943
2942
2948
2945
2946
2944
2945
2943
2944
2942
2942
2937
2939
2943
2944
2942
2944
2944
2941
2940
2947
2944
2945
2943
2945
2945
2944
2944
2946
2946
2946
2947
2944
2945
2950
2951
2945
2947
2945
2952
2948
2950
2950
2949
2948
2946
2943
2945
2948
2947
2945
2946
2942
2942
2939
2945
2941
2938
2937
2944
2940
2940
2938
2938
2935
2935
2934
2934
2933
2932
2933
2928
2928
2932
2933
2931
2932
2930
2931
2929
2930
2928
2924
2924
2925
2928
2929
2926
2927
2924
2926
2925
2925
2924
2923
2924
2922
2923
2924
2923
2922
2919
2920
2925
2923
2919
2919
2920
2924
2924
2919
2921
2926
2926
2923
2922
2921
2926
2925
2927
2925
2921
2923
2922
2927
2924
2925
2923
2924
2922
2924
2923
2923
2923
2922
2922
2923
2922
2920
2922
2920
2922
2920
2922
2921
2923
2923
2925
2926
2927
2927
2922
2923
2924
2929
2928
2923
2923
2929
2927
2926
2923
2924
2926
2925
2924
2924
2924
2921
2923
2920
2921
2919
2919
2915
2914
2914
2918
2917
2916
2917
2911
2913
2913
2918
2914
2916
2914
2916
2916
2913
2912
2914
2917
2917
2916
2917
2916
2916
2917
2916
2915
2911
2912
2915
2916
2914
2915
2913
2911
2910
2916
2914
2914
2913
2913
2914
2913
2914
2913
2914
2913
2913
2912
2913
2912
2912
2913
2912
2912
2908
2909
2912
2912
2906
2906
2912
2912
2910
2911
2908
2905
2905
2911
2908
2910
2904
2907
2910
2912
2906
2907
2908
2911
2909
2907
2906
2912
2909
2909
2909
2907
2908
2907
2904
2902
2909
2906
2906
2907
2904
2902
2902
2907
2905
2905
2907
2905
2905
2906
2900
2902
2905
2906
2906
2902
2901
2907
2906
2906
2907
2906
2906
2905
2907
2905
2906
2906
2906
2906
2907
2902
2903
2907
2904
2905
2905
2905
2904
2905
2898
2902
2905
2905
2903
2898
2902
2903
2903
2902
2902
2902
2900
2901
2898
2900
2899
2900
2900
2902
2900
2902
2901
2903
2901
2903
2902
2903
2905
2905
2907
2906
2903
2903
2902
2907
2905
2906
2905
2899
2901
2903
2905
2904
2903
2903
2904
2905
2901
2903
2903
2910
2910
2913
2916
2913
2914
2917
2921
2922
2920
2922
2932
2935
2933
2935
2940
2948
2951
2956
2959
2963
2968
2973
2972
2980
2988
2993
2994
3002
3007
3015
3021
3024
3030
3034
3040
3042
3048
3053
3056
3062
3065
3069
3067
3073
3075
3082
3085
3085
3090
3090
3093
3092
