3814
3814
3814
3810
3809
3811
3808
3804
3799
3796
3798
3796
3793
3790
3785
3782
3779
3776
3770
3762
3760
3759
3758
3754
3750
3745
3743
3741
3736
3732
3729
3726
3724
3718
3716
3719
3713
3709
3707
3705
3701
3698
3690
3690
3690
3691
3685
3678
3677
3682
3677
3674
3671
3670
3668
3667
3662
3660
3661
3659
3656
3654
3652
3646
3647
3648
3646
3643
3639
3637
3642
3639
3637
3637
3630
3629
3626
3630
3629
3626
3626
3620
3620
3621
3623
3620
3619
3618
3617
3616
3614
3613
3611
3611
3612
3610
3609
3607
3606
3605
3605
3603
3598
3597
3602
3600
3597
3592
3591
3595
3592
3587
3587
3588
3590
3588
3585
3587
3587
3587
3584
3584
3583
3586
3585
3588
3586
3587
3588
3587
3587
3586
3581
3583
3589
3588
3588
3590
3590
3588
3588
3582
3584
3589
3590
3590
3588
3587
3585
3583
3581
3582
3582
3578
3576
3581
3578
3576
3575
3573
3574
3575
3571
3571
3575
3572
3570
3568
3566
3562
3562
3568
3569
3567
3567
3565
3565
3564
3564
3565
3564
3564
3565
3565
3564
3564
3563
3561
3561
3556
3554
3554
3559
3557
3552
3554
3559
3558
3558
3558
3558
3554
3555
3561
3559
3558
3559
3559
3559
3558
3557
3556
3555
3554
3552
3552
3554
3554
3552
3555
3557
3557
3558
3558
3555
3558
3565
3566
3565
3565
3563
3562
3562
3557
3559
3559
3558
3557
3557
3556
3550
3550
3555
3553
3554
3553
3553
3548
3549
3555
3555
3555
3552
3553
3557
3555
3553
3553
3553
3554
3553
3551
3551
3551
3550
3550
3550
3549
3550
3551
3551
3550
3550
3548
3546
3545
3547
3552
3553
3555
3554
3549
3549
3550
3555
3556
3549
3551
3557
3556
3559
3559
3560
3559
3559
3559
3561
3560
3557
3556
3561
3556
3557
3558
3557
3556
3554
3555
3555
3555
3555
3553
3553
3554
3551
3552
3557
3555
3555
3556
3555
3553
3553
3557
3558
3560
3560
3556
3557
3560
3565
3565
3566
3567
3569
3570
3571
3570
3570
3572
3574
3576
3575
3573
3572
3573
3579
3580
3576
3577
3583
3582
3583
3584
3586
3587
3587
3587
3587
3590
3588
3590
3596
3598
3600
3601
3601
3604
3604
3601
3603
3609
3610
3612
3613
3617
3619
3619
3620
3621
3619
3623
3627
3635
3637
3640
3643
3647
3650
3650
3650
3653
3659
3661
3657
3664
3671
3673
3678
3677
3680
3685
3687
3691
3693
3695
3698
3702
3704
3708
3709
3712
3715
3718
3723
3728
3734
3738
3743
3747
3750
3755
3761
3767
3771
3774
3773
3777
3782
3792
3796
3796
3802
3810
3813
3820
3825
3829
3835
3841
3841
3846
3854
3860
3865
3869
3876
3881
3886
3888
3896
3900
3912
3920
3925
3933
3938
3943
3949
3954
3958
3964
3970
3975
3981
3986
3993
3998
3999
4006
4017
4023
4024
4032
4038
4052
4058
4067
4073
4076
4087
4096
4103
4111
4118
4124
4130
4136
4143
4149
4156
4163
4170
4171
4181
4196
4200
4209
4217
4224
4234
4242
4252
4262
4269
4275
4287
4301
4311
4315
4327
4343
4353
4363
4372
4383
4396
4406
4413
4426
4435
4449
4460
4468
4476
4486
4495
4505
4514
4525
4530
4540
4557
4565
4570
4584
4594
4611
4621
4630
4642
4653
4664
4675
4687
4699
4712
4724
4738
4749
4761
4770
4785
4798
4810
4824
4834
4842
4856
4864
4884
4895
4904
4914
4927
4939
4950
4958
4970
4986
4996
5007
5019
5030
5042
5055
5065
5078
5091
5103
5116
5127
5141
5149
5160
5176
5187
5194
5207
5218
5230
5239
5249
5258
5268
5279
5289
5299
5308
5314
5328
5344
5356
5368
5380
5392
5397
5412
5430
5442
5449
5462
5476
5490
5502
5513
5525
5536
5545
5558
5566
5577
5586
5597
5606
5617
5629
5640
5649
5659
5667
5671
5681
5692
5700
5707
5716
5725
5727
5737
5754
5764
5777
5786
5797
5806
5817
5831
5844
5851
5861
5869
5878
5885
5893
5898
5901
5911
5922
5932
5940
5945
5954
5966
5971
5976
5984
5991
6006
6013
6021
6028
6037
6047
6054
6064
6073
6076
6083
6097
6101
6107
6116
6123
6131
6140
6146
6154
6160
6169
6179
6189
6198
6203
6215
6230
6239
6250
6257
6270
6274
6284
6301
6311
6322
6332
6341
6344
6353
6372
6381
6388
6396
6406
6414
6419
6429
6435
6438
6449
6462
6476
6484
6492
6500
6511
6521
6528
6536
6542
6547
6552
6551
6560
6567
6572
6575
6576
6580
6577
6582
6594
6597
6601
6607
6610
6607
6616
6628
6630
6634
6636
6635
6645
6651
6658
6662
6670
6671
6684
6695
6703
6710
6720
6726
6734
6745
6754
6760
6770
6781
6790
6798
6805
6807
6818
6834
6840
6843
6851
6861
6876
6880
6888
6895
6900
6903
6911
6917
6920
6924
6926
6926
6930
6931
6932
6933
6927
6926
6932
6930
6922
6924
6929
6932
6935
6939
6945
6942
6951
6963
6969
6972
6975
6979
6985
6992
6995
7000
7005
7006
7012
7023
7028
7033
7038
7044
7048
7050
7057
7063
7058
7067
7074
7077
7080
7078
7078
7088
7087
7080
7086
7088
7097
7095
7101
7100
7107
7111
7114
7117
7119
7115
7118
7120
7114
7112
7116
7116
7120
7123
7117
7122
7133
7132
7136
7138
7143
7135
7141
7150
7149
7150
7154
7155
7160
7166
7165
7172
7182
7181
7181
7181
7181
7176
7177
7182
7177
7175
7174
7170
7161
7158
7150
7148
7143
7137
7131
7124
7121
7112
7108
7107
7097
7093
7084
7081
7084
7081
7076
7075
7073
7079
7082
7081
7084
7079
7086
7089
7096
7101
7103
7108
7106
7106
7117
7120
7121
7123
7122
7123
7128
7125
7126
7127
7130
7130
7132
7133
7138
7142
7142
7145
7150
7154
7151
7148
7151
7154
7155
7155
7148
7154
7162
7156
7145
7146
7144
7146
7144
7139
7137
7139
7141
7144
7143
7145
7146
7149
7154
7156
7157
7159
7157
7162
7163
7158
7159
7168
7170
7170
7163
7163
