4798
4795
4794
4796
4793
4790
4787
4785
4780
4776
4775
4769
4763
4759
4760
4755
4747
4744
4740
4734
4728
4723
4718
4707
4705
4706
4698
4692
4686
4680
4677
4673
4663
4659
4658
4654
4648
4645
4639
4632
4630
4630
4625
4623
4614
4611
4610
4606
4602
4600
4594
4585
4585
4583
4579
4576
4573
4567
4566
4564
4559
4556
4555
4550
4548
4547
4542
4541
4539
4534
4535
4532
4529
4528
4524
4521
4523
4522
4518
4516
4514
4513
4512
4512
4510
4503
4502
4506
4503
4503
4503
4499
4495
4495
4499
4497
4496
4489
4489
4493
4491
4490
4490
4487
4489
4484
4486
4483
4483
4480
4480
4480
4481
4478
4480
4473
4476
4479
4480
4477
4476
4473
4479
4477
4478
4476
4476
4475
4473
4472
4472
4466
4466
4470
4470
4465
4466
4462
4458
4458
4461
4461
4457
4452
4453
4458
4455
4454
4452
4453
4450
4452
4449
4451
4450
4450
4448
4450
4448
4449
4446
4444
4442
4448
4445
4446
4440
4441
4444
4445
4441
4444
4449
4449
4450
4448
4448
4446
4445
4443
4442
4442
4441
4443
4441
4443
4437
4440
4438
4442
4442
4438
4439
4445
4440
4439
4437
4435
4433
4433
4426
4428
4432
4434
4434
4432
4430
4431
4429
4429
4427
4425
4422
4422
4425
4423
4425
4424
4425
4424
4424
4422
4420
4419
4419
4418
4419
4418
4418
4420
4417
4420
4428
4428
4429
4431
4431
4425
4429
4432
4432
4426
4426
4424
4428
4423
4425
4422
4423
4420
4418
4413
4412
4415
4416
4415
4414
4413
4409
4410
4415
4414
4414
4410
4412
4411
4412
4409
4408
4413
4410
4409
4410
4410
4409
4410
4409
4410
4408
4408
4406
4407
4406
4408
4406
4406
4406
4408
4407
4411
4405
4407
4412
4411
4404
4407
4406
4410
4409
4407
4404
4411
4409
4407
4410
4408
4408
4407
4410
4408
4410
4409
4410
4407
4408
4412
4411
4407
4411
4411
4414
4413
4412
4413
4421
4419
4421
4422
4424
4421
4424
4429
4431
4431
4433
4434
4434
4435
4436
4436
4438
4438
4441
4442
4441
4445
4445
4445
4449
4447
4449
4452
4451
4452
4451
4453
4457
4459
4460
4454
4456
4464
4462
4460
4462
4465
4471
4473
4474
4478
4475
4476
4481
4486
4488
4492
4495
4496
4499
4502
4503
4507
4512
4514
4520
4526
4528
4533
4536
4538
4542
4546
4548
4553
4557
4559
4559
4565
4570
4574
4574
4577
4585
4593
4596
4600
4608
4612
4614
4617
4621
4628
4636
4638
4639
4644
4654
4659
4662
4662
4669
4679
4683
4689
4694
4700
4707
4711
4721
4726
4733
4743
4749
4757
4764
4770
4776
4780
4787
4800
4804
4815
4819
4827
4839
4846
4852
4855
4860
4863
4868
4879
4888
4895
4903
4912
4919
4928
4934
4939
4945
4952
4961
4968
4977
4983
4990
5000
5009
5013
5023
5036
5045
5054
5060
5069
5086
5097
5107
5116
5130
5140
5152
5166
5176
5188
5198
5212
5222
5233
5243
5258
5275
5284
5300
5312
5322
5334
5344
5359
5370
5376
5392
5404
5420
5434
5446
5457
5463
5484
5496
5512
5528
5536
5549
5567
5577
5587
5599
5608
5618
5631
5638
5650
5672
5685
5698
5714
5729
5739
5757
5780
5795
5812
5828
5846
5863
5880
5894
5913
5934
5956
5972
5992
6008
6023
6042
6068
6084
6103
6125
6139
6159
6176
6196
6214
6234
6253
6269
6285
6303
6326
6344
6357
6381
6398
6414
6433
6443
6464
6486
6502
6519
6535
6552
6565
6583
6596
6611
6627
6636
6652
6673
6682
6699
6709
6725
6738
6752
6775
6787
6800
6815
6833
6848
6863
6877
6892
6906
6923
6934
6948
6966
6975
6994
7007
7021
7032
7047
7066
7082
7095
7113
7127
7139
7160
7183
7198
7213
7231
7250
7268
7287
7304
7326
7345
7359
7380
7404
7421
7442
7458
7473
7488
7506
7527
7542
7559
7574
7588
7602
7615
7628
7642
7665
7680
7696
7715
7728
7747
7765
7787
7805
7820
7840
7858
7875
7894
7910
7929
7945
7963
7975
7989
8005
8018
8027
8042
8050
8061
8072
8082
8087
8098
8114
8118
8130
8136
8147
8155
8164
8182
8189
8204
8213
8227
8239
8250
8257
8269
8286
8292
8305
8316
8328
8333
8345
8361
8372
8375
8389
8408
8418
8432
8446
8459
8470
8488
8513
8524
8546
8561
8580
8595
8614
8630
8648
8662
8679
8693
8709
8726
8738
8754
8765
8782
8794
8804
8811
8830
8838
8846
8854
8859
8864
8870
8884
8890
8890
8901
8903
8915
8917
8923
8928
8928
8933
8941
8942
8945
8948
8952
8953
8954
8955
8953
8948
8942
8937
8936
8936
8930
8937
8947
8955
8956
8956
8956
8953
8958
8965
8969
8976
8979
8987
8998
9007
9012
9023
9028
9037
9044
9047
9056
9067
9073
9080
9090
9099
9113
9119
9124
9134
9146
9154
9164
9165
9178
9192
9203
9213
9221
9227
9234
9243
9248
9257
9256
9266
9278
9288
9295
9302
9309
9315
9322
9326
9332
9340
9340
9347
9355
9357
9357
9358
9361
9362
9362
9361
9363
9373
9376
9379
9382
9386
9398
9400
9411
9416
9426
9432
9439
9448
9457
9466
9474
9475
9485
9493
9505
9508
9509
9511
9513
9513
9509
9503
9496
9502
9500
9501
9500
9503
9502
9502
9506
9504
9502
9503
9507
9506
9503
9500
9499
9491
9491
9492
9488
9484
9483
9481
9475
9480
9492
9495
9496
9498
9508
9521
9524
9531
9535
9542
9548
9554
9558
9566
9569
9573
9576
9581
9587
9592
9596
9596
9601
9592
9594
9596
9593
9587
9578
9574
9572
9562
9550
9549
9541
9544
9538
9535
9530
9530
9524
9524
9521
9520
9509
9512
9515
9511
9511
9512
9513
9515
9517
9519
9525
9526
9534
9537
9543
9549
9557
9561
9567
9574
9580
9589
9592
9596
9597
9605
9600
9597
9595
9591
9583
9582
9583
9580
9578
9577
9575
9573
9573
9565
9568
9574
9574
9576
9572
9574
9580
9575
9573
9568
9563
9561
9557
9561
9559
9551
9553
9561
9553
9553
9550
9550
9555
9550
9553
9553
9557
9560
9562
9566
9568
9567
9566
9559
9560
9558
9560
9556
9545
9543
9541
9535
9524
9515
9509
9501
9491
9484
9475
9462
9456
9441
9436
9427
9423
9415
9409
9408
9408
9416
9417
9413
9419
9425
9424
9424
9421
9422
9426
9424
9424
9421
9427
9425
9431
9430
9436
9441
9446
9442
9444
9443
9451
9449
9446
9440
9429
9430
9427
9431
9426
9420
9417
9411
9401
9392
9384
9372
9367
9358
9351
9344
9337
9328
9318
9307
9301
9304
9296
9291
9288
9281
9273
9267
9268
9260
9258
9254
9252
9244
9243
9244
9242
9231
9231
9229
9224
9220
9221
9217
9216
9215
9216
9218
9219
9222
9219
9221
9219
9216
9212
9211
9205
9203
9189
9191
9189
9183
9177
9173
9168
9169
9168
9161
9157
9156
9151
9146
9140
9133
9137
9129
9117
9114
9111
9110
9106
9101
9100
9093
9093
9089
9088
9083
9082
9079
9076
9071
9068
9062
9056
9048
9043
9038
9031
9016
9016
9010
9009
9007
9001
8995
8995
8991
8989
8986
8984
8978
8972
8976
8967
8962
8958
8958
8955
8957
8951
8949
8956
8950
8947
8944
8938
8944
8940
8930
8929
8932
8930
8929
8925
8924
8920
8914
8909
8903
8900
8893
8892
8887
8878
8873
8865
8859
8849
8838
8830
8818
8801
8792
8786
8774
8766
8754
8748
8750
8741
8734
8727
8723
8719
8714
8709
8704
8701
8700
8693
8688
8685
8687
8682
8681
8676
8670
8666
8662
8662
8659
8649
8643
8644
8633
8627
8618
8614
8604
8601
8587
8580
8576
8572
8565
8555
8543
8528
8520
8508
8497
8483
8467
8452
8445
8432
8421
8411
8401
8389
8382
8372
8365
8358
8348
8343
8334
8325
8321
8316
8308
8305
8303
8298
8296
8284
8283
8284
8277
8263
8259
8251
8248
8239
8227
8225
8226
8222
8221
8215
8219
8225
8222
8223
8218
8217
8212
8210
8204
8198
8190
8183
8173
8163
8154
8141
8131
8131
8122
8109
8106
8103
8104
8099
8097
8090
8087
8084
8080
8075
8069
8059
8055
8059
8052
8052
8049
8048
8048
8045
8045
8040
8039
8036
8033
8031
8027
8027
8022
8013
8015
8016
8018
8014
8011
8010
8001
8005
8011
8006
8004
8004
7999
7997
7989
7990
7985
7978
7977
7973
7963
7964
7964
7959
7950
7943
7942
7940
7937
7926
7923
7929
7920
7915
7910
7905
7894
7889
7891
7881
7874
7869
7866
7861
7857
7851
7845
7842
7836
7833
7827
7826
7818
7815
7809
7804
7798
7796
7789
7782
7778
7779
7769
7763
7755
7747
7738
7731
7722
7711
7703
7691
7681
7680
7667
7652
7644
7647
7638
7629
7620
7615
7600
7602
7600
7600
7594
7593
7590
7586
7583
7588
7580
7579
7574
7572
7565
7558
7544
7538
7537
7529
7519
7515
7510
7503
7498
7490
7489
7483
7478
7473
7477
7472
7471
7467
7467
7463
7460
7455
7450
7448
7444
7443
7440
7437
7434
7428
7417
7415
7416
7410
7403
7400
7397
7392
7389
7381
7378
7367
7362
7359
7356
7349
7343
7337
7322
7317
7312
7307
7296
7283
7276
7274
7264
7256
7247
7244
7245
7240
7236
7231
7227
7225
7222
7219
7217
7213
7215
7208
7204
7202
7195
7185
7189
7180
7175
7168
7162
7150
7144
7142
7135
7120
7116
7113
7105
7099
7090
7080
7075
7070
7061
7051
7045
7033
7028
7029
7020
7018
7012
7008
7000
6996
6995
6992
6989
6984
6981
6977
6976
6971
6971
6967
6967
6965
6964
6962
6953
6952
6953
6950
6941
6940
6934
6933
6930
6927
6921
6912
6909
6910
6906
6900
6891
6888
6889
6884
6879
6872
6868
6864
6859
6854
6850
6852
6848
6847
6846
6845
6842
6837
6833
6827
6817
6813
6802
6796
6786
6775
6770
6774
6765
6765
6761
6761
6752
6747
6739
6734
6727
6718
6713
6707
6702
6697
6692
6689
6682
6680
6671
6668
6672
6667
6658
6658
6653
6655
6650
6644
6640
6648
6641
6640
6636
6638
6635
6634
6625
6624
6623
6625
6619
6612
6606
6611
6602
6592
6586
6581
6572
6564
6557
6552
6546
6542
6536
6533
6529
6529
6522
6518
6515
6518
6516
6514
6508
6508
6510
6510
6505
6504
6497
6497
6496
6492
6490
6479
6478
6476
6478
6473
6469
6466
6463
6459
6457
6452
6449
6443
6441
6429
6427
6427
6424
6416
6414
6406
6397
6395
6398
6393
6389
6383
6379
6377
6372
6370
6363
6363
6356
6355
6343
6345
6347
6341
6334
6334
6335
6335
6335
6331
6331
6328
6328
6327
6325
6323
6314
6314
6321
6316
6317
6314
6312
6311
6309
6304
6303
6311
6305
6302
6301
6297
6296
6292
6294
6289
6289
6287
6285
6283
6281
6278
6274
6273
6274
6271
6267
6262
6269
6264
6258
6258
6253
6260
6257
6252
6253
6257
6256
6252
6249
6246
6235
6233
6231
6224
6215
6205
6201
6197
6194
6185
6178
6172
6166
6158
6151
6146
6139
6133
6126
6119
6115
6106
6102
6090
6085
6087
6084
6079
6075
6072
6068
6061
6056
6051
6042
6040
6033
6024
6022
6020
6019
6007
6005
6006
6007
6005
5998
5992
5998
5994
5995
5991
5989
5991
5988
5990
5986
5982
5984
5983
5980
5981
5973
5974
5979
5975
5976
5971
5973
5967
5966
5972
5969
5968
5967
5964
5962
5960
5958
5952
5942
5942
5938
5942
5938
5935
5932
5926
5922
5917
5913
5912
5908
5905
5900
5895
5891
5886
5884
5881
5880
5874
5872
5878
5875
5871
5866
5867
5870
5868
5861
5863
5861
5862
5860
5854
5854
5847
5846
5853
5852
5855
5848
5850
5852
5847
5847
5841
5840
5832
5830
5822
5818
5811
5808
5800
5796
5791
5783
5780
5772
5769
5760
5759
5759
5758
5755
5745
5743
5744
5739
5736
5728
5726
5717
5714
5718
5714
5711
5708
5703
5703
5699
5701
5697
5696
5695
5692
5695
5693
5689
5690
5695
5694
5694
5689
5686
5690
5688
5686
5687
5685
5681
5684
5685
5684
5684
5682
5678
5680
5675
5675
5675
5674
5672
5668
5668
5662
5663
5657
5654
5652
5658
5654
5654
5656
5653
5653
5648
5641
5642
5644
5644
5639
5635
5631
5635
5632
5627
5626
5624
5613
5610
5613
5604
5603
5600
5596
5595
5591
5589
5586
5583
5583
5579
5579
5578
5571
5569
5574
5571
5567
5567
5564
5562
5561
5553
5555
5557
5556
5555
5554
5554
5547
5551
5555
5553
5554
5549
5549
5551
5546
5542
5542
5548
5545
5542
5542
5539
5538
5536
5533
5532
5530
5523
5523
5527
5520
5517
5517
5515
5514
5512
5513
5509
5508
5507
5504
5504
5503
5499
5499
5493
5491
5496
5490
5489
5487
5486
5484
5482
5478
5476
5481
5480
5481
5475
5475
5481
5478
5473
5473
5470
5474
5469
5467
5466
5462
5460
5458
5458
5454
5452
5452
5448
5448
5440
5439
5438
5439
5438
5430
5430
5434
5431
5431
5428
5430
5429
5429
5421
5421
5422
5421
5420
5418
5417
5410
5407
5408
5406
5405
5400
5398
5394
5392
5388
5385
5386
5383
5381
5380
5374
5374
5372
5372
5364
5361
5367
5362
5356
5355
5358
5359
5355
5350
5350
5345
5342
5335
5333
5334
5335
5334
5329
5331
5333
5330
5333
5329
5330
5328
5327
5326
5326
5322
5322
5319
5323
5322
5319
5316
5310
5309
5307
5312
5308
5309
5307
5308
5307
5307
5308
5306
5305
5302
5300
5297
5296
5295
5292
5287
5282
5286
5283
5272
5274
5272
5276
5277
5272
5269
5275
5270
5269
5269
5264
5259
5259
5262
5257
5256
5253
5249
5248
5245
5244
5244
5240
5240
5238
5235
5235
5231
5231
5230
5229
5228
5228
5225
5222
5222
5226
5225
5220
5218
5219
5221
5221
5220
5218
5217
5217
5215
5215
5213
5209
5211
5215
5217
5214
5208
5209
5210
5207
5200
5197
5197
5197
5194
5193
5191
5189
5189
5186
5185
5186
5180
5182
5176
5173
5178
5173
5170
5171
5166
5168
5164
5162
5161
5157
5156
5156
5157
5156
5153
5153
5152
5151
5151
5147
5145
5152
5150
5148
5150
5148
5146
5149
5146
5146
5141
5141
5144
5142
5144
5144
5144
5143
5144
5139
5138
5139
5146
5144
5144
5145
5137
5138
5139
5143
5140
5138
5138
5136
5134
5133
5132
5129
5134
5131
5124
5130
5132
5128
5128
5125
5125
5123
5120
5121
5122
5122
5123
5123
5122
5123
5123
5121
5117
5116
5115
5118
5116
5115
5110
5110
5109
5109
5105
5103
5102
5100
5095
5095
5096
5098
5097
5091
5090
5094
5090
5088
5086
5085
5081
5079
5076
5073
5072
5070
5065
5061
5062
5064
5061
5061
5060
5058
5054
5055
5057
5055
5056
5053
5049
5046
5045
5048
5047
5039
5038
5043
5040
5038
5038
5035
5032
5032
5026
5027
5028
5029
5026
5025
5026
5025
5021
5021
5022
5019
5019
5016
5015
5015
5015
5013
5014
5012
5008
5017
5016
5010
5013
5011
5013
5013
5012
5012
5012
5009
5009
5010
5006
5007
5007
5004
5006
5004
5002
5003
4996
4997
5000
4997
4995
4991
4991
4985
4983
4986
4984
4977
4974
4978
4974
4976
4973
4971
4968
4966
4970
4968
4967
4967
4964
4964
4964
4962
4964
4961
4960
4962
4958
4959
4959
4956
4958
4958
4956
4952
4952
4956
4957
4950
4949
4950
4953
4952
4953
4952
4945
4947
4948
4950
4950
4949
4950
4947
4947
4948
4951
4950
4947
4951
4950
4949
4945
4946
4948
4953
4952
4953
4952
4951
4953
4948
4948
4945
4942
4944
4945
4944
4945
4946
4945
4947
4948
4945
4946
4946
4940
4940
4934
4930
4931
4927
4919
4919
4918
4920
4917
4911
4908
4914
4914
4908
4908
4907
4906
4908
4903
4905
4913
4912
4910
4913
4912
4912
4911
4905
4906
4903
4906
4907
4898
4898
4905
4903
4900
4898
4896
4894
4891
4890
4888
4886
4883
4879
4872
4870
4873
4870
4870
4868
4869
4866
4865
4866
4865
4863
4862
4859
4858
4858
4864
4863
4857
4862
4869
4867
4867
4865
4866
4864
4862
4862
4861
4859
4856
4854
4850
4847
4851
4850
4848
4848
4850
4846
4848
4852
4852
4848
4848
4847
4844
4843
4842
4840
4837
4837
4835
4841
4838
4838
4839
4832
4832
4839
4838
4840
4841
4840
4841
4840
4834
4836
4838
4839
4839
4838
4836
4836
4838
4834
4836
4835
4828
4829
4832
4828
4829
4825
4824
4818
4818
4822
4820
4817
4817
4814
4815
4813
4809
4813
4809
4811
4810
4810
4809
4803
4807
4812
4809
4809
4808
4811
4811
4807
4807
4806
4812
4810
4808
4811
4809
4806
4807
4811
4811
4809
4808
4809
4804
4803
4808
4806
4808
4808
4807
4805
4804
4802
4802
4804
4806
4803
4799
4800
4806
4805
4804
4803
4803
4797
4798
4803
4800
4794
4795
4795
4798
4797
4792
4793
4793
4790
4788
4787
4785
4789
4787
4785
4785
4785
4784
4785
4783
4781
4779
4781
4778
4779
4777
4776
4778
4776
4774
4780
4779
4772
4774
4774
4774
4773
4767
4765
4770
4768
4764
4766
4760
4761
4763
4758
4760
4758
4756
4758
4764
4765
4765
4768
4767
4766
4767
4761
4761
4764
4760
4762
4758
4758
4755
4752
4748
4749
4750
4750
4749
4747
4748
4745
4749
4747
4747
4748
4746
4748
4748
4746
4743
4747
4753
4755
4755
4752
4750
4753
4752
4744
4742
4742
4739
4738
4736
4734
4734
4732
4731
4732
4730
4728
4729
4730
4731
4729
4728
4728
4727
4727
4723
4722
4728
4726
4726
4726
4722
4724
4724
4721
4721
4718
4719
4717
4716
4715
4708
4710
4715
4711
4712
4707
4706
4712
4709
4706
4707
4707
4708
4706
4704
4705
4707
4707
4706
4711
4710
4705
4707
4711
4710
4709
4709
4709
4706
4707
4706
4704
4705
4702
4702
4701
4700
4701
4700
4697
4697
4703
4703
4701
4698
4700
4703
4702
4697
4698
4699
4703
4702
4701
4699
4699
4700
4698
4697
4694
4694
4694
4693
4696
4697
4701
4701
4705
4706
4705
4706
4698
4702
4697
4701
4699
4697
4699
4690
4692
4696
4693
4695
4692
4694
4702
4699
4700
4699
4698
4697
4693
4692
4690
4686
4685
4682
4679
4678
4673
4672
4676
4675
4673
4671
4672
4671
4672
4666
4668
4674
4672
4669
4662
4664
4668
4666
4663
4663
4664
4667
4665
4665
4662
4666
4665
4662
4663
4661
4667
4663
4661
4660
4658
4657
4653
4653
4648
4648
4647
4644
4645
4644
4642
4642
4640
4641
4645
4647
4643
4643
4643
4644
4644
4644
4644
4644
4643
4645
4638
4642
4645
4644
4645
4642
4642
4639
4641
4636
4636
4634
4633
4631
4628
4627
4631
4628
4630
4629
4628
4630
4628
4626
4627
4629
4629
4621
4624
4624
4625
4627
4624
4627
4622
4625
4624
4623
4626
4619
4621
4626
4623
4625
4622
4625
4620
4622
4628
4626
4627
4626
4626
4628
4626
4628
4627
4626
4627
4625
4627
4624
4625
4624
4623
4622
4616
4618
4616
4621
4620
4614
4613
4617
4615
4614
4615
4614
4611
4610
4617
4615
4615
4613
4613
4609
4609
4614
4614
4612
4614
4611
4613
4612
4612
4613
4607
4610
4608
4614
4611
4612
4610
4606
4606
4609
4610
4608
4609
4609
4608
4606
4605
4607
4605
4605
4604
4605
4606
4598
4601
4601
4606
4606
4604
4605
4601
4601
4607
4606
4605
4606
4605
4605
4605
4604
4606
4604
4601
4600
4602
4601
4595
4596
4598
4597
4599
4593
4593
4600
4598
4597
4598
4594
4595
4593
4593
4593
4588
4591
4589
4597
4594
4596
4595
4597
4598
4596
4598
4596
4597
4597
4590
4592
4597
4597
4598
4599
4601
4600
4600
4601
4597
4598
4593
4591
4594
4590
4585
4586
4584
4587
4585
4586
4586
4587
4588
4584
4584
4583
4588
4588
4585
4584
4584
4581
4582
4581
4579
4581
4580
4581
4579
4581
4578
4581
4575
4578
4581
4581
4578
4577
4578
4582
4583
4580
4579
4579
4578
4577
4577
4577
4571
4574
4579
4576
4577
4570
4567
4573
4570
4566
4567
4563
4562
4563
4557
4557
4561
4559
4557
4557
4554
4554
4553
4547
4546
4554
4549
4550
4549
4547
4542
4546
4550
4546
4548
4546
4546
4547
4547
4545
4544
4547
4548
4550
4551
4551
4547
4549
4555
4554
4551
4554
4553
4553
4551
4553
4550
4549
4552
4550
4548
4550
4551
4550
4550
4552
4551
4546
4549
4555
4553
4547
4550
4553
4556
4554
4553
4556
4561
4562
4562
4563
4564
4563
4560
4556
4556
4558
4555
4555
4548
4546
4552
4550
4547
4549
4548
4542
4542
4547
4546
4545
4546
4545
4545
4544
4542
4542
4543
4543
4546
4549
4551
4553
4554
4549
4550
4557
4554
4553
4552
4551
4549
4546
4544
4544
4546
4547
4546
4540
4540
4544
4543
4534
4533
4534
4535
4534
4532
4530
4530
4532
4528
4529
4532
4531
4530
4530
4529
4531
4531
4532
4528
4528
4531
4532
4531
4531
4529
4530
4526
4527
4530
4530
4532
4533
4531
4531
4533
4534
4527
4529
4530
4529
4532
4530
4530
4528
4526
4522
4522
4524
4524
4524
4522
4520
4522
4520
4520
4518
4516
4515
4515
4513
4510
4511
4510
4510
4507
4506
4511
4509
4508
4508
4508
4505
4505
4512
4510
4505
4506
4505
4511
4507
4504
4503
4510
4508
4508
4509
4514
4513
4515
4513
4513
4520
4517
4517
4517
4513
4515
4514
4517
4516
4515
4515
4512
4512
4511
4507
4507
4505
4503
4504
4498
4500
4502
4502
4502
4499
4502
4498
4500
4504
4499
4495
4494
4494
4498
4495
4495
4496
4494
4496
4495
4495
4497
4497
4495
4497
4497
4490
4493
4491
4495
4496
4494
4494
4488
4491
4492
4495
4495
4490
4491
4497
4492
4494
4494
4494
4495
4493
4494
4492
4491
4496
4495
4498
4498
4497
4496
4498
4493
4497
4496
4497
4494
4497
4493
4495
4494
4492
4490
4493
4491
4493
4492
4494
4493
4493
4495
4493
4494
4495
4490
4495
4497
4503
4507
4505
4508
4519
4521
4525
4531
4538
4550
4557
4558
4568
4584
4591
4599
4607
4618
4621
4631
4646
4653
4659
4665
4676
4686
4695
4702
4710
4718
4723
4728
4741
4748
4753
4760
4763
4768
4772
4782
4784
4786
4790
4793
4794
4796
