2822
2822
2821
2821
2820
2820
2820
2813
2813
2814
2815
2813
2808
2808
2810
2807
2804
2804
2801
2799
2796
2790
2789
2793
2791
2787
2783
2781
2779
2776
2774
2772
2769
2766
2764
2762
2760
2759
2755
2753
2750
2749
2747
2745
2743
2741
2735
2735
2733
2736
2733
2727
2727
2730
2727
2724
2723
2723
2720
2719
2713
2712
2716
2715
2715
2715
2714
2713
2711
2711
2709
2709
2708
2708
2703
2702
2706
2704
2703
2701
2702
2696
2695
2699
2698
2696
2695
2694
2688
2689
2690
2689
2688
2687
2687
2684
2683
2682
2682
2678
2679
2680
2683
2682
2677
2676
2682
2681
2679
2678
2679
2678
2677
2677
2676
2674
2675
2672
2672
2673
2672
2670
2669
2668
2667
2664
2663
2668
2667
2666
2665
2664
2663
2664
2659
2658
2664
2661
2660
2661
2660
2656
2657
2661
2661
2661
2660
2659
2658
2659
2659
2660
2660
2659
2656
2654
2656
2659
2658
2653
2653
2656
2655
2654
2650
2650
2653
2650
2649
2648
2648
2648
2647
2648
2648
2648
2650
2649
2650
2650
2646
2648
2652
2651
2652
2651
2652
2649
2650
2655
2653
2653
2652
2652
2651
2650
2650
2650
2649
2650
2649
2649
2649
2644
2645
2649
2648
2643
2643
2643
2647
2645
2644
2644
2641
2641
2640
2639
2639
2635
2635
2640
2638
2638
2638
2636
2632
2634
2638
2636
2637
2638
2638
2636
2636
2641
2641
2640
2639
2638
2635
2636
2639
2638
2637
2637
2636
2636
2635
2635
2634
2634
2633
2629
2629
2631
2636
2636
2637
2637
2633
2635
2638
2641
2640
2639
2640
2640
2640
2640
2639
2638
2637
2637
2636
2634
2634
2634
2633
2633
2632
2627
2628
2632
2632
2630
2628
2628
2635
2635
2632
2634
2640
2641
2639
2641
2642
2643
2643
2640
2643
2644
2648
2648
2642
2643
2648
2645
2645
2643
2641
2641
2640
2639
2639
2639
2639
2639
2639
2640
2639
2639
2635
2636
2638
2641
2641
2638
2639
2644
2644
2645
2644
2644
2644
2645
2645
2645
2643
2643
2643
2647
2648
2649
2649
2645
2645
2645
2650
2650
2649
2648
2648
2648
2648
2647
2648
2649
2648
2648
2649
2645
2646
2647
2650
2649
2649
2648
2644
2647
2649
2652
2651
2647
2649
2654
2654
2654
2651
2652
2656
2657
2657
2657
2654
2655
2656
2661
2661
2661
2662
2663
2664
2665
2665
2666
2667
2667
2669
2672
2674
2675
2677
2678
2679
2679
2681
2678
2678
2680
2683
2682
2677
2678
2684
2683
2683
2684
2685
2682
2684
2689
2688
2689
2689
2690
2691
2692
2687
2688
2694
2695
2697
2697
2698
2699
2701
2703
2704
2705
2706
2707
2710
2712
2713
2715
2716
2717
2721
2717
2719
2724
2727
2727
2729
2731
2732
2736
2734
2737
2744
2744
2747
2744
2748
2755
2757
2755
2759
2764
2769
2772
2775
2779
2781
2783
2787
2790
2792
2794
2795
2791
2794
2801
2800
2802
2799
2804
2811
2812
2813
2815
2816
2818
2822
2824
2828
2828
2832
2839
2842
2844
2846
2849
2851
2855
2858
2860
2862
2865
2869
2873
2875
2874
2878
2884
2890
2893
2896
2899
2903
2907
2912
2916
2917
2921
2925
2930
2934
2933
2938
2943
2950
2954
2957
2961
2965
2969
2972
2974
2979
2988
2994
2998
3001
3001
3006
3012
3020
3024
3024
3028
3036
3039
3041
3045
3047
3051
3054
3057
3061
3065
3068
3072
3076
3080
3080
3085
3094
3097
3101
3103
3104
3109
3113
3116
3121
3126
3126
3132
3143
3148
3147
3156
3162
3170
3175
3181
3186
3190
3194
3198
3202
3206
3210
3213
3214
3218
3228
3230
3235
3239
3243
3248
3253
3258
3264
3269
3272
3279
3289
3294
3299
3303
3307
3314
3321
3323
3331
3341
3346
3346
3353
3361
3370
3375
3383
3386
3392
3399
3404
3406
3413
3425
3430
3437
3443
3448
3454
3461
3466
3471
3477
3482
3487
3493
3500
3500
3506
3516
3521
3525
3529
3537
3543
3549
3550
3555
3566
3570
3574
3579
3582
3582
3587
3598
3603
3609
3613
3617
3623
3629
3635
3641
3641
3650
3659
3670
3672
3674
3681
3691
3697
3703
3709
3713
3719
3724
3728
3734
3738
3741
3749
3753
3760
3764
3770
3770
3778
3784
3794
3800
3807
3811
3819
3821
3827
3833
3838
3840
3846
3856
3860
3860
3866
3872
3883
3889
3893
3899
3904
3910
3917
3921
3925
3931
3937
3941
3946
3947
3952
3955
3967
3972
3978
3983
3979
3988
3994
4002
4007
4011
4015
4012
4020
4029
4035
4040
4043
4048
4052
4057
4063
4067
4070
4073
4078
4088
4093
4091
4096
4101
4112
4115
4116
4119
4122
4122
4125
4125
4126
4126
4131
4132
4135
4134
4137
4143
4153
4157
4161
4162
4166
4172
4175
4180
4183
4185
4192
4190
4199
4203
4213
4217
4220
4226
4229
4234
4234
4236
4245
4254
4258
4255
4263
4271
4275
4279
4276
4283
4293
4293
4299
4301
4305
4311
4313
4312
4318
4326
4329
4332
4335
4338
4339
4344
4345
4347
4350
4350
4352
4356
4358
4353
4356
4362
4362
4362
4364
4366
4364
4366
4367
4366
4367
4365
4365
4366
4365
4361
4359
4372
4371
4373
4374
4378
4372
4378
4387
4389
4391
4395
4395
4400
4401
4400
4402
4412
4411
4414
4413
4415
4413
4413
4421
4420
4420
4418
4420
4417
4421
4419
4421
4422
4423
4423
4420
4422
4431
4431
4434
4435
4435
4440
4441
4439
4440
4452
4451
4454
4450
4455
4460
4463
4462
4464
4464
4461
4463
4472
4471
4468
4467
4477
4476
4476
4475
4477
4477
4478
4480
4481
4482
4482
4484
4484
4486
4486
4486
4487
4487
4488
4491
4490
4484
4485
4492
4494
4496
4490
4492
4497
4499
4500
4501
4502
4503
4506
4501
4504
4511
4511
4511
4512
4510
4512
4511
4507
4505
4511
4510
4511
4505
4506
4511
4510
4509
4509
4509
4509
4506
4508
4509
4511
4511
4511
4506
4510
4512
4515
4514
4516
4515
4515
4515
4509
4513
4516
4517
4513
4515
4513
4514
4512
4512
4514
4512
4513
4511
4512
4510
4513
4511
4513
4511
4506
4505
4505
4507
4506
4503
4504
4502
4505
4500
4495
4495
4500
4497
4491
4491
4491
4495
4493
4488
4489
4495
4493
4489
4489
4492
4495
4496
4489
4494
4499
4498
4498
4498
4494
4494
4488
4489
4486
4487
4484
4482
4482
4482
4480
4479
4481
4477
4479
4471
4470
4476
4470
4469
4465
4463
4456
4456
4459
4458
4454
4453
4452
4452
4449
4446
4446
4454
4449
4449
4448
4449
4449
4450
4446
4447
4451
4452
4450
4450
4451
4451
4449
4452
4450
4452
4450
4450
4449
4446
4441
4443
4444
4445
4441
4436
4433
4440
4436
4435
4433
4434
4431
4430
4427
4428
4419
4421
4419
4425
4420
4414
4415
4420
4416
4414
4413
4410
4408
4406
4403
4403
4401
4399
4396
4395
4393
4393
4393
4386
4386
4389
4388
4387
4380
4379
4386
4383
4382
4381
4381
4375
4376
4379
4378
4376
4373
4373
4369
4370
4366
4365
4362
4363
4358
4358
4353
4353
4352
4345
4346
4350
4348
4345
4344
4340
4338
4338
4328
4329
4325
4329
4325
4321
4319
4309
4309
4307
4308
4304
4297
4293
4298
4292
4290
4286
4281
4275
4275
4277
4272
4269
4269
4263
4260
4256
4256
4250
4251
4247
4244
4247
4243
4240
4240
4237
4238
4232
4230
4232
4232
4234
4232
4229
4225
4226
4225
4230
4227
4218
4218
4221
4217
4217
4213
4210
4205
4200
4207
4200
4199
4195
4191
4189
4185
4182
4180
4177
4175
4172
4169
4167
4163
4161
4159
4157
4156
4154
4153
4145
4144
4149
4143
4137
4133
4133
4135
4133
4128
4126
4118
4119
4118
4121
4117
4112
4111
4116
4113
4110
4109
4107
4107
4104
4103
4103
4099
4100
4096
4097
4095
4094
4093
4089
4090
4088
4087
4085
4077
4075
4080
4077
4071
4067
4063
4066
4062
4059
4057
4052
4051
4047
4040
4038
4042
4040
4031
4031
4031
4029
4028
4024
4024
4018
4017
4016
4012
4011
4006
4006
4000
4000
4001
3999
3999
3996
3993
3986
3986
3989
3985
3983
3980
3978
3976
3973
3973
3968
3968
3965
3963
3962
3960
3958
3958
3954
3954
3951
3946
3946
3947
3947
3945
3942
3942
3935
3933
3939
3936
3929
3930
3929
3930
3928
3927
3926
3924
3923
3916
3915
3915
3918
3917
3912
3913
3913
3911
3910
3908
3905
3904
3899
3899
3896
3890
3888
3885
3889
3885
3882
3880
3872
3869
3871
3872
3870
3866
3866
3863
3861
3861
3853
3852
3857
3853
3852
3850
3847
3844
3842
3845
3845
3841
3839
3838
3835
3834
3833
3829
3828
3827
3819
3819
3819
3820
3819
3819
3817
3815
3813
3811
3805
3805
3809
3805
3805
3802
3800
3797
3797
3794
3792
3792
3788
3787
3787
3785
3780
3777
3782
3781
3778
3777
3776
3773
3773
3767
3767
3772
3767
3759
3760
3757
3759
3758
3755
3752
3751
3748
3745
3743
3741
3732
3733
3736
3730
3726
3721
3718
3723
3718
3715
3712
3712
3709
3710
3703
3703
3705
3702
3701
3698
3698
3695
3693
3694
3692
3685
3687
3685
3689
3686
3680
3682
3684
3680
3677
3677
3672
3672
3669
3666
3665
3663
3660
3661
3659
3654
3655
3652
3650
3646
3646
3646
3643
3643
3642
3635
3635
3638
3636
3634
3628
3626
3630
3627
3625
3622
3621
3620
3616
3615
3615
3612
3610
3608
3605
3603
3608
3606
3599
3602
3605
3604
3603
3602
3599
3594
3592
3597
3594
3592
3589
3588
3585
3585
3578
3578
3579
3581
3579
3577
3574
3573
3570
3569
3566
3565
3563
3562
3561
3558
3551
3550
3549
3551
3548
3541
3538
3543
3540
3537
3535
3533
3531
3529
3523
3521
3525
3522
3519
3517
3517
3514
3513
3508
3508
3507
3509
3508
3506
3505
3504
3501
3500
3499
3498
3492
3491
3495
3492
3486
3486
3484
3488
3487
3486
3484
3485
3482
3481
3481
3478
3478
3479
3471
3473
3473
3475
3473
3469
3468
3468
3465
3464
3462
3461
3454
3456
3461
3460
3458
3458
3457
3452
3450
3455
3454
3452
3450
3446
3441
3440
3443
3440
3434
3431
3434
3432
3430
3429
3428
3425
3422
3420
3419
3417
3415
3412
3411
3408
3410
3408
3407
3405
3404
3399
3398
3402
3401
3397
3395
3394
3388
3388
3393
3391
3389
3387
3386
3385
3384
3381
3378
3377
3374
3372
3370
3367
3360
3360
3364
3360
3359
3357
3355
3353
3352
3346
3346
3349
3346
3345
3344
3343
3336
3338
3343
3340
3337
3337
3335
3334
3334
3332
3333
3330
3330
3329
3330
3329
3330
3329
3329
3328
3327
3321
3320
3326
3323
3317
3317
3319
3321
3320
3314
3314
3318
3314
3309
3306
3307
3310
3306
3301
3301
3305
3304
3302
3301
3302
3301
3300
3299
3297
3297
3295
3294
3293
3291
3291
3288
3287
3285
3284
3283
3282
3282
3280
3279
3278
3275
3274
3273
3266
3266
3270
3267
3263
3258
3256
3260
3258
3258
3256
3250
3248
3248
3250
3249
3248
3246
3240
3240
3240
3244
3242
3241
3239
3237
3236
3235
3234
3232
3232
3231
3230
3230
3231
3229
3227
3222
3222
3227
3225
3218
3219
3217
3220
3218
3218
3217
3218
3216
3216
3211
3210
3215
3213
3206
3206
3210
3208
3207
3206
3207
3205
3203
3202
3202
3200
3200
3200
3195
3196
3201
3200
3199
3199
3198
3197
3196
3195
3194
3192
3190
3190
3185
3185
3188
3186
3185
3183
3183
3178
3178
3182
3181
3173
3173
3175
3176
3175
3172
3172
3170
3169
3167
3167
3166
3165
3164
3161
3160
3161
3160
3159
3158
3157
3151
3151
3156
3155
3154
3150
3151
3156
3155
3155
3153
3152
3151
3150
3146
3145
3148
3146
3144
3142
3141
3141
3140
3138
3137
3130
3132
3133
3136
3135
3131
3131
3137
3135
3130
3132
3132
3136
3135
3133
3132
3131
3131
3131
3128
3126
3124
3122
3121
3119
3119
3118
3116
3115
3113
3108
3108
3113
3111
3110
3107
3108
3107
3104
3103
3102
3103
3103
3100
3099
3100
3094
3095
3095
3097
3097
3093
3092
3097
3094
3089
3090
3089
3092
3090
3089
3089
3086
3086
3083
3082
3082
3080
3081
3074
3074
3075
3078
3077
3075
3075
3073
3071
3071
3071
3069
3064
3067
3069
3067
3066
3065
3065
3064
3065
3064
3063
3064
3065
3066
3067
3066
3061
3062
3068
3068
3067
3066
3064
3063
3062
3062
3059
3053
3054
3053
3057
3054
3048
3048
3052
3050
3049
3048
3048
3047
3047
3046
3046
3045
3045
3045
3044
3043
3037
3037
3043
3042
3041
3034
3033
3038
3037
3036
3035
3032
3030
3030
3032
3030
3029
3026
3027
3026
3025
3021
3021
3024
3022
3021
3021
3023
3017
3018
3023
3023
3022
3022
3022
3020
3018
3018
3017
3016
3012
3011
3011
3011
3010
3011
3009
3007
3001
3003
3002
3006
3005
3000
2999
3004
3003
3002
3001
3002
2996
2996
3000
2999
2993
2994
2995
2999
2998
2992
2992
2998
2996
2995
2994
2994
2994
2993
2994
2993
2991
2993
2992
2990
2990
2990
2990
2990
2990
2989
2988
2988
2983
2984
2986
2984
2984
2984
2982
2976
2976
2980
2979
2977
2975
2975
2969
2970
2975
2973
2969
2970
2969
2971
2969
2970
2968
2967
2967
2967
2962
2963
2966
2964
2963
2962
2961
2959
2958
2958
2957
2956
2955
2949
2948
2949
2952
2952
2948
2948
2951
2949
2948
2947
2947
2945
2945
2945
2944
2942
2943
2942
2941
2940
2941
2941
2937
2937
2938
2942
2942
2940
2940
2940
2939
2938
2936
2937
2935
2935
2934
2934
2934
2935
2933
2933
2934
2934
2935
2929
2929
2929
2933
2933
2927
2926
2932
2931
2929
2924
2924
2930
2928
2926
2924
2924
2921
2920
2923
2924
2923
2921
2921
2920
2920
2918
2918
2918
2918
2917
2917
2916
2916
2914
2916
2916
2917
2919
2918
2916
2919
2923
2924
2920
2921
2926
2926
2926
2921
2921
2926
2925
2920
2920
2920
2923
2921
2918
2919
2918
2917
2916
2917
2915
2914
2912
2912
2909
2909
2907
2905
2904
2903
2899
2899
2898
2897
2897
2892
2892
2894
2893
2889
2890
2890
2892
2890
2890
2890
2889
2888
2887
2886
2886
2882
2881
2885
2885
2879
2878
2878
2882
2882
2880
2880
2879
2878
2878
2877
2876
2877
2877
2878
2875
2876
2877
2878
2877
2878
2872
2872
2877
2876
2875
2874
2873
2873
2874
2867
2868
2870
2872
2871
2866
2868
2873
2871
2868
2868
2867
2871
2869
2871
2870
2869
2869
2870
2870
2869
2868
2868
2866
2864
2863
2863
2861
2860
2862
2857
2857
2860
2859
2859
2855
2854
2859
2859
2858
2857
2856
2852
2852
2855
2856
2851
2851
2853
2857
2856
2854
2854
2853
2851
2852
2851
2850
2851
2848
2849
2850
2849
2848
2847
2846
2845
2847
2848
2841
2843
2846
2848
2847
2847
2847
2841
2843
2848
2846
2846
2847
2845
2841
2842
2846
2844
2845
2844
2843
2842
2842
2840
2840
2839
2838
2836
2835
2836
2831
2830
2834
2835
2833
2832
2832
2831
2830
2827
2828
2827
2833
2830
2829
2830
2826
2826
2829
2830
2829
2829
2828
2827
2827
2824
2822
2823
2828
2828
2824
2824
2829
2828
2826
2825
2825
2825
2824
2823
2824
2822
2822
2820
2821
2819
2819
2819
2819
2818
2818
2815
2816
2819
2818
2814
2815
2815
2818
2818
2817
2817
2816
2817
2816
2816
2815
2816
2816
2816
2816
2816
2817
2817
2815
2815
2820
2818
2818
2818
2818
2814
2815
2819
2821
2819
2818
2817
2819
2819
2814
2815
2820
2816
2815
2815
2816
2815
2815
2809
2811
2815
2814
2813
2810
2807
2811
2811
2808
2809
2808
2806
2806
2810
2809
2802
2804
2808
2806
2805
2805
2805
2805
2804
2801
2803
2804
2805
2806
2801
2800
2807
2805
2804
2804
2803
2804
2804
2804
2803
2802
2803
2802
2802
2802
2802
2801
2797
2798
2798
2800
2799
2795
2796
2802
2801
2800
2801
2799
2799
2799
2798
2799
2798
2796
2798
2797
2795
2797
2796
2791
2794
2794
2799
2799
2799
2798
2793
2796
2797
2798
2797
2797
2795
2791
2792
2796
2797
2795
2791
2793
2796
2795
2795
2794
2794
2793
2793
2792
2791
2790
2790
2787
2785
2784
2789
2788
2787
2785
2782
2781
2779
2783
2782
2781
2780
2774
2774
2775
2778
2776
2776
2775
2775
2776
2774
2773
2773
2773
2772
2768
2769
2772
2770
2769
2769
2768
2766
2767
2762
2764
2764
2767
2767
2765
2764
2764
2764
2762
2760
2759
2763
2762
2759
2760
2764
2764
2764
2760
2759
2763
2763
2763
2762
2764
2762
2763
2763
2762
2762
2762
2761
2763
2762
2761
2762
2761
2761
2759
2758
2761
2765
2766
2764
2764
2765
2764
2766
2761
2762
2767
2764
2764
2763
2763
2762
2761
2758
2758
2762
2762
2757
2758
2758
2762
2761
2760
2760
2760
2760
2761
2760
2762
2762
2763
2764
2764
2765
2765
2766
2766
2766
2768
2767
2768
2768
2768
2768
2769
2763
2766
2770
2768
2769
2763
2762
2768
2766
2761
2762
2763
2764
2764
2758
2758
2763
2764
2756
2756
2757
2760
2759
2755
2753
2757
2756
2755
2755
2754
2754
2755
2749
2750
2753
2756
2755
2754
2756
2750
2751
2755
2753
2754
2753
2753
2752
2752
2751
2752
2750
2750
2751
2750
2749
2750
2750
2748
2750
2749
2745
2745
2751
2749
2749
2751
2749
2751
2750
2750
2750
2745
2746
2745
2750
2748
2744
2744
2745
2744
2743
2746
2744
2744
2743
2741
2741
2740
2740
2739
2738
2739
2737
2737
2736
2735
2736
2736
2735
2735
2736
2738
2739
2738
2736
2738
2742
2741
2741
2740
2740
2738
2738
2734
2736
2734
2733
2730
2729
2728
2732
2731
2727
2727
2731
2730
2727
2725
2725
2728
2729
2728
2727
2728
2729
2728
2729
2728
2728
2727
2727
2727
2726
2726
2725
2720
2722
2727
2725
2724
2723
2724
2722
2723
2721
2722
2720
2720
2720
2714
2717
2720
2719
2714
2714
2715
2718
2718
2719
2718
2719
2719
2717
2715
2716
2720
2719
2719
2717
2717
2717
2718
2718
2717
2718
2717
2718
2717
2717
2714
2713
2718
2717
2715
2715
2715
2715
2715
2710
2710
2715
2712
2709
2710
2710
2716
2714
2710
2712
2717
2717
2718
2713
2715
2719
2718
2715
2716
2717
2721
2720
2720
2720
2719
2720
2720
2721
2722
2722
2722
2722
2721
2720
2721
2720
2719
2720
2714
2715
2717
2716
2715
2714
2713
2714
2713
2709
2709
2713
2714
2712
2708
2710
2713
2712
2712
2710
2711
2705
2706
2710
2708
2708
2708
2707
2706
2705
2705
2705
2704
2704
2704
2701
2702
2702
2702
2703
2701
2697
2696
2697
2701
2699
2700
2700
2699
2699
2699
2698
2697
2697
2698
2697
2698
2694
2695
2696
2701
2703
2703
2704
2704
2704
2705
2701
2701
2705
2705
2700
2701
2701
2707
2704
2704
2704
2704
2703
2699
2698
2699
2702
2702
2697
2697
2700
2699
2697
2693
2693
2697
2696
2695
2694
2694
2695
2693
2691
2691
2691
2690
2690
2688
2688
2689
2688
2688
2688
2686
2687
2686
2682
2683
2685
2685
2685
2685
2684
2682
2682
2687
2687
2686
2688
2688
2688
2689
2686
2687
2692
2690
2690
2688
2688
2689
2686
2682
2682
2687
2686
2685
2683
2684
2683
2684
2680
2681
2686
2685
2684
2679
2678
2681
2681
2680
2680
2679
2675
2675
2680
2679
2680
2679
2679
2680
2679
2680
2680
2678
2679
2679
2679
2679
2678
2678
2678
2677
2678
2676
2677
2676
2678
2678
2677
2673
2675
2677
2678
2678
2677
2677
2673
2673
2676
2677
2676
2676
2677
2671
2672
2678
2678
2678
2677
2677
2677
2676
2677
2675
2674
2674
2672
2669
2670
2673
2674
2669
2669
2670
2675
2673
2669
2670
2673
2674
2672
2672
2672
2669
2670
2669
2669
2667
2666
2666
2667
2666
2662
2662
2667
2666
2666
2662
2660
2665
2665
2665
2663
2664
2659
2660
2665
2664
2660
2660
2663
2667
2667
2668
2669
2668
2668
2670
2670
2671
2671
2671
2671
2671
2667
2668
2668
2671
2671
2672
2671
2668
2668
2669
2670
2671
2669
2669
2667
2667
2666
2666
2665
2661
2662
2665
2666
2665
2666
2667
2666
2667
2666
2668
2662
2664
2666
2668
2668
2667
2667
2668
2666
2667
2666
2667
2664
2665
2665
2666
2667
2668
2667
2665
2664
2666
2666
2661
2662
2663
2665
2664
2659
2659
2665
2664
2665
2663
2664
2663
2663
2662
2662
2662
2662
2661
2659
2660
2655
2658
2661
2658
2656
2654
2655
2658
2656
2656
2656
2656
2656
2657
2652
2653
2656
2657
2656
2656
2655
2655
2654
2653
2653
2653
2653
2653
2652
2653
2654
2654
2656
2655
2652
2653
2653
2657
2656
2655
2653
2653
2652
2652
2651
2651
2646
2647
2650
2649
2649
2647
2648
2644
2645
2648
2648
2642
2644
2642
2647
2647
2645
2645
2645
2645
2645
2640
2641
2645
2645
2644
2645
2643
2644
2644
2644
2644
2644
2645
2645
2646
2646
2643
2645
2649
2650
2645
2646
2649
2653
2654
2650
2651
2656
2655
2654
2653
2654
2651
2650
2644
2644
2647
2645
2646
2646
2647
2645
2645
2645
2645
2644
2645
2644
2643
2643
2643
2641
2640
2637
2638
2642
2642
2642
2642
2642
2641
2643
2644
2645
2645
2645
2639
2640
2641
2643
2644
2638
2639
2644
2642
2640
2640
2640
2635
2636
2640
2640
2635
2635
2636
2640
2640
2639
2640
2639
2642
2640
2640
2641
2642
2642
2641
2641
2639
2638
2637
2638
2637
2638
2639
2635
2636
2636
2641
2639
2640
2642
2643
2644
2644
2646
2646
2643
2644
2649
2648
2648
2644
2645
2648
2645
2644
2643
2642
2642
2641
2641
2642
2639
2641
2641
2640
2641
2638
2639
2644
2645
2647
2649
2651
2651
2654
2661
2664
2662
2667
2675
2680
2684
2684
2688
2698
2703
2706
2711
2715
2719
2725
2724
2729
2740
2743
2746
2748
2751
2761
2763
2767
2770
2774
2778
2783
2786
2788
2793
2794
2797
2801
2802
2804
2807
2805
2806
2813
