3579
3572
3574
3578
3577
3575
3572
3571
3569
3564
3558
3556
3558
3555
3552
3546
3542
3546
3540
3534
3528
3528
3527
3523
3518
3516
3513
3508
3503
3503
3499
3493
3491
3488
3486
3482
3479
3476
3473
3470
3466
3464
3463
3460
3458
3454
3453
3445
3446
3449
3443
3442
3439
3439
3438
3435
3428
3429
3429
3431
3425
3421
3420
3423
3423
3414
3414
3412
3415
3413
3410
3408
3408
3405
3405
3402
3402
3401
3398
3398
3396
3395
3396
3393
3389
3392
3394
3394
3395
3393
3394
3394
3391
3391
3391
3384
3385
3383
3388
3384
3384
3383
3375
3377
3376
3380
3379
3378
3380
3378
3377
3377
3375
3376
3374
3374
3374
3372
3368
3367
3369
3371
3369
3365
3364
3369
3366
3367
3365
3364
3361
3362
3362
3360
3358
3358
3360
3365
3364
3358
3358
3362
3361
3360
3356
3356
3359
3359
3356
3358
3356
3356
3353
3354
3353
3354
3350
3351
3349
3349
3347
3347
3347
3344
3346
3344
3344
3345
3344
3342
3341
3341
3340
3339
3340
3340
3333
3335
3342
3341
3337
3338
3340
3345
3344
3341
3340
3348
3345
3346
3341
3340
3345
3344
3342
3343
3346
3348
3347
3347
3346
3346
3346
3346
3346
3346
3344
3345
3344
3343
3343
3342
3342
3341
3341
3335
3336
3339
3339
3334
3334
3331
3337
3334
3335
3334
3330
3329
3329
3334
3331
3324
3327
3332
3330
3329
3330
3327
3328
3327
3327
3328
3327
3325
3325
3325
3325
3325
3324
3325
3324
3325
3325
3325
3322
3321
3328
3325
3326
3324
3325
3319
3321
3324
3325
3322
3320
3318
3324
3322
3322
3321
3322
3320
3321
3321
3322
3317
3320
3324
3325
3324
3324
3326
3325
3324
3326
3325
3326
3326
3325
3327
3327
3323
3324
3328
3329
3330
3329
3332
3332
3333
3335
3333
3334
3337
3336
3336
3338
3334
3336
3342
3345
3346
3343
3343
3351
3350
3348
3349
3350
3356
3355
3353
3353
3361
3359
3358
3360
3359
3360
3363
3362
3361
3361
3357
3358
3363
3362
3362
3362
3362
3361
3363
3362
3362
3364
3364
3365
3367
3366
3369
3368
3369
3372
3372
3376
3375
3375
3376
3381
3385
3385
3388
3392
3392
3396
3398
3399
3404
3406
3410
3412
3416
3415
3417
3422
3423
3422
3423
3426
3430
3431
3434
3434
3432
3434
3442
3443
3442
3448
3450
3449
3451
3460
3462
3467
3466
3468
3476
3481
3483
3488
3488
3491
3495
3503
3504
3506
3510
3514
3519
3521
3522
3526
3535
3539
3536
3543
3544
3554
3557
3559
3564
3565
3571
3573
3580
3581
3589
3591
3597
3600
3604
3610
3615
3619
3623
3629
3634
3640
3643
3650
3649
3657
3666
3672
3673
3680
3684
3690
3695
3698
3703
3716
3720
3725
3731
3735
3743
3750
3755
3762
3768
3775
3782
3785
3794
3801
3806
3809
3817
3827
3834
3841
3848
3853
3856
3864
3877
3882
3890
3893
3900
3913
3922
3929
3936
3945
3952
3964
3972
3980
3985
3996
4007
4018
4027
4032
4041
4055
4064
4072
4081
4087
4095
4105
4109
4117
4125
4132
4140
4145
4155
4161
4169
4171
4183
4192
4204
4215
4221
4232
4235
4246
4261
4271
4278
4290
4301
4315
4323
4330
4343
4356
4368
4382
4390
4401
4405
4418
4428
4440
4449
4457
4465
4471
4484
4490
4498
4505
4514
4521
4529
4538
4546
4553
4561
4570
4576
4586
4596
4600
4611
4622
4635
4645
4651
4659
4668
4676
4682
4690
4699
4709
4718
4722
4732
4747
4756
4766
4770
4784
4798
4808
4812
4825
4835
4844
4853
4857
4869
4874
4885
4890
4898
4904
4911
4919
4927
4932
4939
4947
4953
4964
4972
4978
4985
5004
5013
5022
5035
5047
5054
5067
5087
5094
5102
5113
5127
5141
5153
5161
5169
5176
5186
5193
5201
5206
5215
5221
5231
5238
5248
5254
5267
5282
5292
5303
5314
5323
5335
5344
5358
5364
5377
5385
5397
5406
5415
5427
5435
5439
5450
5462
5466
5474
5477
5489
5503
5513
5522
5530
5540
5548
5561
5577
5587
5600
5608
5618
5631
5640
5648
5659
5676
5686
5695
5706
5715
5728
5736
5748
5757
5768
5777
5784
5795
5803
5815
5823
5827
5834
5846
5851
5854
5856
5859
5871
5871
5870
5875
5883
5893
5899
5902
5911
5926
5936
5942
5952
5960
5969
5976
5985
5990
6000
6005
6011
6015
6020
6022
6027
6040
6043
6048
6053
6059
6065
6069
6068
6080
6087
6093
6095
6099
6103
6117
6118
6125
6130
6140
6145
6152
6159
6164
6173
6180
6186
6195
6202
6212
6214
6214
6217
6229
6229
6228
6223
6226
6231
6229
6221
6224
6220
6224
6216
6216
6212
6210
6209
6204
6198
6193
6197
6195
6192
6185
6185
6182
6176
6175
6173
6173
6170
6171
6172
6172
6174
6173
6175
6173
6175
6173
6177
6174
6181
6190
6199
6204
6211
6211
6220
6225
6235
6238
6244
6250
6259
6262
6264
6262
6268
6277
6279
6271
6274
6280
6283
6285
6287
6292
6293
6299
6304
6312
6316
6324
6330
6332
6341
6356
6358
6367
6371
6378
6384
6389
6384
6391
6397
6403
6405
6407
6412
6411
6415
6419
6421
6425
6423
6422
6431
6427
6424
6423
6425
6428
6428
6425
6425
6420
6422
6421
6422
6423
6419
6419
6418
6413
6414
6412
6412
6409
6410
6410
6411
6412
6416
6420
6424
6427
6430
6433
6430
6431
6440
6444
6448
6452
6455
6452
6460
6468
6467
6467
6471
6472
6468
6470
6478
6479
6479
6481
6483
6482
6482
6493
6488
6488
6485
6486
6493
6494
6494
6495
6494
6494
6494
6490
6488
6486
6486
6482
6484
6480
6482
6481
6480
6481
6475
6475
6481
6479
6481
6474
6474
6482
6481
6480
6481
6480
6478
6480
6474
6477
6485
6480
6483
6479
6478
6477
6478
6474
6473
6468
6471
6467
6464
6461
6460
6456
6454
6447
6445
6440
6442
6437
6434
6430
6431
6428
6432
6426
6421
6417
6425
6417
6412
6406
6403
6407
6401
6389
6386
6387
6380
6374
6362
6365
6366
6359
6355
6353
6345
6342
6336
6333
6329
6320
6319
6322
6324
6323
6313
6314
6320
6318
6312
6312
6313
6317
6316
6315
6312
6311
6311
6305
6301
6298
6299
6296
6294
6292
6293
6290
6287
6287
6283
6283
6282
6282
6279
6281
6273
6274
6278
6272
6263
6257
6257
6255
6248
6242
6235
6230
6224
6217
6215
6210
6198
6197
6199
6197
6189
6185
6180
6180
6176
6169
6169
6163
6157
6156
6151
6147
6140
6137
6128
6124
6118
6114
6105
6103
6096
6086
6086
6086
6082
6075
6066
6060
6063
6055
6051
6044
6040
6035
6026
6017
6011
6011
6003
5995
5988
5982
5985
5978
5971
5967
5972
5970
5968
5966
5963
5961
5959
5955
5954
5949
5946
5941
5932
5928
5933
5925
5924
5919
5916
5906
5904
5910
5904
5901
5900
5898
5896
5892
5889
5887
5894
5890
5890
5888
5888
5886
5885
5885
5881
5880
5876
5877
5869
5867
5871
5869
5860
5857
5856
5859
5855
5846
5842
5847
5840
5838
5831
5828
5825
5819
5817
5813
5811
5802
5802
5799
5793
5796
5788
5779
5778
5775
5778
5774
5765
5766
5769
5765
5762
5754
5755
5756
5755
5751
5752
5746
5737
5740
5740
5738
5736
5730
5723
5720
5722
5723
5719
5720
5714
5706
5704
5705
5705
5702
5699
5698
5695
5691
5687
5678
5680
5681
5678
5667
5666
5668
5663
5659
5655
5648
5645
5643
5640
5638
5634
5629
5624
5621
5616
5615
5608
5604
5597
5594
5599
5593
5585
5582
5583
5581
5573
5569
5565
5557
5557
5550
5550
5546
5539
5536
5538
5533
5527
5525
5519
5513
5512
5512
5513
5506
5506
5498
5498
5498
5501
5499
5496
5498
5493
5493
5491
5492
5488
5488
5484
5485
5483
5478
5473
5470
5473
5468
5454
5455
5456
5450
5447
5434
5430
5435
5431
5424
5424
5419
5415
5413
5411
5409
5407
5400
5399
5392
5388
5385
5380
5370
5365
5370
5365
5361
5360
5353
5349
5348
5346
5342
5340
5335
5331
5334
5331
5330
5323
5321
5320
5314
5310
5307
5300
5298
5302
5300
5296
5292
5289
5287
5286
5274
5274
5273
5277
5274
5266
5266
5269
5265
5262
5258
5254
5251
5249
5247
5245
5241
5235
5232
5228
5228
5222
5218
5214
5213
5205
5203
5201
5194
5193
5180
5177
5177
5173
5169
5159
5155
5157
5152
5143
5142
5142
5144
5141
5137
5137
5129
5125
5121
5118
5114
5103
5101
5106
5099
5096
5094
5088
5086
5082
5081
5078
5075
5070
5068
5065
5058
5059
5055
5047
5049
5043
5048
5044
5034
5036
5040
5034
5033
5028
5027
5024
5020
5010
5008
5011
5003
5001
4994
4992
4990
4985
4980
4978
4973
4966
4962
4963
4960
4955
4951
4944
4941
4936
4931
4926
4923
4920
4914
4912
4906
4899
4894
4896
4891
4880
4880
4877
4877
4872
4864
4862
4866
4860
4858
4854
4852
4854
4849
4849
4847
4842
4843
4842
4838
4839
4837
4838
4835
4835
4835
4831
4829
4823
4822
4826
4824
4822
4818
4815
4805
4804
4807
4801
4793
4789
4786
4786
4780
4779
4775
4762
4762
4758
4762
4756
4753
4750
4746
4744
4741
4740
4736
4737
4732
4730
4725
4717
4715
4710
4715
4710
4709
4704
4701
4700
4697
4694
4692
4686
4686
4689
4687
4680
4678
4677
4680
4679
4674
4674
4670
4670
4667
4669
4665
4659
4658
4661
4661
4657
4656
4651
4650
4646
4644
4640
4640
4635
4637
4627
4629
4630
4627
4622
4621
4617
4615
4612
4608
4604
4609
4604
4604
4600
4599
4594
4594
4586
4587
4587
4586
4585
4582
4579
4576
4575
4570
4570
4567
4565
4558
4559
4554
4546
4544
4543
4545
4542
4538
4538
4535
4534
4529
4522
4523
4525
4523
4520
4518
4507
4506
4501
4506
4500
4498
4493
4493
4487
4485
4481
4478
4477
4472
4465
4464
4462
4465
4461
4453
4453
4455
4453
4452
4449
4447
4441
4439
4445
4438
4438
4433
4433
4429
4427
4424
4425
4424
4423
4420
4416
4415
4417
4416
4412
4411
4406
4406
4402
4402
4398
4396
4394
4385
4386
4382
4389
4385
4380
4378
4384
4381
4376
4373
4370
4373
4368
4367
4363
4363
4358
4356
4354
4353
4349
4348
4348
4346
4345
4339
4340
4343
4341
4339
4337
4335
4332
4328
4326
4323
4320
4318
4314
4313
4309
4301
4302
4303
4301
4298
4297
4293
4293
4289
4292
4286
4282
4282
4282
4285
4282
4281
4281
4278
4276
4279
4278
4275
4275
4272
4280
4274
4274
4270
4272
4266
4266
4259
4258
4261
4257
4255
4250
4249
4244
4245
4240
4241
4231
4231
4230
4235
4230
4223
4224
4228
4225
4222
4223
4220
4220
4217
4217
4214
4212
4209
4209
4205
4206
4197
4199
4204
4200
4197
4188
4190
4191
4189
4187
4187
4185
4185
4181
4181
4176
4174
4173
4171
4165
4164
4168
4165
4160
4160
4166
4164
4163
4160
4158
4152
4149
4157
4151
4147
4146
4145
4146
4146
4138
4138
4141
4140
4140
4137
4135
4133
4132
4133
4130
4129
4129
4129
4129
4129
4125
4125
4125
4122
4122
4128
4125
4123
4123
4119
4119
4114
4110
4109
4113
4111
4105
4105
4102
4100
4098
4098
4099
4090
4094
4090
4094
4093
4090
4089
4088
4083
4082
4082
4078
4079
4075
4077
4074
4073
4070
4071
4062
4064
4066
4067
4056
4060
4058
4063
4061
4055
4057
4061
4060
4057
4055
4052
4051
4047
4049
4047
4048
4046
4046
4038
4037
4041
4040
4030
4030
4030
4031
4032
4028
4028
4028
4026
4023
4019
4021
4024
4026
4025
4027
4026
4029
4026
4025
4023
4015
4012
4017
4011
4007
4006
4001
3996
3994
3999
3995
3995
3992
3993
3985
3987
3988
3988
3986
3984
3983
3983
3981
3982
3979
3978
3976
3976
3970
3971
3973
3973
3971
3971
3970
3968
3965
3960
3960
3963
3962
3959
3958
3955
3950
3947
3953
3951
3947
3946
3946
3945
3946
3941
3941
3946
3944
3942
3942
3941
3942
3939
3940
3937
3939
3936
3936
3935
3932
3932
3930
3931
3928
3928
3925
3926
3924
3925
3923
3923
3922
3919
3920
3925
3924
3921
3919
3923
3920
3918
3918
3918
3913
3911
3915
3913
3910
3906
3904
3909
3905
3901
3901
3903
3903
3902
3903
3902
3900
3900
3897
3897
3895
3894
3892
3891
3890
3888
3888
3888
3882
3882
3887
3884
3883
3881
3879
3878
3878
3874
3874
3874
3874
3869
3868
3868
3871
3871
3865
3866
3869
3868
3868
3861
3861
3866
3863
3860
3861
3858
3858
3855
3857
3856
3858
3858
3852
3853
3852
3857
3855
3849
3850
3856
3852
3852
3849
3847
3846
3848
3847
3847
3845
3842
3842
3845
3843
3838
3837
3840
3840
3838
3837
3834
3834
3832
3831
3830
3829
3826
3827
3824
3823
3820
3819
3818
3818
3814
3815
3814
3814
3814
3809
3808
3809
3811
3810
3804
3807
3804
3805
3804
3799
3798
3803
3802
3795
3796
3797
3803
3799
3796
3794
3802
3797
3794
3791
3793
3795
3793
3794
3792
3790
3790
3789
3790
3788
3790
3789
3790
3791
3791
3793
3793
3793
3792
3787
3786
3790
3789
3787
3784
3783
3776
3777
3778
3777
3773
3773
3769
3771
3767
3768
3765
3765
3761
3764
3769
3771
3764
3767
3771
3773
3771
3771
3772
3772
3771
3769
3765
3765
3755
3757
3757
3756
3747
3748
3748
3750
3748
3746
3746
3739
3739
3741
3740
3738
3737
3734
3735
3731
3733
3729
3728
3727
3727
3725
3725
3723
3721
3723
3720
3721
3719
3721
3718
3719
3713
3714
3714
3718
3716
3717
3714
3715
3713
3712
3713
3715
3713
3715
3709
3711
3712
3714
3712
3708
3708
3716
3714
3714
3713
3714
3707
3708
3709
3711
3707
3707
3703
3702
3703
3700
3698
3697
3695
3695
3693
3693
3686
3689
3693
3695
3690
3693
3695
3699
3698
3699
3700
3697
3695
3697
3698
3699
3695
3694
3690
3691
3689
3687
3686
3685
3681
3676
3675
3681
3677
3676
3675
3673
3672
3673
3665
3666
3665
3671
3668
3668
3668
3666
3667
3667
3666
3667
3666
3667
3667
3666
3668
3669
3669
3665
3663
3668
3666
3658
3658
3658
3660
3660
3654
3652
3659
3656
3655
3653
3653
3652
3650
3648
3650
3643
3646
3644
3649
3646
3647
3644
3644
3643
3643
3641
3642
3641
3641
3642
3642
3642
3643
3645
3639
3640
3644
3643
3636
3636
3633
3640
3638
3633
3634
3640
3639
3636
3638
3637
3635
3637
3635
3638
3636
3638
3638
3638
3634
3636
3633
3627
3627
3627
3630
3628
3622
3620
3624
3622
3621
3620
3619
3613
3614
3617
3616
3614
3612
3610
3606
3607
3611
3611
3608
3608
3607
3607
3606
3604
3603
3604
3601
3603
3601
3602
3599
3600
3599
3598
3597
3593
3595
3597
3598
3595
3596
3594
3594
3592
3594
3591
3595
3594
3591
3590
3593
3597
3595
3591
3591
3599
3595
3595
3593
3594
3598
3598
3596
3595
3590
3590
3591
3593
3593
3592
3595
3593
3594
3591
3592
3592
3591
3590
3592
3591
3593
3592
3592
3591
3591
3593
3592
3588
3587
3585
3590
3588
3583
3581
3587
3584
3583
3581
3581
3578
3578
3577
3575
3575
3569
3571
3573
3574
3565
3568
3571
3571
3569
3565
3564
3569
3567
3566
3565
3566
3563
3562
3561
3561
3561
3560
3557
3557
3556
3561
3559
3560
3559
3560
3557
3558
3556
3557
3556
3556
3552
3553
3553
3559
3558
3558
3556
3550
3554
3557
3559
3556
3553
3552
3559
3556
3551
3551
3550
3555
3552
3552
3551
3552
3550
3553
3547
3548
3552
3551
3547
3545
3551
3548
3549
3548
3547
3546
3548
3546
3546
3545
3539
3541
3544
3545
3543
3544
3543
3542
3542
3534
3539
3542
3543
3540
3541
3538
3539
3539
3538
3535
3537
3536
3538
3536
3536
3531
3533
3538
3534
3535
3531
3531
3535
3533
3529
3529
3532
3534
3531
3530
3528
3535
3532
3533
3531
3531
3530
3530
3529
3532
3529
3529
3528
3527
3524
3530
3527
3523
3524
3524
3527
3526
3526
3525
3521
3520
3526
3524
3524
3521
3519
3526
3524
3524
3521
3523
3522
3521
3521
3520
3521
3519
3519
3517
3517
3518
3517
3516
3515
3514
3514
3516
3515
3514
3511
3511
3517
3514
3513
3506
3509
3511
3512
3505
3507
3508
3511
3509
3508
3509
3501
3506
3508
3509
3506
3507
3506
3507
3505
3506
3505
3505
3504
3503
3501
3501
3503
3504
3503
3503
3501
3502
3500
3501
3499
3494
3496
3494
3499
3496
3497
3494
3497
3496
3496
3490
3491
3497
3493
3492
3493
3491
3490
3489
3493
3492
3488
3488
3491
3492
3491
3494
3491
3492
3490
3490
3490
3490
3492
3491
3487
3488
3493
3493
3491
3492
3491
3492
3489
3492
3488
3491
3491
3491
3487
3486
3491
3488
3484
3483
3484
3488
3484
3484
3487
3479
3481
3482
3485
3483
3483
3483
3482
3481
3476
3477
3476
3482
3479
3476
3476
3481
3479
3476
3477
3478
3471
3471
3477
3474
3475
3473
3475
3469
3470
3475
3473
3474
3473
3471
3469
3469
3467
3469
3466
3467
3463
3466
3464
3462
3462
3458
3459
3462
3463
3463
3463
3461
3463
3460
3457
3458
3460
3463
3463
3461
3462
3461
3461
3460
3460
3459
3458
3457
3464
3461
3460
3456
3458
3461
3463
3460
3459
3454
3453
3455
3457
3458
3451
3454
3457
3457
3456
3456
3457
3455
3457
3457
3456
3457
3454
3456
3457
3459
3454
3457
3461
3459
3459
3458
3458
3454
3453
3447
3447
3447
3449
3447
3447
3445
3443
3443
3441
3443
3441
3442
3443
3442
3440
3437
3439
3440
3446
3445
3447
3446
3440
3443
3443
3446
3445
3444
3442
3441
3441
3439
3436
3437
3440
3441
3438
3438
3434
3434
3434
3437
3436
3438
3436
3438
3439
3440
3440
3441
3439
3440
3443
3440
3440
3435
3437
3441
3440
3441
3442
3440
3443
3441
3444
3441
3439
3438
3444
3444
3443
3439
3439
3444
3442
3442
3441
3440
3438
3437
3444
3443
3445
3443
3445
3444
3442
3443
3439
3440
3437
3436
3435
3433
3433
3430
3431
3428
3428
3426
3424
3422
3420
3425
3424
3417
3418
3422
3422
3420
3416
3416
3420
3420
3419
3417
3419
3418
3419
3413
3414
3418
3417
3418
3415
3417
3415
3416
3415
3415
3416
3415
3416
3416
3416
3417
3416
3416
3414
3414
3415
3412
3409
3408
3413
3413
3412
3411
3410
3412
3411
3408
3406
3414
3413
3414
3412
3413
3408
3410
3416
3415
3416
3414
3417
3415
3417
3415
3416
3414
3414
3414
3412
3414
3407
3409
3411
3411
3409
3404
3404
3408
3405
3399
3400
3401
3405
3408
3406
3410
3408
3412
3410
3411
3411
3412
3414
3406
3409
3410
3411
3410
3408
3409
3408
3408
3408
3408
3406
3406
3405
3405
3403
3404
3402
3401
3396
3398
3401
3400
3395
3397
3401
3403
3401
3401
3400
3399
3399
3398
3397
3396
3392
3393
3398
3398
3399
3401
3405
3408
3406
3405
3404
3403
3401
3401
3399
3400
3398
3399
3397
3399
3398
3398
3398
3398
3397
3392
3394
3398
3397
3394
3395
3395
3391
3389
3395
3396
3393
3393
3392
3392
3392
3389
3390
3389
3391
3389
3384
3386
3392
3391
3393
3394
3394
3395
3393
3391
3389
3395
3391
3388
3387
3389
3390
3392
3391
3391
3391
3392
3393
3388
3389
3393
3392
3391
3390
3389
3387
3387
3386
3387
3387
3389
3387
3389
3389
3385
3387
3390
3391
3384
3387
3388
3393
3391
3389
3387
3395
3391
3392
3389
3390
3388
3390
3387
3387
3388
3384
3386
3380
3378
3384
3381
3377
3378
3376
3381
3380
3379
3378
3378
3376
3377
3375
3376
3371
3373
3378
3377
3377
3378
3378
3379
3378
3379
3376
3377
3376
3377
3375
3376
3370
3372
3379
3378
3380
3379
3381
3379
3379
3380
3379
3379
3377
3377
3376
3374
3371
3369
3377
3373
3374
3373
3373
3373
3375
3367
3370
3371
3371
3372
3369
3371
3368
3368
3365
3363
3364
3370
3367
3363
3364
3368
3369
3366
3369
3369
3366
3371
3376
3377
3375
3377
3375
3375
3377
3377
3378
3376
3377
3375
3374
3372
3373
3370
3366
3366
3366
3370
3369
3369
3368
3367
3367
3363
3360
3360
3365
3362
3362
3358
3361
3358
3359
3357
3356
3355
3355
3355
3354
3352
3350
3349
3355
3353
3350
3350
3353
3357
3356
3359
3358
3360
3358
3356
3356
3358
3359
3359
3354
3354
3361
3360
3361
3359
3359
3357
3356
3353
3354
3352
3353
3351
3354
3352
3352
3352
3352
3352
3352
3349
3347
3352
3354
3352
3353
3353
3353
3352
3347
3352
3357
3356
3356
3353
3354
3357
3356
3350
3350
3354
3351
3352
3348
3348
3346
3345
3349
3348
3349
3348
3352
3349
3350
3349
3350
3348
3348
3347
3347
3346
3347
3345
3341
3340
3340
3344
3345
3342
3339
3343
3343
3343
3345
3344
3342
3342
3350
3350
3349
3349
3348
3355
3352
3354
3352
3353
3352
3352
3350
3352
3350
3351
3344
3345
3346
3348
3350
3348
3348
3347
3346
3347
3344
3344
3342
3343
3336
3337
3343
3342
3341
3340
3339
3333
3335
3341
3338
3337
3339
3338
3339
3340
3337
3340
3341
3344
3343
3343
3343
3341
3342
3341
3341
3342
3341
3343
3336
3338
3344
3341
3341
3340
3341
3341
3339
3336
3337
3337
3341
3338
3336
3335
3335
3337
3342
3340
3340
3340
3342
3343
3341
3344
3345
3345
3346
3343
3343
3340
3341
3338
3337
3334
3336
3334
3335
3335
3334
3328
3331
3330
3334
3333
3332
3333
3330
3330
3329
3324
3327
3331
3332
3325
3327
3329
3329
3329
3328
3327
3329
3328
3329
3330
3330
3330
3331
3330
3331
3331
3331
3328
3328
3329
3332
3331
3333
3333
3333
3335
3334
3332
3334
3337
3338
3332
3331
3333
3334
3335
3333
3334
3337
3340
3345
3342
3345
3353
3354
3353
3359
3364
3373
3376
3378
3385
3394
3399
3400
3404
3412
3419
3425
3425
3432
3442
3446
3451
3456
3462
3468
3474
3479
3482
3489
3494
3499
3505
3511
3514
3518
3523
3526
3530
3529
3532
3541
3543
3545
3545
