3258
3251
3255
3252
3256
3253
3252
3251
3244
3245
3241
3244
3241
3235
3231
3236
3230
3228
3224
3222
3219
3215
3213
3209
3207
3202
3200
3197
3193
3187
3183
3188
3183
3180
3178
3175
3170
3170
3166
3165
3161
3158
3155
3158
3155
3153
3150
3144
3144
3141
3144
3141
3139
3138
3131
3130
3130
3132
3130
3125
3122
3128
3123
3124
3121
3121
3119
3117
3114
3116
3113
3112
3111
3109
3109
3106
3105
3105
3105
3103
3103
3102
3098
3098
3101
3099
3096
3093
3092
3095
3094
3087
3087
3091
3091
3088
3087
3086
3086
3086
3084
3082
3082
3078
3077
3081
3079
3079
3077
3074
3074
3075
3071
3070
3074
3073
3073
3072
3071
3071
3072
3068
3067
3074
3072
3071
3070
3070
3069
3067
3065
3066
3061
3061
3059
3064
3062
3057
3057
3060
3060
3059
3056
3054
3059
3059
3058
3057
3058
3057
3059
3058
3056
3056
3056
3054
3055
3054
3055
3057
3051
3050
3056
3055
3054
3053
3054
3050
3050
3056
3056
3057
3056
3056
3057
3056
3050
3052
3055
3057
3056
3054
3057
3050
3051
3057
3056
3053
3050
3052
3056
3051
3052
3051
3051
3049
3048
3047
3047
3045
3046
3048
3049
3047
3048
3047
3046
3044
3044
3046
3045
3044
3043
3044
3044
3040
3040
3041
3046
3045
3043
3043
3040
3043
3045
3045
3044
3045
3046
3043
3044
3045
3043
3042
3039
3037
3044
3041
3040
3041
3040
3037
3036
3041
3040
3038
3038
3037
3038
3038
3037
3037
3037
3038
3037
3037
3037
3037
3036
3033
3033
3038
3037
3037
3034
3032
3038
3037
3033
3034
3035
3037
3038
3036
3037
3037
3036
3036
3037
3038
3032
3033
3037
3038
3035
3037
3037
3038
3037
3033
3037
3042
3041
3040
3041
3042
3042
3042
3037
3039
3044
3044
3042
3038
3040
3045
3042
3043
3045
3044
3044
3044
3046
3045
3043
3046
3049
3048
3049
3046
3047
3051
3052
3053
3053
3052
3053
3055
3050
3050
3057
3057
3058
3058
3058
3061
3060
3056
3059
3062
3064
3066
3067
3066
3066
3070
3071
3069
3070
3071
3073
3068
3070
3079
3079
3080
3082
3087
3088
3088
3085
3090
3093
3095
3096
3100
3100
3100
3101
3102
3105
3105
3106
3109
3111
3113
3115
3119
3123
3124
3125
3124
3127
3135
3134
3134
3136
3138
3145
3148
3145
3148
3156
3157
3158
3160
3163
3166
3167
3166
3172
3176
3181
3184
3187
3190
3191
3194
3199
3201
3203
3206
3210
3213
3217
3220
3225
3229
3232
3235
3239
3242
3246
3249
3253
3254
3259
3266
3270
3272
3278
3279
3281
3287
3295
3298
3303
3308
3309
3314
3321
3329
3334
3335
3341
3352
3357
3361
3362
3369
3381
3385
3388
3394
3401
3406
3411
3416
3423
3426
3432
3438
3442
3448
3454
3459
3466
3470
3473
3480
3487
3491
3495
3497
3502
3515
3521
3524
3528
3537
3548
3552
3554
3562
3576
3580
3587
3593
3599
3608
3614
3620
3628
3636
3643
3648
3657
3664
3671
3679
3686
3693
3699
3707
3714
3719
3727
3726
3737
3743
3755
3762
3763
3772
3785
3793
3800
3811
3817
3822
3830
3845
3852
3859
3870
3876
3888
3897
3905
3915
3923
3933
3941
3947
3957
3972
3977
3986
3993
4002
4008
4018
4025
4036
4043
4052
4059
4068
4076
4087
4095
4102
4112
4118
4130
4136
4149
4155
4161
4171
4188
4195
4202
4209
4218
4231
4241
4250
4259
4266
4276
4283
4292
4302
4305
4316
4334
4342
4349
4356
4365
4369
4377
4391
4399
4408
4412
4422
4433
4441
4444
4453
4465
4471
4481
4487
4497
4497
4508
4521
4527
4535
4540
4552
4555
4564
4568
4578
4581
4590
4595
4604
4611
4617
4628
4634
4642
4650
4658
4667
4680
4687
4698
4706
4713
4717
4721
4736
4739
4742
4745
4745
4747
4747
4751
4755
4756
4761
4761
4763
4770
4781
4785
4794
4799
4801
4808
4815
4832
4837
4841
4850
4862
4871
4876
4880
4890
4898
4907
4910
4916
4921
4924
4930
4933
4937
4942
4946
4950
4954
4961
4967
4971
4978
4985
4993
5001
5009
5012
5021
5037
5043
5053
5062
5065
5077
5088
5100
5111
5119
5128
5138
5144
5154
5160
5166
5174
5179
5180
5187
5197
5208
5213
5214
5223
5238
5242
5245
5250
5256
5269
5277
5277
5287
5293
5296
5306
5305
5313
5323
5326
5330
5336
5339
5344
5350
5352
5357
5357
5357
5358
5354
5356
5354
5350
5350
5346
5347
5347
5345
5344
5344
5355
5354
5348
5351
5352
5358
5361
5363
5365
5371
5375
5379
5385
5392
5392
5399
5408
5415
5420
5426
5433
5439
5447
5445
5453
5469
5470
5476
5482
5486
5489
5495
5495
5501
5504
5508
5513
5512
5515
5514
5520
5531
5533
5537
5540
5542
5548
5549
5544
5548
5556
5564
5567
5571
5574
5571
5575
5584
5587
5589
5590
5589
5593
5594
5594
5599
5600
5602
5604
5599
5601
5613
5609
5610
5613
5611
5607
5607
5612
5612
5609
5605
5609
5606
5604
5601
5599
5589
5590
5587
5592
5592
5594
5592
5590
5595
5598
5606
5608
5613
5618
5621
5626
5627
5631
5634
5646
5649
5650
5656
5663
5664
5672
5675
5679
5686
5690
5693
5697
5700
5697
5703
5697
5697
5706
5707
5706
5707
5711
5707
5710
5716
5717
5714
5716
5722
5728
5729
5729
5729
5731
5730
5729
5725
5724
5730
5730
5728
5729
5729
5728
5731
5731
5731
5733
5735
5726
5733
5731
5739
5740
5736
5737
5744
5739
5737
5732
5731
5720
5717
5718
5711
5707
5700
5695
5685
5683
5685
5681
5668
5668
5672
5676
5674
5675
5675
5677
5680
5681
5681
5685
5687
5687
5690
5690
5691
5694
5696
5699
5701
5704
5704
5707
5707
5709
5714
5715
5712
5712
5720
5724
5721
5725
5725
5718
5721
5731
5727
5727
5729
5727
5728
5727
5722
5721
5713
5710
5710
5711
5704
5695
5692
5697
5693
5692
5681
5682
5687
5684
5682
5677
5676
5675
5669
5668
5667
5663
5663
5658
5658
5656
5656
5656
5648
5652
5655
5651
5651
5644
5645
5650
5649
5647
5646
5640
5637
5638
5639
5635
5632
5630
5623
5620
5617
5612
5609
5599
5599
5599
5593
5589
5580
5577
5581
5575
5571
5569
5563
5557
5558
5553
5549
5541
5539
5539
5536
5531
5520
5518
5521
5511
5498
5498
5497
5495
5494
5490
5486
5483
5482
5479
5475
5475
5473
5469
5468
5467
5466
5463
5462
5457
5456
5460
5456
5450
5447
5450
5452
5450
5450
5449
5448
5448
5443
5444
5442
5446
5446
5445
5442
5434
5435
5433
5437
5434
5427
5424
5431
5427
5422
5418
5413
5404
5400
5402
5397
5392
5389
5384
5376
5376
5379
5373
5373
5369
5365
5365
5361
5359
5357
5357
5356
5350
5343
5343
5345
5340
5331
5330
5333
5330
5326
5324
5321
5320
5318
5316
5315
5313
5313
5313
5312
5310
5303
5304
5306
5308
5304
5297
5296
5297
5294
5292
5288
5284
5282
5281
5277
5273
5273
5271
5268
5259
5258
5263
5259
5253
5252
5248
5245
5244
5234
5233
5238
5233
5229
5229
5224
5221
5218
5206
5204
5205
5201
5192
5187
5184
5179
5175
5164
5161
5161
5163
5160
5155
5153
5143
5139
5144
5141
5138
5138
5137
5126
5126
5132
5128
5123
5120
5119
5117
5117
5115
5115
5114
5110
5107
5105
5100
5088
5087
5087
5084
5079
5070
5067
5067
5064
5055
5052
5052
5055
5051
5051
5046
5043
5042
5035
5031
5028
5026
5023
5016
5017
5018
5016
5012
5009
5008
5003
5001
5001
4996
4994
4990
4986
4980
4980
4975
4970
4968
4962
4957
4949
4945
4948
4945
4934
4928
4926
4928
4924
4915
4913
4914
4912
4904
4903
4901
4896
4895
4886
4883
4885
4884
4882
4879
4875
4871
4869
4871
4872
4868
4866
4865
4861
4863
4860
4857
4856
4854
4854
4852
4849
4847
4847
4846
4840
4837
4843
4842
4832
4833
4836
4832
4831
4825
4826
4821
4817
4811
4805
4801
4804
4800
4795
4789
4787
4782
4778
4773
4770
4768
4763
4760
4757
4751
4749
4745
4743
4739
4737
4732
4724
4723
4722
4725
4721
4718
4717
4708
4708
4707
4709
4708
4698
4699
4702
4699
4695
4692
4689
4683
4682
4686
4683
4679
4676
4669
4668
4663
4659
4655
4650
4644
4642
4640
4636
4630
4626
4626
4619
4617
4612
4606
4605
4601
4599
4593
4591
4584
4582
4576
4575
4568
4566
4560
4558
4553
4552
4548
4542
4537
4543
4538
4533
4528
4529
4531
4528
4520
4519
4524
4520
4519
4511
4511
4513
4511
4502
4503
4501
4506
4503
4497
4495
4501
4497
4495
4493
4492
4488
4488
4484
4484
4478
4478
4474
4473
4471
4462
4462
4462
4461
4455
4454
4450
4445
4443
4436
4435
4430
4427
4425
4421
4417
4410
4406
4412
4407
4406
4395
4393
4396
4394
4389
4386
4382
4381
4377
4375
4372
4366
4365
4362
4356
4355
4352
4352
4349
4347
4336
4339
4338
4340
4339
4336
4335
4327
4328
4326
4331
4327
4326
4327
4323
4326
4324
4325
4323
4320
4319
4326
4324
4322
4320
4319
4314
4313
4303
4301
4304
4300
4296
4295
4290
4288
4285
4285
4283
4279
4274
4272
4277
4273
4265
4262
4268
4264
4261
4257
4254
4253
4250
4243
4240
4241
4243
4240
4238
4236
4235
4234
4230
4229
4224
4221
4221
4220
4219
4211
4212
4211
4216
4214
4210
4207
4207
4204
4201
4195
4194
4198
4196
4190
4187
4187
4188
4186
4184
4181
4180
4178
4176
4175
4171
4169
4168
4164
4162
4155
4156
4157
4158
4154
4150
4147
4152
4149
4143
4142
4138
4142
4141
4137
4136
4134
4132
4131
4125
4123
4128
4125
4123
4123
4120
4121
4117
4116
4112
4112
4109
4110
4107
4107
4104
4103
4101
4099
4098
4094
4093
4091
4090
4081
4082
4085
4081
4080
4071
4072
4074
4070
4068
4062
4063
4059
4057
4056
4053
4046
4044
4050
4046
4044
4038
4034
4041
4035
4029
4029
4029
4032
4027
4028
4025
4025
4022
4021
4020
4018
4019
4015
4016
4014
4011
4011
4007
4004
4001
4005
4004
4001
4000
3997
3997
3993
3993
3991
3981
3982
3984
3983
3980
3973
3973
3975
3975
3974
3974
3972
3973
3971
3968
3966
3965
3964
3959
3954
3950
3955
3950
3946
3945
3942
3940
3935
3936
3932
3931
3929
3925
3927
3925
3917
3919
3922
3924
3916
3916
3915
3917
3914
3907
3908
3909
3907
3901
3898
3898
3902
3900
3898
3898
3896
3897
3893
3892
3889
3889
3887
3882
3881
3877
3875
3873
3870
3867
3862
3860
3864
3861
3861
3857
3855
3856
3853
3855
3851
3850
3846
3845
3847
3847
3844
3843
3840
3835
3835
3841
3837
3828
3827
3831
3833
3829
3828
3826
3821
3820
3826
3823
3821
3814
3814
3817
3815
3814
3812
3810
3808
3809
3805
3805
3802
3804
3802
3801
3800
3793
3793
3799
3796
3795
3792
3792
3790
3789
3787
3787
3783
3784
3780
3780
3778
3777
3776
3774
3772
3772
3769
3768
3764
3763
3767
3766
3757
3760
3760
3763
3761
3760
3759
3756
3755
3756
3756
3756
3751
3752
3757
3755
3748
3745
3746
3748
3746
3739
3737
3745
3739
3738
3731
3732
3735
3734
3731
3731
3727
3727
3725
3726
3723
3724
3720
3720
3717
3717
3715
3714
3708
3708
3714
3711
3709
3709
3708
3704
3701
3709
3704
3704
3702
3700
3700
3698
3698
3697
3697
3695
3695
3689
3691
3697
3692
3689
3688
3688
3680
3679
3681
3680
3676
3675
3671
3670
3668
3669
3665
3665
3663
3660
3658
3657
3658
3655
3654
3654
3648
3648
3647
3649
3648
3644
3643
3646
3647
3643
3643
3641
3641
3639
3639
3637
3633
3633
3631
3637
3635
3630
3627
3633
3631
3630
3628
3626
3619
3618
3624
3620
3620
3618
3615
3615
3613
3615
3612
3608
3609
3608
3614
3612
3612
3609
3608
3609
3605
3604
3602
3601
3600
3598
3597
3594
3596
3594
3591
3591
3591
3591
3586
3585
3584
3589
3586
3581
3581
3585
3584
3582
3579
3575
3581
3577
3573
3573
3574
3573
3574
3578
3575
3577
3575
3573
3572
3570
3570
3567
3567
3565
3565
3563
3564
3560
3558
3558
3556
3558
3557
3557
3557
3556
3550
3553
3556
3555
3553
3552
3551
3548
3549
3546
3544
3544
3542
3542
3542
3540
3535
3535
3540
3537
3535
3533
3531
3535
3533
3528
3527
3530
3529
3528
3527
3528
3525
3526
3525
3525
3524
3519
3519
3524
3523
3516
3517
3515
3519
3515
3515
3514
3512
3509
3509
3508
3507
3507
3507
3502
3501
3506
3505
3505
3503
3503
3501
3501
3500
3499
3499
3497
3496
3496
3494
3496
3494
3496
3495
3494
3490
3492
3494
3493
3487
3487
3485
3489
3489
3482
3483
3488
3484
3483
3482
3479
3479
3478
3470
3470
3472
3470
3470
3468
3463
3459
3460
3464
3462
3461
3460
3461
3458
3459
3459
3456
3456
3456
3454
3455
3455
3447
3448
3453
3452
3450
3446
3448
3452
3450
3450
3450
3447
3448
3447
3445
3445
3441
3441
3442
3446
3443
3444
3442
3440
3442
3439
3437
3438
3435
3436
3429
3430
3434
3432
3433
3429
3429
3428
3426
3426
3427
3425
3422
3423
3425
3427
3419
3420
3424
3424
3424
3425
3425
3426
3426
3426
3428
3426
3421
3420
3423
3423
3422
3423
3421
3419
3419
3413
3414
3417
3416
3415
3413
3411
3408
3404
3411
3408
3401
3404
3402
3404
3402
3403
3401
3401
3399
3398
3398
3398
3396
3395
3395
3394
3395
3397
3394
3390
3392
3396
3396
3397
3397
3394
3392
3393
3391
3389
3388
3388
3386
3384
3383
3383
3382
3375
3378
3379
3382
3380
3374
3376
3380
3380
3374
3374
3377
3380
3379
3378
3378
3375
3376
3377
3377
3378
3373
3373
3378
3378
3376
3374
3374
3369
3368
3373
3371
3363
3361
3363
3366
3362
3361
3361
3360
3358
3358
3357
3356
3359
3357
3357
3356
3358
3356
3355
3356
3355
3349
3351
3355
3352
3353
3351
3353
3348
3349
3353
3353
3352
3347
3348
3351
3349
3350
3348
3348
3348
3345
3343
3344
3341
3340
3341
3339
3339
3341
3338
3333
3335
3339
3339
3338
3336
3335
3341
3339
3333
3335
3338
3337
3337
3336
3335
3335
3334
3328
3331
3330
3333
3332
3330
3329
3329
3328
3325
3323
3321
3327
3325
3321
3322
3321
3318
3319
3319
3316
3317
3316
3314
3315
3313
3309
3310
3312
3311
3306
3307
3308
3311
3309
3310
3311
3311
3312
3308
3307
3308
3311
3311
3309
3310
3307
3307
3307
3305
3306
3306
3306
3301
3302
3304
3307
3305
3305
3305
3302
3303
3302
3300
3301
3298
3301
3294
3294
3301
3301
3301
3299
3300
3295
3295
3302
3301
3301
3295
3297
3301
3298
3299
3297
3296
3297
3294
3293
3294
3292
3291
3293
3291
3289
3285
3285
3291
3289
3285
3286
3286
3284
3284
3279
3278
3286
3286
3281
3278
3281
3285
3283
3283
3282
3281
3282
3280
3280
3281
3274
3277
3280
3280
3278
3279
3276
3275
3275
3274
3272
3270
3268
3267
3272
3269
3269
3271
3272
3271
3272
3273
3272
3270
3271
3269
3268
3267
3268
3268
3261
3263
3266
3264
3264
3264
3263
3263
3265
3261
3261
3270
3270
3269
3268
3269
3262
3263
3269
3266
3265
3265
3263
3257
3258
3262
3260
3260
3257
3255
3253
3252
3255
3254
3254
3252
3252
3251
3250
3252
3252
3250
3252
3251
3251
3251
3252
3251
3247
3248
3252
3252
3252
3251
3250
3252
3254
3255
3255
3257
3259
3259
3255
3256
3260
3258
3257
3254
3251
3256
3253
3247
3246
3249
3249
3246
3239
3239
3244
3241
3240
3239
3239
3236
3234
3235
3234
3228
3230
3229
3230
3231
3230
3228
3228
3229
3227
3226
3227
3228
3226
3226
3227
3225
3225
3223
3223
3222
3222
3225
3217
3220
3223
3226
3225
3223
3223
3228
3229
3225
3224
3226
3229
3227
3229
3228
3226
3227
3227
3220
3221
3226
3224
3221
3223
3224
3223
3224
3227
3227
3227
3226
3225
3225
3223
3225
3223
3219
3218
3222
3221
3220
3217
3216
3216
3215
3212
3213
3209
3207
3206
3210
3211
3210
3210
3211
3212
3211
3206
3208
3211
3207
3209
3206
3205
3205
3205
3204
3202
3203
3202
3202
3203
3203
3197
3197
3203
3203
3197
3199
3200
3203
3202
3202
3204
3202
3202
3203
3199
3200
3206
3204
3197
3201
3202
3204
3205
3200
3198
3203
3202
3200
3198
3198
3197
3195
3196
3197
3195
3197
3196
3196
3197
3196
3196
3197
3199
3198
3196
3198
3201
3198
3193
3195
3196
3196
3197
3196
3192
3191
3191
3185
3184
3185
3190
3191
3190
3189
3184
3184
3185
3190
3189
3183
3185
3190
3187
3187
3186
3185
3184
3186
3186
3184
3186
3186
3186
3187
3186
3189
3189
3190
3188
3188
3189
3187
3188
3187
3185
3185
3183
3180
3180
3184
3184
3181
3180
3177
3177
3179
3184
3183
3177
3177
3185
3181
3180
3179
3179
3178
3176
3175
3174
3171
3172
3172
3167
3170
3174
3172
3171
3172
3171
3165
3167
3169
3168
3167
3166
3163
3160
3161
3164
3163
3165
3161
3159
3158
3157
3161
3163
3163
3163
3165
3165
3164
3166
3167
3167
3168
3168
3168
3166
3163
3164
3168
3167
3166
3163
3161
3162
3161
3158
3159
3154
3155
3159
3158
3156
3151
3153
3153
3153
3153
3153
3152
3147
3148
3152
3150
3150
3148
3145
3145
3143
3148
3148
3145
3145
3146
3144
3145
3141
3140
3148
3147
3145
3146
3144
3145
3145
3143
3143
3144
3143
3141
3140
3138
3144
3144
3144
3141
3144
3145
3143
3146
3143
3140
3139
3145
3143
3143
3144
3144
3145
3145
3145
3144
3143
3141
3141
3146
3144
3143
3144
3143
3143
3142
3141
3141
3135
3136
3139
3140
3138
3139
3138
3137
3138
3135
3136
3139
3142
3141
3142
3144
3136
3137
3144
3141
3140
3139
3136
3132
3134
3136
3135
3135
3133
3133
3131
3131
3137
3139
3137
3137
3138
3135
3136
3136
3135
3134
3134
3133
3132
3130
3130
3130
3127
3129
3129
3126
3127
3127
3125
3120
3122
3124
3127
3126
3121
3123
3128
3128
3125
3125
3129
3133
3132
3133
3131
3132
3128
3129
3129
3128
3126
3128
3126
3125
3123
3121
3122
3127
3124
3119
3122
3124
3123
3123
3120
3121
3122
3123
3123
3125
3124
3119
3123
3126
3124
3125
3124
3120
3120
3118
3123
3123
3116
3117
3122
3119
3120
3119
3117
3118
3117
3115
3117
3115
3115
3113
3116
3113
3113
3113
3108
3107
3107
3111
3109
3110
3110
3111
3113
3111
3108
3109
3113
3111
3108
3109
3108
3113
3111
3111
3112
3113
3115
3112
3113
3116
3120
3120
3122
3123
3122
3122
3122
3121
3121
3121
3119
3119
3119
3119
3115
3116
3114
3114
3114
3113
3113
3111
3113
3105
3106
3110
3107
3102
3102
3103
3103
3103
3099
3099
3105
3103
3104
3106
3105
3105
3107
3106
3106
3105
3106
3105
3111
3110
3109
3108
3109
3107
3105
3103
3102
3107
3107
3107
3105
3107
3104
3103
3101
3100
3106
3104
3101
3102
3101
3101
3099
3098
3098
3098
3096
3096
3096
3094
3090
3091
3096
3092
3093
3089
3087
3093
3092
3091
3092
3093
3091
3092
3093
3093
3092
3093
3093
3090
3090
3091
3092
3093
3095
3091
3092
3095
3098
3097
3093
3092
3098
3094
3091
3091
3092
3094
3094
3096
3095
3094
3094
3094
3092
3092
3094
3090
3093
3093
3093
3093
3095
3094
3093
3090
3090
3093
3094
3089
3089
3088
3089
3089
3083
3085
3084
3087
3087
3085
3081
3083
3083
3082
3079
3081
3086
3086
3080
3079
3083
3083
3082
3083
3081
3076
3078
3081
3081
3082
3081
3082
3082
3080
3077
3079
3078
3082
3082
3078
3082
3080
3080
3078
3077
3078
3082
3080
3080
3079
3078
3078
3077
3071
3074
3078
3077
3078
3079
3078
3076
3078
3078
3077
3071
3074
3077
3077
3077
3078
3075
3075
3076
3075
3074
3075
3073
3073
3070
3070
3075
3074
3075
3077
3077
3072
3074
3079
3077
3073
3073
3074
3077
3077
3076
3076
3077
3079
3081
3082
3081
3080
3082
3081
3079
3078
3078
3078
3072
3073
3077
3076
3075
3073
3074
3070
3070
3075
3072
3072
3072
3073
3074
3072
3069
3071
3075
3072
3072
3071
3071
3069
3069
3070
3068
3067
3065
3066
3068
3067
3068
3066
3060
3063
3063
3066
3067
3067
3065
3066
3066
3065
3066
3068
3061
3063
3069
3067
3065
3065
3065
3064
3065
3060
3059
3066
3062
3063
3062
3062
3059
3060
3059
3059
3059
3055
3057
3061
3062
3056
3059
3065
3064
3066
3061
3064
3067
3068
3067
3066
3067
3065
3065
3065
3065
3066
3064
3064
3065
3066
3064
3065
3062
3062
3067
3064
3063
3062
3060
3056
3056
3058
3057
3056
3055
3054
3053
3050
3047
3049
3049
3053
3052
3051
3053
3051
3050
3050
3050
3050
3051
3050
3053
3054
3054
3055
3055
3058
3056
3058
3057
3057
3058
3055
3051
3051
3056
3053
3049
3051
3052
3055
3054
3054
3055
3049
3050
3057
3055
3054
3055
3052
3051
3051
3046
3046
3047
3049
3049
3050
3048
3044
3047
3049
3049
3050
3044
3042
3050
3048
3047
3049
3047
3044
3045
3048
3049
3051
3050
3050
3052
3051
3052
3052
3049
3050
3048
3047
3047
3046
3043
3044
3045
3038
3041
3042
3045
3046
3039
3039
3045
3043
3041
3041
3041
3037
3037
3040
3041
3039
3038
3041
3038
3038
3045
3044
3044
3042
3043
3042
3042
3043
3042
3044
3043
3041
3042
3040
3041
3039
3038
3040
3038
3038
3039
3038
3038
3039
3036
3036
3037
3035
3035
3035
3034
3035
3032
3031
3032
3036
3035
3038
3038
3033
3037
3039
3040
3041
3038
3038
3044
3044
3039
3041
3043
3048
3049
3047
3049
3059
3061
3065
3070
3075
3073
3079
3090
3091
3096
3097
3105
3114
3117
3122
3128
3133
3139
3144
3150
3155
3161
3167
3167
3172
3180
3188
3192
3192
3196
3207
3210
3213
3218
3220
3224
3229
3230
3232
3236
3236
3240
3241
