4706
4703
4702
4703
4698
4697
4692
4689
4686
4681
4677
4675
4669
4664
4662
4657
4651
4645
4640
4638
4635
4629
4626
4617
4612
4608
4605
4601
4597
4590
4587
4581
4579
4573
4569
4564
4559
4549
4550
4547
4546
4542
4533
4534
4531
4527
4519
4514
4514
4515
4513
4509
4504
4505
4499
4495
4495
4493
4488
4487
4485
4482
4480
4477
4474
4467
4465
4468
4466
4458
4458
4458
4460
4460
4457
4456
4454
4452
4452
4451
4448
4447
4447
4442
4441
4439
4434
4432
4426
4424
4427
4425
4418
4416
4416
4417
4414
4412
4410
4407
4407
4406
4404
4403
4398
4398
4405
4403
4402
4402
4402
4397
4395
4399
4398
4389
4391
4388
4390
4389
4383
4383
4389
4383
4382
4382
4381
4379
4379
4378
4376
4377
4376
4374
4376
4374
4374
4376
4374
4375
4376
4379
4379
4375
4377
4382
4381
4383
4381
4383
4378
4378
4381
4379
4376
4371
4372
4374
4373
4372
4369
4366
4367
4365
4365
4363
4365
4361
4361
4361
4359
4360
4360
4356
4357
4365
4361
4361
4360
4359
4359
4361
4356
4355
4362
4360
4361
4361
4359
4361
4362
4362
4365
4364
4361
4365
4368
4367
4365
4363
4361
4357
4356
4362
4357
4355
4356
4349
4349
4349
4352
4351
4349
4348
4348
4347
4347
4347
4346
4346
4346
4344
4343
4342
4341
4339
4342
4339
4335
4335
4338
4339
4338
4331
4332
4338
4335
4334
4335
4334
4333
4333
4334
4334
4331
4331
4332
4331
4331
4333
4335
4332
4336
4345
4347
4348
4348
4349
4346
4345
4343
4343
4341
4335
4338
4341
4337
4338
4341
4339
4337
4337
4337
4333
4328
4330
4333
4331
4331
4324
4325
4328
4328
4319
4321
4322
4324
4327
4326
4325
4327
4330
4330
4332
4333
4334
4334
4334
4335
4335
4334
4335
4329
4330
4336
4333
4331
4332
4331
4331
4332
4333
4332
4331
4331
4331
4328
4329
4331
4335
4330
4332
4336
4337
4337
4333
4335
4341
4341
4342
4343
4342
4346
4347
4349
4352
4352
4352
4355
4355
4355
4359
4360
4355
4358
4365
4365
4365
4363
4363
4372
4373
4367
4371
4372
4377
4378
4380
4383
4383
4387
4389
4391
4393
4394
4398
4396
4399
4408
4409
4410
4408
4412
4417
4421
4420
4421
4423
4423
4428
4430
4432
4432
4435
4442
4446
4450
4453
4455
4458
4464
4468
4470
4474
4472
4476
4482
4483
4487
4490
4490
4496
4499
4501
4508
4510
4514
4515
4516
4521
4527
4530
4530
4532
4543
4544
4549
4554
4557
4561
4566
4565
4571
4575
4585
4587
4592
4599
4600
4608
4611
4616
4623
4628
4635
4634
4644
4654
4663
4666
4676
4681
4688
4697
4699
4704
4714
4726
4733
4742
4750
4757
4764
4773
4779
4787
4791
4801
4810
4816
4822
4828
4839
4849
4858
4862
4870
4886
4891
4902
4909
4919
4922
4932
4949
4956
4966
4975
4986
4996
5004
5017
5028
5039
5051
5060
5074
5085
5095
5108
5127
5140
5150
5160
5172
5180
5189
5209
5218
5229
5242
5254
5264
5275
5296
5305
5320
5335
5347
5363
5378
5393
5406
5421
5433
5445
5458
5468
5476
5486
5505
5516
5525
5537
5549
5568
5578
5595
5607
5618
5632
5643
5658
5671
5682
5698
5712
5726
5741
5754
5769
5780
5795
5818
5832
5847
5859
5877
5895
5914
5924
5945
5966
5982
5998
6014
6031
6047
6063
6079
6097
6114
6129
6147
6159
6179
6199
6216
6230
6248
6262
6278
6297
6312
6328
6345
6361
6377
6393
6410
6426
6440
6466
6481
6495
6509
6524
6547
6560
6575
6595
6607
6626
6639
6656
6670
6683
6698
6719
6733
6751
6764
6776
6794
6807
6817
6832
6850
6865
6880
6892
6909
6915
6933
6951
6964
6980
6994
7009
7028
7038
7049
7065
7079
7100
7114
7127
7141
7155
7171
7184
7195
7209
7229
7242
7256
7273
7284
7298
7313
7327
7338
7352
7368
7390
7401
7417
7429
7442
7451
7460
7460
7470
7481
7491
7500
7506
7520
7528
7543
7555
7569
7586
7609
7624
7637
7654
7677
7689
7703
7720
7733
7749
7760
7776
7786
7799
7812
7822
7835
7848
7858
7871
7882
7891
7906
7914
7927
7934
7947
7964
7972
7984
7988
7998
8005
8014
8027
8035
8050
8056
8069
8085
8095
8099
8111
8124
8135
8143
8145
8151
8163
8162
8158
8162
8163
8171
8175
8178
8180
8198
8205
8210
8222
8233
8246
8258
8269
8283
8294
8311
8324
8332
8347
8350
8363
8381
8385
8392
8396
8398
8413
8412
8416
8417
8420
8423
8428
8434
8443
8446
8453
8457
8464
8474
8490
8497
8508
8520
8529
8537
8544
8545
8553
8561
8565
8572
8572
8582
8587
8594
8599
8608
8624
8628
8640
8647
8656
8664
8670
8671
8676
8684
8690
8690
8693
8693
8697
8704
8713
8715
8720
8722
8727
8734
8740
8750
8757
8764
8771
8778
8794
8806
8807
8819
8834
8836
8839
8840
8844
8857
8861
8860
8872
8876
8891
8902
8903
8908
8907
8914
8922
8927
8930
8938
8944
8954
8965
8971
8985
8998
9003
9013
9023
9030
9040
9049
9056
9065
9071
9077
9083
9085
9091
9098
9105
9108
9110
9116
9125
9127
9133
9137
9138
9145
9146
9151
9159
9155
9159
9164
9172
9170
9171
9171
9169
9171
9168
9164
9164
9163
9159
9156
9153
9147
9145
9144
9148
9145
9137
9137
9146
9145
9148
9148
9150
9161
9159
9161
9164
9166
9170
9172
9177
9178
9179
9186
9186
9189
9194
9191
9190
9197
9193
9194
9191
9190
9190
9190
9190
9191
9179
9179
9178
9175
9172
9161
9159
9155
9148
9147
9148
9146
9143
9146
9144
9148
9154
9159
9164
9164
9171
9180
9180
9183
9186
9186
9186
9186
9180
9186
9193
9190
9189
9187
9189
9193
9192
9189
9189
9189
9187
9185
9181
9181
9185
9186
9181
9180
9183
9178
9178
9186
9184
9186
9187
9187
9186
9186
9177
9179
9182
9179
9173
9169
9167
9169
9166
9162
9165
9168
9171
9170
9168
9171
9176
9177
9177
9176
9174
9176
9172
9175
9173
9171
9167
9166
9162
9161
9154
9150
9153
9147
9143
9140
9133
9129
9123
9119
9114
9108
9102
9099
9094
9093
9091
9087
9080
9081
9084
9079
9076
9069
9069
9074
9071
9066
9063
9067
9066
9064
9063
9058
9055
9055
9046
9048
9044
9045
9045
9034
9038
9043
9042
9041
9041
9042
9042
9041
9041
9041
9036
9038
9031
9028
9026
9022
9021
9013
9010
9008
9013
9008
9004
9002
9001
8999
8999
8994
8993
8997
8993
8988
8988
8990
8991
8991
8992
8988
8987
8982
8979
8977
8972
8971
8968
8963
8963
8956
8954
8946
8943
8936
8933
8930
8924
8920
8912
8902
8897
8898
8893
8878
8873
8870
8863
8850
8841
8834
8824
8821
8823
8815
8809
8800
8794
8798
8794
8789
8790
8792
8799
8796
8800
8801
8801
8803
8798
8802
8801
8795
8797
8789
8789
8786
8785
8785
8775
8779
8781
8778
8774
8771
8771
8769
8768
8767
8757
8754
8748
8734
8725
8711
8693
8678
8655
8642
8633
8615
8602
8584
8573
8566
8558
8551
8543
8538
8528
8528
8530
8524
8523
8518
8517
8514
8509
8507
8500
8487
8486
8488
8485
8480
8470
8468
8472
8466
8466
8461
8461
8462
8460
8463
8461
8462
8462
8457
8458
8460
8464
8463
8462
8462
8450
8455
8453
8454
8449
8438
8437
8440
8432
8428
8423
8420
8416
8407
8395
8394
8388
8381
8371
8366
8359
8352
8345
8344
8334
8332
8327
8315
8308
8305
8299
8288
8283
8277
8267
8261
8253
8245
8236
8220
8212
8201
8199
8188
8180
8173
8162
8153
8148
8149
8140
8139
8133
8124
8123
8121
8124
8119
8116
8114
8108
8105
8097
8092
8089
8089
8084
8070
8069
8071
8065
8057
8051
8052
8053
8052
8047
8044
8044
8041
8042
8041
8041
8040
8042
8044
8046
8045
8042
8043
8041
8041
8033
8035
8033
8040
8036
8035
8030
8030
8023
8018
8013
8004
8001
7994
7985
7981
7980
7972
7964
7956
7947
7932
7926
7925
7914
7906
7892
7887
7880
7873
7854
7853
7848
7844
7835
7827
7822
7811
7806
7796
7790
7784
7775
7770
7774
7767
7765
7762
7759
7758
7751
7750
7747
7742
7739
7738
7731
7729
7722
7719
7719
7713
7704
7703
7699
7700
7696
7687
7685
7686
7682
7678
7669
7668
7668
7664
7657
7654
7649
7645
7638
7628
7621
7623
7616
7613
7607
7601
7598
7594
7589
7583
7576
7575
7569
7565
7558
7553
7547
7540
7534
7528
7521
7521
7523
7518
7507
7506
7504
7497
7493
7480
7476
7473
7466
7457
7448
7443
7436
7430
7416
7415
7414
7407
7401
7395
7388
7386
7378
7376
7368
7365
7359
7356
7354
7350
7346
7340
7337
7331
7328
7319
7313
7301
7297
7297
7287
7278
7274
7270
7260
7255
7255
7247
7236
7229
7224
7223
7210
7203
7194
7181
7174
7169
7164
7158
7150
7145
7141
7134
7130
7123
7120
7115
7113
7107
7104
7091
7090
7083
7086
7079
7069
7067
7068
7063
7059
7054
7051
7054
7050
7050
7045
7046
7042
7041
7039
7040
7038
7038
7032
7032
7031
7034
7030
7025
7022
7018
7017
7013
7008
7007
7001
6999
6996
6996
6990
6986
6984
6988
6984
6982
6979
6977
6977
6970
6963
6958
6963
6958
6952
6945
6939
6930
6920
6912
6904
6898
6888
6882
6872
6866
6865
6858
6844
6837
6834
6825
6815
6803
6796
6796
6789
6783
6772
6766
6758
6751
6745
6739
6734
6729
6722
6721
6717
6709
6708
6702
6702
6692
6689
6684
6684
6680
6668
6665
6668
6659
6651
6643
6636
6638
6632
6627
6622
6619
6613
6611
6603
6601
6596
6594
6591
6589
6584
6577
6574
6579
6575
6568
6569
6564
6561
6560
6558
6555
6554
6553
6549
6543
6541
6546
6542
6535
6533
6540
6536
6536
6535
6532
6525
6521
6527
6521
6515
6510
6504
6500
6494
6492
6485
6481
6472
6471
6472
6467
6465
6463
6454
6450
6449
6453
6450
6448
6446
6446
6441
6439
6431
6427
6420
6414
6409
6401
6392
6386
6378
6372
6367
6352
6349
6347
6340
6335
6326
6318
6321
6313
6308
6303
6297
6292
6285
6276
6271
6274
6268
6262
6251
6249
6247
6244
6237
6235
6228
6226
6219
6217
6213
6209
6204
6202
6197
6195
6191
6191
6191
6189
6184
6184
6184
6185
6184
6179
6178
6183
6180
6172
6176
6177
6182
6181
6174
6172
6178
6176
6170
6165
6163
6158
6155
6151
6149
6147
6144
6142
6140
6137
6137
6135
6137
6129
6128
6123
6121
6117
6115
6111
6110
6104
6095
6091
6092
6089
6079
6079
6076
6077
6073
6066
6061
6066
6061
6059
6057
6051
6043
6039
6041
6036
6033
6029
6026
6022
6019
6015
6013
6011
6007
6003
6001
5999
5998
5995
5994
5994
5996
5996
5991
5986
5983
5985
5980
5971
5968
5965
5967
5962
5960
5955
5942
5944
5940
5941
5934
5930
5928
5933
5931
5925
5925
5921
5921
5916
5914
5908
5901
5899
5899
5897
5896
5887
5888
5888
5886
5882
5882
5880
5871
5870
5873
5868
5865
5862
5859
5852
5852
5849
5844
5840
5836
5834
5829
5826
5821
5819
5813
5814
5807
5799
5799
5803
5798
5795
5791
5791
5788
5788
5786
5786
5784
5784
5784
5783
5780
5778
5778
5768
5768
5769
5762
5756
5751
5747
5742
5739
5733
5730
5721
5720
5716
5720
5714
5707
5705
5711
5706
5704
5701
5697
5698
5696
5691
5691
5686
5683
5679
5684
5677
5670
5666
5670
5665
5661
5660
5656
5654
5649
5639
5640
5636
5638
5634
5627
5625
5630
5627
5623
5623
5620
5619
5619
5614
5612
5611
5608
5606
5600
5598
5597
5593
5590
5589
5585
5578
5575
5578
5575
5574
5570
5570
5563
5561
5567
5566
5565
5565
5559
5557
5557
5558
5559
5548
5547
5550
5545
5541
5537
5531
5524
5519
5523
5517
5516
5511
5508
5503
5502
5500
5498
5489
5491
5487
5493
5488
5490
5485
5487
5485
5486
5486
5486
5481
5484
5481
5481
5477
5474
5472
5475
5472
5465
5463
5469
5463
5461
5460
5457
5456
5452
5451
5448
5448
5444
5442
5441
5441
5440
5437
5434
5431
5432
5437
5433
5427
5427
5431
5430
5429
5427
5424
5423
5420
5420
5416
5417
5413
5413
5405
5407
5412
5407
5404
5401
5402
5405
5404
5402
5401
5398
5401
5398
5396
5396
5394
5395
5394
5393
5391
5392
5391
5389
5391
5398
5395
5393
5388
5387
5389
5387
5379
5375
5376
5374
5368
5366
5363
5357
5354
5356
5353
5349
5344
5341
5345
5343
5341
5339
5337
5337
5334
5334
5331
5332
5335
5332
5330
5330
5327
5324
5322
5317
5314
5315
5310
5309
5306
5298
5297
5302
5298
5292
5293
5291
5289
5290
5281
5283
5284
5281
5277
5274
5273
5276
5274
5264
5265
5262
5267
5263
5262
5260
5252
5254
5254
5255
5251
5252
5253
5253
5255
5256
5253
5252
5247
5244
5249
5245
5242
5241
5236
5234
5233
5230
5227
5222
5222
5221
5222
5221
5219
5218
5211
5213
5213
5212
5209
5207
5203
5199
5200
5204
5203
5201
5200
5197
5196
5195
5192
5191
5186
5185
5183
5181
5179
5176
5172
5171
5167
5167
5162
5162
5159
5158
5156
5155
5155
5148
5149
5149
5147
5141
5144
5143
5146
5141
5138
5137
5142
5138
5139
5137
5136
5132
5134
5133
5130
5130
5129
5128
5126
5122
5123
5121
5115
5119
5118
5121
5118
5111
5108
5112
5109
5108
5104
5105
5098
5100
5104
5105
5104
5105
5104
5102
5102
5108
5106
5105
5102
5099
5098
5097
5092
5092
5082
5083
5082
5082
5076
5077
5078
5076
5078
5074
5074
5071
5063
5064
5069
5069
5059
5063
5063
5064
5061
5054
5050
5052
5049
5045
5043
5038
5036
5033
5030
5027
5024
5020
5019
5016
5015
5010
5010
5007
5005
5000
4998
4996
5000
4995
4989
4988
4993
4990
4988
4989
4988
4981
4983
4988
4985
4985
4982
4984
4983
4985
4980
4983
4986
4990
4988
4984
4983
4990
4986
4984
4980
4979
4976
4975
4970
4969
4966
4965
4963
4960
4960
4956
4957
4949
4951
4952
4952
4952
4950
4951
4948
4951
4947
4949
4946
4948
4947
4948
4948
4946
4947
4948
4951
4950
4944
4943
4948
4945
4939
4937
4936
4942
4939
4939
4936
4933
4933
4931
4931
4930
4929
4928
4921
4922
4920
4924
4919
4919
4917
4910
4912
4911
4916
4910
4911
4909
4912
4910
4905
4905
4906
4912
4911
4908
4910
4918
4919
4915
4919
4915
4916
4914
4909
4910
4907
4904
4902
4898
4897
4892
4892
4894
4894
4893
4886
4887
4891
4890
4889
4887
4888
4886
4885
4885
4884
4885
4883
4880
4877
4878
4878
4875
4870
4871
4873
4869
4871
4870
4867
4863
4864
4864
4860
4859
4857
4855
4850
4851
4857
4856
4854
4854
4852
4856
4853
4848
4847
4849
4847
4846
4842
4843
4841
4840
4840
4838
4839
4837
4838
4832
4834
4837
4836
4836
4835
4834
4833
4832
4829
4829
4827
4826
4825
4820
4820
4826
4823
4826
4825
4826
4827
4827
4828
4828
4830
4831
4828
4829
4826
4822
4819
4825
4821
4818
4819
4816
4815
4815
4810
4807
4815
4811
4812
4805
4806
4806
4807
4797
4801
4800
4803
4802
4803
4801
4801
4801
4799
4799
4795
4792
4790
4796
4793
4794
4791
4791
4791
4788
4785
4785
4789
4785
4785
4784
4782
4782
4781
4776
4775
4780
4779
4778
4776
4776
4775
4776
4775
4773
4775
4773
4772
4773
4771
4768
4767
4769
4769
4770
4762
4764
4767
4766
4760
4759
4761
4764
4767
4763
4764
4763
4765
4765
4763
4765
4762
4765
4765
4762
4761
4756
4757
4758
4759
4755
4755
4749
4748
4750
4751
4750
4750
4747
4747
4746
4743
4743
4742
4738
4739
4738
4738
4734
4730
4732
4726
4724
4729
4727
4720
4719
4720
4723
4721
4723
4724
4722
4721
4722
4719
4718
4723
4723
4719
4718
4718
4722
4720
4714
4718
4722
4723
4724
4724
4725
4723
4721
4723
4722
4722
4722
4720
4718
4718
4719
4719
4715
4714
4711
4710
4710
4709
4706
4707
4707
4707
4707
4707
4702
4699
4703
4700
4698
4695
4694
4689
4691
4693
4691
4684
4686
4687
4688
4689
4685
4687
4686
4685
4685
4683
4684
4683
4683
4684
4681
4683
4681
4683
4682
4683
4682
4681
4677
4678
4681
4682
4682
4679
4678
4684
4680
4675
4676
4675
4681
4678
4675
4674
4679
4677
4676
4671
4671
4674
4674
4669
4671
4671
4669
4671
4670
4669
4673
4671
4670
4671
4670
4666
4667
4669
4669
4669
4663
4665
4665
4668
4670
4672
4668
4667
4670
4675
4671
4673
4673
4672
4672
4680
4678
4676
4676
4673
4671
4669
4665
4663
4661
4659
4657
4656
4653
4652
4653
4647
4644
4643
4646
4645
4643
4645
4643
4644
4641
4643
4642
4642
4643
4634
4636
4635
4640
4638
4632
4635
4636
4634
4632
4627
4629
4633
4633
4627
4630
4635
4635
4633
4627
4631
4634
4634
4631
4629
4628
4627
4627
4627
4623
4622
4622
4621
4618
4618
4616
4615
4616
4613
4607
4608
4607
4609
4606
4599
4599
4605
4602
4601
4600
4596
4597
4598
4594
4595
4595
4592
4593
4588
4588
4592
4591
4585
4587
4588
4593
4593
4591
4589
4591
4588
4588
4587
4585
4585
4585
4583
4584
4582
4584
4585
4578
4581
4584
4583
4576
4579
4579
4586
4583
4583
4583
4583
4583
4580
4582
4580
4577
4577
4583
4580
4580
4577
4579
4577
4579
4575
4575
4568
4569
4566
4570
4567
4566
4564
4563
4564
4563
4563
4562
4558
4561
4568
4565
4563
4564
4563
4565
4562
4560
4560
4568
4565
4566
4564
4565
4559
4559
4564
4565
4562
4562
4560
4568
4567
4566
4565
4564
4563
4562
4560
4557
4559
4555
4556
4555
4552
4553
4552
4549
4548
4555
4555
4555
4549
4551
4553
4552
4548
4547
4547
4540
4542
4545
4549
4548
4550
4550
4551
4550
4551
4552
4547
4550
4555
4552
4550
4547
4547
4544
4544
4541
4542
4538
4532
4536
4537
4538
4532
4531
4538
4533
4534
4531
4531
4531
4528
4530
4528
4528
4528
4528
4531
4531
4526
4525
4530
4533
4535
4533
4533
4539
4538
4542
4541
4543
4540
4541
4539
4537
4536
4535
4533
4530
4530
4528
4529
4526
4526
4525
4520
4521
4522
4522
4515
4514
4521
4515
4517
4513
4515
4507
4511
4516
4512
4513
4511
4510
4507
4509
4512
4513
4511
4511
4509
4511
4512
4507
4510
4515
4516
4514
4514
4510
4514
4512
4513
4514
4512
4511
4509
4514
4510
4507
4505
4506
4508
4507
4507
4505
4506
4505
4506
4503
4504
4502
4503
4501
4502
4501
4501
4502
4500
4501
4498
4499
4493
4494
4498
4499
4499
4494
4498
4499
4498
4495
4496
4493
4492
4489
4496
4493
4495
4494
4493
4494
4493
4489
4491
4494
4494
4492
4490
4489
4491
4489
4491
4490
4491
4488
4490
4486
4490
4496
4497
4491
4493
4494
4496
4496
4491
4491
4494
4493
4489
4489
4489
4488
4488
4484
4484
4490
4487
4485
4486
4483
4482
4481
4478
4477
4479
4476
4477
4478
4474
4474
4475
4475
4474
4476
4474
4475
4472
4475
4482
4483
4482
4480
4480
4486
4482
4477
4476
4475
4478
4474
4473
4474
4465
4469
4468
4469
4467
4468
4466
4466
4464
4461
4460
4460
4459
4459
4458
4458
4455
4457
4457
4455
4456
4453
4452
4449
4449
4452
4453
4452
4455
4455
4451
4454
4458
4457
4454
4454
4455
4457
4456
4450
4453
4451
4454
4454
4452
4453
4449
4450
4453
4455
4455
4455
4456
4455
4455
4456
4454
4453
4454
4454
4452
4451
4445
4447
4447
4452
4451
4448
4449
4455
4455
4455
4453
4456
4460
4461
4460
4460
4456
4456
4457
4461
4460
4456
4454
4454
4451
4449
4446
4445
4445
4443
4442
4441
4439
4438
4436
4436
4437
4432
4431
4435
4436
4434
4432
4433
4435
4434
4436
4435
4436
4434
4432
4438
4437
4436
4437
4439
4441
4441
4438
4436
4439
4437
4436
4432
4432
4432
4432
4431
4432
4433
4431
4432
4432
4432
4431
4431
4427
4429
4427
4430
4428
4422
4425
4428
4425
4422
4421
4423
4427
4426
4425
4423
4420
4421
4424
4425
4426
4425
4428
4433
4433
4434
4431
4431
4429
4427
4427
4424
4421
4420
4421
4415
4416
4420
4417
4411
4410
4414
4415
4413
4412
4410
4403
4406
4406
4411
4411
4410
4411
4412
4412
4408
4408
4407
4403
4405
4399
4397
4404
4400
4400
4399
4399
4400
4400
4398
4400
4402
4400
4401
4399
4399
4395
4398
4402
4402
4400
4401
4404
4403
4404
4405
4404
4403
4403
4402
4395
4397
4402
4400
4396
4392
4391
4394
4394
4393
4393
4385
4388
4389
4391
4391
4390
4388
4390
4389
4387
4388
4387
4382
4385
4390
4386
4386
4384
4383
4388
4388
4385
4386
4383
4382
4386
4389
4388
4387
4386
4387
4385
4384
4386
4382
4384
4386
4385
4388
4388
4384
4384
4389
4389
4387
4388
4388
4386
4384
4385
4384
4383
4384
4382
4382
4382
4381
4379
4376
4375
4379
4379
4378
4375
4376
4377
4378
4373
4373
4376
4376
4374
4373
4375
4373
4372
4375
4377
4378
4377
4378
4380
4381
4377
4379
4375
4377
4375
4376
4378
4377
4377
4379
4379
4378
4379
4376
4375
4375
4370
4369
4370
4372
4373
4367
4369
4377
4377
4376
4375
4378
4381
4381
4378
4379
4380
4378
4378
4374
4371
4376
4375
4366
4369
4367
4371
4368
4365
4366
4361
4360
4360
4357
4356
4353
4352
4352
4351
4351
4353
4351
4354
4357
4356
4358
4357
4357
4360
4360
4358
4359
4357
4356
4354
4355
4356
4354
4357
4355
4352
4351
4353
4354
4351
4349
4348
4354
4351
4348
4348
4350
4353
4354
4351
4350
4356
4354
4351
4352
4350
4346
4348
4352
4352
4353
4353
4357
4364
4366
4367
4371
4381
4386
4390
4396
4404
4410
4417
4422
4431
4440
4452
4460
4470
4477
4485
4495
4499
4506
4517
4528
4536
4546
4551
4559
4568
4574
4582
4590
4595
4604
4604
4613
4620
4631
4635
4640
4645
4650
4651
4656
4658
4660
4661
4660
