4604
4601
4595
4595
4597
4595
4588
4585
4584
4579
4576
4566
4565
4561
4560
4554
4546
4543
4543
4538
4533
4526
4521
4519
4515
4509
4504
4501
4497
4493
4489
4486
4482
4481
4477
4471
4468
4463
4458
4461
4455
4448
4446
4442
4440
4436
4431
4430
4424
4420
4412
4409
4408
4408
4406
4403
4399
4397
4394
4390
4386
4384
4381
4380
4386
4380
4377
4377
4375
4368
4366
4370
4368
4364
4362
4361
4360
4359
4353
4352
4357
4354
4350
4348
4347
4345
4340
4342
4338
4335
4334
4334
4329
4328
4332
4329
4323
4324
4324
4326
4324
4324
4322
4315
4315
4315
4317
4316
4314
4311
4311
4310
4310
4308
4308
4306
4308
4306
4307
4305
4305
4303
4299
4298
4301
4297
4297
4297
4295
4296
4295
4288
4288
4293
4292
4291
4288
4286
4292
4290
4289
4287
4284
4283
4285
4288
4288
4291
4290
4293
4295
4296
4293
4294
4300
4301
4300
4299
4301
4302
4302
4300
4298
4296
4293
4290
4290
4289
4287
4286
4280
4282
4285
4281
4278
4274
4276
4284
4282
4276
4277
4281
4282
4282
4280
4278
4277
4275
4273
4273
4274
4274
4274
4273
4275
4276
4275
4274
4274
4273
4270
4270
4276
4275
4273
4266
4267
4271
4269
4263
4262
4265
4265
4265
4261
4261
4263
4261
4262
4260
4258
4256
4256
4253
4253
4251
4251
4249
4249
4249
4249
4249
4247
4246
4242
4244
4243
4247
4246
4243
4244
4250
4247
4247
4248
4246
4245
4246
4248
4250
4249
4245
4247
4251
4250
4248
4248
4249
4248
4247
4244
4247
4247
4246
4240
4243
4245
4250
4249
4242
4243
4249
4248
4248
4248
4249
4247
4246
4246
4247
4247
4247
4245
4243
4243
4246
4245
4246
4245
4244
4240
4241
4248
4247
4241
4243
4244
4249
4250
4247
4249
4252
4252
4249
4250
4253
4257
4255
4255
4254
4253
4253
4253
4255
4253
4249
4249
4254
4253
4253
4253
4255
4253
4254
4259
4260
4261
4262
4263
4259
4262
4268
4268
4268
4270
4270
4270
4270
4272
4272
4274
4275
4277
4277
4279
4278
4281
4281
4283
4284
4286
4287
4286
4287
4293
4292
4292
4293
4296
4293
4295
4300
4299
4298
4300
4301
4307
4308
4310
4311
4307
4310
4318
4318
4319
4321
4324
4327
4331
4334
4334
4336
4335
4338
4345
4345
4348
4350
4353
4357
4359
4361
4364
4368
4372
4375
4376
4381
4382
4387
4395
4399
4402
4408
4410
4416
4424
4425
4432
4431
4437
4442
4449
4452
4457
4463
4469
4474
4478
4481
4486
4489
4493
4493
4496
4507
4510
4513
4517
4522
4523
4530
4540
4547
4553
4556
4562
4576
4581
4586
4592
4600
4606
4611
4619
4625
4632
4638
4640
4647
4653
4663
4669
4675
4680
4688
4696
4702
4711
4718
4730
4741
4745
4755
4767
4776
4786
4794
4806
4812
4821
4827
4836
4849
4860
4869
4880
4890
4900
4912
4922
4932
4942
4952
4965
4976
4986
4995
5003
5016
5031
5043
5053
5065
5075
5087
5100
5111
5122
5128
5142
5158
5168
5176
5185
5197
5213
5226
5238
5250
5262
5275
5289
5296
5311
5328
5339
5343
5361
5373
5392
5404
5417
5428
5442
5456
5469
5483
5494
5506
5522
5543
5553
5563
5573
5584
5596
5607
5617
5629
5641
5650
5663
5673
5682
5694
5707
5717
5729
5739
5751
5763
5771
5785
5803
5814
5823
5835
5849
5867
5881
5897
5915
5929
5944
5960
5976
5988
5997
6012
6029
6041
6056
6069
6085
6104
6120
6137
6152
6169
6188
6201
6213
6227
6248
6261
6276
6292
6305
6322
6337
6351
6370
6393
6408
6425
6444
6461
6480
6496
6510
6523
6533
6545
6556
6574
6589
6597
6612
6632
6645
6656
6667
6680
6693
6707
6713
6724
6736
6752
6761
6771
6783
6795
6809
6820
6834
6845
6856
6869
6881
6892
6906
6921
6934
6951
6965
6977
6994
7017
7033
7047
7063
7081
7096
7112
7129
7146
7157
7175
7195
7215
7230
7238
7250
7272
7282
7293
7301
7309
7324
7335
7338
7351
7365
7377
7389
7399
7412
7421
7430
7441
7450
7459
7471
7479
7487
7503
7524
7533
7546
7559
7568
7580
7593
7605
7619
7630
7639
7656
7676
7684
7692
7711
7730
7747
7761
7775
7790
7804
7821
7835
7851
7866
7880
7894
7909
7921
7935
7945
7953
7961
7968
7977
7982
7986
7991
7993
7995
7997
7993
7996
8005
8008
8017
8027
8034
8044
8055
8072
8083
8097
8110
8125
8139
8150
8162
8178
8184
8200
8218
8231
8245
8251
8261
8278
8287
8297
8304
8313
8320
8328
8334
8342
8344
8354
8361
8368
8373
8379
8384
8383
8391
8402
8410
8419
8424
8438
8451
8458
8466
8475
8483
8493
8502
8512
8519
8523
8533
8547
8564
8575
8586
8598
8610
8625
8634
8648
8658
8667
8677
8683
8691
8692
8703
8713
8723
8729
8731
8735
8739
8740
8747
8755
8761
8771
8779
8783
8797
8811
8823
8832
8839
8849
8862
8866
8868
8867
8865
8865
8858
8847
8847
8851
8850
8848
8846
8845
8846
8848
8852
8853
8852
8857
8856
8864
8867
8871
8875
8877
8882
8889
8893
8900
8906
8909
8906
8915
8919
8921
8916
8913
8906
8896
8896
8899
8897
8896
8892
8894
8900
8899
8901
8899
8899
8897
8897
8897
8901
8902
8902
8905
8903
8907
8918
8923
8922
8930
8941
8946
8950
8958
8960
8967
8973
8973
8984
8991
9002
9011
9018
9026
9035
9042
9049
9051
9056
9066
9068
9070
9071
9070
9068
9064
9058
9053
9045
9042
9043
9043
9044
9043
9045
9039
9040
9044
9038
9033
9025
9022
9024
9021
9015
9012
9011
9009
9007
9001
9003
9007
9007
9007
9010
9012
9015
9014
9021
9024
9029
9029
9034
9040
9042
9038
9041
9050
9054
9053
9057
9059
9070
9071
9071
9072
9074
9073
9071
9067
9060
9056
9046
9042
9035
9026
9016
9005
8988
8978
8972
8959
8943
8932
8919
8913
8904
8891
8888
8892
8891
8888
8886
8889
8899
8897
8902
8907
8909
8909
8910
8908
8907
8903
8899
8900
8894
8892
8889
8884
8877
8871
8866
8863
8863
8861
8865
8862
8869
8879
8880
8879
8879
8881
8887
8889
8884
8883
8890
8890
8887
8884
8886
8893
8891
8887
8891
8894
8898
8896
8895
8896
8894
8893
8890
8885
8877
8872
8865
8857
8850
8843
8837
8836
8834
8833
8831
8833
8840
8839
8840
8837
8842
8845
8843
8844
8845
8842
8836
8835
8836
8830
8819
8813
8809
8801
8793
8784
8778
8769
8764
8759
8753
8749
8743
8738
8732
8729
8723
8720
8713
8704
8702
8703
8699
8697
8696
8689
8691
8694
8699
8697
8691
8689
8692
8687
8678
8670
8670
8671
8668
8667
8665
8663
8661
8660
8666
8664
8660
8655
8652
8648
8644
8636
8628
8616
8605
8594
8580
8564
8552
8535
8526
8516
8504
8497
8486
8476
8472
8474
8471
8468
8462
8459
8457
8453
8454
8456
8445
8444
8451
8446
8448
8448
8449
8445
8446
8456
8453
8454
8451
8454
8460
8459
8460
8460
8459
8458
8458
8453
8454
8458
8460
8455
8458
8456
8452
8455
8462
8455
8447
8438
8425
8417
8409
8402
8396
8392
8385
8376
8373
8368
8372
8366
8361
8357
8352
8347
8342
8333
8324
8318
8310
8295
8293
8286
8282
8273
8266
8257
8249
8243
8236
8230
8222
8214
8205
8193
8185
8186
8175
8171
8163
8158
8160
8156
8147
8144
8143
8147
8146
8141
8138
8147
8142
8139
8136
8133
8131
8130
8127
8126
8126
8123
8122
8120
8118
8116
8113
8111
8106
8104
8101
8096
8094
8091
8079
8077
8081
8076
8073
8066
8062
8068
8060
8053
8050
8051
8053
8049
8044
8041
8036
8032
8028
8022
8017
8015
8010
8004
8000
7994
7993
7989
7980
7978
7979
7975
7963
7959
7953
7958
7956
7950
7946
7934
7933
7930
7927
7921
7911
7908
7909
7902
7897
7889
7884
7877
7873
7867
7860
7858
7853
7848
7843
7837
7832
7824
7817
7805
7801
7790
7782
7770
7767
7765
7758
7746
7742
7738
7737
7734
7729
7723
7715
7715
7711
7713
7707
7705
7700
7696
7689
7682
7673
7670
7667
7661
7657
7652
7646
7640
7636
7630
7628
7630
7622
7617
7610
7606
7604
7599
7585
7582
7583
7576
7568
7564
7558
7554
7549
7545
7539
7536
7532
7527
7516
7513
7513
7507
7501
7499
7495
7491
7486
7482
7479
7472
7468
7470
7469
7466
7461
7460
7453
7451
7450
7447
7444
7440
7432
7424
7420
7422
7417
7412
7407
7402
7391
7386
7390
7385
7376
7370
7367
7356
7354
7357
7349
7338
7331
7325
7321
7311
7307
7296
7280
7276
7270
7265
7256
7242
7236
7237
7228
7220
7208
7200
7202
7194
7186
7183
7177
7174
7168
7163
7158
7153
7152
7147
7145
7141
7138
7133
7124
7124
7130
7125
7122
7117
7112
7110
7105
7102
7097
7090
7079
7076
7066
7059
7054
7047
7042
7036
7034
7027
7026
7030
7026
7020
7015
7010
7002
7001
7002
6999
6989
6988
6990
6988
6982
6982
6978
6978
6973
6964
6966
6965
6965
6963
6960
6954
6952
6946
6942
6936
6936
6929
6924
6920
6916
6907
6904
6901
6903
6897
6890
6887
6880
6877
6872
6861
6859
6858
6854
6842
6839
6837
6840
6836
6831
6825
6823
6824
6816
6811
6809
6812
6812
6807
6802
6790
6788
6784
6786
6782
6772
6768
6771
6765
6759
6753
6747
6742
6737
6731
6727
6718
6714
6708
6697
6695
6697
6691
6686
6679
6677
6677
6671
6667
6662
6659
6654
6649
6642
6638
6636
6630
6626
6619
6610
6606
6602
6602
6596
6593
6588
6584
6577
6574
6571
6564
6558
6554
6545
6543
6540
6539
6530
6526
6520
6514
6506
6495
6488
6485
6479
6472
6464
6461
6456
6448
6446
6432
6428
6429
6420
6415
6412
6406
6402
6399
6389
6387
6390
6387
6383
6378
6377
6375
6374
6367
6367
6373
6369
6365
6363
6359
6356
6349
6340
6337
6334
6333
6327
6320
6314
6312
6307
6305
6298
6297
6298
6296
6287
6286
6291
6288
6286
6278
6276
6279
6274
6272
6270
6267
6258
6256
6262
6258
6257
6253
6247
6246
6244
6247
6242
6240
6236
6232
6229
6225
6221
6218
6213
6211
6206
6200
6193
6189
6184
6177
6170
6158
6150
6149
6142
6133
6128
6124
6112
6110
6111
6107
6102
6101
6095
6086
6087
6090
6087
6081
6079
6076
6074
6072
6069
6069
6065
6061
6060
6056
6055
6042
6041
6046
6042
6037
6031
6031
6028
6027
6021
6020
6021
6022
6020
6014
6016
6020
6016
6013
6011
6009
6008
6004
5995
5996
6001
5997
5994
5991
5990
5985
5981
5985
5978
5976
5971
5969
5966
5963
5957
5956
5949
5944
5940
5939
5937
5931
5928
5924
5920
5918
5912
5909
5910
5908
5901
5898
5900
5904
5900
5896
5893
5892
5891
5889
5887
5885
5884
5883
5879
5876
5870
5872
5867
5867
5862
5860
5858
5849
5847
5845
5843
5839
5834
5830
5826
5824
5821
5817
5813
5805
5803
5805
5800
5798
5796
5794
5783
5781
5784
5780
5769
5764
5764
5763
5757
5752
5747
5746
5744
5739
5737
5732
5729
5726
5726
5723
5714
5713
5713
5716
5713
5712
5710
5705
5709
5704
5703
5703
5698
5697
5702
5701
5693
5690
5689
5693
5691
5689
5687
5685
5686
5684
5681
5680
5680
5676
5669
5671
5670
5674
5670
5668
5668
5660
5658
5661
5658
5656
5650
5646
5648
5646
5641
5637
5631
5632
5627
5618
5617
5619
5614
5611
5608
5605
5603
5600
5598
5594
5592
5589
5590
5586
5586
5581
5583
5578
5578
5573
5572
5566
5561
5557
5561
5556
5552
5545
5544
5546
5542
5535
5533
5535
5532
5531
5532
5529
5527
5524
5517
5519
5519
5520
5516
5518
5516
5515
5513
5513
5511
5510
5509
5506
5504
5501
5494
5493
5491
5492
5491
5486
5481
5478
5474
5468
5459
5457
5458
5456
5445
5443
5442
5443
5439
5437
5434
5433
5434
5427
5425
5425
5431
5430
5428
5426
5424
5421
5420
5416
5411
5408
5407
5403
5399
5395
5393
5390
5385
5385
5389
5385
5378
5377
5376
5377
5373
5367
5368
5371
5368
5366
5362
5359
5362
5361
5355
5355
5356
5356
5354
5356
5355
5354
5352
5352
5351
5352
5354
5355
5354
5353
5349
5346
5346
5341
5337
5333
5328
5328
5325
5323
5321
5320
5318
5316
5314
5309
5304
5302
5301
5304
5302
5298
5297
5297
5291
5289
5283
5282
5284
5280
5280
5279
5277
5275
5274
5272
5270
5264
5264
5265
5260
5257
5254
5257
5248
5247
5251
5248
5247
5244
5242
5239
5239
5237
5236
5233
5231
5230
5228
5228
5225
5220
5222
5220
5217
5219
5220
5214
5214
5220
5219
5219
5212
5210
5214
5211
5209
5203
5202
5201
5201
5193
5189
5192
5189
5181
5179
5178
5180
5175
5172
5169
5161
5164
5163
5164
5161
5158
5159
5149
5153
5150
5156
5149
5150
5149
5144
5143
5146
5148
5145
5142
5140
5139
5138
5133
5133
5132
5132
5132
5132
5132
5132
5129
5126
5124
5123
5126
5123
5122
5116
5117
5116
5113
5111
5112
5105
5106
5113
5109
5109
5104
5104
5110
5106
5103
5103
5102
5105
5102
5100
5099
5095
5092
5090
5088
5086
5082
5080
5081
5080
5080
5080
5082
5082
5082
5073
5075
5077
5073
5069
5064
5061
5065
5059
5059
5058
5055
5056
5053
5051
5049
5047
5046
5046
5046
5046
5040
5040
5044
5041
5038
5036
5032
5027
5026
5020
5017
5015
5012
5009
5004
5003
5006
5001
4997
4994
5001
4998
4994
4994
4992
4995
4991
4991
4990
4989
4988
4986
4987
4981
4983
4983
4981
4982
4982
4979
4977
4983
4981
4975
4979
4979
4983
4979
4981
4977
4978
4973
4974
4968
4968
4974
4969
4964
4965
4969
4967
4967
4963
4962
4967
4967
4964
4965
4963
4959
4957
4955
4951
4949
4948
4945
4944
4942
4936
4937
4943
4938
4939
4938
4935
4935
4933
4932
4932
4924
4926
4927
4929
4930
4929
4929
4928
4925
4926
4925
4927
4929
4929
4931
4933
4926
4929
4926
4931
4929
4927
4923
4921
4918
4917
4915
4913
4907
4908
4910
4907
4905
4899
4900
4901
4901
4898
4897
4894
4892
4896
4899
4899
4904
4902
4905
4903
4903
4904
4904
4901
4901
4891
4892
4889
4890
4888
4879
4878
4878
4874
4873
4869
4865
4864
4863
4864
4861
4856
4857
4857
4860
4860
4860
4860
4856
4855
4853
4855
4851
4850
4849
4849
4848
4848
4847
4847
4849
4845
4843
4840
4846
4844
4846
4840
4842
4843
4841
4836
4837
4835
4838
4832
4835
4835
4832
4832
4827
4826
4826
4830
4830
4828
4828
4828
4824
4826
4823
4822
4822
4820
4818
4815
4812
4809
4806
4799
4799
4801
4802
4800
4797
4798
4792
4790
4796
4791
4783
4785
4783
4784
4784
4782
4780
4780
4781
4778
4772
4775
4779
4777
4780
4776
4777
4774
4774
4773
4772
4772
4773
4771
4771
4770
4767
4765
4772
4773
4772
4774
4771
4772
4772
4766
4769
4772
4771
4768
4766
4768
4772
4768
4765
4766
4773
4771
4769
4770
4772
4767
4772
4775
4776
4774
4773
4776
4774
4775
4773
4773
4773
4771
4770
4764
4762
4766
4762
4758
4758
4754
4749
4749
4751
4750
4746
4748
4746
4745
4744
4741
4740
4740
4739
4737
4736
4736
4733
4734
4730
4730
4739
4738
4736
4735
4736
4732
4734
4726
4724
4726
4728
4725
4726
4722
4721
4720
4713
4713
4714
4720
4717
4718
4715
4716
4715
4716
4714
4714
4715
4715
4715
4714
4711
4711
4711
4711
4711
4705
4709
4714
4715
4716
4713
4711
4705
4702
4705
4699
4697
4695
4690
4683
4681
4687
4685
4681
4679
4678
4672
4673
4677
4673
4670
4667
4669
4672
4671
4672
4669
4671
4672
4671
4672
4672
4672
4672
4667
4669
4669
4673
4672
4667
4668
4668
4665
4663
4663
4661
4660
4659
4658
4654
4656
4655
4655
4656
4657
4656
4656
4652
4649
4650
4652
4648
4645
4647
4639
4642
4646
4645
4643
4639
4636
4643
4642
4639
4639
4639
4634
4632
4638
4636
4636
4636
4633
4631
4632
4628
4628
4621
4621
4625
4622
4622
4617
4615
4622
4618
4619
4617
4618
4620
4617
4618
4620
4619
4619
4620
4617
4620
4618
4617
4617
4616
4616
4615
4617
4610
4611
4615
4612
4611
4610
4609
4605
4603
4607
4607
4598
4600
4601
4601
4602
4593
4595
4600
4596
4597
4597
4596
4596
4591
4592
4591
4589
4589
4587
4582
4582
4586
4585
4577
4581
4582
4586
4586
4581
4584
4591
4590
4592
4592
4591
4591
4589
4589
4589
4588
4587
4588
4585
4587
4586
4586
4585
4583
4583
4585
4586
4587
4586
4587
4588
4585
4586
4588
4594
4592
4586
4587
4593
4588
4589
4588
4587
4584
4584
4576
4576
4571
4575
4568
4567
4564
4557
4555
4560
4559
4556
4550
4552
4555
4554
4552
4552
4551
4551
4551
4552
4551
4552
4553
4553
4551
4552
4553
4554
4553
4552
4551
4550
4549
4551
4550
4550
4551
4546
4547
4545
4547
4549
4546
4545
4548
4547
4544
4540
4543
4546
4543
4538
4541
4545
4544
4542
4544
4544
4543
4541
4541
4541
4540
4535
4533
4539
4537
4535
4534
4532
4531
4530
4528
4527
4525
4527
4521
4521
4522
4524
4523
4518
4519
4525
4524
4522
4521
4521
4517
4520
4526
4523
4524
4522
4523
4525
4523
4523
4522
4520
4518
4517
4517
4518
4518
4516
4511
4513
4515
4520
4518
4516
4517
4518
4518
4520
4516
4514
4519
4518
4512
4512
4514
4514
4513
4509
4507
4513
4510
4510
4509
4508
4507
4505
4506
4505
4507
4509
4511
4510
4512
4513
4513
4513
4516
4519
4522
4524
4521
4520
4523
4519
4517
4516
4514
4513
4511
4503
4500
4505
4500
4498
4493
4492
4493
4490
4483
4485
4488
4486
4484
4484
4482
4482
4482
4481
4479
4478
4472
4473
4477
4476
4475
4473
4472
4473
4473
4471
4471
4472
4471
4469
4467
4466
4467
4468
4463
4462
4466
4466
4468
4465
4467
4471
4468
4468
4469
4468
4465
4464
4468
4469
4462
4465
4468
4470
4469
4468
4469
4471
4471
4468
4469
4469
4472
4472
4473
4473
4474
4474
4472
4469
4469
4467
4467
4462
4463
4465
4463
4462
4455
4455
4457
4454
4455
4455
4454
4454
4452
4451
4451
4452
4451
4452
4450
4451
4450
4452
4452
4451
4449
4452
4454
4457
4458
4459
4462
4458
4459
4460
4464
4464
4462
4459
4458
4458
4458
4454
4452
4457
4455
4455
4452
4454
4454
4451
4452
4455
4450
4449
4455
4453
4450
4447
4446
4451
4449
4449
4451
4452
4454
4455
4456
4458
4458
4457
4452
4450
4449
4451
4447
4446
4443
4439
4441
4440
4433
4434
4439
4437
4434
4435
4434
4433
4434
4436
4434
4434
4433
4429
4427
4429
4434
4432
4425
4426
4429
4427
4427
4425
4424
4424
4423
4423
4422
4423
4422
4422
4419
4419
4418
4419
4419
4417
4419
4414
4417
4421
4420
4421
4420
4420
4414
4414
4420
4420
4419
4417
4420
4420
4419
4416
4416
4418
4415
4417
4416
4417
4415
4413
4415
4417
4416
4414
4415
4416
4418
4413
4416
4424
4423
4423
4422
4424
4421
4419
4425
4424
4420
4420
4421
4422
4421
4419
4420
4419
4418
4417
4411
4406
4412
4408
4406
4406
4404
4401
4401
4407
4407
4406
4402
4402
4400
4400
4399
4398
4392
4393
4398
4395
4394
4392
4390
4390
4391
4386
4386
4388
4389
4390
4389
4390
4389
4389
4390
4391
4392
4395
4395
4396
4396
4397
4397
4397
4395
4393
4387
4389
4392
4391
4387
4387
4386
4382
4381
4385
4380
4378
4377
4373
4378
4376
4375
4377
4369
4370
4372
4375
4374
4374
4375
4376
4375
4372
4370
4367
4367
4365
4363
4361
4355
4355
4355
4360
4360
4358
4359
4360
4360
4358
4358
4359
4357
4357
4363
4362
4362
4358
4355
4357
4358
4358
4358
4353
4352
4353
4357
4356
4354
4352
4353
4352
4351
4350
4351
4350
4351
4350
4348
4350
4349
4348
4342
4342
4351
4351
4345
4345
4346
4352
4350
4350
4351
4346
4347
4346
4353
4351
4344
4343
4350
4348
4348
4348
4347
4344
4346
4350
4351
4349
4349
4346
4346
4345
4345
4344
4342
4341
4343
4345
4344
4345
4344
4344
4342
4340
4335
4335
4340
4336
4336
4335
4335
4335
4335
4333
4337
4342
4340
4339
4341
4340
4344
4343
4336
4340
4343
4341
4341
4342
4341
4341
4339
4334
4335
4339
4337
4335
4331
4329
4334
4331
4329
4328
4328
4330
4328
4326
4325
4319
4320
4323
4324
4323
4318
4319
4322
4322
4321
4322
4320
4320
4322
4318
4319
4323
4321
4321
4321
4324
4324
4324
4322
4319
4320
4320
4320
4319
4318
4320
4319
4317
4315
4314
4320
4320
4315
4313
4318
4315
4314
4311
4313
4317
4314
4314
4315
4318
4316
4318
4320
4319
4315
4318
4321
4318
4315
4312
4311
4309
4310
4304
4304
4304
4308
4307
4309
4310
4308
4308
4310
4310
4315
4314
4316
4319
4320
4318
4319
4318
4324
4323
4322
4322
4313
4314
4314
4316
4313
4313
4311
4309
4310
4308
4303
4303
4309
4308
4306
4305
4304
4305
4303
4300
4297
4304
4302
4296
4297
4301
4307
4306
4305
4306
4310
4310
4310
4308
4309
4311
4311
4310
4308
4306
4308
4306
4311
4309
4307
4305
4304
4303
4302
4296
4299
4302
4300
4299
4298
4297
4295
4295
4299
4299
4300
4300
4301
4300
4297
4294
4293
4298
4294
4293
4290
4291
4288
4289
4290
4287
4286
4285
4285
4282
4283
4285
4283
4276
4279
4283
4283
4281
4277
4279
4283
4282
4282
4282
4280
4281
4283
4283
4282
4279
4279
4281
4281
4281
4281
4281
4279
4280
4281
4281
4282
4279
4279
4278
4277
4278
4279
4278
4274
4273
4277
4276
4275
4276
4277
4281
4282
4286
4289
4287
4292
4301
4308
4314
4316
4322
4332
4337
4340
4349
4358
4370
4377
4381
4389
4404
4411
4421
4428
4434
4441
4449
4451
4461
4471
4480
4488
4496
4502
4509
4515
4516
4522
4531
4540
4543
4546
4552
4550
4557
4562
4568
4569
4571
4571
4574
