3241
3241
3241
3240
3241
3239
3239
3238
3231
3232
3235
3232
3229
3224
3222
3224
3222
3219
3216
3211
3209
3207
3208
3205
3202
3198
3192
3191
3186
3190
3183
3183
3179
3176
3171
3170
3167
3164
3162
3161
3158
3157
3154
3151
3151
3148
3146
3140
3138
3143
3138
3136
3131
3129
3130
3129
3127
3127
3122
3121
3121
3124
3122
3119
3118
3110
3110
3112
3112
3111
3111
3107
3106
3105
3102
3101
3099
3096
3097
3095
3095
3094
3092
3091
3090
3088
3087
3087
3085
3085
3084
3082
3081
3078
3076
3082
3080
3079
3078
3079
3072
3071
3076
3073
3069
3067
3067
3070
3070
3063
3063
3066
3067
3066
3060
3061
3064
3064
3057
3059
3062
3065
3065
3063
3062
3063
3062
3062
3063
3063
3062
3062
3061
3060
3060
3060
3059
3057
3058
3054
3053
3058
3056
3054
3054
3053
3051
3052
3051
3048
3049
3049
3048
3047
3049
3043
3043
3049
3048
3046
3042
3044
3047
3046
3040
3041
3042
3045
3043
3040
3039
3044
3043
3039
3040
3040
3037
3038
3032
3033
3038
3036
3036
3037
3033
3034
3034
3033
3034
3034
3032
3033
3032
3031
3032
3032
3029
3030
3030
3028
3029
3029
3028
3028
3029
3030
3029
3031
3033
3036
3035
3037
3038
3036
3039
3039
3039
3035
3034
3037
3036
3037
3035
3033
3039
3037
3031
3032
3032
3035
3035
3029
3032
3036
3036
3036
3030
3033
3036
3034
3030
3030
3033
3033
3036
3034
3032
3032
3033
3031
3031
3031
3030
3028
3029
3029
3027
3030
3028
3024
3025
3028
3027
3027
3025
3025
3025
3022
3023
3022
3020
3022
3021
3019
3018
3015
3015
3019
3020
3020
3022
3025
3022
3025
3029
3029
3026
3025
3027
3029
3027
3026
3027
3024
3025
3025
3024
3026
3023
3021
3028
3028
3028
3028
3030
3026
3026
3033
3030
3030
3031
3029
3029
3028
3028
3029
3025
3026
3024
3024
3025
3018
3021
3027
3026
3028
3029
3028
3032
3034
3034
3034
3030
3030
3033
3037
3037
3031
3033
3038
3035
3037
3036
3035
3036
3035
3035
3036
3035
3036
3038
3033
3035
3041
3042
3036
3039
3041
3045
3045
3044
3047
3047
3046
3048
3049
3048
3045
3047
3053
3055
3056
3057
3061
3062
3066
3067
3067
3065
3066
3071
3074
3074
3076
3075
3071
3074
3079
3081
3083
3085
3085
3089
3088
3084
3090
3091
3097
3099
3099
3102
3102
3102
3104
3106
3105
3108
3112
3111
3113
3111
3112
3115
3122
3122
3127
3129
3125
3130
3132
3139
3142
3140
3145
3153
3154
3156
3159
3161
3163
3164
3167
3171
3171
3175
3180
3182
3187
3189
3191
3196
3197
3202
3201
3205
3215
3216
3218
3224
3223
3226
3232
3238
3243
3245
3250
3251
3255
3258
3267
3272
3272
3277
3286
3290
3294
3297
3304
3308
3312
3318
3321
3326
3328
3333
3345
3348
3354
3358
3358
3367
3370
3380
3384
3386
3392
3396
3401
3407
3411
3418
3421
3430
3435
3442
3445
3450
3456
3466
3470
3477
3481
3483
3491
3497
3507
3512
3520
3524
3533
3536
3544
3550
3554
3558
3563
3577
3581
3587
3591
3598
3604
3610
3617
3623
3631
3634
3642
3644
3653
3664
3671
3677
3687
3693
3699
3707
3708
3717
3731
3736
3742
3747
3755
3765
3775
3779
3790
3794
3802
3808
3813
3818
3831
3838
3845
3852
3858
3866
3872
3879
3886
3895
3901
3909
3916
3924
3926
3936
3951
3957
3966
3973
3982
3990
3999
4002
4014
4026
4031
4038
4045
4051
4059
4064
4074
4078
4083
4089
4097
4109
4115
4123
4131
4132
4144
4150
4166
4171
4182
4187
4191
4203
4209
4224
4230
4240
4248
4255
4264
4273
4281
4291
4297
4310
4312
4326
4339
4350
4356
4365
4375
4381
4392
4400
4411
4419
4424
4435
4447
4457
4457
4470
4480
4491
4500
4501
4508
4521
4528
4534
4540
4549
4556
4565
4574
4584
4594
4601
4613
4615
4626
4641
4651
4658
4665
4670
4675
4683
4695
4701
4703
4709
4712
4715
4723
4726
4734
4740
4744
4750
4757
4764
4767
4772
4775
4783
4783
4790
4799
4809
4814
4814
4822
4835
4838
4843
4849
4854
4858
4864
4869
4874
4883
4888
4894
4897
4904
4915
4920
4924
4930
4936
4943
4947
4953
4960
4963
4971
4986
4993
4995
5003
5010
5014
5022
5030
5037
5046
5051
5057
5073
5078
5077
5087
5099
5105
5111
5120
5127
5133
5141
5149
5156
5166
5166
5177
5191
5196
5196
5207
5214
5224
5227
5232
5237
5243
5246
5254
5257
5261
5269
5272
5269
5275
5286
5289
5295
5299
5302
5308
5313
5317
5325
5331
5334
5342
5346
5350
5350
5357
5363
5371
5379
5379
5385
5395
5399
5398
5408
5416
5427
5432
5440
5446
5450
5456
5465
5461
5466
5474
5479
5481
5483
5485
5491
5494
5495
5497
5501
5503
5503
5507
5513
5515
5516
5520
5521
5522
5522
5526
5530
5533
5539
5541
5537
5542
5546
5552
5556
5554
5557
5564
5565
5562
5566
5568
5573
5576
5572
5574
5583
5585
5585
5583
5588
5596
5597
5600
5604
5608
5611
5613
5617
5620
5622
5623
5624
5624
5620
5626
5630
5626
5628
5624
5627
5629
5635
5637
5641
5641
5642
5645
5641
5638
5640
5648
5648
5642
5644
5653
5655
5656
5657
5656
5659
5663
5666
5665
5669
5670
5673
5674
5680
5680
5683
5682
5684
5684
5692
5693
5693
5689
5686
5687
5687
5691
5692
5691
5691
5690
5691
5692
5692
5694
5687
5687
5697
5697
5696
5694
5697
5691
5693
5695
5692
5693
5689
5687
5685
5687
5688
5687
5685
5689
5687
5680
5683
5688
5686
5686
5684
5683
5679
5678
5674
5675
5678
5673
5671
5671
5668
5662
5665
5670
5667
5669
5670
5669
5668
5670
5666
5668
5675
5674
5672
5670
5671
5678
5679
5671
5670
5665
5662
5660
5664
5666
5662
5658
5658
5659
5662
5662
5659
5652
5654
5661
5655
5654
5654
5651
5650
5652
5650
5649
5649
5650
5649
5649
5649
5648
5647
5648
5648
5646
5648
5649
5644
5644
5650
5648
5644
5646
5646
5646
5643
5646
5647
5645
5645
5646
5643
5646
5641
5642
5647
5643
5644
5638
5636
5642
5638
5630
5632
5632
5634
5632
5625
5623
5627
5623
5615
5616
5612
5615
5613
5611
5608
5603
5601
5600
5598
5593
5590
5587
5584
5583
5581
5576
5575
5576
5571
5566
5566
5571
5568
5563
5556
5555
5557
5555
5555
5554
5553
5550
5550
5545
5548
5546
5542
5539
5535
5534
5537
5537
5532
5529
5536
5535
5533
5525
5524
5529
5524
5512
5514
5515
5513
5509
5509
5504
5502
5500
5495
5487
5485
5487
5483
5478
5474
5470
5467
5463
5459
5456
5449
5446
5441
5431
5427
5423
5418
5415
5413
5409
5406
5402
5401
5400
5389
5388
5392
5390
5379
5378
5377
5379
5371
5375
5371
5368
5368
5367
5358
5357
5361
5356
5349
5348
5348
5348
5347
5345
5340
5340
5340
5331
5332
5332
5334
5332
5330
5325
5319
5319
5316
5321
5321
5318
5317
5316
5314
5311
5310
5306
5306
5303
5297
5296
5294
5292
5290
5283
5277
5282
5278
5272
5269
5266
5259
5259
5256
5252
5243
5240
5243
5242
5237
5230
5230
5234
5230
5222
5221
5221
5224
5218
5214
5210
5198
5198
5195
5196
5191
5187
5180
5177
5170
5167
5162
5157
5154
5151
5139
5135
5142
5136
5130
5128
5126
5121
5122
5120
5115
5115
5113
5109
5107
5107
5100
5098
5094
5088
5086
5090
5086
5079
5078
5067
5064
5062
5064
5059
5055
5048
5040
5039
5033
5036
5033
5030
5026
5019
5020
5021
5019
5017
5015
5010
5008
5005
5003
4999
4994
4993
4988
4981
4979
4977
4970
4967
4963
4958
4953
4949
4937
4934
4934
4933
4929
4918
4916
4920
4916
4913
4907
4900
4899
4895
4893
4893
4883
4879
4878
4882
4880
4871
4867
4873
4870
4865
4864
4861
4857
4857
4857
4854
4857
4852
4850
4849
4848
4844
4846
4837
4836
4836
4839
4838
4828
4827
4831
4829
4828
4823
4822
4819
4815
4812
4810
4803
4802
4800
4801
4799
4799
4795
4784
4784
4784
4786
4781
4779
4775
4768
4765
4761
4756
4754
4748
4745
4741
4737
4733
4728
4726
4722
4720
4718
4714
4705
4705
4703
4703
4702
4695
4693
4695
4693
4693
4688
4686
4680
4679
4682
4680
4679
4675
4674
4668
4667
4673
4670
4669
4664
4661
4660
4656
4653
4651
4648
4642
4640
4638
4633
4626
4627
4628
4623
4615
4612
4610
4612
4610
4606
4602
4601
4599
4595
4594
4594
4584
4586
4590
4584
4582
4581
4576
4575
4571
4567
4566
4564
4560
4556
4550
4546
4548
4547
4535
4532
4531
4533
4528
4527
4526
4523
4522
4521
4518
4518
4513
4512
4514
4509
4503
4503
4498
4495
4494
4484
4481
4486
4483
4478
4476
4472
4470
4468
4463
4461
4456
4449
4447
4451
4446
4444
4439
4436
4434
4430
4426
4424
4420
4415
4409
4407
4406
4408
4403
4395
4394
4396
4394
4392
4388
4387
4388
4383
4383
4382
4373
4373
4374
4375
4373
4367
4366
4370
4367
4368
4364
4362
4361
4359
4357
4356
4352
4353
4351
4348
4346
4345
4342
4341
4338
4336
4336
4332
4324
4325
4330
4326
4322
4317
4313
4317
4316
4312
4311
4308
4304
4303
4304
4302
4299
4295
4295
4293
4289
4283
4281
4284
4280
4278
4277
4275
4272
4270
4268
4266
4266
4264
4260
4259
4257
4254
4253
4246
4245
4253
4250
4250
4248
4244
4242
4238
4236
4234
4231
4225
4223
4226
4220
4212
4212
4210
4209
4206
4199
4199
4201
4196
4192
4188
4184
4176
4175
4177
4171
4169
4166
4163
4160
4159
4155
4153
4145
4145
4146
4146
4143
4140
4139
4132
4132
4136
4136
4135
4126
4128
4132
4128
4130
4128
4126
4126
4125
4121
4123
4121
4119
4120
4118
4117
4117
4116
4112
4110
4109
4107
4106
4106
4102
4096
4097
4100
4096
4096
4093
4090
4089
4085
4079
4078
4080
4081
4080
4076
4072
4066
4064
4068
4065
4061
4058
4057
4050
4049
4055
4050
4047
4046
4043
4041
4040
4039
4035
4032
4028
4027
4031
4029
4021
4022
4026
4021
4020
4015
4014
4018
4017
4012
4014
4010
4009
4007
4007
4006
3997
3997
4001
3999
3996
3995
3992
3984
3985
3991
3989
3986
3986
3986
3981
3981
3980
3979
3977
3974
3972
3970
3968
3966
3964
3963
3958
3958
3951
3950
3953
3951
3947
3946
3943
3939
3940
3938
3934
3928
3929
3929
3929
3928
3926
3924
3917
3918
3917
3918
3918
3915
3912
3910
3910
3913
3914
3910
3909
3907
3905
3903
3898
3897
3897
3893
3891
3891
3887
3887
3883
3883
3880
3883
3882
3883
3883
3882
3874
3874
3873
3875
3873
3866
3864
3869
3866
3862
3861
3857
3853
3851
3848
3847
3843
3841
3839
3830
3831
3836
3833
3828
3827
3828
3833
3829
3823
3825
3830
3828
3825
3820
3821
3819
3815
3815
3814
3809
3811
3809
3803
3803
3807
3804
3804
3802
3800
3799
3797
3796
3794
3793
3791
3793
3789
3790
3787
3786
3780
3780
3782
3784
3784
3781
3779
3772
3772
3777
3774
3774
3770
3771
3768
3766
3762
3761
3758
3757
3756
3750
3752
3755
3754
3750
3747
3747
3751
3750
3747
3747
3743
3742
3740
3738
3735
3733
3731
3731
3728
3728
3724
3724
3720
3719
3713
3711
3715
3714
3714
3707
3708
3712
3710
3702
3702
3701
3705
3704
3696
3699
3701
3701
3700
3701
3699
3701
3698
3698
3695
3694
3692
3692
3691
3688
3687
3686
3684
3679
3681
3674
3675
3678
3677
3674
3674
3673
3671
3671
3663
3664
3669
3665
3667
3662
3664
3662
3662
3660
3661
3653
3655
3655
3659
3656
3647
3648
3653
3649
3650
3644
3643
3647
3644
3644
3643
3640
3642
3638
3638
3635
3636
3634
3633
3632
3631
3633
3629
3626
3625
3630
3629
3627
3627
3623
3624
3623
3624
3621
3619
3616
3617
3620
3618
3618
3614
3615
3610
3611
3608
3608
3605
3604
3595
3599
3596
3600
3598
3595
3591
3591
3590
3590
3586
3586
3578
3581
3585
3585
3581
3583
3581
3580
3579
3578
3576
3578
3575
3575
3569
3569
3573
3571
3564
3564
3566
3567
3567
3560
3564
3567
3567
3567
3567
3567
3566
3567
3565
3567
3566
3565
3562
3562
3561
3555
3552
3557
3555
3554
3550
3552
3543
3544
3546
3543
3541
3540
3540
3535
3536
3538
3540
3537
3539
3537
3539
3536
3536
3534
3536
3532
3534
3532
3531
3530
3526
3526
3526
3527
3527
3526
3522
3522
3527
3525
3519
3519
3520
3526
3524
3522
3523
3526
3523
3524
3521
3521
3518
3518
3509
3509
3513
3510
3508
3507
3504
3503
3503
3500
3498
3497
3496
3494
3494
3493
3487
3486
3490
3490
3490
3485
3484
3488
3486
3485
3483
3482
3481
3479
3479
3476
3473
3471
3471
3475
3474
3472
3475
3468
3471
3472
3474
3472
3473
3470
3470
3468
3466
3463
3463
3463
3462
3456
3455
3460
3458
3461
3460
3461
3457
3460
3465
3465
3463
3460
3461
3464
3463
3462
3462
3456
3456
3455
3458
3457
3457
3457
3450
3451
3449
3453
3452
3452
3450
3450
3447
3447
3445
3444
3442
3442
3441
3438
3437
3437
3439
3436
3437
3438
3437
3432
3432
3434
3435
3435
3432
3432
3426
3428
3427
3427
3427
3420
3419
3421
3418
3418
3415
3415
3411
3411
3414
3413
3416
3417
3416
3416
3417
3420
3419
3417
3419
3416
3416
3413
3408
3407
3412
3406
3401
3399
3398
3401
3399
3398
3398
3395
3395
3394
3393
3393
3392
3389
3389
3387
3385
3388
3389
3385
3386
3394
3391
3389
3389
3388
3394
3392
3393
3390
3384
3385
3382
3387
3384
3384
3382
3381
3379
3378
3377
3375
3376
3373
3373
3371
3370
3371
3368
3369
3367
3365
3362
3366
3364
3366
3368
3370
3365
3367
3370
3371
3366
3367
3365
3362
3360
3364
3362
3356
3356
3355
3359
3358
3360
3356
3358
3356
3356
3353
3353
3353
3354
3352
3351
3347
3346
3345
3348
3346
3344
3342
3348
3345
3344
3342
3344
3340
3339
3346
3344
3344
3346
3346
3349
3349
3349
3351
3350
3351
3349
3351
3349
3349
3348
3344
3344
3347
3350
3350
3350
3347
3346
3344
3343
3343
3340
3341
3339
3339
3337
3335
3332
3330
3334
3334
3334
3331
3326
3328
3327
3329
3329
3320
3321
3326
3325
3322
3322
3320
3316
3314
3321
3318
3318
3317
3313
3310
3310
3315
3313
3312
3310
3310
3309
3308
3308
3307
3301
3304
3302
3308
3304
3305
3306
3303
3306
3302
3303
3303
3307
3305
3306
3305
3306
3305
3305
3305
3303
3303
3304
3301
3302
3300
3301
3300
3298
3299
3298
3295
3296
3295
3293
3290
3289
3295
3292
3292
3291
3291
3288
3287
3291
3290
3289
3290
3289
3287
3285
3290
3290
3286
3285
3289
3291
3291
3287
3286
3292
3288
3285
3284
3284
3288
3285
3286
3283
3286
3286
3286
3285
3284
3285
3282
3283
3281
3282
3281
3280
3282
3280
3276
3275
3284
3281
3283
3284
3283
3279
3280
3286
3284
3284
3282
3281
3283
3283
3278
3280
3281
3282
3283
3282
3282
3281
3281
3277
3277
3274
3269
3269
3273
3271
3264
3265
3265
3269
3270
3267
3267
3266
3264
3265
3264
3265
3264
3263
3259
3257
3263
3260
3259
3258
3255
3250
3251
3254
3253
3253
3251
3253
3253
3251
3254
3254
3256
3254
3255
3255
3252
3253
3252
3247
3247
3246
3251
3249
3247
3247
3247
3246
3247
3245
3245
3245
3245
3241
3242
3244
3246
3247
3239
3239
3245
3244
3238
3240
3239
3242
3241
3241
3239
3241
3241
3240
3237
3237
3237
3234
3229
3229
3231
3233
3231
3227
3226
3232
3230
3228
3229
3227
3225
3226
3225
3224
3219
3219
3220
3223
3223
3221
3219
3219
3219
3217
3219
3220
3218
3220
3221
3221
3223
3222
3223
3220
3220
3226
3226
3224
3224
3226
3224
3225
3220
3220
3227
3223
3222
3223
3223
3224
3222
3223
3225
3223
3225
3224
3220
3219
3224
3223
3223
3221
3221
3221
3221
3217
3216
3220
3218
3214
3212
3210
3216
3213
3208
3208
3212
3211
3208
3208
3206
3207
3205
3203
3203
3202
3198
3198
3201
3200
3197
3198
3196
3197
3197
3194
3191
3199
3196
3196
3193
3194
3191
3192
3191
3190
3192
3189
3190
3187
3186
3191
3190
3190
3189
3187
3186
3184
3191
3188
3186
3185
3191
3189
3189
3183
3183
3187
3185
3184
3183
3184
3184
3185
3180
3181
3187
3186
3187
3186
3186
3187
3185
3186
3188
3188
3188
3189
3189
3188
3190
3188
3191
3188
3189
3190
3189
3188
3187
3181
3183
3184
3186
3186
3180
3183
3187
3185
3185
3181
3182
3181
3180
3181
3179
3174
3174
3177
3180
3181
3181
3183
3183
3182
3181
3181
3179
3176
3177
3180
3181
3179
3179
3178
3178
3178
3177
3178
3177
3177
3176
3178
3175
3172
3171
3176
3173
3168
3169
3164
3171
3169
3169
3173
3169
3172
3174
3182
3182
3183
3185
3179
3182
3181
3184
3184
3175
3176
3179
3174
3175
3173
3173
3175
3174
3171
3173
3171
3170
3172
3170
3170
3170
3166
3168
3165
3166
3167
3165
3166
3164
3164
3165
3160
3158
3157
3161
3160
3153
3154
3158
3156
3156
3150
3153
3156
3155
3151
3149
3151
3153
3151
3148
3147
3152
3152
3149
3148
3149
3147
3148
3150
3149
3151
3153
3152
3151
3152
3147
3148
3152
3152
3151
3146
3146
3148
3148
3145
3145
3145
3142
3143
3143
3141
3141
3142
3143
3142
3144
3144
3143
3146
3145
3145
3147
3147
3142
3144
3147
3145
3143
3143
3147
3149
3148
3149
3146
3147
3142
3143
3144
3144
3143
3144
3140
3140
3144
3143
3142
3141
3141
3140
3140
3139
3137
3135
3131
3132
3137
3135
3130
3132
3137
3135
3137
3135
3135
3136
3136
3131
3132
3131
3135
3135
3136
3135
3137
3136
3136
3138
3137
3138
3139
3132
3133
3136
3135
3134
3132
3131
3131
3129
3132
3132
3134
3132
3132
3134
3135
3129
3129
3132
3131
3131
3125
3126
3128
3127
3126
3124
3124
3125
3123
3122
3123
3122
3123
3124
3122
3123
3122
3124
3119
3119
3125
3126
3125
3126
3124
3123
3124
3117
3118
3118
3122
3121
3118
3119
3119
3117
3118
3118
3116
3114
3113
3119
3118
3114
3114
3113
3118
3118
3111
3113
3118
3116
3115
3114
3113
3114
3113
3109
3110
3109
3112
3113
3112
3110
3111
3111
3110
3112
3111
3111
3113
3114
3112
3114
3113
3111
3113
3112
3110
3112
3112
3112
3112
3109
3108
3114
3114
3109
3108
3112
3114
3112
3108
3106
3111
3111
3109
3109
3109
3106
3104
3108
3108
3100
3102
3102
3105
3104
3105
3105
3104
3103
3103
3103
3101
3104
3102
3102
3104
3102
3102
3103
3103
3101
3103
3101
3096
3097
3097
3101
3099
3101
3098
3097
3097
3098
3095
3097
3093
3093
3097
3097
3095
3096
3096
3097
3097
3091
3094
3100
3099
3098
3097
3097
3101
3100
3098
3098
3101
3104
3103
3101
3101
3101
3101
3101
3103
3101
3104
3103
3098
3100
3105
3103
3102
3102
3104
3098
3099
3104
3102
3100
3101
3101
3099
3100
3098
3097
3097
3095
3094
3094
3092
3088
3086
3091
3090
3091
3085
3088
3092
3091
3088
3087
3090
3093
3090
3089
3088
3087
3088
3086
3085
3087
3087
3087
3090
3089
3084
3084
3085
3088
3086
3083
3083
3090
3089
3087
3088
3087
3085
3084
3086
3084
3082
3083
3084
3082
3081
3082
3082
3076
3078
3077
3079
3080
3079
3081
3079
3081
3078
3076
3078
3080
3081
3079
3082
3077
3075
3078
3081
3080
3080
3081
3078
3078
3078
3072
3074
3079
3076
3075
3075
3073
3072
3074
3073
3073
3075
3073
3074
3076
3076
3073
3075
3081
3078
3079
3079
3078
3078
3078
3077
3077
3077
3077
3075
3076
3074
3080
3080
3079
3078
3075
3074
3074
3078
3075
3071
3071
3075
3074
3073
3073
3075
3070
3072
3078
3076
3077
3077
3075
3075
3075
3074
3074
3072
3072
3070
3069
3069
3066
3066
3066
3065
3064
3062
3061
3066
3066
3060
3059
3065
3067
3067
3069
3072
3071
3071
3068
3068
3072
3075
3075
3075
3074
3074
3072
3072
3072
3071
3067
3067
3072
3070
3066
3065
3064
3069
3068
3067
3064
3065
3064
3063
3063
3061
3057
3057
3061
3060
3060
3055
3054
3058
3058
3056
3055
3055
3054
3052
3054
3053
3053
3054
3053
3051
3054
3055
3054
3050
3054
3058
3057
3056
3056
3055
3056
3058
3053
3055
3057
3061
3061
3063
3064
3059
3062
3067
3066
3064
3066
3064
3064
3064
3063
3062
3062
3061
3061
3059
3059
3058
3057
3053
3053
3051
3054
3056
3050
3052
3056
3055
3052
3049
3050
3054
3054
3055
3056
3055
3054
3055
3054
3055
3050
3051
3051
3054
3053
3052
3051
3052
3052
3047
3047
3048
3053
3051
3052
3052
3052
3051
3052
3049
3047
3052
3050
3048
3049
3049
3047
3047
3047
3047
3046
3047
3048
3047
3046
3046
3046
3046
3046
3047
3048
3049
3044
3044
3050
3049
3044
3044
3046
3049
3048
3046
3045
3042
3043
3046
3045
3046
3045
3042
3041
3042
3037
3040
3040
3045
3047
3039
3043
3049
3049
3049
3051
3051
3049
3046
3049
3049
3047
3047
3048
3045
3043
3047
3046
3046
3044
3045
3041
3042
3047
3047
3045
3044
3043
3040
3041
3044
3042
3043
3042
3039
3038
3039
3038
3036
3032
3033
3039
3036
3038
3035
3035
3042
3043
3041
3041
3042
3041
3040
3038
3036
3042
3039
3039
3036
3037
3037
3035
3037
3035
3036
3033
3031
3032
3033
3031
3029
3029
3028
3028
3029
3027
3028
3029
3030
3031
3034
3035
3036
3037
3038
3038
3040
3038
3038
3042
3047
3049
3045
3048
3057
3057
3057
3058
3062
3070
3073
3072
3080
3089
3093
3097
3100
3104
3113
3121
3119
3127
3132
3139
3145
3151
3155
3160
3167
3170
3171
3178
3188
3191
3196
3201
3204
3207
3210
3215
3219
3222
3224
3222
3227
3227
