4781
4779
4777
4773
4772
4773
4770
4766
4762
4755
4752
4749
4747
4742
4732
4732
4731
4725
4720
4714
4711
4703
4700
4688
4684
4687
4682
4676
4670
4667
4660
4658
4654
4650
4647
4642
4638
4634
4631
4626
4623
4619
4611
4608
4607
4603
4597
4594
4588
4587
4581
4576
4572
4575
4570
4563
4562
4560
4561
4558
4556
4553
4546
4546
4546
4548
4545
4542
4542
4538
4538
4535
4535
4532
4531
4528
4527
4525
4522
4522
4520
4520
4518
4510
4511
4515
4512
4509
4503
4504
4504
4501
4496
4494
4497
4493
4493
4486
4486
4489
4485
4484
4481
4479
4478
4476
4472
4471
4476
4475
4474
4476
4476
4475
4476
4475
4475
4474
4474
4474
4470
4472
4464
4464
4466
4462
4460
4458
4458
4454
4453
4453
4451
4451
4448
4447
4445
4443
4449
4446
4444
4444
4441
4443
4439
4437
4437
4442
4440
4439
4439
4438
4437
4437
4431
4433
4433
4435
4435
4434
4436
4432
4435
4440
4440
4441
4443
4442
4442
4442
4441
4437
4437
4436
4432
4428
4428
4432
4429
4424
4423
4422
4422
4422
4420
4418
4418
4415
4415
4412
4409
4413
4410
4410
4411
4409
4408
4408
4407
4409
4409
4409
4409
4406
4408
4412
4412
4407
4409
4415
4413
4415
4411
4411
4410
4410
4412
4409
4410
4411
4410
4406
4407
4412
4412
4409
4409
4408
4407
4407
4407
4405
4405
4405
4403
4404
4402
4401
4402
4401
4401
4401
4399
4399
4405
4406
4399
4400
4403
4406
4403
4400
4403
4406
4404
4403
4403
4401
4405
4406
4404
4403
4399
4399
4399
4403
4401
4401
4398
4400
4398
4395
4391
4392
4397
4393
4393
4392
4393
4390
4391
4387
4386
4392
4391
4392
4393
4392
4393
4393
4393
4392
4394
4393
4392
4392
4393
4391
4392
4393
4392
4388
4390
4390
4394
4395
4391
4391
4398
4398
4396
4393
4394
4400
4397
4398
4400
4401
4402
4406
4405
4407
4416
4416
4416
4418
4418
4417
4416
4418
4419
4416
4416
4417
4417
4416
4415
4416
4421
4421
4421
4421
4424
4424
4423
4424
4426
4423
4425
4428
4435
4436
4439
4441
4437
4440
4444
4449
4450
4449
4451
4446
4447
4451
4458
4457
4461
4464
4464
4468
4470
4469
4472
4476
4477
4480
4485
4487
4489
4494
4492
4494
4499
4503
4502
4504
4507
4507
4508
4507
4509
4516
4518
4515
4518
4522
4528
4529
4534
4539
4537
4544
4546
4553
4557
4560
4564
4569
4573
4579
4583
4586
4592
4597
4599
4605
4607
4612
4618
4619
4622
4635
4638
4644
4652
4660
4662
4671
4681
4685
4693
4695
4704
4707
4713
4719
4726
4730
4737
4740
4746
4754
4764
4770
4773
4779
4794
4798
4806
4811
4817
4830
4838
4840
4849
4860
4867
4877
4886
4894
4902
4912
4922
4929
4940
4946
4955
4972
4982
4992
5002
5014
5023
5034
5041
5051
5070
5081
5092
5104
5116
5124
5137
5153
5160
5169
5182
5190
5197
5209
5219
5228
5240
5249
5259
5268
5278
5292
5301
5312
5323
5334
5346
5358
5366
5381
5391
5404
5413
5426
5441
5456
5466
5475
5487
5508
5520
5535
5550
5565
5573
5590
5608
5624
5638
5650
5669
5687
5703
5716
5728
5741
5753
5764
5774
5786
5795
5804
5824
5831
5842
5855
5866
5877
5889
5901
5916
5927
5940
5954
5968
5984
5995
6010
6030
6046
6061
6074
6092
6101
6117
6140
6153
6170
6181
6201
6214
6230
6251
6267
6284
6303
6319
6335
6353
6382
6398
6418
6440
6461
6478
6501
6530
6548
6566
6587
6605
6621
6638
6662
6678
6689
6710
6725
6745
6762
6776
6794
6803
6821
6842
6860
6880
6895
6914
6930
6950
6963
6976
6991
7004
7018
7029
7038
7047
7058
7065
7074
7082
7088
7097
7099
7113
7124
7133
7143
7148
7160
7176
7187
7199
7217
7229
7239
7258
7279
7297
7312
7330
7348
7360
7379
7403
7417
7428
7443
7466
7482
7495
7510
7523
7542
7556
7568
7583
7597
7612
7630
7647
7666
7682
7700
7719
7731
7747
7761
7775
7789
7799
7811
7822
7832
7844
7852
7871
7885
7897
7915
7929
7936
7950
7964
7975
7986
7993
8004
8014
8019
8028
8042
8056
8070
8080
8094
8108
8131
8142
8154
8172
8195
8208
8223
8238
8251
8272
8285
8295
8307
8321
8328
8338
8346
8355
8363
8373
8381
8395
8408
8417
8435
8456
8469
8483
8497
8508
8517
8527
8532
8540
8550
8560
8570
8577
8591
8601
8611
8626
8637
8651
8663
8676
8690
8702
8711
8726
8746
8759
8770
8775
8788
8803
8809
8813
8824
8835
8847
8854
8857
8864
8865
8869
8882
8886
8888
8895
8900
8907
8913
8920
8927
8934
8943
8949
8956
8963
8978
8983
8984
8984
8987
8993
8992
8994
8992
8985
8980
8973
8969
8967
8966
8971
8985
8986
8991
8997
9005
9011
9019
9019
9027
9036
9047
9050
9054
9059
9067
9071
9076
9081
9085
9088
9092
9094
9100
9097
9104
9109
9119
9121
9116
9116
9128
9127
9132
9135
9143
9148
9154
9152
9154
9166
9171
9172
9177
9184
9188
9194
9189
9192
9200
9210
9211
9212
9212
9211
9213
9216
9221
9223
9224
9230
9233
9236
9237
9242
9250
9262
9271
9274
9280
9296
9300
9303
9309
9314
9318
9324
9329
9338
9341
9349
9354
9365
9374
9386
9393
9397
9410
9418
9435
9442
9445
9457
9472
9478
9482
9489
9496
9500
9506
9511
9521
9530
9534
9539
9544
9547
9549
9547
9551
9547
9549
9548
9549
9542
9540
9528
9528
9525
9522
9516
9503
9497
9500
9487
9483
9480
9480
9475
9477
9482
9479
9482
9479
9480
9479
9477
9471
9470
9479
9476
9475
9475
9475
9473
9470
9478
9477
9474
9470
9464
9460
9453
9444
9439
9429
9423
9421
9413
9405
9402
9400
9395
9393
9392
9393
9393
9390
9396
9406
9406
9408
9408
9409
9417
9417
9404
9401
9403
9393
9382
9370
9364
9364
9356
9352
9352
9346
9345
9342
9343
9340
9341
9342
9346
9350
9353
9350
9353
9363
9359
9354
9356
9355
9352
9353
9345
9348
9352
9353
9349
9344
9343
9350
9351
9353
9350
9351
9353
9357
9356
9355
9361
9362
9366
9365
9367
9372
9369
9361
9357
9360
9353
9343
9327
9320
9318
9303
9294
9289
9280
9273
9271
9269
9268
9262
9264
9267
9263
9264
9259
9259
9268
9266
9270
9275
9281
9284
9288
9289
9290
9283
9286
9286
9287
9286
9278
9273
9279
9269
9268
9264
9265
9266
9265
9262
9260
9257
9251
9246
9241
9233
9229
9220
9214
9208
9197
9187
9184
9181
9176
9173
9167
9159
9155
9152
9152
9142
9134
9124
9107
9103
9094
9091
9085
9078
9069
9070
9063
9057
9049
9050
9047
9040
9036
9032
9030
9028
9022
9022
9021
9019
9014
9015
9013
9010
9003
9003
9004
9002
9001
9001
8999
8993
8994
8998
8997
8992
8996
9001
9000
9003
9002
9001
9002
9002
9005
9003
9005
9003
8996
8985
8973
8960
8949
8941
8933
8926
8911
8910
8907
8899
8894
8887
8884
8873
8867
8865
8860
8853
8842
8834
8819
8807
8801
8790
8772
8763
8757
8755
8746
8738
8731
8725
8713
8706
8698
8689
8682
8672
8665
8654
8639
8632
8625
8617
8609
8597
8587
8583
8574
8566
8558
8549
8544
8540
8526
8528
8534
8532
8531
8529
8531
8526
8527
8527
8523
8522
8520
8519
8524
8526
8528
8528
8530
8531
8535
8536
8538
8539
8538
8533
8531
8526
8515
8508
8507
8496
8483
8483
8476
8479
8476
8471
8470
8461
8463
8461
8462
8460
8457
8451
8449
8450
8445
8441
8442
8434
8434
8433
8433
8428
8427
8424
8420
8418
8417
8415
8405
8406
8406
8407
8405
8398
8392
8378
8374
8372
8363
8355
8345
8340
8332
8325
8314
8309
8305
8306
8299
8294
8293
8281
8281
8276
8277
8273
8265
8263
8264
8260
8255
8251
8249
8242
8239
8233
8227
8225
8220
8213
8207
8206
8209
8205
8200
8195
8192
8190
8182
8178
8176
8174
8169
8162
8155
8152
8154
8149
8141
8136
8139
8133
8130
8121
8117
8115
8110
8105
8100
8096
8091
8083
8076
8065
8057
8048
8037
8032
8030
8025
8021
8014
8009
8003
7995
7991
7981
7978
7981
7975
7973
7968
7964
7964
7954
7945
7940
7946
7941
7935
7932
7926
7917
7912
7901
7891
7873
7861
7851
7841
7829
7814
7801
7793
7786
7776
7766
7766
7767
7765
7759
7758
7765
7763
7760
7761
7759
7754
7753
7749
7746
7741
7739
7737
7727
7726
7730
7723
7716
7716
7711
7705
7704
7700
7694
7690
7687
7680
7675
7667
7655
7647
7641
7627
7615
7600
7587
7581
7571
7553
7548
7541
7537
7529
7526
7520
7520
7519
7513
7505
7505
7502
7498
7491
7490
7497
7493
7489
7486
7485
7477
7476
7483
7477
7473
7471
7464
7458
7452
7455
7450
7444
7441
7434
7430
7428
7423
7416
7416
7414
7411
7410
7407
7404
7405
7400
7396
7393
7385
7388
7386
7381
7380
7375
7364
7362
7355
7356
7347
7336
7329
7327
7321
7312
7300
7293
7292
7282
7275
7267
7260
7254
7246
7239
7234
7238
7232
7224
7224
7224
7226
7223
7223
7219
7217
7216
7213
7210
7206
7198
7195
7192
7187
7182
7175
7171
7173
7167
7165
7159
7154
7152
7145
7138
7132
7135
7125
7111
7106
7100
7095
7089
7083
7072
7067
7054
7045
7031
7025
7017
7003
6986
6976
6974
6965
6953
6943
6939
6928
6925
6920
6914
6913
6905
6907
6908
6909
6905
6907
6904
6905
6901
6903
6901
6904
6904
6902
6901
6894
6891
6884
6881
6875
6868
6863
6855
6847
6842
6828
6828
6828
6821
6810
6797
6794
6789
6784
6770
6767
6768
6765
6762
6756
6755
6757
6756
6754
6752
6751
6753
6751
6747
6747
6741
6740
6737
6732
6730
6730
6728
6721
6719
6713
6710
6707
6696
6694
6694
6690
6683
6678
6672
6666
6662
6666
6661
6660
6655
6652
6647
6640
6639
6633
6620
6617
6611
6607
6597
6591
6586
6579
6574
6569
6569
6563
6561
6558
6555
6555
6547
6546
6545
6548
6547
6543
6541
6541
6541
6539
6537
6537
6530
6531
6532
6532
6529
6529
6526
6528
6522
6521
6522
6514
6511
6508
6507
6503
6491
6487
6487
6480
6470
6465
6459
6458
6454
6449
6444
6436
6434
6428
6423
6419
6413
6410
6397
6397
6392
6392
6387
6377
6372
6372
6364
6357
6352
6347
6336
6333
6338
6332
6324
6323
6319
6322
6321
6316
6316
6310
6308
6305
6303
6297
6294
6293
6291
6290
6288
6286
6287
6282
6280
6276
6271
6260
6261
6255
6258
6253
6248
6244
6240
6237
6232
6231
6228
6225
6221
6222
6219
6215
6213
6210
6203
6199
6202
6194
6185
6183
6179
6182
6175
6175
6171
6162
6161
6162
6163
6163
6160
6157
6154
6153
6148
6145
6147
6145
6147
6139
6139
6147
6141
6142
6136
6138
6136
6129
6128
6128
6124
6123
6121
6113
6114
6118
6115
6112
6109
6102
6102
6097
6096
6090
6090
6084
6081
6078
6074
6069
6067
6074
6066
6066
6055
6057
6057
6053
6043
6046
6048
6045
6039
6037
6031
6024
6023
6024
6023
6017
6017
6014
6007
6005
6009
6005
6002
5998
5996
5992
5988
5987
5985
5982
5981
5978
5973
5972
5964
5964
5963
5958
5954
5953
5950
5944
5940
5943
5937
5936
5932
5930
5922
5924
5926
5922
5914
5911
5909
5909
5906
5898
5895
5896
5890
5885
5880
5874
5872
5871
5865
5864
5861
5859
5854
5855
5852
5852
5850
5848
5847
5844
5839
5836
5833
5826
5820
5819
5815
5807
5802
5806
5801
5792
5791
5788
5790
5784
5783
5779
5777
5776
5768
5767
5766
5770
5766
5766
5764
5762
5761
5760
5753
5754
5760
5754
5749
5748
5749
5750
5748
5742
5742
5745
5744
5741
5738
5735
5733
5734
5728
5729
5727
5724
5723
5721
5715
5718
5717
5716
5713
5711
5704
5706
5706
5705
5702
5699
5698
5694
5693
5687
5683
5688
5684
5676
5676
5673
5675
5671
5670
5664
5662
5657
5653
5647
5644
5641
5640
5631
5630
5633
5631
5628
5626
5624
5614
5616
5620
5618
5613
5608
5607
5613
5606
5606
5603
5604
5601
5602
5598
5598
5588
5591
5595
5594
5593
5591
5590
5584
5579
5574
5569
5566
5559
5555
5549
5548
5552
5546
5544
5539
5536
5540
5536
5536
5533
5531
5531
5530
5526
5523
5516
5516
5520
5514
5513
5508
5507
5504
5502
5500
5497
5496
5489
5490
5491
5491
5483
5483
5488
5487
5485
5476
5479
5480
5479
5476
5475
5474
5474
5472
5470
5472
5469
5470
5466
5468
5466
5467
5467
5460
5462
5461
5459
5454
5455
5449
5444
5443
5436
5434
5430
5433
5431
5428
5425
5424
5424
5420
5420
5418
5412
5410
5415
5411
5405
5402
5404
5405
5405
5400
5402
5393
5395
5391
5397
5393
5392
5394
5385
5387
5389
5389
5389
5388
5388
5384
5385
5385
5384
5379
5377
5376
5372
5368
5367
5367
5362
5360
5360
5358
5355
5354
5349
5349
5346
5343
5339
5335
5339
5337
5329
5327
5327
5330
5327
5328
5325
5320
5321
5321
5324
5320
5320
5317
5309
5307
5305
5300
5296
5289
5287
5283
5280
5279
5273
5273
5268
5266
5263
5261
5259
5254
5255
5253
5254
5248
5249
5254
5252
5250
5249
5249
5247
5246
5243
5246
5245
5246
5244
5241
5244
5252
5253
5246
5247
5249
5251
5251
5242
5241
5240
5239
5233
5230
5228
5226
5222
5219
5216
5214
5212
5209
5201
5202
5206
5201
5200
5197
5196
5191
5191
5190
5190
5188
5187
5186
5186
5187
5179
5180
5185
5183
5176
5173
5175
5181
5180
5176
5176
5184
5181
5180
5179
5175
5175
5172
5171
5170
5167
5163
5162
5165
5165
5162
5159
5155
5155
5155
5154
5154
5148
5144
5141
5139
5140
5138
5138
5131
5129
5133
5127
5128
5125
5124
5125
5123
5123
5121
5118
5116
5117
5115
5114
5114
5110
5110
5107
5105
5102
5100
5101
5099
5096
5096
5095
5100
5099
5094
5092
5098
5094
5087
5083
5083
5088
5085
5081
5080
5070
5072
5068
5073
5068
5063
5061
5068
5063
5063
5062
5066
5065
5069
5068
5069
5069
5068
5066
5067
5066
5063
5065
5062
5063
5061
5059
5059
5054
5054
5061
5057
5055
5057
5054
5051
5051
5048
5049
5043
5042
5042
5042
5044
5036
5037
5041
5040
5038
5036
5038
5035
5036
5031
5031
5032
5034
5034
5029
5032
5035
5035
5030
5029
5030
5031
5032
5029
5030
5024
5026
5024
5027
5025
5023
5022
5023
5022
5024
5018
5019
5022
5020
5020
5016
5017
5015
5013
5013
5011
5009
5009
5007
5006
5003
5003
5000
4997
4999
5000
5000
5001
4998
4996
4994
4991
4986
4985
4990
4985
4984
4976
4979
4980
4980
4978
4977
4978
4975
4972
4976
4972
4972
4968
4963
4963
4959
4957
4956
4948
4949
4951
4951
4950
4944
4946
4949
4945
4948
4946
4947
4947
4947
4947
4947
4945
4945
4943
4942
4943
4943
4941
4935
4938
4941
4942
4941
4940
4941
4936
4937
4944
4943
4944
4943
4944
4939
4939
4943
4939
4938
4936
4933
4934
4934
4931
4934
4934
4934
4935
4930
4931
4937
4934
4934
4932
4930
4932
4929
4924
4924
4928
4927
4921
4920
4919
4917
4914
4909
4906
4911
4909
4909
4908
4905
4906
4904
4899
4902
4900
4905
4901
4903
4904
4898
4900
4900
4905
4906
4906
4909
4908
4910
4908
4906
4908
4912
4909
4905
4903
4908
4903
4901
4895
4893
4891
4887
4881
4880
4880
4880
4877
4875
4876
4874
4872
4871
4871
4870
4869
4870
4866
4866
4865
4863
4864
4863
4861
4863
4861
4862
4860
4861
4857
4858
4864
4864
4857
4860
4864
4861
4859
4848
4851
4853
4853
4849
4849
4848
4840
4841
4845
4844
4842
4840
4839
4838
4836
4836
4834
4833
4833
4829
4828
4827
4833
4830
4830
4832
4832
4834
4837
4837
4839
4840
4835
4837
4833
4827
4824
4821
4826
4822
4821
4820
4817
4818
4817
4811
4812
4815
4814
4808
4808
4807
4813
4810
4808
4806
4811
4809
4810
4807
4809
4807
4808
4808
4807
4807
4805
4806
4805
4805
4801
4802
4796
4797
4797
4799
4799
4794
4791
4791
4787
4787
4787
4784
4782
4778
4783
4779
4774
4773
4773
4776
4774
4768
4769
4776
4771
4773
4770
4771
4770
4770
4770
4768
4768
4767
4764
4766
4763
4764
4762
4759
4761
4759
4755
4754
4759
4761
4753
4758
4757
4762
4763
4757
4760
4763
4764
4762
4763
4764
4761
4763
4759
4760
4756
4756
4755
4751
4751
4748
4745
4746
4744
4746
4740
4742
4742
4741
4732
4736
4732
4737
4734
4736
4734
4728
4727
4732
4730
4731
4727
4725
4728
4728
4723
4725
4726
4732
4731
4728
4727
4723
4725
4729
4729
4730
4728
4728
4725
4727
4725
4726
4725
4726
4725
4724
4725
4724
4726
4726
4726
4729
4725
4724
4730
4725
4725
4717
4716
4720
4719
4717
4716
4713
4711
4710
4713
4710
4704
4703
4706
4704
4705
4701
4698
4699
4696
4696
4696
4693
4693
4693
4691
4692
4691
4691
4693
4691
4693
4690
4694
4699
4698
4692
4690
4692
4693
4693
4689
4689
4691
4687
4687
4681
4683
4685
4685
4679
4678
4686
4683
4685
4684
4686
4687
4686
4686
4684
4685
4685
4681
4684
4685
4682
4680
4681
4677
4675
4678
4677
4674
4673
4671
4670
4671
4669
4670
4670
4669
4670
4671
4669
4666
4665
4666
4667
4670
4667
4665
4661
4660
4663
4661
4656
4657
4660
4660
4662
4658
4657
4657
4655
4657
4657
4656
4658
4656
4655
4653
4654
4653
4655
4651
4653
4656
4656
4657
4651
4653
4652
4652
4653
4654
4649
4651
4658
4655
4654
4656
4653
4653
4651
4644
4645
4644
4647
4645
4640
4641
4641
4641
4641
4639
4638
4636
4639
4632
4632
4637
4637
4634
4635
4632
4633
4633
4630
4632
4630
4630
4629
4628
4631
4624
4626
4631
4630
4632
4627
4629
4632
4630
4625
4629
4629
4633
4632
4631
4633
4633
4631
4633
4630
4629
4627
4627
4633
4628
4628
4627
4624
4625
4626
4617
4620
4627
4624
4626
4626
4626
4626
4624
4620
4622
4621
4624
4623
4622
4624
4624
4622
4625
4622
4623
4623
4621
4620
4621
4613
4615
4614
4619
4616
4616
4615
4612
4615
4615
4620
4617
4611
4613
4617
4613
4613
4614
4613
4612
4609
4609
4608
4606
4605
4604
4601
4599
4602
4602
4594
4594
4595
4596
4596
4592
4592
4589
4589
4584
4582
4583
4586
4586
4586
4586
4586
4588
4586
4586
4586
4583
4583
4589
4587
4586
4586
4585
4590
4588
4587
4586
4586
4586
4586
4582
4580
4586
4585
4583
4581
4582
4582
4580
4581
4580
4579
4579
4578
4576
4577
4577
4578
4571
4572
4577
4576
4577
4572
4572
4577
4576
4574
4576
4577
4576
4575
4577
4575
4573
4572
4572
4570
4572
4566
4566
4572
4572
4572
4574
4571
4571
4571
4570
4569
4570
4569
4569
4571
4571
4567
4569
4573
4573
4570
4567
4566
4567
4568
4563
4560
4565
4566
4563
4559
4560
4563
4562
4557
4557
4560
4563
4561
4561
4562
4567
4571
4570
4568
4569
4571
4570
4568
4570
4568
4566
4565
4561
4563
4560
4558
4561
4558
4560
4561
4561
4560
4558
4556
4557
4555
4553
4553
4546
4546
4551
4548
4548
4548
4546
4545
4547
4545
4546
4540
4541
4541
4544
4541
4540
4541
4544
4544
4543
4541
4541
4547
4545
4545
4544
4544
4545
4545
4539
4539
4542
4539
4537
4536
4534
4532
4532
4531
4529
4531
4529
4531
4527
4527
4527
4528
4526
4529
4526
4526
4527
4529
4530
4530
4527
4527
4528
4526
4525
4525
4525
4526
4521
4521
4524
4526
4527
4522
4522
4527
4527
4526
4526
4530
4523
4524
4529
4528
4527
4528
4525
4526
4526
4522
4524
4524
4522
4522
4519
4517
4521
4520
4519
4516
4513
4513
4513
4520
4518
4513
4515
4521
4518
4517
4518
4520
4517
4517
4517
4517
4515
4513
4512
4515
4516
4514
4512
4513
4513
4513
4514
4514
4513
4511
4513
4511
4511
4513
4513
4507
4510
4514
4513
4512
4510
4510
4512
4513
4507
4508
4513
4512
4510
4512
4511
4509
4511
4511
4509
4512
4513
4514
4513
4512
4513
4513
4511
4509
4507
4513
4510
4506
4507
4510
4507
4509
4508
4507
4504
4504
4509
4509
4509
4506
4508
4505
4504
4504
4504
4503
4501
4502
4498
4498
4507
4507
4509
4514
4512
4511
4512
4505
4506
4511
4509
4506
4505
4505
4501
4501
4503
4500
4499
4500
4498
4496
4497
4494
4493
4497
4496
4494
4492
4490
4490
4488
4487
4485
4487
4482
4484
4487
4488
4488
4486
4485
4484
4484
4487
4488
4485
4486
4484
4480
4480
4480
4477
4472
4473
4476
4476
4474
4467
4470
4474
4472
4469
4471
4473
4474
4473
4471
4470
4464
4466
4468
4470
4467
4466
4466
4466
4466
4464
4465
4465
4465
4466
4466
4463
4462
4463
4459
4457
4458
4459
4457
4458
4461
4461
4463
4464
4463
4463
4462
4461
4463
4462
4460
4456
4457
4458
4458
4454
4454
4458
4463
4463
4462
4461
4469
4467
4466
4467
4465
4463
4461
4461
4458
4451
4452
4449
4451
4451
4450
4446
4445
4446
4444
4441
4442
4446
4443
4441
4442
4440
4439
4440
4437
4437
4443
4441
4440
4440
4440
4440
4440
4435
4438
4443
4441
4441
4440
4445
4443
4443
4444
4446
4444
4445
4443
4442
4441
4441
4443
4438
4438
4439
4442
4440
4437
4437
4440
4439
4439
4438
4436
4435
4434
4438
4438
4433
4431
4432
4438
4437
4431
4432
4438
4434
4433
4433
4432
4432
4433
4432
4433
4434
4433
4432
4434
4433
4433
4434
4434
4433
4434
4434
4433
4434
4432
4434
4432
4432
4435
4433
4434
4435
4430
4432
4434
4437
4436
4438
4440
4439
4445
4445
4446
4451
4459
4461
4462
4469
4481
4489
4496
4500
4511
4525
4533
4536
4549
4558
4571
4583
4589
4597
4602
4611
4624
4633
4639
4648
4657
4661
4670
4671
4680
4686
4697
4701
4707
4714
4718
4724
4729
4732
4734
4740
4738
4742
