3108
3107
3108
3107
3107
3105
3105
3103
3103
3095
3096
3096
3096
3094
3088
3086
3086
3086
3083
3080
3077
3072
3069
3072
3067
3061
3058
3057
3058
3055
3052
3051
3046
3046
3042
3040
3037
3036
3034
3030
3031
3026
3026
3022
3022
3018
3013
3012
3015
3012
3008
3009
3005
3006
3002
3001
2997
2998
2995
2994
2993
2991
2984
2986
2990
2988
2987
2985
2984
2978
2979
2983
2982
2979
2975
2974
2978
2974
2974
2971
2969
2965
2964
2968
2967
2965
2962
2962
2961
2961
2959
2959
2952
2954
2957
2957
2955
2952
2951
2952
2950
2946
2945
2949
2948
2949
2947
2948
2947
2947
2948
2946
2947
2945
2946
2943
2944
2944
2942
2941
2936
2938
2941
2940
2937
2938
2936
2937
2935
2932
2932
2936
2935
2935
2936
2936
2937
2937
2938
2936
2932
2932
2931
2935
2934
2930
2929
2935
2930
2931
2925
2926
2928
2929
2928
2928
2928
2926
2926
2921
2923
2927
2926
2926
2926
2924
2921
2922
2925
2925
2927
2926
2927
2926
2926
2924
2926
2928
2927
2924
2923
2923
2926
2923
2919
2920
2923
2923
2920
2920
2918
2919
2918
2917
2918
2916
2917
2916
2916
2917
2915
2915
2914
2913
2913
2912
2913
2912
2912
2912
2911
2910
2908
2907
2913
2911
2909
2910
2908
2911
2908
2904
2905
2908
2909
2906
2906
2905
2905
2904
2898
2901
2905
2903
2903
2900
2899
2903
2904
2898
2900
2901
2905
2904
2902
2903
2902
2901
2896
2896
2897
2899
2900
2898
2897
2895
2897
2897
2896
2897
2893
2892
2897
2897
2895
2896
2895
2894
2893
2894
2894
2897
2896
2899
2894
2896
2900
2900
2901
2902
2904
2905
2907
2909
2908
2904
2904
2905
2907
2906
2906
2906
2900
2901
2902
2903
2903
2903
2902
2900
2900
2905
2904
2903
2903
2903
2903
2903
2903
2902
2899
2895
2897
2900
2901
2900
2899
2899
2900
2900
2900
2900
2897
2899
2906
2905
2906
2905
2906
2913
2911
2913
2912
2913
2910
2911
2910
2911
2912
2914
2908
2908
2910
2913
2914
2913
2912
2914
2912
2914
2909
2911
2915
2915
2913
2915
2916
2916
2917
2917
2918
2916
2917
2921
2923
2923
2925
2925
2926
2926
2922
2924
2926
2931
2929
2931
2931
2933
2935
2934
2932
2933
2938
2939
2940
2940
2935
2937
2938
2943
2943
2939
2940
2946
2947
2946
2947
2948
2949
2951
2950
2953
2953
2955
2956
2957
2959
2960
2962
2958
2960
2963
2968
2969
2968
2970
2973
2974
2976
2972
2974
2980
2981
2978
2980
2984
2989
2991
2989
2990
2997
2999
2997
2998
3001
3009
3010
3007
3010
3017
3020
3022
3025
3025
3029
3032
3034
3036
3040
3043
3044
3046
3051
3054
3056
3059
3062
3066
3064
3069
3076
3077
3081
3086
3088
3090
3095
3097
3100
3101
3104
3111
3117
3119
3118
3122
3132
3133
3134
3137
3142
3151
3154
3157
3161
3165
3170
3174
3173
3180
3188
3191
3196
3199
3204
3209
3214
3220
3226
3224
3230
3239
3244
3249
3254
3258
3259
3265
3274
3279
3283
3286
3293
3297
3300
3307
3311
3315
3319
3327
3332
3339
3344
3351
3350
3358
3364
3371
3379
3376
3384
3393
3396
3401
3404
3409
3413
3420
3420
3426
3435
3442
3450
3454
3462
3467
3473
3480
3484
3492
3499
3504
3511
3516
3521
3528
3532
3540
3544
3551
3557
3556
3568
3575
3584
3589
3595
3603
3603
3612
3626
3631
3638
3642
3647
3660
3668
3672
3680
3688
3702
3705
3714
3721
3729
3737
3743
3753
3759
3767
3774
3781
3789
3797
3805
3813
3820
3828
3832
3840
3855
3859
3868
3874
3884
3888
3896
3901
3910
3915
3922
3928
3936
3942
3951
3959
3969
3976
3985
3989
3995
4009
4017
4018
4029
4038
4050
4057
4060
4069
4082
4087
4091
4097
4105
4119
4122
4131
4135
4141
4147
4155
4157
4164
4175
4183
4188
4197
4201
4207
4214
4219
4223
4229
4233
4237
4244
4250
4248
4258
4269
4275
4278
4285
4290
4297
4301
4305
4312
4325
4328
4336
4338
4345
4361
4365
4374
4381
4389
4398
4406
4416
4420
4429
4436
4444
4454
4460
4470
4476
4484
4491
4497
4507
4512
4521
4528
4531
4540
4553
4559
4565
4570
4576
4576
4585
4595
4600
4600
4606
4611
4625
4631
4631
4639
4651
4656
4663
4667
4677
4683
4691
4695
4706
4712
4720
4727
4733
4741
4738
4751
4762
4765
4770
4774
4781
4779
4786
4800
4802
4805
4809
4812
4823
4829
4831
4839
4844
4849
4856
4857
4863
4876
4879
4877
4885
4892
4901
4907
4911
4914
4923
4925
4929
4934
4939
4941
4948
4955
4956
4961
4962
4966
4977
4980
4984
4990
4988
4995
4999
5007
5014
5013
5019
5029
5027
5032
5034
5039
5042
5045
5052
5056
5060
5067
5068
5074
5078
5080
5085
5087
5089
5096
5100
5103
5104
5109
5119
5120
5124
5125
5127
5131
5132
5137
5141
5139
5141
5146
5151
5152
5148
5148
5157
5158
5155
5151
5156
5162
5162
5166
5165
5170
5173
5174
5179
5182
5188
5193
5195
5200
5203
5200
5209
5216
5216
5221
5223
5224
5227
5228
5226
5230
5237
5241
5243
5237
5241
5247
5244
5245
5242
5241
5241
5237
5236
5235
5233
5232
5224
5227
5227
5231
5230
5230
5228
5229
5228
5229
5226
5227
5225
5224
5227
5224
5226
5228
5227
5226
5231
5237
5238
5240
5240
5242
5242
5241
5237
5238
5246
5246
5244
5238
5242
5250
5248
5251
5252
5250
5253
5253
5252
5253
5253
5252
5250
5252
5253
5259
5261
5252
5254
5264
5260
5257
5262
5259
5261
5262
5260
5260
5264
5264
5265
5266
5269
5262
5267
5276
5278
5280
5276
5280
5288
5290
5290
5292
5296
5298
5300
5298
5301
5309
5309
5310
5312
5310
5306
5307
5314
5306
5305
5302
5297
5296
5292
5290
5291
5288
5288
5285
5286
5286
5284
5284
5280
5281
5285
5292
5289
5290
5294
5292
5295
5291
5294
5296
5306
5306
5308
5311
5312
5314
5317
5312
5315
5326
5324
5325
5324
5321
5325
5323
5325
5327
5326
5328
5318
5323
5320
5324
5319
5317
5310
5300
5300
5299
5298
5292
5283
5281
5286
5283
5281
5277
5278
5275
5274
5274
5273
5272
5271
5268
5262
5261
5269
5263
5263
5260
5260
5258
5256
5250
5251
5255
5253
5246
5243
5242
5244
5242
5239
5238
5233
5229
5224
5218
5215
5220
5213
5204
5202
5203
5202
5202
5193
5195
5199
5196
5193
5192
5189
5190
5187
5182
5184
5180
5178
5176
5177
5175
5174
5171
5171
5167
5169
5164
5160
5151
5145
5152
5146
5145
5144
5140
5133
5133
5137
5134
5130
5129
5128
5123
5123
5128
5126
5125
5122
5122
5120
5118
5116
5114
5103
5104
5102
5104
5098
5097
5093
5093
5090
5081
5081
5080
5081
5080
5076
5074
5072
5071
5072
5069
5071
5064
5066
5071
5070
5067
5066
5063
5058
5058
5063
5059
5060
5058
5056
5055
5053
5054
5048
5050
5046
5045
5043
5040
5039
5035
5029
5028
5029
5029
5027
5017
5017
5022
5016
5010
5008
5007
5007
5007
5000
5000
5003
4999
4996
4994
4992
4988
4989
4984
4984
4980
4979
4979
4970
4969
4973
4970
4968
4966
4966
4962
4960
4957
4956
4951
4953
4949
4949
4948
4946
4943
4935
4936
4936
4934
4930
4927
4925
4923
4921
4912
4910
4910
4912
4910
4900
4901
4904
4899
4894
4894
4889
4889
4887
4885
4881
4878
4875
4873
4870
4867
4862
4859
4855
4851
4848
4845
4839
4837
4833
4831
4825
4824
4820
4815
4812
4810
4807
4804
4802
4794
4792
4794
4790
4782
4782
4788
4784
4782
4774
4771
4773
4768
4759
4755
4753
4753
4751
4743
4741
4737
4735
4729
4724
4723
4726
4723
4715
4712
4715
4715
4710
4709
4707
4703
4701
4700
4697
4696
4687
4686
4685
4684
4681
4678
4676
4672
4669
4666
4663
4660
4659
4648
4648
4645
4649
4644
4636
4636
4640
4636
4635
4631
4627
4628
4623
4622
4618
4617
4613
4611
4611
4608
4605
4601
4601
4601
4599
4596
4597
4589
4592
4595
4594
4589
4584
4580
4586
4583
4576
4575
4576
4577
4575
4566
4566
4570
4566
4558
4557
4555
4558
4555
4552
4549
4546
4543
4541
4535
4534
4528
4524
4520
4518
4512
4510
4505
4504
4499
4493
4490
4495
4489
4489
4485
4483
4472
4473
4478
4475
4471
4467
4466
4464
4462
4459
4456
4455
4451
4449
4440
4439
4441
4438
4435
4430
4429
4423
4422
4417
4413
4405
4402
4397
4398
4395
4391
4389
4378
4377
4376
4376
4372
4366
4364
4357
4356
4350
4347
4342
4336
4332
4336
4332
4322
4322
4317
4322
4318
4311
4309
4314
4313
4307
4305
4302
4302
4297
4296
4296
4291
4290
4287
4283
4282
4282
4280
4271
4272
4272
4275
4273
4268
4264
4270
4269
4264
4263
4263
4261
4258
4251
4252
4256
4252
4251
4245
4244
4245
4244
4242
4238
4238
4237
4234
4230
4227
4231
4229
4225
4223
4219
4217
4214
4210
4210
4205
4205
4202
4197
4195
4199
4197
4192
4191
4191
4188
4185
4182
4182
4177
4177
4173
4173
4170
4168
4165
4164
4161
4161
4159
4159
4154
4150
4156
4153
4146
4144
4145
4145
4143
4136
4135
4140
4134
4133
4129
4130
4122
4120
4125
4119
4119
4115
4112
4110
4107
4105
4103
4102
4099
4096
4095
4092
4091
4088
4085
4083
4079
4077
4076
4067
4068
4070
4068
4065
4062
4061
4054
4052
4058
4055
4045
4047
4047
4050
4048
4043
4040
4046
4041
4040
4038
4037
4033
4031
4030
4026
4027
4024
4020
4019
4018
4010
4009
4014
4009
4007
4005
4001
4001
3996
3995
3992
3989
3986
3985
3984
3981
3975
3972
3979
3974
3971
3970
3969
3968
3966
3958
3960
3957
3959
3958
3955
3953
3952
3950
3946
3941
3941
3942
3941
3937
3935
3931
3931
3927
3924
3924
3920
3918
3918
3916
3913
3907
3908
3911
3907
3900
3898
3901
3901
3897
3895
3894
3893
3891
3885
3885
3884
3887
3885
3884
3882
3875
3876
3876
3877
3876
3874
3872
3872
3870
3870
3871
3867
3869
3868
3860
3860
3862
3859
3857
3848
3848
3851
3849
3844
3843
3842
3838
3838
3833
3832
3831
3827
3826
3819
3820
3823
3819
3811
3810
3813
3812
3809
3806
3805
3802
3799
3798
3793
3794
3792
3791
3788
3786
3779
3781
3781
3781
3780
3774
3773
3778
3775
3773
3772
3769
3768
3769
3763
3762
3762
3758
3758
3751
3751
3755
3751
3746
3744
3746
3747
3746
3743
3742
3742
3737
3732
3729
3729
3732
3728
3727
3721
3714
3713
3711
3712
3712
3705
3704
3707
3706
3700
3698
3696
3698
3696
3694
3691
3691
3691
3689
3689
3688
3682
3683
3686
3685
3681
3679
3675
3674
3672
3670
3669
3665
3665
3661
3660
3658
3651
3652
3655
3654
3652
3646
3647
3650
3648
3642
3642
3641
3643
3641
3642
3639
3638
3637
3633
3634
3632
3630
3630
3624
3623
3628
3625
3625
3619
3616
3622
3619
3617
3616
3615
3615
3613
3610
3608
3603
3602
3605
3607
3606
3603
3602
3608
3606
3607
3606
3605
3603
3602
3600
3597
3596
3594
3592
3591
3590
3589
3588
3580
3581
3583
3583
3582
3580
3579
3579
3576
3574
3574
3572
3567
3567
3572
3568
3568
3565
3564
3564
3562
3555
3556
3559
3556
3554
3554
3551
3548
3548
3552
3551
3551
3549
3551
3548
3548
3548
3548
3547
3546
3543
3539
3537
3540
3539
3536
3534
3533
3532
3530
3525
3523
3529
3526
3524
3524
3522
3515
3516
3519
3518
3517
3515
3512
3513
3510
3503
3504
3508
3508
3507
3505
3506
3504
3504
3505
3503
3503
3503
3500
3495
3495
3498
3499
3491
3493
3493
3494
3493
3493
3491
3491
3488
3488
3486
3485
3485
3483
3480
3482
3481
3478
3480
3477
3476
3473
3471
3477
3476
3475
3469
3471
3475
3474
3473
3470
3471
3470
3469
3465
3464
3467
3466
3458
3459
3459
3463
3460
3459
3458
3455
3455
3456
3451
3453
3458
3457
3454
3455
3451
3448
3447
3447
3441
3436
3434
3438
3436
3434
3429
3428
3433
3431
3429
3428
3426
3425
3423
3421
3422
3427
3428
3426
3428
3427
3427
3426
3424
3426
3422
3423
3421
3420
3417
3415
3415
3411
3412
3409
3410
3407
3408
3405
3406
3403
3403
3402
3401
3397
3396
3403
3398
3394
3393
3394
3399
3397
3399
3397
3392
3390
3391
3393
3392
3390
3388
3383
3382
3385
3384
3384
3381
3381
3380
3378
3373
3372
3374
3375
3375
3371
3371
3371
3369
3369
3366
3367
3362
3360
3366
3363
3364
3364
3362
3361
3361
3360
3360
3354
3355
3356
3358
3359
3357
3357
3357
3357
3358
3356
3355
3349
3351
3355
3353
3349
3345
3346
3348
3347
3343
3343
3342
3341
3338
3332
3331
3336
3335
3333
3333
3331
3332
3330
3329
3328
3329
3327
3326
3322
3321
3325
3325
3323
3324
3321
3322
3319
3316
3315
3319
3318
3311
3313
3312
3317
3314
3315
3311
3313
3312
3312
3310
3310
3310
3309
3309
3308
3309
3305
3305
3305
3305
3297
3300
3303
3300
3300
3299
3300
3294
3295
3298
3298
3294
3292
3293
3296
3295
3289
3291
3294
3293
3292
3288
3286
3292
3289
3283
3284
3283
3287
3285
3286
3284
3284
3283
3284
3283
3284
3284
3284
3283
3280
3282
3280
3281
3279
3281
3274
3277
3283
3283
3283
3284
3286
3287
3286
3287
3284
3284
3282
3280
3274
3274
3279
3276
3275
3274
3274
3272
3272
3270
3270
3263
3263
3262
3267
3262
3259
3257
3262
3259
3257
3257
3255
3256
3254
3249
3248
3254
3254
3254
3254
3253
3253
3253
3255
3256
3257
3257
3258
3257
3256
3256
3254
3251
3247
3247
3250
3248
3242
3241
3245
3244
3242
3243
3242
3241
3242
3240
3241
3240
3234
3235
3241
3237
3233
3232
3235
3235
3235
3233
3232
3231
3228
3224
3222
3224
3228
3227
3225
3224
3222
3224
3223
3226
3225
3227
3230
3230
3230
3230
3228
3227
3223
3221
3226
3223
3218
3218
3218
3222
3220
3218
3219
3216
3216
3215
3213
3211
3218
3216
3217
3216
3216
3214
3215
3209
3208
3213
3209
3204
3203
3203
3205
3205
3201
3202
3200
3199
3199
3198
3197
3195
3195
3195
3194
3191
3189
3190
3192
3188
3191
3192
3192
3194
3193
3192
3193
3200
3198
3198
3198
3199
3192
3193
3196
3194
3192
3190
3187
3185
3184
3188
3186
3181
3180
3186
3181
3182
3180
3181
3179
3179
3177
3177
3176
3175
3174
3173
3173
3173
3175
3173
3176
3176
3172
3172
3176
3175
3174
3175
3173
3169
3167
3172
3171
3169
3168
3168
3167
3165
3164
3164
3161
3160
3158
3155
3157
3158
3159
3153
3154
3158
3157
3156
3155
3155
3154
3155
3153
3153
3152
3153
3152
3147
3148
3154
3151
3150
3149
3150
3148
3149
3148
3148
3146
3148
3147
3143
3142
3148
3147
3147
3145
3146
3143
3143
3137
3140
3142
3143
3140
3142
3139
3143
3140
3141
3139
3135
3135
3135
3139
3139
3136
3138
3130
3134
3133
3139
3137
3138
3136
3139
3137
3137
3132
3135
3137
3138
3137
3136
3135
3135
3134
3130
3130
3133
3133
3131
3130
3131
3129
3129
3125
3124
3131
3128
3128
3126
3125
3124
3126
3125
3127
3121
3123
3122
3126
3122
3123
3123
3121
3121
3122
3115
3117
3120
3120
3112
3116
3117
3118
3115
3115
3116
3116
3115
3113
3114
3113
3112
3112
3110
3113
3111
3113
3112
3111
3114
3110
3113
3113
3111
3110
3107
3106
3112
3108
3103
3104
3107
3106
3105
3099
3101
3103
3104
3097
3098
3100
3103
3104
3097
3100
3103
3102
3101
3102
3099
3101
3101
3099
3099
3097
3098
3097
3098
3097
3096
3096
3094
3095
3095
3095
3093
3090
3092
3097
3097
3093
3092
3092
3095
3095
3090
3092
3097
3096
3098
3098
3099
3101
3100
3100
3098
3099
3098
3098
3094
3093
3098
3097
3094
3094
3094
3091
3093
3091
3090
3091
3089
3089
3091
3090
3087
3087
3090
3090
3088
3087
3088
3082
3083
3089
3085
3085
3083
3081
3082
3080
3080
3081
3075
3076
3076
3080
3080
3077
3079
3072
3073
3075
3077
3077
3075
3074
3073
3073
3069
3072
3072
3071
3074
3069
3071
3076
3075
3076
3074
3074
3073
3071
3068
3067
3069
3072
3070
3070
3067
3067
3068
3065
3067
3064
3066
3066
3061
3062
3067
3067
3063
3061
3060
3064
3064
3063
3065
3063
3063
3065
3064
3066
3060
3064
3064
3066
3066
3063
3062
3062
3062
3061
3061
3062
3060
3060
3057
3057
3062
3059
3059
3057
3056
3055
3054
3047
3049
3050
3052
3052
3046
3047
3053
3050
3051
3051
3053
3047
3048
3052
3051
3050
3051
3050
3045
3046
3049
3047
3049
3048
3049
3047
3046
3046
3043
3045
3044
3042
3043
3042
3038
3040
3044
3043
3044
3042
3042
3041
3041
3041
3040
3042
3041
3040
3037
3037
3042
3039
3039
3037
3038
3036
3038
3034
3035
3041
3039
3035
3033
3036
3038
3039
3039
3036
3033
3033
3036
3036
3037
3032
3031
3035
3033
3033
3032
3033
3032
3032
3033
3030
3032
3030
3028
3031
3028
3030
3029
3021
3024
3026
3028
3028
3023
3025
3028
3027
3024
3024
3025
3030
3031
3032
3031
3033
3035
3033
3035
3035
3037
3039
3037
3040
3038
3039
3036
3035
3034
3032
3033
3031
3030
3030
3027
3030
3023
3025
3028
3027
3027
3027
3025
3026
3026
3021
3021
3023
3026
3024
3025
3024
3024
3024
3017
3019
3020
3024
3021
3018
3019
3021
3021
3019
3019
3017
3017
3017
3017
3015
3015
3016
3015
3016
3016
3018
3019
3014
3015
3016
3019
3020
3019
3017
3014
3014
3017
3019
3018
3013
3014
3019
3017
3016
3017
3014
3015
3015
3014
3016
3015
3016
3014
3013
3014
3012
3011
3006
3006
3006
3010
3008
3009
3008
3002
3003
3004
3006
3003
3002
3002
3001
3001
2997
2997
2998
3001
2999
3000
2999
2993
2996
2995
3000
2999
2993
2996
2999
2999
2998
2997
2998
2996
2997
2998
2997
2996
2997
2996
2998
2997
2998
3000
2999
3000
3001
3000
3000
2998
2997
2999
2997
2997
2993
2993
2998
2995
2991
2991
2995
2996
2995
2991
2993
2997
2996
2996
2995
2993
2993
2993
2991
2990
2993
2991
2991
2991
2991
2990
2991
2992
2991
2986
2987
2988
2994
2994
2995
2993
2995
2995
2994
2995
2996
2991
2990
2995
2992
2991
2988
2986
2991
2990
2983
2986
2989
2989
2990
2985
2986
2993
2992
2990
2991
2991
2992
2992
2988
2990
2994
2993
2994
2993
2991
2993
2990
2988
2988
2988
2986
2987
2987
2986
2982
2982
2985
2987
2984
2985
2984
2983
2984
2983
2981
2982
2981
2981
2979
2979
2979
2978
2975
2974
2974
2978
2979
2976
2977
2976
2975
2977
2974
2974
2971
2971
2975
2973
2970
2967
2969
2972
2972
2969
2969
2977
2977
2975
2977
2976
2977
2980
2978
2980
2980
2980
2980
2979
2981
2978
2980
2985
2984
2984
2982
2984
2977
2978
2982
2981
2980
2973
2975
2978
2976
2971
2969
2971
2971
2972
2972
2969
2971
2971
2969
2969
2969
2974
2974
2974
2973
2971
2970
2970
2968
2970
2969
2967
2968
2967
2968
2969
2969
2968
2969
2966
2967
2966
2965
2967
2967
2967
2965
2964
2969
2970
2968
2966
2964
2969
2969
2969
2971
2971
2967
2969
2970
2972
2971
2973
2975
2977
2978
2979
2981
2983
2982
2979
2980
2979
2984
2980
2979
2979
2976
2977
2975
2972
2973
2970
2969
2965
2963
2966
2966
2963
2964
2962
2961
2961
2960
2962
2960
2958
2958
2962
2962
2955
2955
2958
2958
2957
2957
2955
2950
2950
2951
2952
2951
2946
2946
2953
2951
2952
2954
2951
2952
2952
2951
2951
2951
2949
2951
2951
2951
2948
2948
2951
2950
2949
2950
2949
2945
2946
2950
2949
2944
2943
2943
2948
2947
2948
2947
2942
2945
2943
2947
2948
2945
2946
2946
2944
2945
2943
2943
2942
2941
2941
2942
2938
2938
2941
2942
2943
2941
2941
2942
2938
2940
2941
2939
2943
2941
2936
2937
2939
2943
2943
2943
2944
2945
2946
2946
2947
2948
2947
2949
2951
2950
2947
2949
2949
2952
2950
2944
2947
2949
2948
2945
2944
2942
2947
2945
2946
2945
2946
2944
2943
2944
2945
2945
2947
2943
2943
2946
2951
2950
2949
2950
2952
2951
2949
2949
2948
2945
2943
2947
2946
2944
2944
2943
2937
2937
2941
2940
2936
2935
2936
2941
2940
2936
2938
2943
2943
2942
2939
2941
2943
2942
2939
2939
2941
2942
2938
2938
2935
2934
2934
2932
2930
2931
2929
2928
2929
2927
2926
2927
2925
2926
2925
2925
2926
2925
2923
2924
2924
2923
2926
2925
2926
2929
2930
2930
2928
2930
2930
2929
2929
2930
2931
2928
2927
2928
2932
2933
2931
2931
2927
2927
2927
2931
2929
2928
2926
2923
2921
2922
2924
2925
2920
2918
2926
2926
2924
2923
2923
2927
2926
2920
2919
2926
2924
2924
2922
2923
2923
2920
2923
2923
2922
2922
2923
2917
2920
2923
2927
2926
2927
2930
2929
2933
2932
2932
2933
2932
2933
2931
2933
2933
2932
2933
2932
2931
2926
2927
2930
2928
2929
2927
2924
2922
2921
2925
2925
2924
2922
2921
2922
2921
2924
2924
2920
2921
2925
2924
2925
2920
2920
2925
2924
2921
2922
2922
2921
2921
2922
2921
2920
2921
2915
2914
2916
2919
2917
2918
2917
2911
2910
2912
2916
2915
2909
2910
2914
2914
2913
2912
2913
2914
2916
2913
2913
2918
2918
2918
2917
2917
2917
2917
2916
2916
2917
2917
2916
2916
2918
2918
2916
2916
2916
2914
2913
2912
2913
2912
2909
2908
2910
2910
2909
2909
2911
2907
2912
2914
2919
2924
2928
2930
2936
2940
2943
2945
2948
2958
2962
2961
2967
2977
2981
2983
2985
2990
2998
3003
3003
3008
3014
3024
3028
3028
3033
3044
3047
3051
3056
3059
3063
3068
3071
3077
3078
3083
3086
3084
3088
3093
3097
3097
3099
3101
3096
3099
