4507
4507
4502
4502
4500
4504
4502
4501
4496
4495
4493
4486
4482
4480
4482
4475
4471
4467
4464
4459
4454
4449
4446
4441
4436
4433
4428
4424
4417
4414
4411
4406
4403
4398
4392
4390
4385
4387
4382
4381
4377
4367
4367
4363
4366
4360
4355
4352
4341
4340
4335
4338
4333
4328
4325
4322
4317
4316
4313
4308
4308
4303
4302
4299
4289
4290
4289
4290
4287
4280
4280
4283
4281
4278
4272
4271
4269
4268
4268
4266
4263
4259
4259
4263
4260
4258
4256
4253
4251
4251
4250
4249
4248
4246
4244
4243
4241
4241
4240
4232
4233
4234
4233
4232
4231
4230
4230
4228
4229
4229
4227
4229
4227
4223
4224
4229
4226
4225
4225
4224
4225
4225
4219
4221
4225
4225
4221
4219
4219
4222
4218
4212
4210
4217
4214
4213
4213
4214
4209
4208
4212
4209
4207
4204
4204
4204
4202
4201
4199
4199
4197
4198
4199
4198
4197
4195
4198
4197
4198
4197
4199
4195
4195
4201
4199
4198
4194
4193
4199
4200
4194
4194
4199
4199
4198
4198
4198
4197
4197
4196
4194
4195
4191
4192
4195
4195
4195
4195
4194
4193
4192
4189
4190
4194
4193
4190
4191
4189
4187
4186
4178
4179
4183
4182
4181
4182
4182
4181
4181
4181
4181
4182
4181
4181
4176
4179
4186
4183
4180
4179
4180
4186
4185
4180
4182
4187
4182
4182
4180
4179
4179
4179
4178
4177
4176
4174
4173
4172
4171
4167
4167
4171
4170
4169
4165
4166
4171
4169
4171
4170
4171
4172
4171
4170
4170
4170
4169
4169
4169
4169
4169
4168
4169
4168
4167
4166
4165
4164
4165
4162
4163
4170
4170
4173
4171
4170
4177
4174
4173
4172
4171
4166
4165
4169
4168
4162
4161
4164
4167
4166
4165
4166
4160
4162
4168
4165
4165
4165
4165
4166
4166
4160
4162
4162
4165
4166
4167
4168
4168
4168
4165
4166
4167
4172
4171
4173
4172
4173
4174
4175
4171
4174
4178
4178
4179
4178
4179
4178
4181
4181
4180
4181
4181
4183
4183
4184
4185
4185
4185
4185
4187
4187
4188
4188
4192
4192
4194
4191
4194
4194
4202
4204
4203
4209
4214
4217
4216
4218
4221
4224
4226
4233
4234
4236
4239
4240
4236
4239
4244
4244
4245
4244
4245
4245
4246
4242
4245
4250
4251
4251
4253
4254
4254
4256
4255
4259
4264
4265
4268
4269
4272
4275
4277
4283
4286
4289
4293
4296
4301
4305
4306
4313
4321
4326
4330
4336
4344
4349
4354
4357
4361
4363
4367
4369
4373
4375
4378
4380
4383
4385
4389
4397
4401
4399
4407
4413
4420
4425
4425
4431
4440
4444
4450
4454
4458
4463
4468
4475
4482
4482
4492
4500
4511
4517
4520
4528
4541
4544
4552
4559
4565
4572
4579
4586
4595
4601
4609
4616
4623
4632
4641
4648
4657
4667
4675
4683
4691
4705
4714
4719
4729
4741
4752
4758
4771
4779
4788
4798
4802
4812
4824
4836
4844
4848
4858
4873
4881
4889
4898
4908
4914
4924
4936
4945
4954
4965
4975
4986
4996
5007
5017
5027
5036
5048
5058
5067
5079
5090
5096
5112
5124
5141
5154
5164
5178
5190
5201
5212
5224
5239
5256
5269
5278
5293
5312
5325
5340
5350
5365
5384
5398
5414
5428
5443
5456
5469
5486
5499
5514
5529
5543
5557
5569
5579
5594
5612
5624
5628
5646
5659
5677
5694
5710
5723
5738
5755
5770
5786
5802
5814
5831
5852
5867
5883
5900
5916
5929
5947
5964
5979
5996
6012
6029
6045
6059
6076
6093
6109
6123
6139
6155
6168
6179
6197
6220
6231
6248
6260
6273
6281
6295
6314
6323
6335
6348
6359
6370
6382
6387
6396
6414
6422
6432
6440
6454
6473
6486
6493
6509
6526
6540
6552
6561
6576
6596
6608
6625
6641
6657
6668
6686
6709
6724
6737
6751
6765
6781
6797
6815
6833
6848
6865
6881
6898
6913
6931
6943
6950
6961
6975
6983
6987
6994
7001
7000
7009
7021
7023
7028
7030
7038
7048
7049
7055
7062
7066
7071
7078
7085
7096
7106
7117
7128
7141
7154
7166
7181
7194
7211
7228
7242
7261
7271
7292
7315
7331
7344
7364
7383
7401
7416
7430
7441
7449
7463
7482
7491
7507
7521
7535
7551
7568
7577
7591
7606
7621
7633
7645
7655
7670
7681
7692
7708
7722
7727
7736
7753
7760
7766
7777
7783
7787
7796
7811
7817
7823
7830
7834
7835
7839
7849
7855
7862
7868
7873
7877
7882
7888
7892
7894
7897
7898
7897
7897
7891
7895
7904
7906
7906
7909
7914
7915
7922
7930
7941
7952
7962
7975
7989
8004
8015
8031
8053
8068
8086
8102
8121
8132
8148
8170
8183
8197
8210
8224
8229
8239
8256
8266
8273
8278
8286
8292
8299
8301
8307
8318
8321
8327
8329
8334
8336
8343
8357
8367
8368
8377
8385
8398
8402
8408
8415
8415
8425
8439
8446
8458
8460
8472
8486
8495
8503
8513
8523
8529
8537
8540
8543
8547
8552
8559
8562
8565
8567
8572
8573
8575
8574
8575
8574
8572
8571
8572
8573
8577
8585
8591
8595
8602
8616
8621
8621
8627
8631
8643
8648
8657
8665
8666
8675
8689
8696
8704
8711
8719
8728
8733
8738
8744
8749
8753
8754
8757
8763
8768
8772
8775
8775
8782
8789
8793
8793
8799
8805
8803
8802
8799
8798
8796
8797
8792
8797
8799
8805
8807
8807
8808
8804
8808
8810
8820
8824
8824
8827
8828
8829
8827
8825
8817
8810
8807
8800
8793
8782
8777
8771
8768
8763
8758
8763
8771
8774
8780
8778
8785
8796
8800
8811
8814
8818
8827
8833
8846
8853
8860
8864
8866
8875
8885
8894
8897
8902
8908
8909
8914
8918
8920
8921
8921
8921
8917
8911
8910
8904
8901
8890
8889
8892
8886
8885
8885
8885
8877
8880
8885
8883
8882
8881
8878
8872
8874
8875
8876
8875
8875
8875
8875
8879
8883
8878
8877
8874
8868
8862
8855
8844
8835
8829
8815
8805
8797
8793
8788
8784
8779
8776
8775
8777
8775
8779
8778
8772
8773
8780
8778
8775
8773
8772
8762
8760
8759
8747
8742
8736
8729
8724
8723
8715
8714
8720
8715
8715
8711
8707
8696
8693
8694
8689
8685
8685
8678
8677
8676
8675
8673
8673
8670
8667
8660
8657
8665
8661
8665
8664
8662
8664
8667
8675
8679
8683
8685
8688
8692
8696
8702
8705
8699
8699
8705
8697
8693
8687
8687
8691
8688
8679
8677
8673
8666
8660
8650
8644
8638
8632
8629
8626
8622
8619
8616
8608
8611
8616
8611
8612
8606
8608
8616
8618
8613
8618
8623
8627
8629
8631
8632
8627
8630
8638
8636
8631
8632
8631
8627
8622
8618
8612
8606
8602
8595
8590
8580
8573
8562
8550
8539
8532
8520
8513
8511
8502
8493
8486
8481
8470
8468
8471
8468
8464
8464
8459
8457
8462
8462
8465
8467
8468
8467
8467
8467
8472
8470
8469
8468
8462
8466
8466
8472
8471
8463
8464
8470
8469
8469
8466
8466
8472
8470
8467
8461
8456
8451
8440
8433
8421
8414
8405
8398
8385
8376
8369
8360
8353
8345
8339
8334
8328
8320
8316
8317
8314
8304
8306
8308
8308
8303
8299
8297
8294
8290
8276
8272
8270
8267
8260
8257
8249
8248
8242
8238
8232
8230
8225
8224
8218
8215
8204
8203
8197
8198
8196
8188
8185
8180
8175
8170
8162
8158
8160
8154
8142
8145
8140
8140
8138
8133
8132
8122
8115
8108
8102
8094
8085
8075
8060
8054
8053
8044
8038
8027
8021
8019
8011
8002
7998
7995
7996
7990
7985
7978
7972
7963
7956
7950
7944
7937
7934
7939
7935
7935
7931
7932
7932
7928
7931
7928
7924
7918
7913
7908
7903
7892
7888
7889
7884
7880
7875
7872
7870
7869
7866
7863
7856
7852
7846
7845
7840
7837
7834
7825
7821
7823
7825
7821
7817
7814
7804
7800
7803
7802
7794
7786
7784
7788
7784
7779
7778
7775
7766
7764
7765
7756
7748
7742
7734
7724
7712
7701
7690
7675
7667
7663
7655
7649
7640
7636
7629
7622
7608
7604
7594
7593
7584
7575
7568
7555
7550
7544
7537
7529
7518
7509
7498
7485
7475
7467
7458
7452
7447
7441
7434
7421
7420
7417
7417
7415
7406
7406
7410
7406
7403
7400
7399
7396
7394
7383
7380
7382
7378
7373
7363
7360
7363
7358
7349
7350
7349
7351
7349
7349
7348
7345
7343
7341
7338
7337
7335
7332
7327
7323
7318
7311
7310
7303
7297
7290
7282
7278
7273
7267
7263
7262
7251
7253
7257
7253
7252
7249
7249
7248
7247
7248
7247
7245
7241
7239
7231
7227
7226
7220
7204
7201
7195
7190
7183
7171
7163
7154
7147
7139
7127
7122
7122
7115
7112
7106
7100
7097
7094
7084
7082
7084
7080
7079
7075
7072
7064
7059
7061
7050
7046
7041
7037
7032
7030
7019
7018
7019
7014
7010
7004
6999
6996
6994
6991
6990
6986
6983
6980
6972
6973
6975
6971
6961
6962
6961
6962
6959
6949
6948
6952
6949
6943
6940
6937
6934
6930
6925
6921
6915
6909
6903
6898
6889
6876
6869
6869
6863
6855
6850
6843
6841
6835
6830
6824
6816
6809
6802
6800
6796
6789
6784
6779
6773
6766
6762
6758
6748
6748
6749
6743
6739
6730
6726
6726
6720
6713
6709
6707
6702
6698
6694
6692
6684
6684
6686
6685
6681
6677
6675
6672
6669
6666
6662
6661
6657
6655
6648
6648
6651
6649
6639
6636
6632
6634
6629
6621
6617
6621
6615
6609
6605
6601
6594
6591
6586
6580
6577
6572
6565
6560
6558
6553
6550
6541
6536
6532
6535
6528
6524
6521
6516
6511
6509
6505
6500
6491
6488
6489
6481
6472
6462
6456
6457
6447
6434
6431
6431
6429
6419
6415
6410
6407
6404
6399
6395
6391
6387
6381
6380
6374
6372
6370
6366
6358
6359
6361
6357
6355
6351
6349
6346
6344
6342
6338
6329
6327
6331
6324
6322
6314
6311
6303
6302
6304
6297
6292
6287
6282
6277
6271
6266
6258
6250
6246
6242
6230
6228
6229
6226
6221
6216
6214
6204
6202
6203
6200
6191
6191
6189
6190
6183
6178
6174
6170
6165
6160
6154
6151
6145
6140
6133
6126
6115
6110
6106
6107
6102
6090
6091
6093
6089
6086
6079
6076
6078
6074
6073
6066
6068
6064
6063
6061
6056
6047
6046
6049
6045
6043
6040
6037
6034
6032
6022
6022
6022
6025
6021
6021
6019
6011
6010
6011
6012
6009
6006
6005
6003
6002
6000
5998
5998
5996
5995
5991
5990
5986
5979
5970
5965
5958
5952
5948
5938
5936
5932
5930
5924
5915
5910
5911
5905
5901
5896
5890
5885
5881
5876
5872
5866
5864
5861
5857
5856
5849
5848
5851
5845
5844
5840
5836
5830
5830
5835
5829
5820
5820
5813
5820
5816
5813
5812
5802
5801
5798
5799
5797
5794
5791
5790
5788
5786
5785
5784
5781
5781
5775
5777
5782
5778
5774
5772
5771
5768
5767
5765
5765
5761
5758
5754
5750
5745
5735
5733
5733
5733
5729
5723
5721
5718
5714
5707
5705
5702
5704
5700
5690
5691
5693
5689
5686
5679
5677
5679
5675
5674
5670
5666
5660
5654
5649
5646
5644
5640
5635
5629
5626
5623
5622
5611
5609
5611
5609
5603
5603
5599
5600
5599
5598
5597
5596
5597
5597
5591
5588
5593
5587
5579
5582
5582
5584
5578
5574
5569
5566
5560
5557
5551
5548
5545
5539
5536
5533
5529
5528
5525
5526
5522
5520
5518
5515
5514
5512
5509
5508
5506
5505
5504
5505
5505
5503
5503
5495
5492
5493
5487
5481
5474
5472
5474
5471
5465
5464
5467
5465
5462
5455
5455
5459
5455
5450
5450
5449
5453
5451
5450
5450
5449
5448
5447
5447
5449
5448
5445
5443
5440
5434
5433
5431
5428
5427
5418
5418
5420
5418
5413
5406
5406
5409
5406
5402
5400
5404
5403
5401
5399
5396
5395
5394
5392
5391
5389
5385
5381
5377
5374
5365
5364
5358
5358
5354
5349
5346
5343
5338
5332
5328
5326
5331
5325
5323
5323
5315
5315
5317
5320
5317
5314
5312
5312
5312
5309
5307
5305
5304
5304
5301
5298
5298
5296
5294
5290
5291
5297
5293
5290
5289
5288
5281
5280
5283
5281
5274
5274
5273
5276
5273
5271
5269
5267
5264
5258
5255
5256
5259
5256
5254
5251
5243
5245
5244
5246
5244
5241
5237
5234
5234
5233
5231
5230
5226
5224
5217
5219
5221
5220
5220
5211
5209
5216
5213
5213
5210
5207
5206
5209
5205
5206
5204
5202
5201
5198
5201
5203
5202
5202
5202
5202
5203
5203
5201
5200
5194
5194
5198
5194
5190
5183
5182
5185
5180
5177
5175
5173
5172
5172
5172
5171
5169
5169
5169
5167
5165
5159
5157
5155
5153
5149
5144
5142
5132
5130
5135
5130
5125
5122
5119
5118
5116
5110
5107
5111
5110
5108
5107
5107
5103
5101
5100
5098
5092
5094
5092
5094
5093
5085
5085
5093
5090
5089
5087
5084
5082
5080
5078
5074
5075
5074
5071
5072
5071
5063
5064
5070
5067
5066
5058
5059
5062
5059
5051
5051
5050
5054
5054
5053
5053
5050
5048
5049
5047
5046
5045
5044
5043
5043
5042
5040
5041
5037
5035
5040
5037
5036
5033
5030
5031
5030
5027
5027
5021
5021
5023
5025
5023
5017
5016
5020
5017
5013
5013
5012
5012
5011
5010
5009
5006
5006
5003
5001
4999
4998
4995
4989
4989
4995
4994
4994
4988
4985
4991
4989
4985
4981
4981
4975
4975
4978
4975
4966
4967
4966
4969
4968
4967
4965
4963
4961
4961
4959
4958
4957
4955
4955
4954
4951
4951
4950
4945
4945
4948
4946
4940
4942
4941
4944
4942
4941
4938
4938
4937
4933
4930
4928
4929
4930
4927
4928
4928
4925
4923
4917
4919
4923
4920
4911
4912
4911
4915
4913
4911
4911
4909
4905
4901
4901
4898
4903
4901
4899
4898
4897
4894
4892
4889
4887
4893
4889
4890
4887
4887
4887
4886
4883
4879
4880
4880
4880
4881
4878
4871
4871
4879
4877
4869
4867
4866
4869
4868
4862
4861
4866
4863
4858
4859
4856
4854
4852
4850
4848
4847
4846
4845
4840
4840
4844
4841
4838
4838
4837
4834
4834
4834
4833
4831
4828
4826
4824
4825
4821
4822
4825
4823
4819
4818
4817
4822
4821
4814
4815
4820
4817
4819
4817
4815
4814
4812
4811
4809
4809
4808
4808
4801
4801
4806
4804
4801
4801
4801
4800
4797
4798
4794
4793
4789
4793
4793
4794
4787
4789
4792
4792
4789
4784
4783
4788
4787
4784
4781
4781
4781
4780
4779
4778
4776
4775
4773
4772
4772
4771
4770
4762
4761
4768
4765
4763
4762
4763
4760
4759
4753
4754
4759
4759
4757
4758
4754
4755
4755
4749
4748
4748
4752
4752
4750
4748
4742
4743
4740
4743
4742
4742
4741
4741
4739
4739
4737
4736
4735
4736
4729
4730
4734
4732
4732
4727
4728
4729
4727
4727
4726
4726
4725
4721
4720
4721
4721
4721
4716
4713
4713
4719
4717
4715
4713
4712
4711
4712
4710
4711
4711
4710
4703
4704
4706
4709
4707
4705
4706
4704
4704
4702
4700
4698
4700
4699
4694
4694
4700
4696
4696
4690
4690
4693
4691
4684
4685
4687
4686
4683
4686
4684
4684
4684
4683
4682
4678
4679
4678
4677
4677
4676
4675
4674
4674
4674
4671
4669
4668
4668
4667
4666
4666
4665
4663
4663
4661
4657
4653
4656
4659
4658
4651
4652
4655
4654
4653
4653
4652
4644
4645
4650
4648
4647
4642
4641
4645
4644
4643
4643
4641
4640
4639
4637
4637
4636
4635
4637
4635
4635
4634
4632
4628
4631
4636
4633
4631
4625
4627
4633
4632
4626
4625
4628
4628
4629
4629
4630
4624
4625
4628
4626
4627
4624
4624
4621
4619
4619
4619
4618
4616
4615
4614
4613
4608
4608
4610
4612
4613
4613
4611
4611
4610
4611
4612
4613
4611
4609
4610
4608
4607
4608
4607
4606
4605
4608
4606
4600
4599
4600
4602
4601
4596
4598
4601
4598
4596
4596
4595
4592
4592
4596
4594
4588
4588
4591
4594
4591
4590
4591
4590
4587
4588
4589
4587
4586
4584
4583
4583
4581
4582
4580
4577
4579
4578
4576
4570
4571
4570
4573
4572
4566
4569
4573
4572
4566
4567
4567
4572
4570
4567
4566
4571
4568
4566
4563
4562
4565
4564
4563
4562
4559
4557
4556
4555
4555
4554
4552
4550
4547
4547
4546
4546
4547
4547
4546
4546
4544
4542
4545
4550
4547
4548
4545
4546
4544
4544
4538
4536
4543
4541
4539
4540
4538
4539
4536
4533
4531
4539
4534
4536
4535
4531
4533
4531
4527
4527
4528
4531
4532
4529
4528
4528
4527
4529
4526
4524
4520
4521
4522
4520
4520
4519
4519
4513
4514
4517
4513
4514
4516
4515
4516
4514
4512
4511
4516
4516
4513
4512
4510
4508
4506
4506
4504
4499
4501
4500
4504
4503
4501
4499
4506
4504
4502
4500
4500
4495
4495
4500
4495
4492
4493
4492
4493
4494
4492
4493
4489
4489
4488
4487
4487
4482
4481
4488
4485
4482
4481
4480
4482
4482
4483
4481
4481
4480
4480
4482
4481
4476
4478
4482
4480
4481
4482
4481
4477
4477
4482
4482
4482
4482
4481
4481
4479
4477
4476
4475
4474
4474
4470
4469
4472
4471
4464
4467
4468
4472
4468
4468
4464
4460
4463
4464
4466
4467
4467
4466
4467
4466
4461
4461
4459
4467
4466
4464
4463
4458
4459
4459
4463
4462
4463
4464
4464
4464
4466
4466
4463
4462
4460
4459
4459
4457
4456
4455
4453
4453
4452
4451
4444
4445
4444
4448
4447
4446
4444
4445
4443
4442
4438
4438
4444
4441
4441
4442
4438
4438
4437
4440
4438
4433
4435
4442
4441
4440
4442
4442
4444
4446
4448
4446
4444
4439
4438
4441
4440
4434
4435
4437
4435
4433
4433
4434
4429
4430
4436
4435
4435
4433
4433
4426
4428
4433
4432
4433
4431
4431
4439
4439
4440
4442
4439
4437
4437
4435
4433
4431
4430
4425
4422
4419
4417
4416
4413
4412
4410
4406
4405
4405
4404
4401
4402
4396
4399
4400
4401
4401
4400
4403
4401
4398
4400
4400
4399
4402
4401
4397
4397
4402
4402
4402
4395
4396
4400
4401
4397
4397
4399
4398
4399
4400
4399
4397
4396
4396
4397
4398
4398
4397
4391
4391
4397
4396
4395
4395
4393
4392
4391
4386
4389
4390
4392
4392
4391
4391
4385
4384
4388
4385
4385
4379
4380
4381
4377
4376
4376
4374
4374
4376
4375
4376
4374
4374
4373
4372
4373
4374
4374
4374
4375
4371
4372
4372
4377
4377
4374
4374
4375
4372
4370
4369
4370
4370
4372
4370
4374
4374
4377
4374
4375
4374
4367
4368
4374
4374
4374
4371
4371
4375
4373
4369
4371
4373
4375
4373
4373
4373
4373
4371
4368
4367
4367
4370
4369
4368
4366
4364
4361
4360
4357
4358
4359
4357
4353
4355
4354
4355
4355
4354
4353
4348
4348
4351
4351
4351
4350
4349
4348
4347
4347
4346
4343
4344
4344
4345
4346
4347
4348
4348
4345
4347
4351
4351
4350
4350
4351
4350
4350
4346
4345
4351
4348
4347
4344
4344
4337
4336
4339
4336
4336
4336
4337
4336
4337
4336
4338
4334
4336
4338
4341
4338
4332
4333
4339
4338
4338
4339
4337
4337
4336
4337
4336
4334
4335
4334
4334
4333
4329
4330
4334
4332
4332
4331
4331
4326
4328
4332
4328
4328
4327
4326
4324
4324
4324
4322
4321
4322
4321
4322
4321
4319
4319
4326
4323
4320
4320
4322
4325
4323
4319
4320
4324
4323
4320
4317
4316
4315
4315
4310
4311
4310
4309
4309
4305
4306
4311
4312
4311
4311
4310
4311
4312
4308
4310
4316
4314
4315
4314
4315
4310
4311
4317
4315
4313
4312
4313
4310
4308
4308
4306
4305
4304
4302
4301
4301
4300
4299
4291
4291
4293
4297
4294
4294
4293
4288
4288
4289
4291
4291
4290
4291
4291
4293
4293
4295
4296
4291
4294
4299
4298
4298
4297
4297
4292
4295
4299
4295
4290
4292
4291
4296
4294
4293
4291
4289
4288
4289
4287
4287
4288
4286
4286
4286
4280
4279
4279
4284
4283
4281
4280
4279
4279
4279
4278
4278
4278
4279
4278
4281
4279
4281
4285
4293
4294
4295
4296
4297
4299
4300
4301
4298
4294
4294
4298
4294
4294
4292
4292
4291
4294
4293
4292
4288
4286
4284
4287
4285
4278
4278
4282
4279
4278
4275
4277
4282
4281
4282
4284
4285
4283
4283
4282
4282
4280
4278
4278
4277
4274
4275
4274
4272
4274
4267
4268
4269
4271
4269
4262
4263
4267
4265
4264
4261
4260
4266
4264
4262
4263
4261
4261
4260
4254
4254
4259
4255
4256
4254
4254
4253
4252
4248
4249
4254
4252
4252
4249
4250
4255
4253
4255
4257
4258
4259
4262
4263
4262
4260
4257
4258
4257
4255
4254
4251
4247
4247
4251
4250
4248
4245
4244
4242
4241
4241
4240
4240
4238
4237
4237
4236
4230
4232
4236
4235
4233
4230
4231
4237
4236
4231
4233
4235
4239
4237
4233
4233
4238
4237
4237
4235
4236
4238
4237
4232
4234
4238
4236
4235
4236
4237
4239
4241
4243
4244
4246
4247
4249
4250
4250
4250
4250
4252
4251
4251
4249
4249
4253
4252
4252
4251
4250
4249
4248
4246
4243
4243
4241
4240
4234
4232
4236
4236
4231
4232
4236
4237
4236
4236
4236
4231
4231
4236
4234
4232
4234
4235
4233
4234
4233
4233
4233
4234
4235
4237
4237
4240
4239
4240
4239
4238
4232
4232
4235
4233
4226
4227
4227
4229
4230
4228
4227
4227
4228
4225
4225
4225
4230
4230
4226
4224
4227
4224
4224
4220
4220
4224
4220
4221
4221
4219
4216
4216
4222
4220
4217
4218
4219
4217
4218
4219
4220
4222
4224
4225
4227
4230
4228
4226
4227
4226
4224
4224
4222
4219
4218
4222
4219
4212
4213
4213
4215
4215
4209
4208
4213
4207
4207
4206
4205
4204
4204
4203
4202
4201
4201
4202
4201
4201
4198
4197
4198
4198
4198
4196
4195
4196
4194
4193
4193
4193
4194
4195
4191
4193
4198
4196
4191
4193
4194
4198
4198
4198
4198
4193
4196
4199
4207
4207
4210
4214
4212
4219
4228
4235
4242
4245
4252
4264
4271
4273
4283
4291
4304
4314
4320
4330
4338
4346
4354
4362
4370
4374
4383
4396
4401
4407
4415
4421
4429
4436
4442
4448
4455
4460
4467
4471
4475
4479
4482
4479
4484
4487
