3128
3128
3127
3124
3121
3126
3122
3121
3120
3116
3116
3113
3111
3109
3104
3104
3099
3098
3095
3091
3091
3087
3084
3080
3079
3076
3073
3072
3070
3068
3064
3062
3061
3057
3056
3049
3049
3052
3046
3046
3042
3041
3040
3039
3030
3030
3033
3031
3027
3022
3022
3023
3021
3020
3017
3016
3009
3009
3014
3009
3009
3007
3003
3000
2999
3003
3002
2997
2999
2992
2991
2990
2992
2992
2986
2985
2990
2987
2985
2986
2982
2984
2984
2976
2978
2981
2979
2979
2976
2977
2977
2974
2969
2971
2969
2972
2970
2968
2969
2967
2969
2968
2963
2964
2967
2966
2967
2964
2964
2964
2961
2958
2958
2962
2961
2961
2958
2959
2956
2956
2956
2954
2951
2952
2952
2955
2953
2950
2950
2953
2952
2951
2951
2951
2950
2949
2950
2947
2946
2946
2945
2945
2945
2943
2944
2942
2942
2942
2936
2939
2941
2941
2936
2935
2938
2940
2937
2932
2933
2937
2938
2937
2935
2936
2931
2931
2936
2934
2935
2933
2933
2935
2932
2932
2934
2932
2932
2930
2927
2928
2932
2930
2932
2929
2926
2928
2926
2930
2930
2929
2928
2929
2927
2928
2924
2923
2929
2926
2926
2926
2927
2926
2927
2921
2922
2929
2926
2927
2925
2925
2925
2925
2924
2925
2919
2920
2919
2922
2923
2917
2918
2923
2920
2919
2916
2917
2921
2920
2920
2921
2920
2921
2920
2921
2921
2920
2922
2919
2920
2921
2919
2921
2918
2920
2924
2926
2924
2925
2924
2922
2923
2922
2920
2922
2920
2920
2920
2919
2917
2919
2918
2918
2918
2912
2914
2919
2917
2913
2916
2917
2920
2921
2919
2920
2920
2920
2913
2916
2914
2920
2920
2916
2915
2922
2921
2921
2921
2921
2920
2921
2920
2920
2922
2922
2921
2923
2923
2919
2920
2927
2927
2924
2925
2922
2924
2922
2921
2922
2920
2920
2921
2918
2920
2920
2919
2915
2914
2915
2919
2919
2920
2918
2914
2915
2916
2919
2921
2920
2919
2920
2922
2923
2922
2924
2926
2926
2926
2929
2929
2930
2930
2932
2934
2934
2934
2935
2936
2937
2932
2934
2940
2938
2934
2935
2936
2938
2938
2939
2940
2940
2941
2938
2938
2939
2944
2944
2943
2945
2943
2946
2945
2945
2947
2942
2945
2952
2952
2954
2952
2954
2961
2961
2965
2964
2968
2971
2972
2973
2975
2976
2977
2977
2978
2978
2981
2982
2980
2987
2987
2990
2993
2989
2994
2999
3000
2998
2998
3005
3007
3007
3011
3011
3015
3016
3019
3022
3024
3027
3027
3026
3028
3037
3039
3040
3044
3045
3046
3047
3049
3052
3054
3056
3060
3056
3060
3069
3069
3071
3076
3079
3077
3080
3087
3092
3094
3097
3101
3104
3106
3110
3113
3110
3115
3123
3126
3129
3132
3136
3139
3144
3146
3151
3154
3157
3161
3163
3168
3167
3171
3177
3185
3186
3191
3194
3191
3194
3203
3207
3211
3216
3218
3219
3225
3233
3237
3240
3245
3248
3250
3256
3261
3265
3268
3274
3276
3281
3288
3290
3296
3300
3303
3307
3313
3316
3316
3323
3332
3335
3341
3342
3347
3358
3363
3367
3370
3375
3382
3388
3392
3399
3401
3407
3417
3422
3428
3431
3436
3447
3451
3454
3460
3466
3476
3483
3490
3496
3501
3507
3511
3515
3524
3536
3540
3546
3553
3561
3566
3571
3573
3580
3592
3599
3605
3609
3616
3621
3630
3637
3643
3646
3655
3663
3675
3683
3688
3693
3703
3710
3717
3724
3735
3743
3749
3755
3763
3771
3779
3785
3792
3798
3808
3815
3816
3826
3833
3846
3854
3858
3866
3879
3885
3890
3896
3904
3916
3923
3930
3939
3943
3952
3958
3961
3970
3982
3988
3994
4002
4011
4019
4026
4036
4042
4051
4058
4064
4071
4078
4084
4089
4095
4102
4102
4110
4119
4127
4131
4139
4146
4150
4155
4159
4163
4168
4178
4181
4188
4193
4199
4208
4214
4214
4221
4233
4238
4243
4249
4255
4260
4264
4270
4276
4280
4287
4291
4297
4302
4305
4312
4327
4331
4337
4341
4348
4355
4364
4366
4376
4390
4396
4402
4409
4415
4424
4431
4437
4448
4456
4465
4473
4476
4482
4497
4501
4503
4509
4516
4528
4534
4539
4545
4548
4553
4558
4558
4563
4572
4578
4583
4591
4595
4598
4602
4607
4612
4614
4618
4623
4627
4632
4637
4644
4643
4651
4664
4667
4673
4677
4680
4681
4687
4698
4703
4708
4716
4722
4730
4735
4742
4747
4752
4756
4764
4770
4778
4778
4786
4801
4804
4811
4811
4820
4834
4838
4845
4850
4855
4857
4863
4873
4878
4884
4887
4894
4900
4901
4906
4910
4914
4918
4913
4919
4923
4934
4937
4940
4945
4949
4954
4958
4962
4969
4974
4978
4977
4983
4991
4996
4998
5002
5006
5009
5013
5010
5017
5020
5029
5033
5037
5042
5039
5046
5052
5060
5059
5067
5068
5071
5074
5072
5073
5074
5085
5087
5090
5096
5099
5102
5105
5108
5110
5107
5108
5120
5122
5123
5119
5125
5133
5135
5135
5138
5140
5142
5144
5147
5151
5153
5157
5152
5155
5159
5167
5167
5163
5163
5162
5164
5169
5167
5169
5177
5178
5178
5178
5178
5177
5180
5181
5185
5188
5192
5195
5199
5202
5199
5203
5213
5214
5211
5216
5221
5229
5231
5235
5240
5238
5242
5249
5253
5253
5256
5256
5257
5254
5255
5252
5253
5254
5254
5249
5250
5259
5259
5259
5256
5260
5265
5264
5264
5267
5268
5269
5269
5270
5273
5276
5278
5279
5280
5280
5280
5282
5284
5286
5287
5287
5289
5286
5286
5290
5288
5288
5288
5283
5285
5284
5280
5280
5273
5275
5279
5275
5271
5262
5261
5264
5261
5253
5253
5256
5261
5261
5262
5264
5267
5268
5267
5268
5272
5280
5283
5278
5283
5290
5290
5288
5285
5284
5289
5284
5280
5277
5271
5269
5267
5261
5261
5254
5250
5255
5257
5254
5251
5251
5250
5247
5247
5247
5248
5248
5252
5252
5253
5248
5250
5251
5257
5256
5256
5258
5259
5261
5259
5259
5262
5263
5265
5261
5261
5268
5268
5268
5266
5265
5273
5275
5268
5269
5270
5277
5275
5278
5277
5280
5278
5278
5277
5277
5277
5275
5274
5271
5269
5267
5265
5263
5262
5259
5256
5249
5250
5248
5250
5249
5242
5243
5251
5248
5242
5238
5239
5243
5238
5240
5240
5241
5239
5242
5234
5235
5240
5238
5238
5236
5236
5235
5231
5231
5230
5227
5227
5222
5220
5219
5218
5216
5207
5206
5210
5205
5202
5192
5188
5190
5185
5173
5171
5166
5168
5163
5159
5156
5150
5146
5142
5140
5138
5129
5127
5132
5129
5125
5123
5120
5114
5113
5109
5106
5104
5101
5097
5093
5090
5086
5083
5080
5078
5074
5071
5068
5063
5059
5055
5053
5049
5045
5040
5033
5031
5034
5032
5019
5021
5023
5027
5023
5017
5017
5022
5021
5019
5017
5016
5016
5017
5018
5017
5016
5015
5013
5012
5009
5002
5000
5005
5001
5000
4993
4992
4995
4994
4993
4991
4990
4987
4985
4983
4983
4978
4978
4975
4971
4969
4966
4964
4964
4961
4951
4948
4947
4951
4948
4940
4936
4939
4935
4930
4924
4918
4914
4911
4902
4897
4886
4886
4883
4886
4880
4871
4868
4874
4868
4862
4854
4853
4854
4849
4845
4841
4840
4834
4829
4828
4826
4824
4822
4814
4815
4818
4819
4817
4816
4814
4815
4814
4814
4813
4814
4812
4810
4808
4807
4804
4804
4802
4800
4798
4796
4796
4788
4791
4792
4795
4792
4783
4780
4781
4776
4770
4760
4756
4755
4751
4746
4742
4734
4730
4727
4728
4724
4720
4716
4714
4712
4709
4705
4704
4701
4697
4689
4691
4691
4694
4691
4685
4684
4685
4684
4682
4680
4677
4674
4674
4670
4667
4666
4665
4662
4654
4654
4658
4656
4654
4652
4652
4646
4647
4653
4652
4643
4641
4644
4642
4639
4638
4636
4632
4630
4626
4623
4620
4616
4614
4612
4610
4600
4600
4598
4600
4595
4592
4589
4586
4582
4576
4572
4571
4572
4569
4564
4558
4555
4554
4550
4548
4544
4535
4532
4535
4529
4525
4520
4515
4514
4510
4508
4505
4499
4497
4495
4498
4495
4495
4490
4488
4486
4487
4482
4480
4474
4472
4477
4474
4471
4465
4464
4466
4462
4459
4458
4453
4452
4451
4450
4448
4439
4440
4442
4438
4435
4432
4428
4424
4420
4410
4408
4404
4404
4399
4394
4390
4387
4383
4381
4380
4377
4373
4372
4370
4368
4364
4363
4361
4354
4354
4357
4353
4345
4346
4344
4345
4341
4339
4337
4329
4329
4331
4329
4326
4317
4317
4320
4315
4312
4309
4310
4307
4304
4303
4301
4299
4300
4296
4295
4292
4290
4288
4286
4284
4284
4283
4282
4282
4279
4271
4271
4276
4273
4271
4267
4265
4264
4261
4259
4257
4256
4248
4246
4250
4249
4246
4245
4241
4237
4236
4240
4236
4228
4228
4228
4227
4224
4215
4214
4217
4212
4205
4205
4205
4207
4204
4203
4199
4195
4193
4189
4187
4184
4182
4177
4174
4171
4168
4165
4163
4156
4153
4157
4153
4143
4142
4140
4141
4137
4134
4132
4132
4129
4128
4127
4127
4125
4121
4121
4120
4117
4117
4114
4109
4106
4110
4109
4101
4099
4097
4098
4096
4095
4094
4091
4089
4088
4085
4083
4076
4074
4079
4074
4072
4070
4071
4070
4067
4065
4064
4062
4058
4057
4051
4050
4054
4051
4042
4039
4041
4038
4035
4027
4027
4029
4026
4025
4022
4020
4017
4015
4012
4011
4010
4009
4006
4005
4003
3996
3996
4000
3999
3998
3997
3994
3993
3991
3989
3986
3979
3980
3980
3981
3983
3976
3975
3981
3977
3976
3974
3970
3962
3962
3966
3963
3957
3953
3952
3956
3954
3950
3947
3943
3938
3937
3936
3934
3934
3932
3925
3924
3923
3927
3926
3925
3924
3920
3916
3914
3912
3912
3909
3905
3904
3903
3901
3899
3896
3892
3891
3883
3884
3887
3882
3881
3879
3878
3871
3870
3874
3872
3869
3867
3861
3858
3856
3854
3854
3846
3844
3841
3844
3843
3836
3835
3839
3835
3834
3833
3833
3828
3826
3830
3828
3827
3827
3827
3824
3822
3820
3819
3818
3814
3814
3815
3811
3805
3805
3812
3808
3807
3803
3801
3798
3798
3799
3797
3794
3792
3789
3791
3790
3784
3784
3789
3786
3781
3780
3781
3778
3774
3772
3772
3770
3767
3764
3765
3763
3762
3759
3758
3755
3754
3750
3749
3751
3749
3745
3744
3742
3745
3745
3739
3738
3744
3741
3738
3738
3738
3731
3729
3733
3731
3730
3728
3727
3725
3723
3720
3718
3716
3717
3715
3714
3712
3710
3708
3707
3707
3706
3702
3700
3703
3702
3702
3699
3693
3692
3692
3695
3691
3686
3685
3692
3690
3689
3690
3688
3681
3680
3685
3685
3682
3679
3677
3677
3674
3671
3668
3667
3665
3662
3660
3659
3661
3659
3651
3650
3650
3655
3652
3650
3648
3643
3643
3644
3648
3645
3643
3642
3642
3640
3637
3636
3633
3634
3635
3628
3629
3634
3630
3627
3621
3620
3624
3622
3619
3617
3614
3613
3612
3611
3607
3605
3605
3600
3597
3596
3600
3596
3590
3591
3596
3593
3591
3589
3589
3581
3581
3585
3582
3582
3577
3576
3579
3576
3572
3574
3578
3578
3575
3574
3574
3571
3570
3567
3566
3566
3565
3561
3559
3558
3556
3553
3553
3553
3551
3549
3547
3548
3547
3548
3547
3545
3542
3542
3549
3546
3544
3542
3542
3543
3542
3541
3542
3542
3540
3538
3533
3532
3536
3532
3523
3524
3527
3526
3522
3520
3519
3519
3517
3515
3513
3510
3512
3511
3508
3511
3517
3516
3514
3508
3508
3512
3510
3507
3503
3501
3499
3499
3492
3488
3492
3489
3488
3489
3490
3484
3483
3487
3483
3482
3481
3481
3479
3477
3478
3477
3469
3469
3473
3475
3470
3470
3470
3468
3467
3469
3467
3467
3466
3468
3464
3463
3459
3459
3457
3459
3458
3454
3454
3456
3455
3450
3447
3448
3448
3448
3453
3450
3450
3448
3448
3444
3442
3444
3443
3441
3441
3442
3441
3439
3440
3438
3436
3435
3435
3434
3430
3428
3427
3427
3427
3419
3420
3421
3424
3421
3415
3414
3419
3417
3416
3412
3412
3410
3409
3413
3414
3411
3408
3408
3408
3406
3400
3402
3406
3401
3401
3401
3398
3398
3397
3397
3395
3393
3393
3392
3390
3390
3385
3385
3387
3389
3388
3381
3382
3388
3386
3379
3381
3379
3382
3384
3382
3381
3376
3377
3377
3380
3380
3375
3374
3380
3376
3375
3374
3372
3371
3371
3370
3368
3368
3366
3365
3366
3363
3363
3362
3360
3359
3359
3358
3359
3357
3356
3357
3357
3358
3356
3354
3355
3353
3352
3355
3349
3350
3353
3357
3356
3352
3353
3357
3355
3355
3348
3348
3352
3350
3349
3351
3347
3345
3345
3351
3350
3347
3347
3346
3343
3341
3340
3339
3337
3334
3335
3333
3331
3329
3327
3328
3329
3327
3325
3323
3319
3318
3324
3319
3313
3315
3317
3317
3317
3316
3315
3313
3312
3311
3311
3310
3308
3309
3307
3305
3306
3303
3300
3299
3299
3303
3303
3297
3297
3304
3300
3300
3300
3298
3293
3294
3298
3298
3295
3295
3296
3290
3292
3297
3294
3296
3294
3293
3292
3292
3291
3290
3290
3291
3290
3289
3290
3286
3288
3286
3286
3286
3284
3286
3284
3282
3279
3277
3279
3281
3277
3273
3275
3278
3276
3274
3276
3275
3272
3275
3268
3267
3275
3273
3270
3270
3268
3269
3268
3263
3266
3268
3268
3270
3269
3268
3269
3267
3267
3266
3264
3265
3262
3262
3260
3253
3255
3253
3256
3254
3250
3250
3253
3252
3248
3247
3248
3245
3246
3241
3243
3247
3245
3243
3241
3240
3238
3239
3239
3237
3237
3232
3232
3237
3235
3232
3230
3234
3235
3234
3230
3228
3235
3232
3233
3230
3231
3230
3229
3229
3229
3228
3228
3227
3228
3226
3228
3227
3223
3224
3228
3229
3229
3228
3227
3227
3225
3226
3224
3225
3222
3223
3221
3222
3221
3219
3221
3214
3217
3218
3219
3213
3212
3217
3215
3215
3210
3210
3216
3212
3213
3210
3211
3209
3209
3207
3207
3206
3206
3206
3202
3200
3205
3203
3203
3204
3202
3199
3199
3204
3202
3197
3196
3202
3199
3199
3198
3198
3197
3197
3197
3197
3197
3195
3196
3195
3197
3191
3193
3196
3197
3196
3196
3194
3194
3192
3194
3192
3193
3187
3187
3189
3188
3181
3183
3183
3187
3186
3188
3187
3186
3186
3188
3186
3188
3186
3189
3186
3187
3181
3182
3180
3185
3182
3182
3179
3180
3179
3180
3178
3179
3173
3174
3176
3177
3175
3173
3175
3168
3170
3173
3172
3171
3169
3168
3166
3166
3164
3163
3163
3163
3162
3157
3157
3161
3162
3159
3160
3154
3157
3155
3160
3158
3159
3156
3151
3150
3153
3155
3155
3153
3153
3154
3150
3151
3150
3151
3149
3151
3144
3146
3147
3149
3148
3143
3144
3149
3148
3146
3148
3146
3147
3147
3147
3147
3145
3146
3144
3141
3139
3146
3143
3143
3143
3140
3139
3139
3145
3143
3144
3143
3145
3146
3144
3146
3145
3145
3146
3140
3143
3144
3148
3145
3141
3141
3146
3145
3146
3142
3144
3141
3141
3140
3139
3138
3139
3137
3134
3135
3128
3129
3134
3132
3131
3130
3129
3123
3126
3129
3128
3125
3124
3124
3126
3127
3124
3126
3118
3121
3121
3126
3126
3124
3127
3125
3128
3128
3131
3130
3130
3129
3130
3130
3126
3124
3123
3127
3125
3125
3122
3122
3121
3119
3118
3117
3117
3115
3115
3113
3113
3110
3112
3107
3109
3108
3109
3106
3104
3103
3107
3109
3102
3103
3108
3106
3106
3105
3106
3099
3102
3106
3106
3103
3102
3101
3106
3105
3106
3104
3106
3104
3105
3105
3103
3104
3103
3103
3101
3101
3096
3096
3099
3097
3096
3096
3094
3096
3093
3088
3089
3094
3092
3088
3085
3088
3090
3091
3089
3090
3089
3090
3089
3090
3090
3089
3091
3084
3086
3085
3090
3088
3083
3084
3089
3088
3084
3082
3080
3086
3083
3085
3084
3083
3083
3083
3083
3082
3080
3079
3084
3081
3081
3080
3079
3078
3079
3079
3078
3077
3076
3076
3074
3076
3074
3073
3074
3072
3074
3069
3071
3076
3074
3075
3075
3074
3071
3071
3077
3074
3075
3073
3074
3071
3071
3071
3071
3066
3068
3073
3074
3073
3074
3075
3072
3074
3072
3073
3070
3068
3068
3073
3074
3073
3073
3072
3073
3073
3072
3073
3067
3069
3072
3074
3071
3066
3068
3071
3070
3069
3070
3070
3066
3068
3068
3069
3067
3070
3065
3065
3066
3069
3069
3070
3067
3066
3066
3067
3072
3071
3071
3071
3070
3071
3071
3065
3067
3070
3068
3064
3062
3066
3065
3063
3059
3058
3062
3060
3058
3058
3057
3058
3057
3056
3057
3056
3058
3058
3052
3055
3058
3056
3054
3054
3054
3053
3052
3050
3053
3050
3050
3050
3047
3049
3046
3047
3053
3053
3049
3053
3055
3060
3063
3065
3068
3068
3070
3070
3070
3070
3062
3063
3064
3061
3061
3059
3058
3051
3052
3055
3052
3053
3051
3051
3048
3048
3053
3054
3054
3052
3050
3050
3050
3047
3047
3046
3045
3043
3043
3043
3042
3041
3040
3041
3033
3037
3037
3043
3044
3042
3043
3043
3041
3042
3043
3041
3038
3041
3042
3043
3041
3040
3038
3037
3039
3038
3039
3033
3036
3036
3042
3040
3036
3037
3042
3040
3040
3039
3038
3039
3039
3034
3039
3044
3046
3047
3049
3048
3048
3049
3043
3041
3044
3046
3043
3043
3043
3036
3038
3039
3042
3040
3039
3040
3038
3038
3038
3036
3036
3033
3031
3037
3036
3033
3032
3031
3028
3027
3032
3029
3023
3024
3027
3029
3027
3026
3027
3024
3026
3022
3021
3019
3017
3018
3017
3016
3011
3012
3011
3015
3016
3014
3014
3014
3014
3015
3014
3013
3012
3010
3017
3016
3014
3016
3016
3015
3016
3010
3012
3017
3014
3015
3013
3013
3011
3008
3010
3011
3012
3012
3015
3010
3014
3020
3020
3017
3017
3019
3022
3019
3020
3017
3012
3014
3012
3016
3016
3015
3014
3015
3014
3008
3008
3006
3009
3010
3008
3008
3003
3006
3006
3012
3010
3010
3011
3009
3008
3007
3007
3006
3005
3004
3003
3004
3004
3003
3003
3000
2998
3005
3001
3002
3001
3000
2999
2998
3000
2998
2993
2993
2992
2998
2995
2995
2995
2994
2992
2992
2991
2992
2991
2992
2990
2991
2988
2990
2989
2985
2985
2991
2989
2989
2991
2988
2991
2990
2986
2987
2991
2991
2989
2991
2988
2987
2985
2992
2990
2989
2988
2990
2983
2985
2987
2988
2987
2987
2988
2987
2988
2986
2988
2984
2983
2988
2989
2988
2988
2987
2982
2983
2986
2986
2987
2987
2988
2984
2985
2990
2990
2990
2992
2992
2990
2991
2992
2992
2991
2992
2992
2993
2993
2987
2990
2994
2995
2993
2991
2989
2997
2993
2994
2993
2993
2994
2995
2989
2990
2993
2994
2993
2991
2992
2991
2992
2987
2990
2995
2997
2994
2996
2995
2995
2995
2994
2994
2992
2993
2990
2990
2989
2990
2987
2985
2982
2983
2985
2986
2983
2983
2982
2979
2980
2978
2978
2978
2978
2977
2976
2974
2971
2972
2978
2978
2979
2980
2975
2976
2974
2980
2979
2973
2973
2977
2976
2974
2975
2975
2977
2974
2970
2972
2971
2976
2974
2975
2979
2976
2978
2980
2979
2980
2981
2979
2974
2974
2980
2978
2977
2974
2974
2973
2974
2974
2975
2973
2971
2970
2976
2975
2976
2975
2974
2974
2972
2974
2971
2973
2972
2970
2971
2969
2967
2965
2971
2968
2969
2966
2966
2964
2964
2960
2961
2958
2957
2956
2956
2956
2961
2963
2963
2965
2966
2966
2967
2962
2965
2967
2969
2966
2967
2964
2964
2964
2958
2959
2962
2962
2961
2962
2961
2959
2961
2956
2958
2964
2962
2964
2962
2963
2964
2962
2959
2960
2960
2961
2961
2962
2961
2961
2959
2960
2958
2960
2958
2959
2954
2955
2959
2958
2958
2956
2956
2954
2955
2953
2953
2951
2951
2950
2946
2946
2951
2951
2946
2947
2945
2949
2949
2945
2946
2952
2949
2950
2951
2950
2951
2950
2950
2949
2948
2950
2950
2952
2951
2948
2947
2953
2951
2953
2951
2952
2950
2951
2945
2945
2947
2949
2950
2943
2946
2950
2949
2948
2948
2947
2946
2948
2946
2949
2949
2949
2952
2952
2954
2958
2957
2955
2955
2956
2960
2959
2958
2958
2953
2953
2954
2955
2955
2955
2954
2953
2954
2953
2953
2952
2953
2951
2947
2947
2952
2950
2950
2944
2943
2945
2946
2944
2946
2943
2942
2943
2942
2941
2942
2941
2943
2943
2945
2939
2942
2947
2946
2942
2943
2943
2948
2947
2943
2943
2948
2947
2945
2945
2945
2943
2943
2936
2939
2940
2940
2940
2940
2939
2939
2939
2936
2937
2936
2937
2938
2934
2937
2941
2942
2940
2941
2940
2935
2937
2939
2940
2937
2939
2937
2933
2935
2940
2939
2939
2941
2940
2942
2942
2944
2944
2943
2942
2943
2941
2943
2940
2941
2939
2940
2937
2937
2936
2936
2935
2929
2930
2934
2934
2931
2927
2927
2932
2931
2931
2930
2932
2930
2932
2925
2928
2931
2932
2929
2930
2928
2923
2922
2927
2925
2925
2925
2925
2926
2924
2920
2921
2927
2926
2926
2924
2924
2923
2925
2923
2925
2921
2921
2922
2923
2924
2925
2923
2922
2922
2924
2923
2923
2919
2918
2924
2925
2924
2924
2926
2921
2923
2929
2926
2927
2928
2928
2929
2927
2927
2927
2923
2923
2923
2927
2925
2920
2920
2924
2923
2920
2921
2919
2918
2917
2916
2916
2915
2914
2913
2915
2915
2910
2913
2916
2916
2916
2911
2913
2916
2913
2913
2913
2913
2912
2913
2912
2912
2913
2910
2911
2910
2910
2911
2910
2911
2909
2911
2910
2910
2909
2907
2909
2905
2903
2903
2904
2907
2907
2905
2907
2907
2907
2906
2903
2906
2910
2911
2905
2908
2915
2915
2920
2918
2924
2931
2936
2932
2939
2942
2951
2953
2955
2960
2969
2974
2974
2978
2981
2991
2995
3000
3004
3011
3015
3020
3025
3028
3034
3039
3044
3049
3053
3054
3060
3070
3071
3076
3079
3083
3083
3089
3095
3099
3098
3100
3104
3105
3106
3106
3107
