2947
2946
2946
2946
2946
2945
2944
2942
2942
2940
2939
2937
2936
2932
2931
2929
2924
2922
2923
2920
2919
2917
2913
2910
2907
2906
2905
2897
2894
2894
2896
2893
2890
2888
2886
2884
2880
2874
2873
2876
2874
2871
2868
2866
2863
2863
2856
2854
2857
2856
2850
2849
2848
2849
2849
2847
2845
2844
2841
2841
2839
2837
2833
2833
2832
2832
2826
2827
2824
2829
2828
2821
2821
2824
2822
2821
2821
2820
2814
2812
2817
2814
2813
2809
2810
2813
2811
2810
2808
2804
2803
2802
2805
2803
2802
2799
2800
2799
2799
2797
2796
2794
2794
2794
2793
2792
2789
2789
2794
2793
2791
2791
2789
2790
2790
2785
2784
2791
2788
2784
2785
2784
2788
2787
2784
2783
2790
2787
2786
2786
2786
2785
2783
2784
2783
2783
2783
2782
2781
2779
2779
2776
2778
2778
2777
2776
2777
2772
2773
2778
2777
2776
2774
2773
2770
2771
2775
2773
2769
2768
2769
2773
2772
2771
2770
2771
2771
2769
2770
2768
2769
2769
2768
2768
2768
2767
2765
2765
2765
2765
2764
2763
2764
2763
2762
2763
2759
2760
2765
2763
2764
2757
2759
2764
2761
2756
2756
2757
2760
2759
2755
2754
2759
2758
2758
2757
2756
2755
2756
2756
2756
2755
2756
2755
2755
2754
2754
2754
2750
2753
2753
2756
2755
2755
2755
2751
2753
2757
2758
2756
2755
2755
2752
2753
2756
2755
2755
2754
2755
2755
2754
2754
2754
2753
2753
2752
2753
2751
2753
2754
2753
2753
2753
2749
2750
2756
2754
2749
2748
2751
2752
2753
2753
2751
2752
2752
2752
2748
2747
2753
2752
2751
2750
2748
2749
2747
2753
2752
2752
2752
2752
2752
2752
2752
2751
2746
2747
2754
2751
2752
2752
2751
2750
2749
2749
2750
2749
2749
2748
2750
2748
2749
2749
2751
2750
2750
2747
2748
2752
2751
2747
2747
2749
2753
2752
2749
2750
2754
2753
2753
2755
2755
2755
2756
2755
2754
2756
2756
2757
2756
2754
2750
2751
2757
2756
2756
2752
2753
2758
2758
2757
2757
2758
2758
2760
2757
2756
2762
2762
2758
2760
2762
2765
2765
2764
2765
2766
2768
2769
2769
2769
2769
2770
2771
2772
2769
2769
2771
2775
2776
2778
2779
2773
2776
2777
2782
2783
2784
2782
2779
2782
2785
2789
2789
2785
2788
2794
2793
2793
2794
2795
2797
2798
2801
2802
2802
2803
2804
2806
2808
2810
2810
2811
2813
2813
2812
2814
2819
2822
2819
2822
2827
2829
2832
2832
2835
2836
2837
2840
2841
2843
2847
2848
2851
2853
2852
2855
2857
2862
2865
2864
2867
2874
2875
2874
2877
2880
2886
2888
2891
2893
2895
2897
2899
2903
2904
2909
2908
2913
2914
2919
2921
2923
2923
2928
2935
2937
2937
2940
2942
2950
2952
2956
2960
2959
2962
2965
2973
2977
2979
2982
2981
2985
2991
2997
3000
3006
3009
3011
3016
3020
3025
3028
3032
3035
3039
3044
3043
3048
3054
3062
3064
3069
3075
3076
3079
3084
3089
3091
3091
3098
3106
3109
3112
3114
3118
3129
3132
3135
3140
3141
3147
3150
3160
3164
3168
3174
3179
3182
3188
3193
3196
3202
3208
3212
3216
3221
3226
3230
3231
3239
3249
3254
3255
3261
3268
3277
3282
3288
3291
3297
3303
3309
3317
3320
3323
3330
3340
3347
3348
3352
3359
3371
3374
3381
3388
3389
3396
3401
3412
3418
3426
3430
3437
3442
3447
3455
3461
3467
3473
3479
3487
3492
3500
3505
3508
3515
3527
3530
3539
3544
3552
3558
3563
3567
3574
3588
3592
3599
3601
3609
3619
3627
3631
3637
3641
3648
3654
3665
3669
3676
3682
3690
3694
3702
3705
3713
3719
3727
3731
3738
3743
3750
3756
3759
3766
3780
3785
3788
3797
3802
3810
3816
3819
3826
3840
3845
3850
3856
3863
3869
3874
3883
3887
3895
3896
3902
3914
3919
3921
3929
3940
3948
3953
3960
3966
3972
3979
3986
3992
4000
4009
4013
4017
4024
4037
4043
4049
4050
4058
4067
4074
4075
4083
4094
4102
4106
4114
4118
4124
4131
4138
4145
4149
4156
4163
4162
4172
4184
4187
4195
4199
4202
4210
4215
4215
4224
4233
4240
4247
4251
4258
4266
4269
4277
4283
4288
4293
4298
4304
4310
4315
4319
4324
4326
4333
4343
4348
4350
4355
4363
4373
4377
4374
4384
4395
4397
4402
4408
4411
4416
4422
4426
4429
4430
4438
4441
4452
4458
4455
4462
4474
4473
4478
4482
4485
4496
4496
4501
4508
4512
4516
4522
4522
4526
4538
4545
4547
4552
4558
4562
4564
4569
4574
4581
4587
4590
4594
4596
4600
4606
4606
4609
4613
4615
4616
4617
4619
4628
4626
4633
4635
4635
4635
4641
4648
4648
4650
4654
4657
4659
4662
4661
4667
4675
4678
4682
4684
4685
4690
4696
4694
4696
4706
4710
4711
4713
4716
4725
4726
4720
4726
4736
4738
4740
4743
4745
4747
4751
4754
4756
4759
4758
4760
4762
4767
4769
4769
4774
4779
4780
4776
4781
4792
4794
4796
4797
4801
4806
4805
4801
4808
4817
4817
4816
4813
4817
4823
4822
4819
4822
4824
4826
4829
4831
4830
4829
4831
4833
4830
4832
4831
4830
4826
4830
4839
4837
4837
4839
4843
4844
4845
4839
4843
4847
4854
4852
4853
4858
4857
4858
4860
4866
4866
4865
4871
4871
4871
4867
4871
4873
4879
4880
4879
4882
4887
4887
4888
4888
4888
4883
4886
4894
4894
4891
4891
4890
4898
4897
4897
4895
4890
4893
4892
4896
4896
4895
4892
4890
4890
4889
4886
4888
4891
4891
4890
4890
4893
4894
4892
4893
4897
4894
4894
4896
4899
4896
4898
4898
4896
4897
4900
4898
4899
4898
4898
4901
4907
4907
4906
4906
4905
4907
4912
4912
4912
4910
4911
4912
4915
4916
4914
4910
4914
4921
4918
4920
4921
4920
4919
4920
4922
4922
4916
4916
4917
4926
4924
4920
4923
4915
4916
4916
4922
4920
4919
4917
4919
4916
4919
4919
4916
4910
4911
4918
4915
4914
4914
4913
4912
4909
4903
4904
4910
4906
4904
4902
4903
4899
4895
4889
4892
4893
4895
4891
4893
4891
4889
4889
4891
4887
4886
4887
4886
4884
4881
4881
4880
4879
4875
4877
4871
4870
4875
4873
4869
4864
4864
4866
4864
4858
4858
4861
4860
4859
4859
4852
4852
4853
4851
4849
4848
4847
4846
4845
4845
4844
4841
4842
4840
4837
4834
4835
4827
4826
4828
4827
4824
4825
4823
4813
4812
4818
4817
4815
4805
4806
4811
4810
4807
4807
4805
4800
4801
4804
4801
4801
4799
4796
4794
4794
4791
4788
4790
4789
4786
4785
4784
4783
4781
4780
4780
4771
4771
4768
4770
4770
4766
4761
4756
4754
4758
4755
4753
4747
4746
4747
4742
4743
4740
4738
4736
4734
4725
4724
4729
4727
4724
4722
4720
4714
4713
4716
4712
4706
4703
4700
4704
4700
4700
4699
4696
4691
4689
4685
4683
4680
4678
4677
4676
4674
4668
4666
4670
4669
4667
4668
4664
4661
4659
4652
4653
4658
4654
4650
4647
4646
4637
4636
4638
4636
4634
4634
4631
4627
4624
4623
4623
4622
4617
4613
4611
4610
4602
4600
4606
4604
4603
4600
4598
4590
4585
4591
4587
4579
4578
4576
4579
4576
4573
4571
4565
4565
4561
4558
4554
4551
4550
4548
4547
4538
4537
4536
4539
4534
4527
4525
4528
4527
4524
4518
4517
4521
4516
4511
4511
4511
4508
4504
4497
4498
4503
4497
4493
4490
4488
4487
4484
4478
4477
4475
4473
4470
4467
4464
4457
4456
4461
4455
4453
4451
4449
4448
4443
4440
4439
4438
4434
4433
4432
4431
4423
4423
4425
4420
4419
4419
4415
4413
4411
4404
4404
4405
4403
4398
4392
4393
4397
4393
4388
4387
4388
4379
4380
4383
4380
4376
4373
4371
4369
4367
4362
4359
4355
4355
4355
4349
4347
4339
4337
4344
4338
4328
4329
4325
4329
4327
4322
4319
4311
4311
4309
4312
4311
4302
4300
4303
4300
4298
4296
4294
4291
4288
4288
4284
4273
4272
4272
4276
4272
4268
4266
4265
4263
4260
4256
4254
4253
4250
4247
4244
4244
4243
4239
4235
4232
4231
4230
4221
4220
4220
4223
4218
4211
4212
4215
4211
4207
4200
4197
4201
4198
4193
4192
4189
4185
4185
4183
4179
4177
4174
4167
4169
4168
4170
4167
4164
4162
4158
4156
4155
4151
4149
4138
4138
4142
4138
4134
4131
4130
4133
4131
4129
4126
4123
4122
4119
4111
4108
4114
4110
4106
4105
4103
4098
4094
4094
4090
4087
4085
4085
4082
4081
4079
4077
4075
4073
4065
4064
4062
4064
4061
4053
4050
4054
4051
4048
4047
4044
4036
4035
4039
4034
4031
4029
4026
4024
4020
4017
4015
4012
4011
4008
3999
3998
4002
3996
3997
3994
3992
3989
3987
3984
3987
3981
3979
3978
3975
3975
3969
3966
3973
3969
3964
3962
3959
3958
3957
3950
3951
3954
3949
3946
3943
3943
3939
3937
3928
3928
3931
3930
3930
3927
3925
3925
3920
3920
3916
3916
3913
3911
3909
3907
3905
3904
3902
3892
3892
3895
3895
3893
3889
3887
3884
3882
3882
3879
3876
3873
3877
3876
3873
3874
3870
3864
3863
3868
3866
3864
3856
3854
3859
3859
3851
3852
3855
3854
3852
3849
3850
3848
3844
3844
3841
3840
3836
3834
3831
3828
3827
3822
3821
3815
3817
3812
3812
3810
3808
3802
3800
3800
3802
3800
3796
3794
3789
3786
3785
3790
3784
3783
3782
3780
3780
3776
3775
3774
3769
3768
3761
3761
3765
3764
3761
3760
3758
3756
3753
3751
3751
3749
3743
3741
3742
3741
3738
3737
3734
3728
3727
3729
3730
3726
3725
3724
3721
3722
3719
3720
3716
3715
3709
3706
3706
3709
3708
3707
3706
3701
3700
3700
3702
3698
3693
3688
3693
3690
3682
3682
3679
3682
3679
3674
3675
3673
3674
3674
3667
3668
3673
3669
3666
3666
3661
3662
3658
3658
3655
3655
3652
3650
3649
3644
3643
3641
3638
3635
3631
3631
3630
3630
3627
3628
3624
3625
3623
3621
3621
3619
3619
3616
3615
3613
3614
3611
3611
3604
3602
3606
3602
3602
3598
3596
3589
3589
3590
3590
3582
3585
3583
3585
3583
3576
3577
3581
3580
3578
3576
3574
3572
3571
3569
3568
3563
3562
3564
3567
3566
3564
3564
3556
3556
3556
3561
3558
3557
3553
3549
3546
3551
3548
3547
3543
3543
3538
3539
3536
3536
3532
3532
3529
3529
3528
3527
3525
3525
3523
3521
3522
3521
3518
3519
3513
3513
3511
3516
3513
3507
3508
3511
3509
3506
3506
3504
3499
3499
3492
3492
3490
3495
3491
3492
3488
3489
3485
3485
3482
3482
3481
3482
3476
3477
3483
3482
3481
3474
3474
3477
3475
3472
3472
3470
3471
3468
3467
3464
3462
3459
3456
3452
3452
3453
3452
3444
3447
3445
3444
3442
3447
3443
3443
3443
3441
3442
3441
3440
3440
3440
3438
3437
3437
3434
3429
3429
3426
3424
3421
3420
3417
3416
3414
3411
3411
3410
3408
3403
3404
3405
3407
3405
3398
3397
3405
3401
3400
3399
3398
3391
3391
3396
3392
3391
3391
3387
3382
3382
3385
3383
3378
3377
3378
3380
3378
3376
3375
3374
3374
3372
3370
3371
3368
3369
3368
3368
3365
3364
3366
3364
3361
3362
3358
3360
3358
3355
3353
3354
3348
3348
3350
3349
3342
3340
3341
3342
3340
3340
3336
3335
3336
3335
3330
3330
3333
3331
3333
3330
3328
3330
3328
3326
3328
3322
3323
3327
3325
3326
3325
3323
3318
3316
3321
3319
3320
3317
3316
3312
3309
3315
3314
3313
3309
3311
3309
3306
3308
3306
3307
3306
3307
3306
3302
3303
3301
3301
3300
3299
3298
3296
3290
3291
3297
3293
3292
3288
3285
3293
3290
3288
3288
3285
3285
3281
3282
3280
3273
3274
3278
3274
3274
3272
3269
3265
3266
3271
3270
3270
3269
3268
3268
3266
3263
3264
3262
3259
3258
3257
3255
3248
3249
3253
3250
3249
3243
3242
3246
3244
3243
3243
3243
3238
3241
3239
3241
3241
3241
3239
3236
3241
3246
3244
3240
3242
3245
3244
3242
3236
3237
3241
3236
3236
3235
3232
3229
3229
3228
3225
3225
3224
3222
3220
3221
3219
3219
3219
3219
3218
3216
3215
3215
3212
3212
3210
3210
3208
3207
3201
3200
3204
3202
3197
3197
3198
3200
3199
3192
3194
3200
3197
3196
3196
3195
3195
3194
3189
3190
3193
3193
3191
3191
3192
3193
3191
3194
3194
3188
3187
3188
3190
3190
3185
3187
3183
3183
3184
3178
3179
3184
3184
3178
3177
3181
3182
3183
3183
3181
3181
3179
3180
3177
3178
3176
3174
3172
3172
3171
3168
3166
3163
3161
3164
3164
3156
3158
3157
3159
3158
3154
3153
3159
3159
3157
3157
3156
3153
3153
3157
3152
3154
3150
3151
3152
3150
3149
3150
3149
3146
3145
3144
3142
3140
3141
3134
3134
3139
3139
3136
3132
3131
3137
3133
3134
3131
3130
3131
3131
3129
3129
3130
3126
3127
3127
3126
3127
3127
3121
3123
3127
3127
3128
3125
3124
3130
3129
3126
3128
3126
3127
3126
3125
3124
3124
3120
3119
3119
3117
3110
3110
3113
3112
3108
3105
3104
3108
3105
3104
3103
3097
3097
3096
3101
3099
3098
3098
3092
3092
3093
3095
3094
3094
3094
3090
3091
3088
3089
3088
3086
3087
3085
3084
3084
3083
3081
3081
3081
3076
3077
3083
3081
3079
3074
3075
3079
3076
3076
3076
3076
3074
3073
3072
3073
3073
3072
3067
3068
3069
3073
3073
3068
3069
3074
3072
3072
3069
3068
3073
3073
3073
3072
3071
3072
3074
3074
3073
3073
3072
3068
3069
3068
3073
3071
3066
3065
3070
3069
3066
3064
3064
3063
3060
3060
3061
3060
3058
3060
3057
3056
3061
3061
3060
3058
3058
3056
3057
3053
3053
3053
3053
3050
3050
3051
3051
3050
3049
3050
3050
3049
3048
3048
3047
3043
3042
3047
3044
3043
3037
3038
3042
3037
3038
3037
3034
3035
3035
3032
3030
3034
3034
3031
3028
3028
3033
3032
3027
3026
3031
3032
3032
3031
3030
3031
3032
3032
3032
3031
3031
3031
3026
3027
3032
3032
3030
3030
3030
3029
3030
3028
3030
3029
3033
3033
3034
3036
3030
3030
3037
3036
3034
3031
3032
3035
3034
3034
3034
3029
3026
3026
3030
3029
3026
3024
3019
3018
3016
3020
3018
3013
3013
3016
3015
3015
3015
3015
3016
3017
3017
3016
3017
3014
3013
3010
3011
3006
3006
3011
3010
3010
3007
3005
3006
3005
3003
3004
3001
3002
3000
2995
2998
3002
3001
3000
2997
2997
2997
2996
2994
2992
2993
2992
2990
2990
2990
2989
2992
2987
2991
2989
2994
2992
2992
2992
2993
2992
2988
2989
2989
2992
2992
2987
2987
2993
2991
2991
2985
2986
2991
2989
2989
2987
2985
2987
2984
2983
2983
2982
2981
2977
2978
2978
2981
2981
2978
2976
2983
2982
2980
2980
2977
2977
2977
2975
2974
2974
2970
2969
2974
2974
2968
2972
2976
2978
2978
2979
2980
2981
2981
2981
2983
2982
2980
2980
2978
2975
2975
2975
2972
2971
2971
2969
2968
2968
2968
2968
2967
2966
2963
2962
2965
2965
2965
2964
2964
2961
2961
2965
2965
2959
2959
2961
2965
2963
2963
2963
2959
2958
2961
2963
2962
2960
2958
2958
2958
2956
2956
2956
2956
2956
2950
2949
2955
2954
2951
2949
2950
2948
2948
2941
2942
2946
2946
2945
2945
2945
2941
2940
2945
2943
2945
2943
2941
2942
2942
2940
2939
2938
2937
2938
2937
2937
2937
2936
2932
2930
2931
2935
2931
2933
2932
2932
2931
2930
2926
2927
2930
2930
2931
2928
2927
2929
2929
2928
2928
2922
2925
2927
2926
2926
2922
2921
2926
2924
2925
2923
2922
2922
2922
2917
2918
2923
2921
2922
2922
2921
2919
2921
2920
2919
2919
2918
2917
2917
2917
2913
2913
2918
2918
2914
2914
2914
2915
2916
2910
2912
2912
2914
2913
2909
2910
2914
2912
2908
2908
2908
2912
2910
2905
2906
2913
2910
2910
2910
2910
2908
2908
2905
2906
2905
2909
2909
2907
2908
2907
2906
2903
2902
2903
2905
2904
2905
2904
2898
2900
2901
2903
2902
2903
2902
2901
2902
2900
2897
2899
2902
2903
2897
2898
2901
2901
2902
2899
2902
2899
2899
2897
2897
2898
2899
2897
2897
2897
2897
2896
2896
2894
2893
2897
2896
2896
2895
2895
2895
2895
2890
2890
2895
2895
2890
2889
2889
2894
2893
2891
2892
2892
2891
2889
2891
2890
2884
2886
2891
2889
2887
2887
2887
2887
2887
2881
2882
2888
2887
2885
2885
2885
2885
2883
2882
2884
2881
2883
2882
2880
2880
2884
2883
2879
2878
2879
2883
2881
2876
2877
2881
2880
2878
2879
2879
2878
2877
2877
2876
2875
2873
2871
2875
2875
2875
2874
2870
2868
2870
2874
2874
2873
2872
2870
2872
2872
2871
2873
2869
2867
2873
2873
2872
2871
2870
2870
2871
2870
2869
2866
2867
2868
2870
2870
2866
2867
2871
2871
2871
2871
2871
2864
2865
2870
2868
2869
2868
2866
2866
2866
2861
2861
2863
2863
2864
2862
2861
2862
2861
2858
2858
2857
2861
2861
2861
2860
2859
2859
2859
2860
2858
2855
2857
2862
2862
2861
2861
2860
2857
2858
2860
2860
2859
2860
2858
2856
2857
2858
2857
2857
2855
2854
2852
2852
2856
2855
2856
2855
2852
2850
2851
2855
2855
2850
2851
2855
2855
2857
2851
2851
2857
2857
2857
2856
2858
2856
2857
2852
2852
2860
2858
2857
2855
2856
2855
2855
2855
2854
2853
2854
2852
2851
2851
2852
2852
2849
2850
2850
2845
2847
2851
2849
2843
2845
2848
2847
2846
2842
2841
2846
2844
2841
2841
2841
2844
2845
2845
2845
2843
2843
2844
2843
2843
2838
2839
2844
2843
2842
2843
2842
2841
2840
2835
2838
2843
2842
2842
2839
2840
2844
2842
2843
2844
2843
2841
2841
2842
2841
2841
2839
2838
2839
2838
2837
2836
2836
2837
2837
2836
2836
2832
2832
2837
2837
2832
2832
2834
2838
2836
2835
2837
2836
2833
2835
2836
2834
2835
2835
2828
2830
2837
2834
2833
2830
2829
2833
2835
2827
2829
2832
2834
2832
2832
2833
2832
2831
2828
2827
2827
2831
2831
2830
2830
2824
2824
2826
2830
2828
2824
2826
2830
2828
2827
2828
2826
2827
2827
2821
2823
2828
2826
2825
2826
2826
2823
2824
2824
2824
2823
2823
2823
2823
2822
2822
2823
2821
2823
2822
2821
2821
2816
2818
2820
2821
2822
2818
2817
2821
2822
2821
2820
2819
2819
2818
2818
2819
2816
2815
2817
2821
2819
2815
2817
2822
2819
2817
2816
2816
2819
2819
2819
2819
2818
2818
2817
2818
2819
2817
2817
2818
2817
2815
2812
2814
2817
2815
2811
2812
2814
2814
2815
2808
2809
2816
2815
2809
2810
2812
2814
2812
2812
2812
2810
2811
2811
2811
2811
2811
2808
2809
2810
2808
2808
2808
2809
2807
2808
2807
2803
2805
2804
2808
2809
2807
2807
2803
2803
2806
2808
2807
2807
2806
2805
2806
2805
2807
2805
2800
2801
2807
2804
2804
2805
2803
2804
2804
2803
2803
2803
2804
2803
2803
2802
2798
2800
2803
2803
2803
2804
2803
2803
2803
2804
2803
2799
2799
2801
2804
2804
2804
2803
2802
2804
2804
2802
2804
2800
2799
2804
2804
2804
2802
2802
2804
2804
2801
2804
2808
2810
2811
2812
2810
2811
2814
2813
2812
2813
2812
2810
2810
2810
2807
2806
2811
2812
2809
2809
2808
2806
2806
2804
2804
2802
2802
2803
2798
2797
2803
2802
2799
2796
2797
2800
2799
2799
2799
2797
2798
2798
2802
2804
2803
2803
2805
2804
2804
2805
2804
2806
2804
2805
2806
2804
2803
2803
2798
2798
2802
2798
2796
2793
2793
2799
2798
2797
2798
2794
2795
2795
2801
2799
2798
2799
2800
2798
2796
2797
2795
2796
2794
2795
2795
2794
2796
2796
2794
2794
2792
2793
2798
2799
2797
2794
2794
2800
2796
2792
2794
2792
2797
2793
2794
2794
2792
2793
2789
2789
2789
2793
2792
2791
2791
2790
2791
2790
2789
2788
2788
2789
2789
2787
2788
2788
2788
2788
2788
2783
2784
2788
2787
2788
2783
2785
2788
2788
2786
2786
2787
2785
2785
2783
2785
2781
2782
2780
2778
2777
2782
2781
2781
2782
2779
2780
2782
2779
2781
2778
2778
2784
2783
2783
2779
2782
2786
2786
2785
2786
2785
2785
2785
2784
2784
2784
2783
2782
2782
2783
2782
2781
2781
2779
2778
2778
2777
2773
2774
2777
2776
2778
2776
2776
2774
2776
2772
2772
2775
2775
2771
2769
2769
2775
2774
2773
2775
2774
2776
2777
2779
2778
2780
2779
2779
2780
2777
2774
2775
2778
2777
2770
2769
2775
2773
2773
2773
2771
2767
2767
2773
2773
2772
2772
2774
2772
2773
2773
2770
2772
2770
2769
2770
2771
2769
2771
2773
2772
2774
2771
2772
2778
2776
2773
2774
2773
2777
2778
2776
2777
2772
2773
2773
2776
2775
2774
2774
2768
2770
2771
2772
2770
2769
2770
2769
2769
2769
2768
2769
2769
2767
2768
2768
2769
2769
2767
2769
2769
2768
2767
2767
2768
2766
2765
2766
2761
2762
2766
2763
2764
2762
2762
2762
2761
2762
2764
2759
2761
2764
2766
2766
2764
2766
2770
2770
2768
2768
2767
2765
2765
2772
2770
2765
2767
2765
2772
2770
2770
2770
2769
2768
2769
2768
2768
2769
2769
2769
2770
2770
2770
2770
2769
2768
2768
2769
2768
2768
2767
2761
2762
2766
2766
2760
2760
2761
2765
2764
2760
2759
2762
2761
2762
2761
2761
2761
2763
2762
2763
2758
2759
2762
2766
2765
2765
2763
2764
2764
2764
2762
2764
2764
2761
2764
2763
2762
2763
2763
2759
2759
2765
2765
2763
2761
2761
2762
2762
2761
2761
2762
2762
2762
2760
2760
2760
2760
2756
2754
2758
2760
2760
2759
2759
2759
2760
2760
2761
2763
2768
2769
2769
2770
2778
2779
2781
2783
2788
2787
2792
2800
2802
2803
2807
2812
2821
2824
2822
2829
2840
2843
2848
2850
2854
2860
2865
2869
2873
2878
2881
2888
2891
2894
2898
2903
2905
2906
2911
2918
2920
2922
2925
2928
2927
2929
2931
2932
2928
2930
