5444
5442
5436
5438
5444
5440
5443
5438
5436
5437
5435
5437
5433
5434
5436
5436
5435
5435
5429
5430
5436
5437
5435
5431
5432
5436
5436
5433
5435
5435
5432
5432
5433
5432
5433
5432
5435
5429
5430
5435
5436
5432
5434
5432
5430
5432
5422
5421
5429
5424
5418
5418
5413
5408
5407
5400
5397
5394
5390
5389
5383
5381
5384
5383
5373
5374
5376
5374
5374
5372
5368
5366
5364
5360
5362
5362
5354
5355
5361
5357
5357
5356
5353
5351
5348
5340
5335
5324
5319
5320
5319
5314
5309
5308
5305
5300
5299
5295
5292
5291
5287
5280
5279
5284
5281
5279
5277
5276
5276
5275
5268
5267
5272
5274
5271
5270
5270
5262
5260
5266
5259
5254
5253
5248
5238
5237
5240
5237
5231
5224
5225
5228
5225
5222
5220
5219
5215
5215
5214
5213
5212
5212
5211
5212
5212
5211
5214
5209
5210
5204
5205
5203
5209
5205
5203
5200
5189
5189
5189
5187
5182
5172
5169
5173
5168
5159
5154
5150
5154
5146
5142
5137
5131
5127
5122
5117
5112
5106
5101
5088
5085
5081
5078
5074
5069
5063
5061
5058
5056
5054
5047
5049
5049
5048
5047
5037
5040
5044
5048
5046
5047
5045
5044
5043
5040
5037
5037
5044
5040
5036
5039
5043
5043
5043
5039
5043
5040
5039
5040
5036
5036
5032
5029
5029
5025
5015
5016
5013
5013
5011
5000
5001
5005
4999
4994
4991
4989
4991
4987
4983
4982
4977
4975
4973
4969
4968
4966
4962
4964
4961
4956
4953
4950
4945
4945
4939
4938
4928
4926
4923
4924
4921
4913
4911
4916
4911
4908
4904
4905
4905
4900
4898
4898
4894
4892
4892
4884
4882
4887
4882
4872
4872
4871
4872
4870
4863
4860
4864
4861
4858
4855
4850
4850
4847
4845
4844
4839
4837
4834
4830
4829
4820
4818
4822
4819
4813
4811
4808
4807
4802
4799
4797
4793
4792
4789
4780
4781
4784
4779
4772
4765
4765
4764
4760
4752
4752
4746
4742
4738
4732
4728
4722
4722
4718
4716
4711
4709
4707
4699
4698
4699
4698
4694
4691
4688
4683
4681
4687
4684
4680
4679
4677
4677
4672
4666
4664
4667
4667
4660
4654
4652
4653
4650
4647
4646
4640
4639
4637
4629
4629
4631
4628
4623
4620
4619
4616
4611
4609
4605
4603
4600
4596
4594
4592
4584
4580
4585
4583
4577
4571
4571
4573
4574
4564
4565
4570
4568
4567
4563
4562
4556
4556
4552
4549
4548
4547
4542
4543
4541
4536
4537
4532
4528
4530
4534
4532
4530
4526
4517
4517
4514
4514
4512
4506
4504
4497
4496
4490
4480
4477
4478
4472
4470
4465
4462
4455
4453
4455
4451
4448
4442
4436
4433
4430
4433
4428
4429
4423
4422
4422
4418
4417
4414
4411
4411
4401
4402
4402
4404
4400
4394
4394
4397
4397
4392
4389
4388
4386
4382
4382
4378
4378
4374
4374
4367
4365
4369
4363
4361
4360
4357
4355
4355
4350
4350
4347
4343
4341
4339
4339
4336
4336
4332
4329
4322
4323
4319
4325
4321
4313
4312
4318
4314
4307
4304
4301
4307
4302
4295
4295
4298
4297
4294
4289
4285
4292
4285
4284
4280
4278
4274
4272
4268
4265
4265
4261
4260
4257
4254
4251
4250
4247
4243
4241
4238
4238
4229
4228
4235
4230
4229
4226
4226
4221
4219
4215
4214
4210
4206
4204
4202
4199
4197
4194
4185
4186
4187
4186
4182
4175
4174
4176
4175
4165
4167
4165
4170
4167
4166
4161
4163
4159
4156
4154
4151
4145
4142
4146
4142
4138
4135
4133
4132
4127
4123
4124
4123
4121
4118
4117
4114
4114
4112
4103
4102
4102
4103
4100
4097
4096
4090
4089
4093
4091
4089
4087
4086
4083
4082
4073
4074
4071
4075
4071
4070
4067
4065
4063
4059
4055
4053
4055
4050
4048
4045
4040
4038
4036
4033
4029
4029
4026
4018
4017
4017
4020
4017
4008
4007
4011
4010
4005
4000
4000
4005
4001
3999
3997
3993
3994
3993
3989
3989
3986
3986
3983
3983
3980
3976
3975
3974
3975
3974
3972
3969
3968
3967
3958
3961
3965
3964
3958
3957
3956
3958
3956
3949
3949
3952
3950
3947
3947
3942
3940
3936
3935
3935
3931
3932
3927
3927
3922
3924
3920
3913
3912
3911
3913
3911
3908
3905
3897
3898
3898
3899
3899
3893
3889
3896
3894
3891
3891
3888
3885
3884
3889
3885
3885
3882
3879
3874
3873
3876
3874
3869
3868
3864
3863
3862
3861
3858
3856
3855
3855
3851
3853
3848
3848
3847
3845
3840
3839
3838
3838
3836
3835
3833
3831
3828
3827
3824
3825
3820
3816
3823
3819
3817
3814
3814
3817
3817
3814
3814
3806
3809
3807
3811
3808
3800
3798
3802
3798
3797
3787
3789
3788
3787
3778
3779
3779
3779
3777
3775
3775
3772
3770
3769
3769
3767
3763
3763
3757
3757
3760
3757
3755
3752
3750
3749
3747
3744
3741
3738
3738
3735
3735
3732
3730
3728
3721
3720
3719
3723
3722
3713
3714
3718
3715
3714
3712
3710
3711
3708
3703
3703
3706
3704
3705
3706
3703
3704
3701
3695
3695
3693
3697
3694
3692
3692
3692
3692
3687
3686
3684
3684
3680
3680
3677
3676
3675
3673
3669
3668
3674
3672
3669
3666
3667
3661
3660
3664
3662
3654
3657
3655
3660
3654
3656
3652
3653
3650
3649
3642
3644
3646
3647
3644
3643
3642
3641
3642
3640
3640
3638
3639
3636
3635
3633
3635
3630
3625
3624
3629
3625
3624
3623
3621
3621
3618
3618
3615
3609
3610
3611
3615
3611
3611
3610
3608
3609
3608
3606
3604
3609
3605
3600
3599
3600
3600
3598
3596
3593
3592
3588
3589
3584
3584
3582
3581
3582
3582
3583
3580
3582
3580
3580
3576
3575
3578
3576
3572
3567
3568
3568
3568
3563
3563
3562
3559
3560
3553
3553
3555
3554
3547
3547
3547
3549
3546
3541
3542
3547
3544
3544
3541
3542
3540
3538
3538
3536
3534
3534
3531
3532
3530
3525
3525
3529
3527
3524
3525
3523
3522
3522
3514
3514
3517
3521
3519
3517
3517
3510
3511
3515
3514
3511
3512
3510
3509
3509
3507
3507
3505
3504
3503
3501
3501
3501
3498
3496
3493
3494
3496
3496
3494
3494
3492
3489
3490
3484
3485
3487
3487
3486
3483
3482
3481
3480
3480
3479
3473
3475
3476
3478
3476
3479
3475
3473
3472
3479
3477
3478
3475
3476
3473
3472
3469
3468
3466
3459
3461
3464
3464
3457
3457
3459
3460
3459
3452
3453
3456
3455
3452
3453
3450
3450
3449
3449
3445
3441
3440
3441
3442
3439
3438
3435
3436
3434
3434
3435
3433
3435
3435
3433
3435
3431
3431
3430
3426
3425
3422
3420
3416
3413
3415
3417
3413
3409
3408
3413
3409
3407
3404
3404
3407
3404
3405
3403
3402
3404
3402
3396
3397
3401
3399
3394
3392
3393
3395
3396
3395
3392
3393
3391
3392
3392
3388
3389
3388
3386
3385
3383
3382
3384
3381
3381
3380
3379
3380
3378
3376
3376
3375
3375
3372
3372
3373
3371
3370
3371
3365
3367
3371
3370
3365
3364
3363
3367
3367
3361
3362
3367
3365
3365
3364
3362
3357
3356
3363
3360
3358
3353
3352
3357
3356
3353
3353
3352
3350
3351
3348
3350
3349
3349
3348
3346
3348
3346
3346
3342
3340
3346
3344
3343
3343
3341
3337
3337
3340
3340
3338
3337
3336
3330
3332
3335
3336
3328
3330
3334
3337
3337
3338
3338
3339
3336
3338
3335
3337
3335
3334
3335
3334
3334
3331
3331
3329
3331
3325
3326
3329
3327
3327
3319
3319
3321
3320
3317
3319
3315
3315
3317
3316
3318
3311
3315
3318
3319
3317
3313
3313
3318
3317
3315
3316
3313
3315
3313
3314
3314
3312
3313
3308
3306
3306
3311
3309
3308
3308
3300
3302
3300
3304
3301
3301
3297
3296
3297
3293
3294
3291
3288
3288
3293
3291
3287
3287
3286
3284
3283
3277
3280
3282
3280
3282
3280
3279
3279
3278
3275
3278
3275
3274
3273
3272
3273
3270
3270
3270
3266
3267
3269
3268
3268
3267
3263
3262
3262
3267
3266
3262
3264
3267
3267
3266
3263
3265
3269
3270
3268
3268
3268
3265
3267
3264
3264
3261
3262
3261
3258
3259
3258
3257
3252
3254
3260
3257
3256
3253
3252
3257
3255
3254
3254
3251
3250
3249
3254
3253
3251
3253
3248
3248
3246
3246
3245
3239
3239
3243
3242
3241
3239
3240
3239
3239
3236
3237
3235
3234
3235
3234
3235
3229
3228
3236
3234
3233
3234
3233
3227
3229
3233
3232
3232
3226
3228
3231
3229
3230
3228
3228
3227
3225
3220
3220
3224
3223
3216
3217
3217
3220
3222
3219
3222
3220
3221
3221
3221
3222
3223
3221
3222
3218
3218
3217
3217
3218
3216
3212
3212
3217
3217
3216
3213
3215
3212
3214
3213
3213
3213
3211
3212
3210
3211
3207
3208
3208
3211
3207
3203
3206
3210
3208
3205
3203
3202
3207
3206
3205
3204
3205
3205
3203
3203
3204
3202
3201
3195
3196
3196
3198
3198
3196
3194
3193
3194
3189
3187
3187
3192
3191
3189
3187
3183
3184
3184
3187
3186
3185
3185
3183
3182
3182
3181
3180
3179
3180
3177
3176
3181
3181
3180
3180
3179
3181
3180
3173
3175
3175
3178
3178
3178
3176
3171
3174
3176
3179
3179
3179
3177
3174
3176
3179
3179
3179
3179
3176
3176
3176
3173
3172
3172
3169
3168
3164
3165
3169
3167
3165
3165
3164
3166
3162
3162
3161
3162
3160
3161
3158
3157
3161
3161
3161
3159
3161
3160
3163
3161
3164
3159
3162
3165
3166
3166
3165
3163
3157
3157
3163
3159
3158
3158
3159
3158
3158
3154
3158
3158
3162
3160
3160
3158
3155
3156
3155
3155
3155
3151
3151
3154
3153
3153
3151
3150
3149
3149
3144
3144
3149
3148
3149
3144
3144
3148
3146
3145
3143
3142
3138
3136
3142
3141
3138
3139
3133
3133
3132
3137
3135
3134
3132
3131
3132
3130
3129
3130
3126
3124
3128
3127
3128
3126
3127
3129
3127
3128
3130
3130
3129
3129
3131
3130
3125
3125
3132
3131
3127
3129
3128
3121
3121
3127
3126
3124
3122
3122
3122
3121
3121
3119
3115
3113
3115
3119
3117
3112
3114
3118
3116
3116
3116
3115
3114
3116
3115
3116
3113
3114
3115
3116
3115
3110
3113
3119
3116
3118
3114
3115
3118
3117
3118
3117
3117
3114
3114
3115
3115
3109
3108
3110
3112
3111
3111
3110
3107
3107
3104
3105
3104
3107
3106
3106
3107
3101
3101
3102
3106
3106
3107
3106
3105
3103
3103
3103
3103
3102
3102
3100
3102
3102
3103
3104
3104
3102
3102
3100
3102
3099
3100
3098
3097
3099
3098
3098
3096
3093
3091
3092
3096
3095
3089
3089
3094
3095
3093
3089
3088
3092
3091
3087
3088
3087
3090
3089
3086
3087
3092
3091
3088
3086
3087
3093
3092
3092
3090
3090
3090
3091
3092
3092
3091
3091
3091
3092
3092
3088
3086
3090
3089
3089
3089
3087
3085
3084
3085
3085
3084
3083
3077
3078
3080
3084
3083
3081
3080
3081
3080
3079
3077
3078
3079
3076
3075
3075
3073
3072
3071
3074
3073
3073
3072
3072
3071
3070
3072
3072
3066
3068
3073
3072
3071
3069
3069
3065
3066
3069
3070
3067
3063
3064
3069
3068
3064
3063
3066
3066
3066
3067
3066
3067
3064
3059
3060
3061
3065
3065
3064
3064
3063
3062
3061
3060
3062
3061
3062
3057
3057
3061
3062
3060
3061
3059
3058
3057
3057
3058
3057
3057
3055
3050
3052
3057
3057
3056
3056
3056
3057
3058
3054
3055
3058
3059
3059
3060
3059
3060
3060
3054
3055
3054
3060
3059
3058
3059
3055
3054
3056
3059
3058
3052
3051
3056
3055
3050
3049
3049
3052
3053
3051
3050
3050
3048
3047
3048
3048
3047
3047
3048
3047
3047
3046
3046
3046
3046
3047
3047
3046
3047
3046
3039
3040
3045
3044
3041
3041
3042
3046
3047
3046
3045
3042
3043
3042
3042
3043
3044
3043
3039
3039
3044
3043
3041
3042
3042
3042
3042
3039
3040
3042
3046
3047
3042
3044
3049
3047
3044
3041
3041
3044
3044
3044
3042
3042
3040
3040
3036
3035
3039
3037
3037
3037
3036
3035
3035
3035
3036
3035
3034
3031
3028
3030
3033
3033
3033
3033
3033
3032
3033
3030
3029
3034
3032
3031
3031
3031
3026
3027
3031
3028
3027
3027
3027
3027
3026
3021
3022
3027
3027
3026
3026
3026
3025
3023
3024
3025
3025
3024
3024
3025
3023
3019
3021
3025
3024
3022
3019
3021
3025
3025
3024
3023
3025
3023
3023
3018
3019
3024
3022
3021
3021
3021
3021
3020
3016
3018
3023
3023
3022
3023
3024
3023
3024
3021
3022
3027
3026
3025
3024
3024
3024
3025
3024
3025
3026
3025
3025
3024
3023
3018
3019
3021
3023
3021
3020
3019
3014
3014
3018
3016
3016
3014
3013
3014
3012
3007
3008
3010
3013
3012
3011
3010
3006
3008
3011
3013
3013
3011
3011
3011
3011
3012
3013
3012
3010
3010
3015
3013
3013
3012
3011
3012
3011
3011
3010
3010
3010
3009
3009
3008
3008
3010
3010
3011
3008
3008
3009
3014
3014
3016
3017
3012
3013
3012
3016
3014
3013
3013
3013
3012
3011
3009
3009
3003
3004
3009
3008
3003
3004
3004
3007
3007
3002
3000
3007
3006
3004
3003
3002
3000
3000
3000
3000
2998
2998
2998
3003
3001
2995
2996
2999
2998
2997
2998
2998
2998
2999
2999
3000
3000
3001
3000
3000
3000
3000
3000
2998
2997
2998
3002
3001
3001
3000
2998
2997
2996
2996
2994
2989
2991
2996
2993
2993
2989
2989
2993
2993
2994
2993
2993
2994
2994
2993
2992
2988
2989
2994
2994
2994
2994
2995
2996
2997
2998
2999
3000
2997
2998
3002
3002
3001
3002
3000
2997
2997
3003
3001
3001
2998
3000
2999
2998
2999
2998
2994
2993
2996
2995
2993
2989
2990
2994
2994
2993
2993
2992
2992
2992
2991
2991
2987
2987
2991
2992
2991
2986
2987
2991
2990
2989
2988
2987
2985
2985
2985
2987
2988
2990
2989
2991
2992
2993
2993
2989
2990
2995
2995
2995
2997
2996
2995
2995
2989
2990
2991
2995
2994
2994
2992
2992
2991
2991
2990
2990
2990
2991
2985
2988
2992
2992
2992
2989
2988
2994
2992
2992
2992
2992
2991
2992
2991
2990
2987
2989
2989
2992
2991
2990
2989
2988
2986
2981
2981
2980
2983
2983
2982
2981
2981
2980
2982
2979
2981
2984
2984
2980
2981
2982
2984
2983
2982
2981
2981
2980
2978
2977
2977
2975
2977
2978
2979
2980
2979
2979
2976
2976
2981
2981
2975
2975
2977
2980
2978
2978
2978
2976
2977
2977
2977
2976
2975
2973
2970
2970
2975
2975
2974
2971
2971
2975
2973
2972
2972
2969
2968
2965
2970
2966
2967
2968
2966
2967
2964
2961
2961
2966
2965
2966
2965
2964
2965
2965
2966
2967
2969
2969
2968
2968
2968
2968
2968
2968
2968
2963
2963
2962
2966
2965
2965
2966
2966
2966
2967
2964
2964
2971
2970
2967
2969
2969
2969
2968
2963
2964
2967
2967
2966
2964
2963
2959
2957
2963
2960
2960
2960
2959
2958
2958
2958
2958
2958
2959
2960
2959
2959
2958
2956
2957
2957
2953
2955
2959
2964
2965
2965
2966
2966
2965
2966
2965
2964
2959
2960
2965
2964
2961
2959
2958
2961
2962
2957
2957
2962
2961
2961
2959
2959
2960
2961
2959
2960
2958
2956
2955
2951
2954
2959
2960
2959
2956
2957
2961
2962
2961
2961
2962
2960
2961
2961
2961
2961
2962
2957
2959
2957
2961
2960
2957
2958
2961
2961
2960
2959
2958
2956
2956
2954
2952
2951
2950
2949
2948
2949
2943
2943
2949
2946
2948
2948
2949
2948
2947
2957
2955
2954
2954
2954
2955
2956
2954
2953
2947
2950
2950
2955
2954
2954
2952
2951
2952
2952
2952
2951
2951
2952
2952
2953
2954
2955
2956
2956
2955
2955
2954
2949
2947
2947
2949
2950
2950
2949
2948
2946
2947
2942
2945
2949
2949
2947
2948
2950
2949
2949
2955
2956
2959
2962
2961
2964
2969
2978
2981
2979
2986
2995
2999
3002
3004
3011
3019
3022
3028
3031
3036
3038
3044
3054
3059
3058
3065
3073
3079
3082
3087
3092
3096
3100
3105
3110
3114
3119
3121
3121
3125
3133
3135
3137
3137
3138
3140
