4126
4122
4125
4126
4126
4124
4123
4116
4115
4115
4115
4112
4104
4103
4104
4101
4096
4092
4086
4086
4081
4072
4069
4068
4067
4061
4052
4051
4053
4047
4040
4038
4035
4029
4025
4021
4019
4015
4012
4008
4004
4002
3998
3995
3992
3990
3989
3987
3985
3981
3980
3979
3973
3967
3964
3962
3965
3963
3962
3958
3952
3952
3950
3951
3948
3947
3945
3936
3936
3936
3936
3931
3931
3930
3930
3926
3926
3925
3923
3921
3922
3916
3915
3922
3917
3917
3912
3911
3914
3914
3912
3910
3907
3907
3904
3901
3901
3902
3900
3897
3898
3899
3900
3900
3897
3898
3897
3894
3895
3894
3893
3892
3892
3890
3887
3887
3881
3881
3887
3884
3877
3879
3882
3879
3878
3873
3871
3875
3873
3872
3868
3869
3868
3866
3867
3863
3864
3861
3862
3861
3861
3856
3856
3862
3861
3857
3857
3858
3864
3863
3862
3863
3864
3863
3861
3859
3859
3862
3860
3859
3858
3856
3854
3854
3855
3856
3849
3850
3855
3856
3856
3852
3852
3858
3858
3857
3856
3858
3857
3855
3849
3850
3854
3854
3851
3852
3851
3852
3849
3848
3848
3848
3850
3848
3851
3851
3852
3851
3849
3848
3848
3841
3839
3842
3841
3840
3839
3836
3836
3835
3832
3833
3829
3832
3832
3834
3834
3831
3832
3832
3833
3836
3834
3832
3833
3830
3833
3829
3829
3829
3830
3828
3827
3828
3827
3826
3825
3825
3825
3826
3821
3820
3825
3826
3825
3824
3822
3819
3822
3829
3826
3827
3829
3829
3827
3828
3829
3828
3824
3827
3830
3832
3829
3831
3827
3829
3827
3821
3824
3824
3825
3822
3822
3821
3822
3819
3817
3814
3816
3821
3818
3818
3821
3821
3819
3819
3821
3823
3819
3820
3827
3827
3828
3827
3826
3828
3829
3829
3829
3828
3825
3825
3829
3828
3825
3826
3831
3830
3832
3829
3830
3836
3836
3839
3841
3839
3840
3840
3840
3838
3832
3834
3836
3837
3837
3837
3836
3837
3837
3837
3839
3840
3842
3841
3841
3843
3845
3845
3846
3843
3845
3852
3850
3852
3854
3854
3855
3855
3855
3856
3857
3856
3853
3856
3856
3859
3859
3861
3860
3860
3860
3862
3864
3862
3863
3865
3866
3868
3867
3865
3869
3875
3877
3870
3876
3882
3884
3885
3883
3887
3893
3895
3897
3899
3901
3903
3905
3907
3909
3905
3909
3915
3920
3921
3918
3924
3932
3933
3932
3937
3941
3947
3951
3956
3957
3959
3961
3967
3968
3971
3977
3981
3986
3986
3994
3998
3999
4006
4011
4009
4014
4020
4023
4026
4029
4031
4035
4040
4043
4045
4050
4056
4060
4063
4066
4066
4073
4077
4087
4091
4099
4102
4105
4116
4127
4131
4139
4139
4145
4154
4161
4166
4170
4174
4180
4186
4190
4194
4193
4204
4208
4218
4222
4229
4234
4241
4249
4256
4261
4267
4272
4281
4294
4301
4305
4316
4323
4335
4345
4350
4358
4365
4375
4384
4390
4399
4409
4419
4427
4435
4441
4452
4462
4478
4486
4497
4507
4510
4524
4533
4546
4556
4563
4575
4591
4600
4607
4617
4624
4634
4641
4650
4657
4665
4675
4683
4693
4702
4711
4720
4731
4740
4752
4763
4772
4779
4787
4805
4814
4822
4829
4839
4851
4863
4871
4882
4890
4899
4910
4927
4935
4945
4956
4967
4976
4991
5001
5010
5024
5038
5049
5063
5076
5085
5102
5122
5136
5149
5163
5170
5183
5199
5215
5229
5233
5250
5270
5278
5289
5300
5309
5323
5332
5342
5355
5365
5377
5386
5395
5407
5426
5433
5439
5452
5463
5479
5490
5502
5513
5525
5538
5550
5562
5574
5587
5601
5615
5628
5640
5654
5668
5674
5690
5709
5720
5733
5746
5757
5762
5777
5792
5801
5813
5822
5833
5844
5854
5864
5879
5895
5907
5924
5934
5950
5974
5986
5999
6019
6028
6044
6064
6082
6093
6109
6124
6136
6153
6166
6178
6193
6207
6220
6234
6245
6259
6272
6284
6299
6311
6324
6339
6350
6360
6373
6383
6390
6395
6402
6418
6423
6430
6434
6446
6449
6461
6478
6485
6495
6507
6514
6524
6534
6538
6546
6564
6572
6579
6584
6592
6600
6610
6613
6623
6634
6647
6655
6660
6667
6678
6683
6683
6680
6686
6687
6692
6701
6703
6707
6714
6724
6742
6752
6759
6772
6788
6797
6810
6816
6828
6839
6848
6854
6868
6885
6902
6915
6929
6943
6956
6970
6983
6992
6999
7006
7012
7017
7025
7030
7038
7045
7046
7051
7064
7066
7069
7075
7080
7080
7087
7101
7104
7106
7116
7130
7137
7147
7152
7165
7184
7196
7208
7218
7228
7242
7250
7263
7275
7280
7293
7308
7324
7332
7337
7349
7365
7369
7376
7384
7392
7398
7404
7413
7424
7428
7437
7448
7450
7460
7475
7481
7489
7494
7503
7510
7514
7520
7528
7533
7539
7547
7552
7562
7570
7576
7583
7594
7601
7605
7611
7615
7623
7631
7632
7637
7642
7648
7651
7654
7659
7665
7664
7671
7682
7686
7688
7691
7695
7704
7707
7712
7715
7720
7727
7730
7725
7736
7747
7748
7751
7754
7756
7765
7771
7774
7779
7785
7794
7800
7802
7810
7824
7828
7835
7841
7849
7855
7858
7858
7864
7876
7873
7883
7884
7887
7895
7898
7895
7901
7913
7914
7916
7921
7926
7928
7932
7936
7940
7946
7947
7954
7955
7956
7952
7953
7954
7957
7950
7945
7941
7932
7927
7927
7922
7917
7912
7907
7904
7903
7902
7898
7895
7899
7899
7896
7900
7895
7905
7905
7907
7907
7900
7899
7901
7891
7884
7878
7873
7866
7863
7858
7854
7853
7852
7854
7852
7857
7867
7873
7870
7879
7883
7890
7895
7896
7900
7902
7908
7911
7912
7918
7919
7922
7925
7922
7917
7920
7923
7920
7912
7904
7897
7882
7875
7867
7864
7858
7848
7843
7837
7837
7829
7830
7827
7835
7835
7830
7835
7840
7839
7842
7845
7847
7852
7855
7858
7861
7864
7868
7870
7871
7871
7873
7873
7869
7867
7860
7854
7854
7861
7860
7855
7858
7860
7870
7871
7873
7876
7891
7890
7895
7897
7898
7902
7903
7904
7902
7904
7902
7899
7890
7887
7892
7883
7875
7870
7862
7845
7836
7832
7816
7806
7796
7785
7782
7773
7763
7758
7762
7759
7752
7753
7751
7754
7754
7759
7761
7764
7764
7765
7768
7766
7766
7764
7758
7757
7756
7755
7746
7737
7728
7725
7717
7704
7698
7689
7690
7685
7679
7676
7670
7667
7665
7666
7667
7661
7661
7667
7660
7657
7655
7650
7649
7643
7636
7634
7633
7629
7626
7624
7618
7614
7612
7609
7604
7601
7598
7598
7596
7595
7586
7589
7593
7597
7598
7598
7603
7606
7607
7601
7603
7604
7610
7610
7605
7603
7604
7597
7591
7578
7571
7570
7563
7553
7542
7532
7525
7517
7512
7503
7490
7484
7484
7481
7475
7471
7467
7463
7461
7460
7459
7453
7451
7445
7441
7437
7435
7433
7429
7426
7421
7426
7427
7429
7427
7421
7422
7423
7430
7429
7425
7423
7432
7428
7431
7426
7424
7424
7425
7422
7423
7423
7423
7425
7421
7425
7415
7418
7422
7414
7410
7409
7409
7406
7405
7403
7400
7400
7393
7388
7389
7384
7379
7377
7370
7362
7358
7358
7355
7349
7346
7342
7337
7334
7332
7328
7317
7316
7322
7317
7311
7304
7303
7297
7297
7303
7302
7300
7295
7298
7303
7301
7292
7290
7292
7285
7278
7269
7268
7259
7254
7254
7248
7244
7232
7231
7232
7228
7224
7220
7211
7208
7207
7200
7198
7193
7187
7180
7171
7162
7149
7140
7131
7124
7112
7103
7093
7080
7072
7071
7065
7051
7045
7044
7041
7037
7032
7025
7021
7016
7013
7007
7002
6996
6993
6983
6978
6984
6977
6971
6964
6961
6961
6958
6955
6951
6947
6945
6936
6928
6925
6923
6920
6912
6906
6904
6904
6898
6894
6891
6886
6881
6879
6872
6868
6866
6858
6853
6850
6841
6838
6837
6834
6830
6825
6822
6828
6827
6826
6814
6818
6820
6818
6807
6803
6801
6801
6797
6794
6784
6776
6777
6772
6773
6769
6765
6762
6751
6748
6752
6745
6742
6735
6729
6724
6721
6716
6711
6708
6704
6703
6703
6700
6693
6692
6693
6695
6691
6691
6686
6686
6683
6679
6679
6677
6671
6671
6669
6666
6660
6660
6655
6652
6650
6637
6636
6643
6638
6634
6630
6627
6625
6621
6613
6609
6613
6605
6602
6590
6588
6590
6582
6573
6570
6567
6571
6564
6558
6555
6549
6545
6540
6531
6528
6532
6523
6522
6515
6513
6506
6499
6497
6491
6484
6478
6474
6470
6462
6459
6451
6446
6440
6428
6427
6422
6424
6419
6410
6406
6408
6404
6401
6393
6392
6382
6378
6380
6374
6365
6362
6356
6357
6349
6345
6339
6334
6326
6320
6312
6308
6301
6294
6290
6283
6277
6275
6269
6262
6257
6247
6243
6247
6239
6235
6227
6224
6225
6221
6217
6215
6212
6210
6211
6202
6202
6206
6201
6193
6194
6191
6193
6188
6186
6183
6181
6179
6173
6172
6167
6163
6159
6157
6152
6146
6143
6137
6125
6125
6123
6116
6111
6105
6103
6092
6090
6092
6087
6079
6078
6074
6071
6069
6060
6058
6060
6056
6053
6051
6045
6040
6037
6031
6028
6024
6018
6011
6008
6003
5996
5992
5981
5976
5975
5976
5969
5963
5959
5946
5947
5945
5945
5941
5932
5928
5934
5930
5926
5921
5921
5916
5913
5912
5910
5905
5901
5901
5906
5900
5899
5896
5893
5891
5888
5885
5883
5880
5875
5868
5867
5868
5867
5861
5862
5857
5853
5852
5841
5842
5840
5841
5839
5836
5832
5826
5824
5823
5825
5819
5817
5815
5812
5809
5800
5800
5797
5800
5797
5794
5790
5789
5784
5779
5773
5768
5768
5765
5758
5754
5750
5745
5740
5734
5729
5725
5720
5716
5709
5704
5701
5695
5684
5684
5684
5676
5673
5664
5657
5659
5656
5653
5650
5645
5637
5639
5640
5633
5632
5628
5621
5621
5616
5613
5612
5605
5603
5593
5590
5590
5588
5582
5576
5571
5576
5571
5565
5563
5558
5551
5552
5551
5547
5546
5542
5541
5540
5536
5531
5532
5528
5526
5526
5516
5514
5517
5511
5510
5504
5500
5498
5491
5487
5483
5476
5474
5465
5466
5461
5463
5462
5456
5455
5451
5448
5447
5445
5441
5440
5435
5435
5433
5428
5426
5426
5429
5427
5417
5414
5419
5414
5410
5409
5407
5400
5397
5406
5401
5396
5394
5389
5381
5383
5384
5381
5378
5374
5371
5365
5361
5357
5349
5345
5341
5334
5330
5327
5315
5313
5318
5313
5310
5305
5302
5305
5304
5300
5299
5295
5293
5289
5289
5287
5280
5277
5278
5275
5268
5264
5260
5262
5259
5255
5251
5250
5247
5244
5238
5239
5243
5239
5239
5238
5233
5233
5232
5230
5229
5229
5227
5224
5225
5224
5221
5220
5219
5217
5215
5212
5212
5208
5206
5199
5198
5198
5199
5195
5189
5189
5194
5191
5181
5181
5178
5178
5177
5173
5169
5165
5164
5163
5159
5156
5154
5151
5154
5150
5147
5146
5144
5142
5140
5132
5131
5137
5133
5132
5122
5122
5126
5120
5121
5118
5117
5107
5108
5108
5103
5098
5092
5088
5083
5077
5083
5078
5068
5066
5068
5067
5060
5060
5055
5055
5051
5050
5052
5048
5043
5041
5047
5045
5043
5042
5042
5039
5037
5038
5033
5034
5032
5033
5032
5026
5019
5015
5018
5014
5002
5001
4997
5000
4996
4993
4992
4988
4985
4983
4981
4977
4977
4976
4974
4973
4973
4970
4969
4964
4964
4970
4967
4957
4959
4957
4961
4960
4957
4954
4950
4950
4947
4944
4943
4935
4936
4938
4938
4933
4931
4930
4926
4924
4920
4917
4921
4919
4915
4910
4908
4914
4912
4903
4904
4903
4904
4902
4900
4898
4898
4893
4895
4893
4893
4891
4891
4890
4888
4887
4885
4883
4881
4876
4870
4868
4874
4868
4865
4859
4860
4862
4862
4859
4857
4857
4852
4852
4850
4850
4847
4845
4837
4835
4836
4839
4834
4828
4827
4831
4828
4828
4820
4820
4823
4819
4818
4815
4812
4807
4807
4804
4805
4801
4801
4791
4794
4790
4796
4795
4792
4791
4788
4787
4786
4784
4782
4782
4778
4773
4769
4775
4772
4768
4763
4759
4763
4763
4755
4753
4751
4742
4743
4743
4741
4738
4735
4733
4730
4729
4727
4728
4725
4722
4718
4715
4716
4720
4718
4717
4719
4709
4711
4711
4715
4713
4712
4711
4711
4710
4708
4711
4712
4709
4709
4705
4706
4703
4701
4699
4695
4693
4692
4690
4680
4684
4682
4686
4683
4681
4678
4679
4674
4673
4671
4669
4674
4673
4666
4670
4673
4671
4673
4671
4669
4669
4664
4658
4660
4658
4663
4662
4661
4657
4651
4648
4648
4651
4646
4646
4646
4642
4640
4639
4638
4637
4635
4631
4631
4628
4624
4623
4621
4615
4617
4618
4618
4617
4616
4612
4611
4611
4604
4602
4606
4605
4596
4598
4597
4602
4597
4599
4595
4594
4594
4590
4586
4586
4589
4589
4582
4581
4583
4584
4582
4581
4578
4577
4576
4573
4572
4573
4570
4571
4565
4565
4570
4569
4566
4567
4566
4565
4564
4563
4562
4561
4558
4557
4553
4551
4556
4554
4551
4549
4549
4545
4547
4546
4545
4543
4541
4539
4540
4539
4535
4533
4531
4528
4526
4528
4526
4525
4526
4519
4517
4522
4520
4518
4512
4511
4516
4511
4505
4507
4504
4507
4507
4501
4499
4505
4501
4499
4499
4497
4491
4492
4496
4494
4496
4493
4493
4494
4493
4490
4491
4489
4487
4487
4481
4480
4484
4482
4475
4476
4480
4482
4480
4479
4479
4477
4476
4474
4472
4473
4471
4469
4470
4469
4468
4466
4466
4466
4462
4457
4457
4460
4458
4459
4456
4456
4451
4448
4454
4450
4441
4442
4442
4446
4444
4443
4443
4443
4442
4443
4441
4441
4446
4443
4444
4441
4440
4438
4434
4435
4431
4430
4427
4426
4422
4424
4422
4423
4421
4420
4411
4413
4412
4415
4413
4405
4406
4409
4407
4402
4400
4400
4402
4400
4401
4399
4400
4400
4397
4391
4393
4394
4395
4394
4391
4391
4389
4389
4380
4381
4386
4383
4381
4381
4381
4380
4379
4380
4377
4378
4377
4376
4374
4372
4366
4364
4369
4368
4366
4360
4360
4364
4360
4360
4362
4361
4359
4361
4355
4356
4359
4358
4358
4358
4355
4349
4351
4355
4351
4352
4351
4349
4347
4346
4347
4346
4340
4341
4344
4346
4344
4342
4342
4344
4343
4336
4334
4338
4342
4341
4339
4340
4341
4337
4336
4337
4336
4329
4328
4334
4330
4329
4329
4326
4326
4324
4322
4322
4322
4323
4322
4324
4323
4324
4327
4327
4325
4326
4326
4322
4322
4322
4312
4314
4314
4318
4317
4310
4311
4315
4313
4308
4309
4307
4313
4313
4313
4312
4308
4308
4306
4311
4310
4304
4307
4311
4309
4311
4308
4305
4304
4302
4300
4296
4294
4292
4289
4287
4287
4287
4285
4284
4285
4285
4282
4281
4278
4278
4283
4282
4280
4276
4274
4278
4278
4273
4275
4269
4268
4266
4271
4270
4262
4261
4266
4265
4262
4256
4258
4262
4259
4261
4259
4258
4257
4258
4256
4255
4254
4254
4249
4249
4249
4253
4250
4244
4244
4251
4248
4246
4245
4245
4243
4242
4244
4246
4243
4241
4244
4247
4246
4244
4244
4240
4241
4240
4243
4243
4241
4237
4238
4238
4238
4236
4235
4236
4236
4236
4237
4238
4236
4235
4236
4234
4232
4232
4227
4227
4227
4231
4228
4223
4224
4229
4225
4225
4227
4227
4223
4226
4230
4228
4227
4226
4223
4223
4221
4219
4218
4217
4214
4213
4209
4208
4212
4212
4209
4209
4206
4206
4207
4200
4199
4204
4200
4198
4198
4195
4193
4193
4191
4187
4187
4188
4182
4183
4182
4179
4180
4184
4184
4182
4180
4178
4173
4173
4177
4176
4172
4167
4167
4173
4170
4163
4166
4169
4170
4168
4170
4169
4167
4168
4167
4169
4167
4169
4169
4163
4167
4174
4174
4171
4171
4172
4172
4173
4168
4166
4174
4172
4171
4172
4172
4171
4172
4171
4171
4168
4165
4164
4166
4163
4162
4159
4157
4156
4152
4149
4149
4154
4149
4148
4149
4147
4147
4147
4147
4148
4148
4147
4149
4147
4147
4146
4147
4139
4139
4140
4139
4140
4138
4136
4130
4132
4135
4134
4133
4133
4131
4126
4128
4134
4131
4132
4130
4129
4130
4132
4131
4129
4129
4125
4125
4130
4130
4126
4126
4126
4125
4127
4121
4122
4128
4127
4126
4127
4125
4122
4124
4127
4126
4124
4122
4124
4122
4122
4120
4120
4120
4119
4118
4120
4119
4117
4119
4118
4117
4112
4115
4113
4116
4116
4115
4116
4111
4113
4115
4117
4117
4113
4111
4119
4116
4115
4116
4115
4110
4110
4113
4111
4111
4111
4109
4107
4107
4107
4106
4104
4105
4104
4105
4104
4106
4106
4100
4103
4107
4108
4108
4109
4110
4111
4111
4113
4114
4111
4111
4111
4101
4102
4105
4101
4100
4097
4096
4091
4089
4093
4093
4086
4088
4087
4091
4092
4085
4088
4092
4090
4090
4090
4089
4089
4089
4087
4085
4084
4079
4079
4084
4081
4081
4081
4082
4080
4082
4082
4080
4080
4079
4077
4076
4076
4075
4075
4076
4074
4069
4069
4072
4076
4072
4070
4070
4077
4075
4070
4071
4071
4075
4072
4067
4067
4072
4069
4067
4066
4067
4066
4066
4067
4064
4064
4064
4064
4060
4061
4065
4063
4064
4064
4063
4064
4063
4062
4060
4055
4057
4056
4059
4058
4059
4061
4062
4062
4062
4060
4061
4059
4056
4052
4054
4057
4059
4056
4054
4054
4049
4051
4054
4053
4052
4053
4052
4053
4054
4048
4051
4051
4053
4053
4054
4053
4051
4053
4049
4051
4054
4056
4054
4054
4051
4049
4047
4048
4046
4044
4040
4041
4046
4045
4041
4040
4039
4034
4035
4039
4037
4036
4034
4033
4033
4034
4033
4034
4027
4027
4026
4031
4029
4028
4028
4028
4027
4024
4022
4023
4029
4025
4025
4024
4022
4021
4021
4023
4023
4024
4022
4016
4017
4017
4020
4020
4014
4013
4018
4018
4018
4015
4014
4013
4014
4008
4012
4016
4015
4018
4016
4018
4015
4015
4014
4015
4015
4014
4014
4009
4010
4017
4018
4019
4022
4023
4022
4022
4019
4018
4016
4016
4014
4010
4008
4011
4011
4011
4010
4009
4004
4004
4007
4005
4000
4000
4000
4001
4001
3997
3996
4000
3999
3998
3997
3998
3996
3997
3991
3993
4000
3999
3998
3997
3997
3997
3998
3996
3994
3992
3994
3995
3994
3993
3990
3990
3990
3988
3988
3988
3987
3980
3982
3989
3986
3987
3985
3986
3980
3981
3985
3985
3984
3984
3986
3989
3991
3986
3990
3995
3995
3996
3997
3998
3998
3996
3988
3990
3989
3992
3989
3990
3988
3986
3983
3981
3981
3981
3977
3975
3980
3979
3975
3976
3976
3972
3972
3977
3975
3975
3975
3977
3975
3979
3980
3979
3979
3979
3978
3976
3978
3982
3980
3976
3977
3980
3982
3980
3978
3977
3976
3977
3978
3979
3978
3976
3976
3978
3977
3977
3975
3975
3975
3975
3971
3970
3976
3973
3967
3967
3965
3969
3965
3967
3966
3965
3966
3963
3959
3957
3960
3959
3959
3959
3957
3954
3954
3958
3957
3952
3953
3960
3960
3960
3958
3957
3959
3959
3959
3959
3958
3957
3955
3956
3956
3956
3957
3954
3950
3950
3955
3955
3953
3952
3954
3953
3956
3950
3953
3957
3955
3952
3952
3952
3954
3953
3947
3948
3952
3952
3951
3950
3950
3946
3946
3953
3953
3949
3949
3949
3956
3956
3958
3957
3956
3954
3952
3951
3951
3948
3949
3946
3946
3944
3943
3943
3939
3940
3943
3943
3937
3936
3938
3941
3940
3935
3934
3939
3938
3939
3938
3938
3936
3937
3938
3939
3937
3933
3933
3939
3939
3939
3940
3936
3935
3935
3939
3939
3939
3939
3937
3935
3935
3935
3934
3934
3934
3927
3930
3930
3931
3931
3926
3928
3933
3931
3931
3932
3932
3932
3931
3932
3931
3929
3928
3926
3925
3926
3925
3925
3917
3919
3921
3924
3925
3925
3925
3924
3924
3925
3926
3923
3926
3926
3927
3930
3924
3927
3926
3930
3930
3926
3927
3932
3929
3928
3929
3930
3935
3935
3936
3938
3938
3938
3937
3934
3932
3933
3931
3933
3932
3932
3931
3931
3936
3934
3934
3933
3934
3933
3933
3933
3931
3931
3930
3926
3926
3927
3931
3928
3927
3925
3918
3918
3917
3920
3917
3911
3912
3915
3914
3911
3912
3910
3913
3913
3907
3909
3912
3913
3912
3905
3906
3909
3908
3903
3903
3903
3908
3908
3905
3903
3904
3904
3904
3904
3902
3898
3898
3903
3902
3901
3902
3902
3901
3900
3900
3899
3898
3898
3898
3895
3895
3890
3891
3896
3895
3894
3895
3896
3898
3897
3895
3897
3897
3897
3898
3897
3896
3896
3893
3894
3893
3892
3895
3895
3891
3895
3902
3900
3900
3900
3902
3908
3906
3900
3900
3905
3906
3905
3902
3904
3910
3908
3908
3909
3908
3906
3904
3899
3897
3901
3898
3895
3893
3890
3884
3883
3888
3886
3883
3883
3884
3883
3882
3878
3877
3883
3880
3879
3879
3878
3879
3882
3883
3884
3885
3887
3891
3888
3892
3898
3898
3899
3897
3897
3899
3898
3896
3895
3893
3890
3888
3886
3884
3880
3879
3878
3876
3873
3870
3871
3873
3872
3869
3870
3874
3876
3874
3874
3873
3873
3874
3869
3871
3872
3875
3876
3870
3871
3875
3873
3871
3869
3868
3867
3868
3868
3867
3866
3866
3865
3865
3867
3862
3864
3870
3867
3866
3861
3862
3865
3864
3864
3864
3863
3860
3860
3864
3863
3861
3861
3862
3860
3860
3861
3860
3861
3859
3859
3860
3860
3855
3857
3862
3861
3860
3860
3859
3856
3858
3862
3860
3859
3859
3858
3857
3856
3855
3852
3855
3856
3855
3856
3858
3854
3855
3859
3858
3858
3857
3857
3857
3856
3857
3858
3858
3860
3860
3860
3858
3858
3858
3857
3858
3858
3858
3859
3857
3858
3863
3862
3859
3860
3861
3865
3865
3861
3864
3871
3869
3871
3873
3873
3874
3880
3890
3894
3894
3901
3908
3916
3922
3923
3930
3942
3947
3955
3961
3970
3977
3985
3986
3995
4005
4014
4021
4028
4035
4042
4047
4055
4061
4065
4072
4077
4083
4087
4088
4093
4099
4103
4107
4107
4110
