3371
3369
3370
3368
3369
3368
3366
3365
3364
3362
3362
3359
3355
3353
3351
3348
3344
3343
3338
3335
3333
3329
3323
3320
3321
3321
3318
3315
3316
3306
3307
3307
3306
3302
3297
3294
3297
3294
3286
3287
3285
3287
3285
3283
3278
3277
3273
3270
3264
3266
3267
3264
3262
3259
3252
3251
3247
3251
3248
3245
3242
3241
3238
3235
3233
3232
3231
3229
3223
3225
3223
3226
3223
3221
3221
3221
3220
3216
3216
3216
3220
3220
3219
3218
3213
3213
3213
3216
3214
3211
3210
3209
3208
3206
3207
3202
3202
3202
3199
3198
3196
3196
3193
3192
3190
3188
3189
3184
3182
3184
3188
3185
3182
3182
3186
3186
3183
3181
3183
3185
3186
3185
3183
3184
3183
3182
3182
3183
3177
3181
3185
3186
3184
3185
3184
3187
3186
3185
3186
3183
3179
3182
3183
3181
3181
3179
3179
3179
3176
3173
3174
3177
3175
3176
3175
3173
3172
3173
3172
3172
3171
3170
3168
3165
3163
3168
3168
3166
3165
3161
3161
3159
3164
3163
3161
3160
3161
3159
3157
3157
3158
3154
3154
3164
3162
3161
3162
3161
3155
3154
3159
3155
3155
3155
3152
3151
3151
3150
3149
3142
3145
3144
3147
3146
3148
3146
3144
3145
3145
3144
3143
3139
3140
3144
3143
3143
3143
3145
3142
3141
3146
3145
3143
3144
3144
3144
3145
3141
3143
3147
3147
3149
3148
3147
3149
3150
3147
3151
3152
3151
3151
3152
3153
3152
3151
3151
3151
3149
3146
3148
3150
3149
3143
3144
3144
3146
3144
3139
3140
3144
3143
3140
3141
3142
3146
3148
3146
3146
3153
3151
3152
3149
3150
3150
3150
3149
3148
3149
3148
3149
3149
3149
3148
3148
3149
3148
3145
3145
3145
3143
3142
3142
3143
3140
3137
3138
3141
3138
3138
3140
3138
3137
3138
3138
3136
3137
3138
3132
3135
3133
3139
3138
3136
3139
3143
3144
3143
3144
3145
3141
3141
3148
3149
3148
3146
3149
3150
3150
3152
3149
3148
3148
3150
3157
3157
3157
3160
3160
3159
3162
3161
3158
3161
3160
3159
3160
3159
3156
3158
3162
3160
3156
3159
3164
3163
3164
3164
3164
3166
3167
3161
3164
3167
3172
3173
3170
3172
3178
3179
3179
3176
3177
3183
3182
3181
3183
3184
3182
3185
3185
3185
3186
3188
3188
3189
3194
3189
3192
3199
3200
3202
3206
3206
3207
3210
3212
3212
3213
3217
3214
3214
3218
3225
3225
3227
3230
3230
3233
3234
3237
3237
3241
3243
3245
3246
3246
3247
3251
3256
3260
3257
3260
3268
3271
3275
3277
3281
3280
3282
3294
3295
3297
3300
3301
3305
3307
3310
3314
3314
3317
3320
3327
3332
3328
3333
3342
3344
3349
3350
3355
3357
3361
3367
3368
3374
3376
3382
3385
3391
3395
3402
3403
3412
3419
3422
3429
3431
3436
3447
3449
3450
3452
3456
3466
3467
3465
3469
3474
3483
3485
3491
3494
3495
3499
3506
3515
3519
3526
3530
3535
3542
3542
3551
3559
3569
3575
3582
3590
3590
3598
3604
3615
3623
3626
3634
3634
3641
3648
3656
3661
3664
3670
3673
3679
3684
3690
3697
3701
3709
3716
3723
3729
3735
3743
3753
3758
3763
3769
3787
3790
3798
3802
3810
3817
3826
3829
3836
3850
3857
3863
3866
3877
3889
3895
3897
3906
3916
3927
3935
3942
3950
3958
3965
3974
3980
3989
3996
4003
4010
4019
4024
4032
4038
4045
4052
4054
4062
4079
4083
4093
4100
4109
4115
4123
4137
4146
4156
4164
4173
4184
4192
4204
4212
4224
4234
4245
4249
4261
4275
4287
4290
4304
4313
4330
4341
4343
4357
4375
4383
4391
4400
4412
4423
4432
4442
4454
4463
4473
4481
4491
4501
4502
4514
4529
4536
4547
4550
4560
4574
4585
4590
4600
4608
4614
4624
4625
4634
4648
4653
4661
4667
4674
4681
4691
4696
4703
4711
4714
4722
4722
4728
4741
4744
4752
4760
4767
4776
4784
4794
4803
4812
4823
4831
4841
4849
4854
4864
4876
4882
4885
4893
4901
4906
4911
4914
4919
4933
4940
4947
4953
4959
4970
4977
4978
4990
5001
5006
5015
5021
5028
5035
5040
5048
5052
5059
5064
5070
5072
5081
5094
5097
5100
5103
5113
5126
5129
5134
5144
5155
5164
5174
5180
5188
5198
5206
5204
5215
5226
5236
5243
5252
5257
5266
5273
5280
5287
5291
5296
5300
5302
5305
5305
5306
5306
5307
5309
5312
5315
5312
5317
5319
5327
5332
5331
5336
5351
5354
5359
5367
5369
5381
5385
5390
5397
5396
5403
5414
5424
5433
5434
5442
5456
5461
5466
5475
5482
5487
5492
5499
5507
5513
5521
5527
5531
5540
5547
5552
5558
5564
5569
5581
5586
5584
5592
5604
5605
5612
5613
5621
5630
5636
5642
5647
5654
5655
5662
5674
5681
5684
5693
5697
5704
5710
5715
5720
5725
5732
5741
5748
5755
5759
5767
5767
5774
5786
5793
5796
5799
5809
5812
5816
5822
5829
5831
5837
5837
5838
5843
5848
5849
5852
5852
5853
5850
5851
5858
5859
5853
5858
5863
5866
5867
5868
5875
5877
5880
5885
5887
5891
5895
5899
5903
5907
5911
5916
5921
5921
5924
5922
5923
5933
5934
5932
5931
5933
5936
5931
5924
5920
5924
5924
5919
5915
5913
5902
5902
5908
5900
5895
5893
5888
5886
5886
5883
5885
5886
5886
5888
5893
5895
5898
5902
5904
5909
5914
5916
5920
5919
5923
5933
5938
5941
5938
5943
5953
5953
5958
5963
5963
5965
5973
5975
5978
5976
5983
5993
5996
5999
5994
5998
6001
6002
6002
5998
5997
5992
5989
5996
5996
5991
5987
5986
5983
5984
5982
5978
5977
5976
5972
5972
5969
5965
5967
5959
5956
5961
5960
5957
5956
5958
5956
5960
5955
5954
5959
5962
5964
5959
5960
5969
5972
5973
5972
5975
5976
5973
5974
5974
5973
5976
5972
5973
5976
5974
5976
5969
5971
5976
5976
5976
5972
5973
5970
5968
5962
5960
5960
5958
5959
5954
5950
5940
5938
5933
5936
5931
5922
5923
5927
5924
5921
5917
5914
5912
5909
5907
5906
5906
5906
5905
5903
5902
5894
5891
5894
5893
5892
5887
5888
5880
5876
5885
5881
5877
5875
5877
5878
5877
5880
5877
5882
5882
5880
5877
5874
5877
5873
5870
5866
5867
5865
5863
5860
5861
5858
5858
5859
5857
5855
5850
5850
5857
5854
5857
5855
5857
5851
5852
5860
5861
5851
5853
5856
5860
5863
5862
5860
5858
5857
5853
5853
5852
5841
5840
5841
5834
5830
5826
5819
5814
5810
5806
5802
5800
5795
5798
5794
5793
5788
5788
5794
5794
5791
5790
5789
5786
5785
5786
5781
5783
5782
5780
5776
5777
5781
5778
5775
5777
5775
5773
5772
5763
5764
5767
5761
5760
5757
5755
5746
5747
5749
5748
5745
5743
5743
5742
5740
5735
5733
5741
5738
5731
5725
5724
5725
5724
5720
5715
5715
5710
5708
5706
5704
5703
5698
5689
5686
5685
5688
5685
5681
5677
5661
5659
5653
5653
5645
5638
5634
5627
5621
5618
5609
5605
5598
5593
5581
5578
5582
5573
5572
5567
5565
5562
5558
5548
5547
5546
5547
5539
5534
5528
5516
5512
5508
5505
5495
5491
5485
5479
5479
5466
5466
5460
5462
5461
5452
5450
5456
5449
5449
5445
5445
5439
5440
5443
5438
5437
5432
5432
5428
5428
5424
5422
5418
5417
5415
5411
5408
5403
5403
5393
5393
5393
5395
5390
5386
5386
5382
5380
5374
5367
5363
5365
5358
5349
5347
5351
5348
5343
5336
5333
5335
5332
5330
5326
5324
5322
5320
5321
5319
5308
5312
5312
5314
5312
5314
5310
5308
5307
5307
5304
5302
5300
5301
5290
5292
5298
5296
5292
5286
5288
5289
5287
5284
5282
5277
5278
5273
5272
5267
5264
5258
5255
5250
5246
5241
5234
5229
5224
5223
5215
5212
5202
5203
5204
5199
5189
5187
5187
5184
5185
5174
5173
5178
5172
5170
5167
5163
5162
5160
5151
5148
5154
5148
5147
5142
5144
5137
5139
5134
5134
5129
5130
5125
5126
5121
5115
5112
5117
5115
5112
5110
5107
5104
5101
5093
5091
5090
5092
5087
5086
5082
5080
5074
5070
5068
5067
5063
5062
5053
5051
5054
5047
5047
5042
5041
5031
5030
5034
5031
5028
5027
5022
5020
5018
5015
5012
5011
5009
5005
5004
4999
4993
4992
4996
4993
4991
4988
4986
4990
4987
4976
4975
4973
4974
4969
4966
4960
4950
4949
4945
4944
4938
4934
4930
4927
4923
4919
4919
4914
4913
4907
4906
4905
4903
4900
4897
4900
4896
4891
4888
4891
4888
4886
4883
4880
4872
4872
4873
4869
4867
4861
4858
4854
4853
4847
4847
4841
4840
4837
4829
4829
4828
4825
4814
4813
4812
4812
4808
4800
4801
4803
4802
4798
4796
4792
4790
4787
4778
4778
4779
4777
4773
4773
4767
4768
4764
4763
4758
4758
4752
4751
4746
4742
4740
4736
4737
4733
4732
4724
4722
4726
4720
4718
4717
4713
4704
4705
4708
4706
4701
4702
4695
4691
4691
4691
4689
4687
4682
4676
4675
4674
4679
4675
4666
4664
4670
4663
4658
4655
4649
4640
4637
4635
4634
4625
4624
4619
4612
4608
4611
4606
4603
4601
4595
4591
4588
4583
4580
4577
4572
4571
4568
4565
4563
4562
4558
4556
4554
4552
4549
4546
4541
4539
4534
4528
4523
4522
4525
4522
4512
4513
4517
4512
4509
4508
4505
4499
4499
4503
4499
4499
4495
4492
4491
4491
4487
4487
4481
4479
4479
4484
4480
4472
4474
4475
4474
4471
4467
4464
4464
4462
4460
4457
4457
4451
4449
4446
4440
4439
4436
4428
4425
4421
4425
4420
4419
4415
4408
4406
4405
4407
4404
4398
4395
4401
4395
4395
4392
4391
4385
4384
4390
4386
4385
4383
4381
4381
4378
4376
4376
4373
4371
4372
4367
4366
4367
4365
4362
4363
4361
4355
4353
4357
4357
4352
4352
4342
4341
4338
4340
4338
4332
4330
4322
4320
4319
4319
4318
4316
4311
4310
4304
4304
4301
4299
4292
4290
4295
4290
4289
4285
4284
4279
4279
4281
4280
4275
4274
4274
4270
4269
4264
4264
4263
4261
4256
4250
4247
4249
4245
4244
4240
4237
4237
4234
4233
4230
4230
4225
4224
4221
4218
4213
4210
4216
4212
4207
4204
4207
4208
4205
4197
4197
4201
4198
4198
4196
4194
4193
4190
4192
4187
4187
4185
4185
4184
4185
4176
4175
4179
4176
4169
4163
4164
4165
4162
4157
4156
4152
4151
4146
4144
4142
4139
4138
4136
4134
4133
4125
4126
4129
4126
4126
4123
4124
4121
4119
4119
4116
4114
4114
4110
4110
4107
4107
4105
4099
4099
4103
4101
4097
4096
4095
4086
4089
4092
4091
4088
4085
4084
4077
4079
4082
4079
4073
4072
4073
4076
4076
4073
4072
4069
4068
4064
4062
4063
4060
4060
4051
4051
4051
4052
4051
4047
4048
4039
4039
4041
4038
4037
4033
4032
4032
4030
4029
4027
4026
4025
4026
4021
4021
4026
4021
4020
4016
4013
4013
4009
4008
4006
3998
3998
3994
3997
3992
3987
3983
3990
3985
3983
3980
3980
3979
3977
3972
3970
3971
3971
3969
3968
3964
3963
3959
3955
3953
3954
3959
3954
3956
3952
3949
3948
3944
3944
3939
3941
3938
3930
3930
3930
3930
3928
3926
3926
3923
3921
3920
3916
3916
3911
3908
3913
3911
3908
3909
3907
3901
3899
3904
3904
3901
3901
3898
3898
3897
3898
3894
3889
3889
3893
3894
3892
3887
3887
3890
3889
3889
3887
3888
3886
3888
3885
3885
3882
3881
3882
3884
3881
3878
3877
3875
3871
3872
3869
3868
3862
3860
3866
3862
3860
3860
3855
3850
3850
3854
3853
3849
3850
3848
3845
3847
3845
3842
3843
3841
3834
3834
3835
3840
3837
3836
3836
3833
3833
3835
3833
3832
3827
3826
3829
3828
3826
3826
3823
3819
3817
3821
3818
3816
3815
3813
3812
3808
3806
3807
3799
3800
3800
3802
3801
3801
3799
3798
3796
3792
3790
3788
3793
3793
3784
3786
3790
3787
3786
3782
3782
3781
3778
3776
3775
3774
3773
3773
3772
3772
3766
3765
3768
3768
3767
3766
3765
3763
3762
3757
3754
3755
3758
3757
3752
3749
3756
3754
3752
3752
3749
3745
3746
3748
3746
3744
3741
3740
3740
3737
3736
3735
3735
3731
3731
3731
3729
3729
3728
3720
3721
3721
3725
3726
3717
3719
3725
3720
3721
3720
3716
3716
3714
3711
3710
3705
3704
3704
3708
3705
3704
3704
3701
3700
3699
3698
3695
3696
3693
3694
3692
3691
3686
3687
3689
3687
3689
3687
3682
3683
3680
3684
3684
3683
3680
3679
3680
3678
3676
3677
3676
3673
3668
3670
3669
3672
3671
3668
3667
3662
3662
3665
3664
3664
3660
3660
3655
3653
3658
3657
3657
3653
3655
3647
3647
3653
3653
3649
3645
3648
3651
3650
3652
3652
3649
3648
3648
3646
3645
3644
3641
3641
3643
3642
3641
3642
3640
3640
3637
3638
3640
3640
3639
3632
3634
3637
3635
3635
3633
3630
3630
3628
3626
3623
3625
3622
3621
3622
3620
3617
3618
3622
3621
3620
3619
3616
3616
3618
3615
3616
3615
3614
3613
3612
3613
3605
3606
3611
3610
3608
3602
3604
3606
3606
3599
3600
3601
3601
3600
3597
3598
3598
3596
3593
3594
3593
3590
3591
3586
3587
3591
3591
3590
3583
3584
3589
3587
3587
3587
3584
3584
3584
3582
3581
3581
3579
3575
3572
3573
3578
3574
3576
3575
3574
3575
3572
3572
3573
3571
3570
3569
3568
3565
3561
3563
3567
3565
3561
3562
3565
3563
3564
3562
3561
3562
3561
3555
3555
3554
3558
3558
3552
3553
3559
3560
3559
3560
3558
3554
3554
3557
3555
3555
3554
3553
3551
3550
3550
3549
3549
3546
3544
3541
3541
3540
3537
3539
3538
3533
3529
3530
3531
3532
3525
3525
3530
3529
3527
3523
3523
3526
3523
3523
3524
3522
3520
3519
3520
3520
3518
3516
3517
3514
3512
3510
3509
3513
3513
3510
3510
3510
3515
3512
3512
3512
3511
3510
3510
3507
3505
3510
3507
3502
3504
3507
3509
3506
3506
3505
3504
3503
3501
3504
3501
3500
3499
3504
3503
3503
3501
3501
3501
3500
3493
3494
3498
3496
3493
3492
3492
3492
3491
3490
3488
3487
3487
3487
3480
3482
3488
3486
3484
3483
3484
3484
3483
3482
3483
3478
3480
3481
3484
3482
3483
3479
3472
3475
3480
3478
3476
3472
3472
3474
3473
3473
3472
3471
3470
3469
3469
3468
3467
3464
3465
3467
3466
3461
3462
3468
3465
3464
3464
3465
3464
3462
3462
3463
3462
3462
3458
3457
3458
3453
3454
3460
3457
3454
3453
3450
3457
3454
3453
3453
3452
3452
3450
3450
3451
3446
3444
3451
3450
3451
3452
3450
3450
3450
3446
3446
3447
3449
3449
3445
3442
3448
3445
3442
3442
3440
3446
3445
3444
3442
3441
3441
3440
3438
3434
3432
3432
3437
3434
3433
3434
3433
3432
3430
3428
3427
3423
3421
3422
3425
3425
3425
3424
3417
3419
3419
3423
3423
3423
3421
3422
3422
3421
3421
3421
3423
3423
3421
3422
3421
3420
3421
3418
3417
3420
3419
3412
3413
3412
3416
3416
3410
3410
3416
3413
3414
3411
3410
3409
3408
3407
3407
3401
3401
3402
3403
3402
3403
3400
3400
3400
3399
3398
3397
3398
3397
3395
3396
3396
3395
3395
3395
3395
3392
3394
3388
3387
3388
3393
3391
3386
3387
3392
3390
3390
3389
3387
3388
3384
3386
3385
3385
3384
3384
3378
3379
3385
3383
3383
3380
3382
3380
3380
3380
3380
3374
3376
3377
3380
3380
3375
3374
3380
3379
3375
3374
3376
3378
3377
3377
3377
3374
3374
3375
3371
3369
3374
3372
3373
3374
3373
3376
3378
3374
3378
3385
3385
3385
3385
3386
3385
3383
3385
3385
3383
3382
3381
3381
3380
3379
3379
3376
3376
3377
3371
3370
3374
3374
3367
3367
3369
3372
3370
3369
3369
3368
3367
3364
3364
3365
3365
3365
3359
3360
3364
3364
3362
3361
3360
3361
3359
3357
3357
3357
3356
3356
3354
3352
3348
3351
3353
3351
3350
3345
3346
3348
3348
3348
3349
3346
3345
3345
3346
3344
3338
3339
3339
3341
3339
3337
3339
3335
3335
3338
3339
3336
3333
3332
3338
3337
3335
3335
3336
3330
3330
3335
3335
3334
3334
3330
3329
3329
3334
3331
3326
3328
3332
3330
3330
3330
3329
3328
3328
3322
3324
3323
3326
3326
3326
3326
3324
3326
3321
3321
3321
3324
3322
3323
3321
3319
3320
3321
3321
3319
3319
3320
3321
3321
3319
3320
3320
3315
3316
3322
3321
3320
3316
3318
3322
3321
3314
3317
3323
3321
3321
3321
3319
3318
3319
3321
3319
3319
3316
3316
3320
3317
3317
3317
3316
3314
3316
3314
3313
3312
3313
3313
3311
3310
3306
3306
3309
3308
3306
3307
3307
3307
3306
3299
3301
3307
3303
3302
3299
3299
3303
3302
3301
3301
3299
3300
3301
3297
3296
3301
3301
3295
3295
3296
3301
3298
3293
3295
3300
3298
3298
3293
3294
3299
3298
3296
3296
3292
3291
3291
3296
3294
3293
3294
3292
3293
3292
3292
3293
3287
3290
3294
3292
3292
3291
3291
3287
3289
3292
3292
3290
3292
3292
3290
3292
3290
3290
3291
3290
3288
3289
3290
3288
3289
3290
3287
3287
3283
3285
3290
3287
3287
3289
3287
3287
3286
3285
3286
3281
3281
3289
3287
3285
3286
3285
3284
3287
3281
3282
3284
3286
3283
3286
3285
3284
3282
3278
3279
3278
3283
3282
3278
3278
3283
3284
3281
3283
3281
3275
3278
3283
3280
3279
3279
3279
3278
3277
3278
3277
3276
3274
3274
3275
3273
3275
3276
3269
3269
3271
3275
3273
3268
3271
3274
3272
3271
3269
3269
3273
3274
3275
3275
3274
3275
3276
3274
3274
3275
3274
3272
3274
3273
3272
3272
3273
3271
3271
3273
3269
3266
3267
3270
3268
3269
3268
3261
3264
3262
3265
3265
3261
3261
3266
3263
3264
3264
3263
3261
3262
3261
3258
3260
3258
3259
3258
3257
3254
3254
3258
3259
3258
3257
3257
3255
3256
3256
3255
3254
3252
3251
3255
3254
3252
3253
3253
3253
3253
3250
3249
3255
3255
3253
3253
3250
3251
3252
3246
3247
3252
3249
3250
3249
3247
3248
3248
3247
3248
3247
3246
3247
3244
3243
3247
3248
3241
3242
3243
3246
3245
3244
3244
3243
3243
3243
3243
3244
3238
3239
3245
3242
3240
3241
3241
3241
3240
3234
3237
3241
3239
3239
3236
3238
3243
3241
3241
3240
3241
3236
3239
3244
3243
3238
3240
3243
3243
3243
3240
3242
3240
3241
3238
3237
3238
3236
3238
3231
3233
3238
3237
3238
3239
3238
3238
3240
3239
3237
3236
3237
3235
3234
3235
3235
3234
3235
3237
3236
3230
3231
3236
3234
3235
3233
3232
3232
3231
3228
3229
3234
3231
3232
3231
3230
3230
3231
3227
3225
3232
3230
3232
3227
3228
3233
3235
3233
3232
3232
3227
3230
3232
3232
3231
3228
3230
3229
3227
3226
3225
3226
3224
3223
3225
3225
3223
3224
3225
3226
3218
3221
3221
3227
3225
3225
3226
3225
3226
3222
3220
3220
3223
3220
3220
3220
3214
3215
3215
3219
3217
3218
3216
3217
3217
3216
3216
3216
3217
3217
3215
3216
3217
3215
3216
3212
3213
3218
3218
3215
3214
3214
3219
3216
3213
3213
3215
3212
3213
3209
3208
3212
3213
3207
3207
3211
3211
3212
3210
3211
3212
3214
3213
3214
3216
3217
3217
3215
3216
3216
3216
3216
3216
3215
3211
3210
3214
3214
3215
3214
3213
3210
3212
3214
3213
3214
3215
3218
3213
3213
3217
3216
3215
3215
3213
3212
3212
3211
3210
3211
3209
3210
3210
3209
3208
3209
3205
3207
3212
3213
3213
3211
3212
3211
3213
3213
3213
3211
3208
3208
3213
3212
3208
3207
3211
3214
3214
3215
3214
3209
3210
3217
3216
3214
3214
3216
3212
3213
3219
3218
3218
3219
3218
3218
3215
3215
3215
3213
3213
3209
3209
3207
3206
3205
3203
3201
3201
3198
3200
3205
3204
3197
3200
3200
3206
3205
3202
3201
3195
3195
3197
3200
3199
3198
3196
3195
3195
3195
3195
3195
3194
3194
3195
3196
3194
3195
3195
3192
3193
3197
3196
3190
3191
3194
3195
3196
3192
3192
3191
3191
3190
3188
3187
3187
3186
3184
3184
3181
3185
3185
3190
3193
3190
3194
3200
3201
3199
3199
3197
3202
3200
3199
3198
3199
3198
3198
3196
3192
3191
3191
3191
3190
3188
3183
3183
3187
3184
3179
3179
3179
3181
3180
3179
3180
3180
3179
3174
3175
3176
3180
3178
3179
3179
3179
3179
3179
3179
3178
3179
3180
3180
3180
3179
3178
3179
3180
3179
3179
3177
3176
3176
3176
3177
3175
3170
3170
3176
3176
3173
3169
3171
3176
3176
3175
3174
3174
3175
3176
3172
3172
3177
3175
3176
3176
3175
3175
3173
3172
3173
3173
3174
3174
3173
3173
3170
3171
3175
3172
3172
3170
3169
3174
3174
3169
3171
3174
3173
3170
3171
3170
3167
3166
3166
3167
3164
3164
3164
3162
3159
3164
3164
3162
3158
3159
3164
3163
3162
3162
3157
3158
3158
3162
3161
3161
3161
3160
3159
3159
3159
3160
3158
3158
3159
3161
3157
3155
3156
3160
3158
3158
3159
3157
3157
3158
3159
3159
3153
3154
3160
3159
3157
3154
3155
3159
3158
3157
3156
3154
3149
3153
3154
3155
3153
3153
3150
3150
3149
3153
3154
3153
3152
3153
3155
3156
3158
3158
3159
3162
3161
3160
3163
3160
3161
3159
3159
3159
3160
3153
3155
3154
3157
3158
3155
3156
3161
3161
3161
3160
3161
3161
3160
3160
3158
3159
3159
3160
3158
3157
3153
3154
3157
3155
3155
3154
3155
3155
3153
3153
3155
3155
3156
3153
3154
3155
3156
3156
3154
3153
3155
3161
3159
3154
3156
3157
3158
3157
3155
3153
3152
3153
3147
3147
3147
3152
3152
3145
3145
3152
3150
3150
3150
3154
3151
3154
3161
3163
3164
3167
3170
3179
3183
3187
3191
3196
3203
3208
3209
3215
3225
3228
3229
3236
3241
3251
3256
3260
3265
3272
3277
3281
3286
3292
3296
3301
3307
3311
3316
3320
3326
3329
3331
3336
3341
3343
3346
3349
3350
3351
3353
3355
3354
3354
