3031
3030
3031
3031
3029
3030
3027
3027
3020
3021
3023
3021
3018
3016
3016
3008
3009
3011
3009
3006
3000
2998
3002
3000
2996
2995
2991
2986
2986
2988
2983
2979
2975
2980
2977
2974
2972
2968
2967
2964
2962
2959
2955
2955
2952
2950
2949
2945
2944
2943
2938
2938
2936
2935
2934
2931
2927
2924
2925
2927
2923
2923
2921
2915
2914
2913
2917
2914
2909
2908
2912
2912
2909
2908
2907
2907
2908
2906
2906
2902
2901
2902
2905
2906
2904
2902
2902
2899
2898
2894
2892
2896
2894
2891
2891
2887
2885
2885
2888
2888
2886
2885
2886
2884
2883
2882
2881
2881
2880
2880
2880
2878
2877
2877
2876
2876
2872
2872
2875
2877
2877
2871
2874
2879
2880
2876
2875
2877
2879
2879
2875
2873
2873
2871
2872
2866
2865
2869
2867
2867
2865
2863
2863
2861
2862
2862
2861
2862
2862
2862
2862
2857
2857
2861
2859
2861
2859
2857
2857
2855
2854
2854
2848
2849
2850
2851
2852
2846
2849
2853
2851
2851
2850
2851
2847
2847
2852
2850
2848
2848
2848
2846
2848
2847
2848
2846
2846
2845
2847
2845
2845
2846
2839
2841
2845
2844
2845
2842
2840
2847
2846
2844
2845
2845
2840
2842
2846
2847
2845
2846
2845
2846
2846
2846
2845
2841
2840
2842
2842
2842
2839
2839
2838
2835
2835
2834
2833
2832
2831
2830
2831
2831
2828
2828
2828
2827
2828
2828
2828
2828
2826
2826
2827
2832
2831
2827
2828
2832
2832
2832
2832
2832
2833
2833
2828
2829
2830
2832
2832
2827
2829
2834
2831
2832
2832
2831
2831
2832
2832
2832
2834
2835
2835
2835
2835
2840
2842
2838
2841
2843
2847
2848
2847
2849
2846
2845
2852
2849
2850
2847
2845
2846
2844
2838
2840
2838
2843
2839
2839
2839
2837
2838
2837
2835
2836
2834
2835
2834
2833
2834
2833
2833
2835
2834
2835
2835
2830
2833
2833
2837
2837
2837
2837
2833
2832
2834
2834
2833
2833
2832
2831
2829
2830
2831
2830
2825
2826
2832
2830
2832
2831
2832
2830
2832
2827
2829
2834
2833
2833
2832
2831
2829
2828
2833
2831
2833
2832
2831
2828
2830
2834
2835
2830
2832
2832
2838
2835
2837
2834
2837
2836
2838
2839
2839
2835
2837
2841
2842
2840
2842
2841
2841
2843
2842
2844
2844
2845
2844
2845
2845
2845
2849
2846
2847
2849
2852
2855
2850
2853
2858
2861
2859
2862
2862
2863
2864
2866
2867
2868
2870
2872
2875
2878
2877
2878
2885
2884
2885
2882
2885
2889
2891
2888
2889
2894
2896
2898
2899
2899
2902
2901
2904
2904
2907
2907
2909
2910
2913
2910
2914
2918
2924
2923
2922
2925
2931
2933
2934
2938
2939
2943
2943
2942
2945
2953
2953
2955
2958
2959
2962
2965
2969
2970
2974
2976
2978
2978
2981
2989
2991
2994
2998
2999
2997
3000
3010
3011
3015
3015
3020
3021
3024
3028
3030
3034
3036
3039
3043
3044
3047
3051
3053
3059
3057
3063
3066
3076
3078
3083
3085
3086
3091
3093
3102
3104
3104
3109
3118
3123
3124
3130
3132
3138
3143
3147
3151
3154
3162
3164
3170
3174
3174
3181
3190
3197
3199
3200
3205
3213
3220
3223
3228
3233
3233
3239
3249
3252
3258
3263
3267
3272
3276
3281
3289
3292
3298
3300
3305
3314
3325
3328
3336
3343
3347
3355
3360
3364
3372
3383
3386
3395
3400
3401
3410
3417
3426
3434
3434
3443
3455
3461
3467
3469
3478
3488
3491
3500
3504
3509
3514
3520
3525
3531
3538
3545
3549
3557
3563
3569
3575
3583
3587
3594
3599
3606
3611
3616
3623
3630
3634
3640
3646
3651
3659
3660
3664
3675
3680
3687
3692
3697
3707
3712
3713
3721
3735
3739
3745
3753
3761
3766
3774
3777
3785
3793
3805
3814
3819
3826
3829
3840
3853
3858
3866
3870
3876
3889
3894
3900
3907
3913
3914
3920
3930
3936
3941
3946
3947
3952
3957
3961
3968
3966
3970
3983
3990
3995
3996
4001
4014
4019
4023
4031
4037
4045
4053
4060
4065
4073
4082
4090
4095
4103
4110
4120
4125
4132
4134
4142
4152
4163
4166
4173
4181
4188
4193
4196
4205
4214
4219
4226
4226
4236
4246
4256
4262
4263
4271
4285
4290
4294
4300
4308
4318
4325
4328
4336
4350
4354
4361
4368
4372
4376
4382
4388
4393
4401
4407
4412
4417
4422
4426
4432
4437
4443
4449
4447
4453
4464
4466
4466
4470
4473
4482
4487
4487
4491
4501
4504
4505
4509
4514
4519
4523
4525
4531
4536
4542
4548
4555
4562
4562
4570
4584
4590
4594
4599
4604
4610
4615
4621
4627
4633
4640
4643
4648
4653
4658
4663
4665
4671
4674
4673
4677
4686
4692
4696
4701
4705
4703
4708
4717
4719
4714
4718
4723
4728
4731
4729
4731
4739
4739
4741
4742
4743
4744
4746
4746
4746
4746
4745
4747
4749
4746
4744
4749
4757
4758
4761
4763
4766
4764
4767
4779
4779
4775
4778
4784
4790
4792
4792
4792
4788
4792
4795
4800
4802
4798
4800
4811
4813
4818
4822
4826
4831
4832
4836
4843
4845
4853
4856
4858
4861
4865
4869
4863
4869
4874
4882
4886
4883
4887
4898
4899
4902
4904
4907
4910
4913
4914
4917
4923
4926
4930
4931
4934
4943
4944
4946
4949
4951
4948
4950
4958
4959
4955
4959
4964
4967
4970
4971
4973
4969
4974
4983
4980
4984
4984
4986
4989
4989
4986
4991
4993
5000
5001
5000
5001
5001
5001
5004
5005
5008
5009
5010
5011
5008
5008
5009
5011
5019
5018
5013
5016
5021
5020
5022
5023
5023
5018
5022
5030
5031
5031
5033
5033
5035
5037
5038
5041
5035
5037
5040
5046
5047
5042
5042
5049
5050
5049
5043
5045
5052
5050
5050
5051
5052
5052
5053
5054
5056
5055
5057
5050
5053
5056
5062
5061
5063
5062
5062
5062
5061
5057
5058
5062
5062
5062
5063
5061
5057
5060
5066
5067
5060
5062
5068
5064
5064
5065
5064
5063
5063
5062
5061
5061
5061
5061
5061
5062
5059
5060
5060
5061
5061
5055
5056
5062
5061
5054
5055
5055
5056
5056
5054
5051
5054
5054
5055
5049
5051
5056
5054
5054
5052
5052
5051
5049
5043
5044
5050
5049
5041
5041
5041
5045
5046
5045
5044
5043
5042
5040
5041
5039
5039
5040
5038
5037
5033
5030
5031
5033
5031
5023
5022
5026
5026
5024
5022
5021
5014
5014
5022
5019
5017
5016
5016
5016
5015
5009
5010
5013
5015
5013
5008
5007
5012
5007
5006
5004
5004
5000
5000
4994
4994
5001
5002
5000
4999
4997
4989
4988
4993
4992
4986
4985
4986
4982
4978
4973
4972
4976
4973
4973
4963
4961
4965
4960
4960
4957
4955
4955
4954
4951
4949
4950
4948
4948
4944
4942
4941
4941
4938
4936
4937
4936
4932
4924
4928
4932
4929
4919
4919
4918
4919
4918
4915
4912
4905
4904
4906
4908
4905
4898
4898
4903
4897
4896
4894
4893
4890
4888
4885
4883
4881
4877
4875
4868
4868
4873
4869
4867
4865
4862
4860
4858
4851
4850
4856
4852
4851
4846
4844
4840
4839
4835
4835
4832
4829
4827
4820
4818
4820
4817
4808
4808
4806
4806
4804
4801
4799
4797
4793
4786
4784
4781
4786
4781
4780
4776
4774
4772
4769
4766
4764
4760
4759
4758
4752
4751
4746
4745
4748
4742
4741
4739
4737
4736
4733
4725
4724
4727
4723
4715
4717
4715
4719
4717
4710
4711
4713
4711
4706
4698
4698
4700
4698
4693
4689
4688
4684
4682
4680
4678
4673
4671
4669
4664
4662
4660
4657
4654
4652
4647
4646
4641
4639
4638
4631
4630
4635
4632
4624
4624
4622
4625
4623
4614
4613
4618
4614
4612
4605
4604
4606
4602
4600
4596
4592
4590
4585
4583
4580
4580
4577
4574
4572
4570
4569
4566
4563
4560
4557
4551
4550
4547
4543
4535
4534
4538
4534
4531
4525
4525
4530
4526
4521
4520
4519
4515
4514
4514
4510
4509
4508
4504
4502
4502
4495
4494
4498
4495
4494
4492
4491
4489
4489
4486
4485
4476
4475
4482
4477
4473
4472
4469
4467
4465
4456
4454
4452
4455
4453
4446
4443
4448
4444
4441
4437
4436
4432
4430
4426
4424
4423
4419
4417
4416
4416
4412
4409
4408
4405
4403
4400
4399
4392
4392
4396
4392
4389
4385
4380
4384
4382
4379
4375
4367
4367
4363
4366
4362
4357
4354
4351
4349
4347
4345
4341
4333
4333
4337
4333
4331
4328
4327
4324
4321
4320
4316
4314
4310
4307
4306
4303
4296
4295
4298
4293
4291
4285
4283
4289
4287
4284
4283
4279
4272
4270
4273
4265
4261
4256
4254
4249
4247
4244
4240
4236
4233
4230
4226
4223
4213
4211
4215
4211
4209
4205
4201
4198
4198
4189
4187
4190
4186
4183
4181
4178
4174
4173
4165
4164
4168
4166
4166
4162
4160
4152
4151
4158
4155
4147
4142
4141
4146
4145
4143
4140
4138
4133
4131
4129
4125
4120
4117
4113
4109
4107
4104
4102
4098
4097
4093
4089
4087
4083
4082
4080
4078
4072
4070
4074
4072
4070
4068
4066
4059
4061
4065
4063
4063
4055
4054
4057
4053
4042
4041
4038
4039
4038
4035
4032
4031
4027
4024
4022
4020
4018
4017
4017
4015
4015
4013
4011
4003
4001
4004
4001
3994
3994
3993
3995
3994
3992
3991
3983
3982
3988
3986
3983
3981
3980
3978
3975
3975
3972
3972
3971
3967
3966
3965
3961
3960
3956
3949
3952
3956
3951
3948
3946
3936
3936
3935
3938
3935
3932
3928
3927
3926
3923
3916
3917
3919
3917
3909
3909
3909
3910
3907
3905
3905
3903
3900
3898
3896
3894
3893
3892
3884
3884
3889
3884
3883
3881
3879
3878
3876
3874
3873
3872
3870
3868
3861
3859
3864
3863
3861
3860
3857
3851
3848
3852
3848
3843
3841
3840
3832
3833
3836
3832
3830
3829
3829
3829
3825
3823
3821
3821
3822
3820
3818
3816
3814
3812
3804
3802
3805
3800
3799
3793
3792
3795
3792
3781
3782
3783
3787
3783
3779
3774
3774
3772
3771
3771
3770
3763
3761
3764
3763
3762
3760
3756
3755
3757
3755
3755
3753
3750
3747
3746
3745
3744
3742
3735
3736
3740
3736
3733
3732
3732
3730
3726
3720
3721
3721
3724
3721
3720
3719
3712
3713
3712
3711
3712
3706
3705
3707
3706
3706
3702
3701
3700
3700
3698
3696
3697
3697
3696
3689
3690
3695
3691
3688
3686
3684
3682
3682
3678
3676
3673
3674
3673
3670
3668
3668
3666
3658
3657
3664
3659
3656
3655
3653
3653
3652
3644
3642
3644
3647
3644
3637
3637
3642
3641
3632
3632
3630
3634
3633
3629
3626
3626
3624
3620
3620
3618
3614
3614
3613
3611
3608
3607
3607
3605
3602
3603
3599
3598
3597
3596
3595
3594
3590
3590
3584
3585
3583
3588
3587
3580
3580
3585
3584
3581
3577
3575
3579
3578
3577
3573
3568
3566
3568
3572
3570
3568
3565
3565
3565
3563
3560
3558
3557
3556
3556
3555
3554
3554
3550
3552
3552
3553
3552
3545
3545
3543
3548
3546
3541
3541
3543
3540
3538
3532
3532
3533
3530
3525
3526
3525
3526
3522
3521
3520
3517
3516
3516
3514
3513
3509
3510
3510
3508
3502
3501
3500
3504
3504
3495
3496
3501
3500
3496
3491
3490
3495
3493
3492
3490
3487
3487
3485
3482
3479
3477
3477
3473
3472
3470
3469
3467
3465
3465
3460
3459
3460
3462
3461
3456
3455
3460
3457
3453
3453
3454
3455
3454
3454
3452
3450
3447
3447
3448
3445
3439
3438
3444
3442
3442
3439
3437
3435
3435
3429
3429
3433
3430
3428
3423
3425
3428
3426
3417
3418
3418
3421
3419
3417
3416
3413
3411
3411
3412
3409
3409
3407
3406
3406
3404
3403
3401
3400
3400
3395
3395
3402
3398
3396
3393
3393
3396
3393
3388
3389
3391
3391
3390
3386
3385
3388
3387
3386
3385
3382
3377
3379
3384
3380
3379
3378
3378
3378
3376
3375
3375
3373
3372
3370
3370
3370
3369
3367
3364
3365
3369
3366
3367
3362
3360
3364
3364
3362
3360
3361
3356
3355
3360
3359
3351
3351
3354
3354
3352
3348
3348
3352
3349
3342
3344
3345
3347
3345
3346
3345
3342
3341
3341
3339
3339
3338
3339
3339
3337
3333
3330
3331
3336
3334
3331
3332
3331
3329
3327
3327
3328
3328
3324
3323
3324
3324
3321
3318
3318
3318
3310
3310
3313
3315
3313
3306
3306
3311
3310
3307
3304
3305
3303
3298
3298
3298
3297
3296
3295
3291
3291
3294
3292
3285
3286
3287
3288
3287
3286
3287
3286
3284
3279
3279
3280
3282
3281
3281
3280
3277
3277
3277
3276
3274
3274
3274
3269
3269
3270
3271
3270
3266
3266
3270
3268
3267
3266
3267
3263
3263
3267
3265
3266
3265
3262
3262
3262
3261
3258
3258
3259
3257
3255
3254
3253
3254
3249
3249
3252
3251
3249
3245
3246
3249
3249
3243
3244
3246
3249
3247
3248
3247
3243
3245
3245
3246
3243
3239
3239
3246
3243
3241
3241
3241
3239
3237
3240
3239
3235
3235
3236
3234
3231
3231
3231
3232
3230
3229
3231
3230
3226
3228
3223
3222
3225
3225
3226
3220
3219
3223
3223
3221
3218
3219
3221
3218
3218
3217
3214
3214
3213
3216
3217
3212
3210
3216
3215
3212
3211
3211
3209
3210
3209
3211
3211
3210
3210
3210
3208
3208
3208
3204
3204
3205
3206
3207
3205
3203
3201
3198
3194
3193
3190
3195
3196
3194
3196
3192
3191
3192
3197
3198
3193
3192
3200
3198
3197
3197
3196
3195
3195
3193
3191
3190
3189
3184
3184
3185
3182
3180
3181
3178
3178
3175
3174
3178
3176
3176
3176
3175
3172
3171
3175
3172
3173
3174
3168
3167
3169
3173
3170
3170
3169
3168
3167
3167
3165
3164
3164
3161
3161
3161
3158
3158
3157
3152
3153
3158
3156
3154
3155
3152
3148
3147
3154
3152
3150
3151
3150
3147
3146
3140
3142
3147
3144
3144
3142
3140
3144
3144
3142
3143
3142
3141
3141
3140
3141
3140
3140
3140
3141
3140
3138
3137
3137
3136
3137
3137
3132
3132
3131
3135
3134
3128
3127
3132
3133
3129
3127
3129
3130
3129
3130
3129
3129
3129
3128
3121
3124
3130
3128
3127
3125
3125
3125
3125
3125
3125
3124
3122
3124
3121
3123
3120
3121
3120
3118
3120
3111
3112
3115
3113
3113
3111
3111
3112
3110
3112
3111
3111
3111
3109
3110
3109
3109
3111
3103
3104
3110
3106
3107
3100
3102
3105
3103
3103
3103
3101
3103
3101
3101
3100
3096
3098
3100
3101
3099
3095
3096
3099
3098
3095
3094
3095
3094
3095
3089
3089
3095
3093
3093
3090
3091
3091
3088
3085
3085
3088
3090
3088
3086
3086
3085
3084
3084
3083
3082
3083
3082
3080
3079
3080
3079
3078
3074
3075
3079
3077
3078
3076
3077
3074
3076
3070
3072
3076
3074
3075
3072
3073
3071
3071
3072
3070
3073
3072
3070
3067
3066
3072
3070
3064
3066
3069
3069
3069
3067
3067
3062
3062
3069
3066
3066
3062
3061
3065
3065
3063
3064
3063
3062
3064
3059
3061
3059
3057
3060
3058
3058
3058
3054
3056
3056
3054
3056
3054
3049
3051
3055
3052
3052
3050
3051
3051
3050
3051
3050
3049
3049
3049
3047
3046
3047
3043
3040
3041
3045
3044
3042
3043
3042
3042
3041
3042
3042
3041
3037
3039
3044
3043
3041
3043
3042
3040
3043
3037
3037
3040
3039
3039
3038
3037
3033
3031
3035
3035
3028
3032
3033
3033
3034
3032
3032
3033
3034
3034
3033
3032
3033
3030
3030
3029
3028
3028
3026
3022
3024
3026
3025
3024
3021
3023
3022
3024
3021
3021
3028
3026
3022
3023
3022
3026
3025
3019
3021
3024
3023
3024
3018
3020
3026
3023
3024
3024
3023
3024
3026
3026
3027
3025
3027
3026
3026
3027
3026
3026
3024
3023
3021
3019
3019
3016
3018
3015
3014
3009
3008
3010
3013
3012
3009
3008
3013
3013
3010
3011
3008
3009
3007
3002
3003
3006
3006
3005
3003
3003
2998
2999
3004
3002
3002
3002
3000
3001
2998
3000
3000
2998
3000
2996
2999
2998
2999
3001
2995
2998
2999
3003
3003
2998
3000
3004
3003
3000
2997
2998
3001
3000
2999
2998
2999
2997
2997
2995
2996
2994
2995
2992
2993
2992
2989
2989
2992
2993
2985
2986
2989
2989
2988
2985
2985
2985
2982
2980
2979
2980
2983
2982
2983
2982
2982
2981
2982
2983
2981
2983
2981
2981
2981
2979
2978
2977
2981
2982
2980
2981
2976
2975
2978
2980
2981
2980
2979
2981
2978
2981
2978
2977
2982
2981
2979
2979
2980
2978
2978
2976
2974
2980
2977
2977
2977
2976
2974
2976
2971
2970
2977
2974
2974
2970
2968
2973
2973
2972
2971
2971
2970
2970
2970
2968
2969
2970
2968
2969
2969
2965
2966
2970
2965
2968
2966
2965
2967
2968
2963
2962
2966
2967
2963
2960
2961
2964
2963
2958
2960
2965
2962
2962
2961
2962
2960
2959
2961
2961
2959
2960
2958
2959
2959
2958
2959
2957
2954
2956
2960
2959
2960
2958
2955
2957
2956
2955
2957
2951
2951
2957
2956
2956
2951
2953
2956
2956
2951
2951
2955
2955
2954
2956
2953
2955
2954
2952
2953
2953
2953
2954
2953
2953
2952
2952
2953
2949
2949
2955
2952
2954
2951
2952
2951
2950
2951
2949
2946
2948
2951
2953
2951
2946
2949
2951
2950
2951
2949
2950
2948
2948
2944
2946
2950
2948
2949
2947
2948
2948
2946
2943
2942
2947
2946
2944
2944
2944
2943
2942
2941
2940
2941
2939
2940
2939
2939
2939
2940
2938
2935
2934
2938
2937
2936
2936
2932
2931
2933
2937
2934
2930
2931
2934
2934
2934
2930
2930
2934
2931
2933
2932
2932
2931
2930
2931
2930
2930
2930
2929
2930
2929
2929
2927
2927
2928
2928
2927
2929
2923
2924
2930
2928
2923
2923
2925
2928
2926
2923
2924
2928
2927
2924
2925
2923
2927
2928
2927
2924
2921
2921
2922
2925
2924
2920
2921
2925
2925
2924
2922
2923
2923
2922
2920
2921
2919
2920
2921
2916
2916
2922
2921
2920
2921
2920
2915
2916
2921
2919
2918
2917
2917
2916
2918
2916
2915
2912
2914
2916
2915
2916
2915
2913
2912
2914
2908
2909
2911
2914
2915
2914
2913
2914
2914
2913
2913
2915
2914
2913
2908
2911
2916
2915
2916
2912
2911
2917
2917
2911
2911
2912
2916
2914
2914
2913
2913
2912
2913
2912
2909
2905
2907
2912
2910
2905
2907
2908
2910
2909
2909
2910
2904
2904
2906
2910
2908
2908
2908
2903
2903
2906
2907
2906
2906
2907
2907
2906
2906
2906
2906
2906
2907
2902
2902
2908
2908
2906
2900
2903
2908
2905
2905
2905
2904
2903
2905
2904
2903
2903
2902
2902
2902
2902
2900
2901
2902
2901
2897
2899
2899
2901
2902
2897
2898
2902
2901
2898
2896
2897
2901
2900
2900
2898
2893
2893
2895
2898
2897
2897
2897
2897
2896
2894
2896
2896
2890
2890
2896
2894
2894
2895
2893
2892
2892
2891
2891
2889
2888
2888
2895
2892
2891
2892
2891
2890
2891
2889
2890
2891
2889
2891
2892
2890
2890
2892
2895
2897
2893
2892
2897
2897
2896
2890
2892
2897
2895
2895
2894
2892
2892
2893
2891
2890
2890
2890
2891
2892
2890
2888
2890
2894
2892
2888
2888
2886
2890
2890
2888
2888
2888
2885
2886
2887
2885
2886
2888
2888
2887
2885
2883
2881
2887
2885
2884
2886
2883
2881
2883
2882
2882
2883
2882
2884
2883
2885
2887
2888
2885
2887
2891
2890
2891
2891
2889
2890
2889
2889
2889
2889
2887
2887
2888
2887
2885
2884
2878
2878
2878
2884
2880
2876
2879
2881
2881
2878
2878
2879
2885
2885
2885
2884
2882
2882
2880
2883
2881
2877
2878
2883
2881
2881
2881
2880
2878
2879
2877
2878
2878
2876
2876
2877
2877
2876
2875
2875
2873
2875
2870
2870
2876
2873
2869
2871
2869
2873
2873
2871
2871
2871
2870
2869
2867
2866
2869
2869
2869
2870
2864
2865
2866
2869
2871
2870
2869
2865
2864
2865
2870
2868
2869
2867
2861
2863
2864
2866
2867
2867
2866
2869
2868
2869
2871
2870
2873
2873
2872
2874
2867
2870
2872
2876
2875
2874
2873
2874
2874
2872
2872
2873
2878
2877
2873
2873
2879
2877
2877
2876
2876
2873
2873
2879
2878
2876
2875
2876
2874
2872
2880
2878
2877
2877
2877
2878
2876
2876
2876
2874
2875
2872
2873
2870
2871
2871
2867
2870
2869
2865
2866
2870
2869
2868
2868
2865
2862
2864
2868
2867
2864
2864
2868
2870
2867
2862
2864
2866
2865
2865
2863
2863
2863
2861
2861
2862
2859
2862
2860
2859
2859
2859
2858
2855
2855
2857
2856
2858
2856
2855
2860
2860
2857
2858
2858
2856
2857
2857
2855
2855
2854
2851
2851
2850
2854
2852
2853
2850
2847
2849
2848
2853
2853
2849
2850
2855
2854
2855
2851
2853
2861
2859
2861
2861
2863
2862
2862
2862
2859
2854
2855
2857
2857
2856
2854
2855
2851
2852
2851
2850
2851
2850
2851
2846
2846
2852
2849
2851
2849
2849
2847
2847
2847
2845
2847
2846
2847
2845
2845
2845
2844
2842
2841
2841
2846
2846
2846
2846
2842
2842
2845
2848
2846
2847
2845
2847
2845
2844
2846
2845
2842
2842
2845
2845
2840
2843
2842
2846
2846
2843
2845
2842
2844
2842
2843
2843
2843
2845
2844
2846
2841
2844
2845
2848
2848
2849
2848
2844
2846
2844
2850
2848
2848
2849
2848
2848
2846
2848
2848
2848
2849
2848
2850
2848
2850
2849
2845
2846
2849
2848
2843
2841
2843
2844
2843
2842
2840
2840
2838
2841
2837
2837
2833
2834
2832
2831
2830
2829
2828
2833
2831
2831
2830
2831
2830
2829
2831
2828
2826
2825
2830
2828
2830
2828
2829
2829
2828
2829
2827
2828
2825
2827
2826
2826
2820
2823
2827
2827
2827
2826
2828
2828
2828
2830
2832
2836
2838
2842
2841
2844
2852
2855
2855
2857
2863
2871
2876
2876
2880
2891
2895
2898
2901
2904
2914
2919
2918
2926
2931
2940
2944
2949
2955
2959
2964
2969
2972
2978
2981
2985
2990
2993
2998
3000
3005
3008
3011
3011
3012
3021
3022
3020
3020
3020
3024
3024
