3645
3644
3645
3645
3641
3640
3639
3638
3640
3638
3635
3631
3629
3626
3623
3620
3618
3613
3611
3607
3604
3600
3598
3594
3591
3587
3584
3581
3578
3576
3572
3570
3566
3563
3561
3557
3558
3553
3547
3545
3542
3542
3541
3538
3535
3534
3531
3527
3521
3521
3525
3523
3521
3520
3517
3515
3513
3506
3506
3510
3506
3499
3499
3499
3499
3497
3494
3491
3485
3484
3486
3486
3483
3482
3481
3480
3477
3478
3475
3475
3474
3471
3470
3469
3467
3467
3466
3461
3460
3464
3462
3455
3454
3456
3457
3456
3455
3454
3452
3453
3451
3452
3451
3452
3452
3450
3451
3449
3449
3450
3446
3445
3450
3450
3446
3447
3449
3453
3451
3445
3446
3450
3448
3447
3446
3444
3439
3439
3441
3439
3437
3434
3433
3430
3429
3427
3425
3425
3425
3422
3419
3419
3422
3421
3419
3419
3417
3417
3417
3416
3417
3415
3414
3414
3415
3414
3414
3413
3412
3410
3403
3405
3407
3409
3409
3404
3404
3410
3407
3406
3408
3408
3407
3408
3404
3404
3410
3408
3409
3408
3408
3406
3406
3402
3404
3404
3405
3405
3404
3404
3398
3399
3402
3402
3399
3398
3399
3399
3400
3399
3397
3400
3398
3399
3399
3397
3392
3393
3394
3397
3395
3395
3394
3396
3395
3390
3391
3391
3395
3395
3389
3391
3398
3396
3395
3394
3394
3394
3395
3395
3395
3395
3395
3395
3389
3389
3393
3392
3385
3386
3385
3390
3391
3389
3391
3388
3390
3391
3397
3397
3396
3396
3395
3394
3393
3394
3392
3392
3393
3390
3392
3389
3388
3389
3389
3389
3390
3390
3389
3389
3390
3385
3384
3390
3391
3386
3391
3393
3397
3397
3397
3397
3397
3397
3395
3395
3396
3399
3397
3393
3394
3402
3403
3403
3401
3401
3406
3404
3402
3401
3401
3400
3400
3400
3398
3393
3393
3395
3396
3395
3395
3396
3395
3396
3395
3395
3394
3394
3393
3387
3391
3396
3395
3394
3392
3394
3399
3399
3396
3400
3407
3409
3410
3413
3414
3415
3416
3417
3417
3419
3419
3420
3421
3422
3421
3422
3422
3424
3426
3423
3424
3430
3430
3425
3425
3425
3431
3431
3426
3427
3433
3434
3435
3437
3437
3433
3436
3442
3443
3442
3443
3444
3444
3445
3447
3448
3449
3451
3453
3454
3455
3458
3460
3462
3464
3466
3468
3470
3476
3477
3475
3478
3483
3489
3490
3494
3496
3496
3501
3503
3505
3506
3509
3512
3510
3514
3523
3524
3526
3525
3528
3535
3539
3537
3540
3546
3553
3557
3557
3560
3569
3571
3573
3576
3579
3582
3587
3586
3590
3600
3602
3605
3608
3613
3616
3621
3627
3631
3636
3640
3643
3649
3653
3655
3660
3670
3675
3678
3681
3686
3691
3696
3704
3708
3713
3718
3722
3726
3732
3737
3742
3747
3751
3755
3764
3768
3769
3777
3788
3794
3800
3805
3812
3813
3821
3832
3837
3846
3850
3859
3865
3872
3879
3885
3892
3895
3902
3913
3920
3924
3931
3939
3945
3952
3959
3966
3972
3980
3989
3998
4006
4010
4018
4021
4033
4045
4048
4057
4067
4073
4078
4086
4102
4108
4117
4123
4132
4133
4142
4157
4165
4170
4179
4188
4192
4201
4212
4222
4224
4232
4245
4258
4268
4277
4283
4292
4301
4310
4318
4326
4333
4341
4352
4360
4367
4377
4387
4395
4406
4415
4424
4435
4447
4455
4463
4476
4491
4498
4509
4519
4529
4539
4548
4551
4562
4575
4582
4591
4600
4604
4612
4620
4633
4642
4645
4657
4669
4680
4690
4701
4710
4719
4729
4733
4745
4757
4771
4780
4790
4799
4809
4818
4825
4834
4843
4850
4860
4866
4875
4883
4893
4903
4907
4918
4935
4943
4947
4960
4970
4987
4998
5008
5018
5027
5038
5046
5057
5065
5071
5083
5086
5097
5108
5120
5128
5130
5141
5154
5163
5171
5176
5188
5195
5204
5211
5220
5220
5228
5236
5250
5256
5263
5273
5273
5285
5295
5306
5315
5324
5332
5337
5347
5359
5371
5378
5387
5400
5404
5413
5435
5442
5450
5462
5470
5485
5494
5504
5515
5524
5537
5550
5558
5572
5583
5597
5608
5620
5631
5640
5655
5665
5675
5682
5693
5702
5719
5730
5735
5748
5765
5776
5784
5796
5806
5815
5828
5827
5835
5846
5848
5853
5854
5858
5857
5862
5878
5881
5890
5897
5906
5918
5926
5929
5943
5951
5964
5970
5974
5979
5983
5985
5986
5986
5991
5999
6001
6003
6003
5997
6003
6005
6012
6018
6019
6023
6026
6031
6039
6042
6052
6059
6064
6074
6079
6083
6088
6092
6095
6100
6110
6116
6113
6122
6132
6142
6147
6147
6153
6169
6174
6178
6184
6190
6193
6201
6214
6224
6224
6234
6242
6257
6262
6273
6284
6288
6299
6308
6315
6324
6332
6338
6348
6355
6360
6369
6376
6382
6387
6395
6396
6402
6404
6409
6412
6415
6414
6418
6429
6433
6435
6439
6444
6441
6445
6457
6461
6460
6466
6468
6472
6477
6479
6480
6479
6480
6485
6492
6491
6494
6495
6499
6501
6499
6501
6506
6501
6504
6516
6518
6518
6516
6524
6531
6532
6532
6535
6532
6539
6539
6538
6542
6536
6536
6541
6535
6531
6528
6529
6527
6524
6516
6517
6518
6522
6520
6513
6514
6522
6517
6514
6517
6512
6511
6514
6514
6514
6511
6517
6519
6529
6530
6532
6536
6539
6538
6542
6544
6547
6548
6547
6542
6537
6542
6544
6539
6542
6541
6537
6538
6538
6539
6540
6540
6541
6546
6547
6542
6545
6550
6555
6556
6555
6556
6558
6557
6556
6560
6556
6558
6558
6558
6557
6555
6555
6550
6548
6542
6537
6534
6531
6526
6522
6515
6516
6518
6518
6511
6511
6520
6519
6517
6515
6512
6517
6517
6517
6516
6517
6511
6513
6522
6521
6523
6523
6525
6529
6528
6530
6536
6539
6544
6544
6548
6549
6551
6554
6557
6558
6564
6566
6565
6562
6565
6572
6573
6567
6569
6574
6577
6578
6572
6575
6576
6571
6563
6559
6557
6554
6549
6544
6540
6536
6532
6525
6520
6518
6517
6514
6513
6514
6512
6511
6511
6511
6506
6502
6504
6503
6502
6505
6501
6501
6505
6505
6496
6496
6494
6497
6495
6486
6483
6486
6480
6473
6464
6464
6467
6464
6458
6457
6454
6451
6452
6450
6448
6444
6441
6439
6433
6430
6422
6422
6424
6422
6416
6409
6403
6397
6392
6388
6384
6376
6373
6375
6368
6362
6355
6346
6337
6333
6338
6332
6328
6324
6321
6327
6328
6329
6328
6328
6330
6329
6330
6329
6330
6329
6326
6322
6321
6317
6314
6319
6317
6319
6314
6312
6313
6313
6312
6310
6302
6303
6306
6306
6301
6298
6299
6301
6299
6300
6295
6294
6295
6293
6290
6288
6287
6284
6283
6278
6278
6282
6281
6274
6276
6276
6276
6277
6272
6271
6276
6273
6272
6269
6264
6263
6260
6256
6257
6250
6252
6250
6251
6244
6241
6236
6229
6221
6214
6209
6198
6185
6176
6177
6170
6162
6153
6148
6143
6138
6129
6124
6120
6117
6109
6103
6100
6104
6099
6092
6092
6091
6091
6087
6084
6085
6081
6081
6077
6077
6076
6079
6076
6077
6077
6073
6073
6071
6068
6064
6064
6060
6049
6051
6053
6053
6049
6049
6046
6040
6039
6043
6040
6042
6039
6037
6034
6034
6036
6034
6030
6032
6030
6027
6023
6021
6016
6011
6013
6006
5997
5994
5997
5991
5980
5978
5974
5976
5972
5962
5960
5964
5960
5956
5954
5953
5949
5949
5939
5942
5941
5943
5940
5940
5936
5933
5929
5922
5917
5910
5912
5905
5896
5889
5882
5874
5869
5865
5863
5852
5849
5851
5847
5838
5832
5829
5830
5824
5812
5811
5813
5808
5801
5796
5789
5786
5781
5774
5771
5765
5761
5756
5752
5749
5747
5740
5738
5737
5734
5729
5727
5724
5720
5713
5715
5714
5711
5710
5702
5703
5711
5708
5703
5696
5690
5696
5690
5689
5682
5679
5675
5671
5666
5660
5649
5647
5648
5642
5635
5624
5621
5624
5617
5605
5603
5602
5604
5598
5593
5590
5578
5573
5569
5565
5561
5551
5544
5539
5534
5521
5515
5507
5507
5503
5499
5495
5490
5487
5486
5481
5478
5472
5470
5466
5463
5459
5453
5450
5445
5438
5439
5434
5427
5424
5424
5421
5418
5414
5412
5403
5402
5401
5405
5401
5400
5398
5396
5396
5393
5386
5388
5388
5386
5381
5380
5372
5367
5366
5367
5366
5356
5355
5360
5357
5354
5346
5345
5351
5347
5344
5344
5343
5338
5339
5340
5335
5334
5332
5324
5320
5320
5322
5317
5312
5309
5307
5301
5297
5290
5288
5287
5284
5279
5273
5269
5267
5262
5252
5250
5256
5252
5248
5243
5240
5240
5239
5235
5230
5228
5227
5223
5219
5214
5211
5206
5193
5191
5188
5189
5184
5174
5171
5173
5168
5165
5165
5161
5152
5152
5157
5152
5144
5145
5145
5145
5142
5141
5136
5132
5130
5126
5125
5121
5122
5118
5113
5110
5107
5102
5099
5097
5095
5091
5086
5085
5084
5081
5074
5074
5078
5076
5066
5066
5068
5070
5066
5065
5064
5057
5056
5061
5058
5057
5053
5049
5047
5042
5036
5035
5028
5017
5016
5016
5013
5008
5006
5003
5000
4996
4995
4989
4980
4979
4981
4975
4971
4964
4962
4961
4958
4958
4953
4948
4948
4944
4939
4937
4929
4928
4926
4928
4925
4915
4914
4918
4913
4905
4904
4902
4903
4904
4898
4896
4894
4889
4886
4885
4878
4875
4872
4868
4866
4862
4857
4859
4854
4850
4847
4841
4837
4835
4830
4823
4820
4818
4814
4806
4804
4801
4804
4802
4792
4793
4798
4792
4790
4786
4782
4787
4783
4776
4773
4778
4775
4772
4771
4768
4769
4768
4760
4760
4759
4759
4755
4751
4747
4741
4738
4731
4725
4724
4716
4714
4713
4706
4702
4701
4697
4702
4700
4696
4695
4692
4691
4688
4687
4683
4682
4681
4674
4672
4670
4674
4670
4667
4663
4662
4658
4655
4655
4652
4650
4648
4644
4642
4638
4637
4636
4639
4635
4631
4629
4629
4624
4624
4623
4619
4614
4612
4615
4614
4604
4601
4601
4605
4601
4594
4594
4600
4594
4593
4587
4586
4589
4589
4590
4586
4585
4585
4580
4580
4578
4576
4577
4574
4573
4573
4569
4571
4564
4563
4566
4564
4561
4561
4558
4550
4550
4554
4548
4550
4548
4545
4545
4544
4541
4539
4540
4536
4537
4534
4530
4530
4527
4516
4515
4515
4518
4513
4509
4509
4501
4500
4501
4504
4500
4495
4495
4497
4493
4491
4486
4483
4481
4478
4470
4472
4473
4467
4467
4464
4459
4454
4452
4454
4453
4451
4447
4445
4442
4439
4440
4440
4436
4436
4433
4432
4432
4424
4425
4430
4426
4423
4417
4418
4421
4420
4416
4416
4411
4405
4405
4410
4408
4406
4403
4396
4395
4394
4397
4395
4394
4389
4388
4386
4382
4381
4379
4378
4378
4377
4377
4378
4376
4377
4377
4374
4373
4371
4363
4360
4359
4362
4360
4352
4349
4354
4349
4345
4339
4338
4341
4337
4335
4334
4330
4324
4322
4325
4322
4321
4317
4315
4315
4314
4312
4314
4312
4311
4312
4308
4306
4307
4303
4302
4301
4299
4297
4298
4297
4295
4290
4289
4296
4292
4284
4281
4280
4283
4279
4278
4275
4273
4272
4270
4263
4261
4266
4265
4262
4261
4259
4254
4253
4259
4259
4254
4254
4252
4249
4248
4247
4244
4242
4241
4238
4235
4235
4234
4230
4225
4225
4230
4225
4221
4217
4215
4217
4216
4209
4207
4212
4210
4208
4205
4204
4207
4205
4204
4201
4197
4197
4195
4191
4192
4190
4187
4189
4186
4186
4186
4187
4186
4184
4183
4183
4179
4178
4180
4177
4173
4174
4172
4169
4165
4165
4171
4167
4159
4159
4159
4161
4162
4160
4156
4151
4149
4153
4151
4148
4148
4144
4140
4140
4143
4143
4142
4138
4138
4139
4137
4131
4132
4135
4137
4136
4131
4129
4133
4132
4128
4125
4125
4121
4120
4118
4116
4115
4112
4111
4109
4108
4107
4106
4099
4100
4099
4100
4096
4095
4093
4088
4087
4092
4090
4088
4084
4084
4087
4088
4086
4084
4084
4081
4080
4080
4077
4078
4076
4074
4072
4072
4076
4076
4072
4075
4073
4072
4071
4067
4066
4069
4068
4062
4060
4059
4064
4059
4052
4053
4056
4053
4053
4050
4049
4047
4046
4045
4044
4044
4042
4041
4041
4039
4038
4039
4031
4029
4029
4033
4032
4032
4031
4023
4026
4027
4026
4028
4025
4024
4023
4022
4020
4019
4017
4010
4011
4014
4011
4010
4010
4005
4006
4004
4003
4004
4000
3999
3997
3999
3998
3998
3994
3988
3989
3994
3990
3992
3992
3990
3989
3989
3981
3983
3982
3985
3984
3983
3981
3982
3981
3982
3980
3979
3975
3976
3979
3976
3971
3974
3973
3973
3970
3969
3968
3965
3962
3963
3963
3962
3954
3954
3961
3960
3958
3956
3955
3955
3953
3949
3949
3949
3947
3945
3945
3943
3937
3935
3939
3939
3937
3937
3938
3931
3930
3936
3935
3931
3927
3928
3932
3931
3930
3929
3922
3922
3921
3924
3924
3923
3921
3922
3920
3920
3922
3919
3919
3920
3914
3915
3915
3919
3918
3916
3915
3915
3912
3907
3906
3907
3909
3908
3904
3904
3906
3905
3904
3900
3899
3899
3895
3888
3889
3893
3894
3892
3891
3892
3890
3887
3887
3888
3887
3888
3891
3891
3891
3885
3886
3890
3889
3889
3888
3886
3880
3879
3879
3875
3873
3872
3870
3867
3866
3860
3859
3858
3864
3864
3857
3857
3863
3860
3857
3851
3852
3857
3853
3851
3852
3851
3849
3848
3850
3850
3849
3848
3847
3845
3846
3841
3841
3844
3841
3841
3840
3838
3832
3831
3838
3837
3836
3837
3832
3828
3829
3833
3833
3832
3829
3828
3827
3826
3825
3824
3818
3820
3824
3821
3820
3816
3817
3819
3818
3818
3818
3817
3816
3815
3813
3816
3815
3812
3812
3812
3812
3810
3811
3804
3805
3809
3807
3809
3803
3802
3806
3803
3803
3803
3799
3795
3795
3797
3795
3796
3797
3795
3795
3796
3797
3796
3793
3794
3796
3794
3792
3795
3794
3792
3793
3789
3788
3789
3791
3790
3788
3786
3781
3781
3786
3786
3783
3784
3784
3777
3775
3782
3781
3779
3772
3772
3776
3774
3771
3772
3773
3771
3771
3771
3771
3770
3773
3774
3772
3772
3774
3774
3766
3767
3771
3770
3767
3766
3763
3762
3762
3760
3759
3756
3756
3755
3755
3755
3751
3751
3756
3754
3753
3748
3749
3753
3752
3751
3749
3749
3746
3745
3750
3749
3749
3746
3744
3741
3740
3742
3740
3739
3739
3734
3735
3733
3739
3739
3738
3738
3738
3738
3735
3738
3740
3739
3739
3734
3736
3737
3740
3737
3735
3736
3731
3729
3732
3730
3730
3729
3728
3730
3729
3728
3727
3726
3720
3718
3722
3720
3719
3717
3716
3716
3716
3713
3714
3710
3710
3713
3713
3713
3708
3707
3708
3710
3704
3703
3704
3710
3706
3705
3705
3698
3699
3702
3703
3702
3702
3702
3700
3699
3694
3696
3696
3699
3699
3696
3694
3699
3697
3698
3697
3696
3696
3697
3699
3699
3696
3697
3696
3691
3688
3694
3693
3691
3691
3693
3689
3689
3695
3692
3694
3692
3692
3691
3691
3684
3686
3691
3687
3688
3686
3681
3683
3681
3677
3677
3676
3675
3674
3673
3670
3672
3671
3670
3670
3669
3664
3665
3669
3664
3663
3664
3664
3665
3665
3660
3661
3666
3664
3665
3666
3665
3659
3660
3664
3660
3654
3656
3656
3658
3659
3658
3656
3650
3652
3654
3657
3654
3656
3655
3656
3656
3656
3654
3654
3655
3656
3655
3655
3652
3653
3652
3651
3652
3644
3644
3649
3644
3642
3642
3640
3634
3634
3638
3636
3637
3636
3635
3636
3634
3635
3637
3638
3637
3638
3638
3636
3632
3635
3640
3637
3637
3635
3635
3637
3638
3638
3634
3634
3632
3632
3632
3633
3627
3630
3634
3633
3631
3627
3629
3630
3628
3624
3624
3625
3628
3626
3624
3622
3619
3618
3621
3622
3621
3619
3620
3619
3618
3621
3621
3620
3620
3622
3620
3619
3618
3618
3619
3619
3617
3618
3620
3618
3618
3614
3613
3613
3617
3616
3614
3613
3609
3609
3610
3614
3615
3610
3609
3614
3613
3612
3610
3608
3612
3612
3610
3609
3610
3610
3610
3610
3611
3609
3608
3605
3606
3605
3610
3610
3609
3608
3609
3608
3605
3601
3600
3605
3605
3605
3603
3604
3606
3606
3604
3604
3604
3603
3597
3599
3600
3603
3599
3600
3599
3596
3596
3597
3593
3591
3596
3595
3593
3592
3589
3587
3588
3593
3591
3583
3583
3589
3590
3588
3582
3582
3589
3587
3584
3586
3585
3583
3583
3583
3581
3583
3583
3581
3583
3582
3576
3578
3586
3584
3583
3584
3582
3581
3581
3581
3579
3580
3579
3577
3577
3575
3572
3574
3576
3575
3574
3574
3575
3574
3574
3570
3572
3576
3578
3575
3577
3577
3571
3574
3579
3578
3578
3576
3576
3568
3570
3575
3571
3569
3570
3568
3568
3566
3568
3565
3561
3562
3563
3568
3567
3568
3566
3568
3568
3570
3571
3575
3574
3578
3572
3575
3579
3582
3580
3581
3579
3578
3577
3578
3574
3575
3571
3570
3564
3564
3568
3565
3565
3561
3561
3560
3559
3558
3558
3557
3557
3556
3551
3551
3556
3555
3551
3553
3552
3557
3557
3555
3557
3549
3551
3553
3555
3554
3549
3549
3554
3552
3550
3551
3548
3545
3546
3551
3551
3552
3551
3551
3552
3552
3551
3550
3549
3551
3549
3552
3550
3546
3545
3551
3547
3547
3545
3546
3544
3546
3546
3546
3541
3543
3543
3546
3546
3545
3543
3538
3537
3540
3542
3541
3536
3537
3541
3538
3539
3537
3537
3536
3537
3535
3537
3535
3536
3534
3532
3533
3538
3537
3539
3538
3539
3539
3541
3536
3537
3540
3541
3537
3537
3535
3529
3529
3532
3530
3522
3522
3521
3524
3524
3522
3521
3521
3519
3518
3518
3518
3516
3516
3515
3516
3516
3514
3516
3513
3515
3514
3514
3509
3508
3511
3514
3514
3513
3510
3512
3510
3512
3509
3511
3505
3507
3512
3510
3509
3509
3511
3508
3508
3512
3512
3510
3511
3511
3512
3510
3508
3507
3515
3512
3513
3512
3512
3512
3513
3511
3507
3505
3505
3504
3508
3506
3505
3504
3501
3504
3502
3503
3503
3499
3496
3503
3499
3499
3496
3498
3500
3501
3498
3501
3498
3500
3498
3497
3497
3497
3494
3493
3494
3493
3488
3487
3494
3492
3491
3494
3494
3494
3496
3496
3497
3491
3495
3497
3496
3495
3495
3495
3493
3495
3487
3490
3491
3495
3495
3489
3493
3496
3495
3493
3490
3489
3494
3491
3492
3490
3488
3489
3490
3488
3489
3490
3490
3491
3493
3492
3493
3492
3488
3487
3493
3489
3488
3486
3484
3484
3483
3485
3483
3480
3480
3481
3485
3484
3482
3481
3490
3487
3489
3487
3488
3486
3487
3485
3485
3484
3485
3483
3479
3478
3483
3480
3475
3474
3477
3482
3481
3481
3482
3483
3482
3484
3484
3484
3485
3484
3486
3485
3484
3483
3482
3486
3484
3486
3484
3481
3479
3481
3486
3486
3487
3487
3486
3487
3485
3481
3480
3483
3481
3479
3478
3476
3474
3474
3467
3469
3471
3472
3470
3470
3468
3468
3467
3462
3463
3472
3470
3471
3466
3467
3469
3468
3465
3466
3463
3464
3462
3463
3462
3463
3462
3457
3455
3458
3461
3461
3459
3460
3459
3458
3459
3457
3458
3457
3460
3458
3459
3459
3460
3460
3460
3460
3460
3459
3459
3462
3459
3461
3460
3455
3457
3463
3460
3460
3458
3458
3463
3461
3456
3456
3458
3461
3459
3455
3456
3461
3462
3458
3461
3461
3464
3466
3464
3465
3459
3460
3460
3462
3462
3460
3461
3461
3459
3456
3458
3456
3457
3455
3451
3450
3458
3456
3457
3454
3453
3458
3457
3457
3456
3456
3456
3457
3458
3457
3456
3457
3459
3460
3460
3461
3459
3459
3458
3454
3455
3457
3461
3458
3454
3454
3459
3455
3455
3448
3449
3456
3456
3453
3454
3455
3457
3457
3457
3457
3455
3457
3456
3455
3453
3455
3455
3457
3455
3455
3456
3453
3455
3454
3451
3453
3456
3456
3453
3452
3453
3451
3450
3443
3444
3449
3446
3447
3439
3441
3443
3445
3444
3442
3442
3438
3439
3442
3442
3442
3441
3439
3438
3437
3433
3433
3435
3435
3432
3432
3434
3431
3432
3431
3428
3430
3428
3428
3429
3428
3430
3427
3429
3430
3429
3430
3429
3430
3428
3430
3431
3431
3432
3429
3427
3426
3430
3430
3423
3424
3423
3427
3427
3422
3426
3432
3434
3434
3435
3435
3442
3442
3443
3443
3442
3444
3444
3443
3444
3443
3442
3442
3442
3440
3441
3439
3434
3433
3436
3434
3432
3432
3430
3427
3426
3431
3427
3425
3424
3424
3427
3426
3425
3424
3424
3425
3423
3422
3421
3424
3426
3426
3429
3428
3428
3428
3433
3433
3431
3432
3429
3431
3428
3424
3425
3426
3426
3425
3421
3425
3421
3422
3418
3421
3424
3424
3423
3420
3422
3424
3424
3422
3424
3422
3422
3421
3423
3421
3418
3416
3422
3421
3418
3419
3416
3417
3416
3418
3415
3413
3412
3410
3415
3413
3414
3414
3413
3410
3411
3410
3411
3409
3409
3402
3404
3405
3407
3407
3401
3402
3405
3406
3403
3401
3401
3404
3403
3403
3404
3398
3401
3400
3404
3405
3404
3405
3401
3403
3402
3402
3404
3403
3404
3402
3405
3404
3405
3403
3402
3403
3403
3402
3398
3396
3398
3403
3403
3402
3402
3404
3403
3405
3400
3403
3407
3408
3403
3404
3407
3407
3407
3407
3406
3402
3401
3406
3405
3404
3401
3400
3404
3401
3400
3401
3399
3398
3400
3398
3397
3398
3397
3397
3395
3392
3399
3397
3395
3395
3395
3393
3394
3392
3393
3392
3392
3394
3392
3393
3394
3392
3394
3392
3394
3393
3392
3393
3394
3393
3394
3393
3394
3392
3390
3393
3396
3396
3395
3394
3395
3394
3396
3392
3392
3397
3395
3397
3397
3396
3395
3397
3402
3403
3398
3404
3407
3413
3415
3417
3421
3431
3437
3438
3444
3453
3462
3467
3472
3477
3484
3489
3493
3496
3502
3512
3518
3523
3524
3533
3538
3546
3552
3555
3558
3562
3575
3577
3583
3587
3592
3591
3596
3605
3607
3609
3610
3613
3614
3616
3611
3615
3618
