3829
3829
3827
3826
3824
3823
3819
3811
3812
3815
3810
3806
3804
3802
3798
3794
3785
3786
3787
3783
3777
3774
3769
3764
3760
3753
3751
3750
3750
3746
3744
3741
3733
3731
3732
3728
3724
3721
3718
3715
3713
3710
3707
3704
3702
3698
3696
3694
3688
3687
3686
3685
3682
3676
3675
3678
3674
3671
3668
3666
3660
3660
3663
3659
3652
3652
3652
3654
3651
3650
3647
3644
3644
3644
3643
3640
3640
3640
3636
3635
3633
3633
3631
3630
3627
3628
3626
3626
3625
3623
3619
3619
3621
3620
3615
3614
3617
3618
3616
3613
3613
3612
3610
3610
3610
3608
3604
3605
3608
3607
3601
3602
3601
3605
3605
3604
3604
3603
3603
3602
3601
3602
3602
3602
3598
3600
3606
3604
3603
3603
3602
3601
3599
3600
3598
3598
3593
3595
3598
3595
3595
3595
3592
3592
3591
3586
3586
3588
3587
3585
3586
3583
3583
3582
3583
3582
3582
3582
3582
3580
3579
3584
3584
3579
3580
3581
3582
3580
3580
3579
3576
3577
3583
3580
3582
3579
3579
3579
3579
3576
3579
3583
3587
3590
3588
3589
3596
3595
3595
3595
3595
3595
3594
3593
3590
3583
3583
3582
3587
3585
3583
3582
3581
3581
3579
3578
3577
3577
3576
3576
3577
3577
3576
3575
3571
3572
3577
3575
3573
3569
3571
3571
3570
3566
3565
3571
3568
3567
3566
3566
3562
3563
3568
3566
3566
3566
3565
3564
3562
3557
3558
3564
3563
3563
3558
3558
3562
3562
3562
3560
3559
3558
3555
3555
3555
3556
3556
3557
3557
3558
3557
3556
3556
3556
3551
3551
3553
3556
3555
3554
3556
3556
3557
3558
3556
3556
3562
3561
3561
3559
3557
3555
3554
3560
3559
3559
3558
3554
3554
3555
3559
3558
3553
3554
3560
3558
3559
3555
3555
3562
3562
3563
3564
3562
3559
3561
3565
3564
3565
3564
3565
3563
3564
3561
3561
3562
3562
3563
3561
3561
3561
3562
3562
3564
3564
3565
3566
3566
3567
3567
3568
3569
3568
3564
3565
3567
3572
3572
3567
3568
3574
3575
3577
3574
3575
3581
3581
3581
3581
3581
3585
3586
3587
3590
3590
3594
3596
3598
3598
3600
3601
3601
3603
3603
3605
3608
3610
3614
3616
3619
3622
3623
3624
3626
3626
3624
3628
3633
3633
3635
3635
3636
3638
3638
3635
3638
3646
3648
3652
3651
3655
3664
3666
3663
3668
3672
3673
3676
3676
3679
3676
3680
3685
3689
3692
3692
3698
3705
3709
3711
3715
3719
3723
3726
3729
3734
3736
3740
3743
3747
3750
3753
3757
3757
3762
3771
3773
3775
3772
3776
3784
3786
3787
3790
3794
3799
3800
3803
3810
3810
3815
3821
3827
3831
3835
3839
3842
3848
3851
3857
3862
3864
3870
3880
3885
3885
3892
3895
3905
3913
3918
3926
3926
3936
3947
3955
3962
3969
3974
3980
3986
3993
3999
4005
4012
4018
4027
4038
4042
4052
4058
4065
4073
4078
4087
4098
4104
4111
4119
4127
4131
4144
4159
4165
4174
4180
4189
4197
4207
4215
4223
4229
4239
4249
4263
4269
4273
4283
4297
4306
4313
4318
4327
4341
4346
4355
4363
4372
4381
4392
4400
4409
4416
4426
4438
4448
4459
4468
4477
4484
4498
4506
4517
4526
4534
4546
4554
4565
4582
4588
4597
4605
4615
4621
4633
4645
4654
4654
4665
4673
4686
4693
4700
4709
4712
4724
4736
4745
4755
4767
4779
4791
4803
4813
4828
4839
4852
4864
4876
4889
4904
4918
4928
4943
4954
4963
4975
4993
5004
5015
5027
5039
5044
5055
5076
5085
5098
5109
5121
5131
5142
5155
5167
5172
5183
5195
5208
5218
5231
5239
5249
5259
5267
5276
5287
5304
5312
5318
5330
5350
5360
5372
5381
5396
5409
5421
5431
5446
5460
5471
5488
5495
5511
5530
5541
5552
5563
5575
5582
5591
5599
5607
5607
5617
5626
5638
5644
5653
5662
5672
5682
5694
5702
5712
5725
5734
5737
5750
5762
5776
5782
5793
5801
5804
5818
5833
5843
5857
5868
5877
5887
5902
5906
5918
5928
5943
5951
5961
5972
5975
5985
5999
6013
6024
6035
6044
6052
6060
6068
6075
6082
6091
6099
6108
6117
6121
6133
6140
6155
6167
6173
6184
6201
6206
6220
6233
6241
6255
6264
6277
6289
6292
6306
6316
6332
6341
6348
6357
6366
6374
6379
6390
6397
6404
6412
6422
6430
6435
6443
6449
6462
6465
6462
6465
6474
6472
6474
6474
6477
6486
6489
6492
6495
6499
6496
6502
6512
6516
6518
6523
6523
6527
6533
6542
6546
6552
6559
6566
6569
6573
6579
6580
6586
6593
6594
6602
6607
6609
6615
6619
6625
6630
6635
6635
6639
6646
6660
6664
6673
6680
6689
6696
6706
6713
6724
6744
6757
6770
6780
6789
6792
6800
6815
6822
6830
6836
6845
6852
6860
6869
6873
6881
6887
6894
6901
6907
6909
6917
6929
6934
6935
6944
6951
6962
6963
6964
6965
6975
6976
6980
6982
6986
6988
6994
6998
7004
7011
7015
7023
7026
7032
7027
7033
7040
7038
7041
7041
7042
7047
7048
7047
7047
7049
7051
7053
7056
7059
7053
7058
7065
7068
7070
7066
7068
7073
7073
7068
7071
7072
7076
7075
7070
7062
7051
7050
7043
7041
7038
7033
7031
7024
7026
7036
7034
7036
7040
7043
7049
7052
7058
7063
7070
7076
7080
7087
7095
7104
7109
7114
7115
7119
7126
7127
7124
7128
7139
7139
7139
7142
7147
7149
7155
7160
7166
7172
7175
7181
7184
7190
7191
7195
7197
7201
7196
7191
7194
7199
7199
7197
7198
7201
7200
7203
7199
7202
7209
7208
7207
7207
7208
7208
7209
7211
7215
7215
7216
7218
7217
7219
7209
7212
7220
7218
7215
7203
7203
7200
7192
7188
7182
7177
7168
7165
7166
7163
7162
7162
7163
7164
7164
7164
7161
7151
7150
7153
7148
7143
7141
7136
7128
7127
7132
7128
7126
7127
7125
7126
7129
7131
7131
7131
7131
7135
7139
7140
7142
7145
7145
7143
7145
7139
7140
7146
7144
7145
7144
7146
7140
7141
7146
7145
7144
7145
7144
7146
7145
7141
7143
7149
7146
7148
7148
7148
7149
7148
7149
7153
7151
7150
7150
7150
7152
7143
7144
7150
7145
7143
7142
7142
7135
7137
7143
7138
7134
7134
7131
7124
7122
7123
7121
7118
7112
7109
7105
7103
7094
7091
7094
7089
7086
7082
7080
7077
7073
7072
7070
7063
7062
7060
7064
7062
7056
7053
7059
7055
7053
7049
7046
7039
7038
7043
7036
7033
7027
7022
7019
7017
7013
7008
7003
7003
7000
6998
6998
6989
6987
6993
6991
6991
6989
6988
6984
6984
6980
6977
6974
6975
6974
6969
6968
6957
6956
6962
6958
6954
6952
6951
6950
6944
6934
6933
6930
6931
6926
6919
6915
6911
6902
6897
6891
6886
6889
6883
6877
6870
6858
6852
6847
6845
6838
6831
6823
6815
6809
6802
6799
6794
6788
6788
6775
6778
6777
6777
6774
6771
6769
6766
6769
6763
6760
6760
6767
6764
6762
6760
6751
6751
6751
6752
6749
6739
6739
6743
6737
6732
6727
6719
6718
6712
6707
6704
6698
6691
6687
6680
6670
6664
6659
6655
6649
6642
6631
6626
6625
6619
6614
6611
6607
6601
6597
6600
6600
6591
6590
6594
6590
6586
6584
6584
6580
6576
6566
6565
6564
6566
6565
6561
6557
6556
6552
6550
6543
6542
6537
6536
6533
6530
6528
6525
6515
6514
6510
6500
6497
6499
6494
6490
6482
6479
6480
6478
6464
6462
6464
6462
6458
6455
6453
6449
6445
6443
6437
6431
6421
6413
6413
6405
6398
6393
6386
6385
6382
6377
6374
6371
6367
6365
6361
6355
6348
6344
6349
6340
6337
6333
6328
6325
6320
6310
6309
6311
6304
6299
6294
6292
6294
6291
6288
6282
6280
6276
6274
6271
6267
6266
6263
6260
6258
6255
6249
6249
6253
6251
6249
6246
6242
6238
6234
6226
6221
6223
6220
6214
6214
6209
6206
6206
6195
6195
6197
6187
6179
6166
6160
6157
6149
6140
6131
6125
6112
6106
6108
6101
6098
6093
6085
6083
6078
6075
6071
6066
6063
6055
6053
6051
6046
6043
6034
6034
6038
6032
6026
6016
6014
6016
6014
6005
6004
6004
6002
5997
5993
5989
5980
5979
5982
5977
5972
5967
5963
5960
5954
5950
5945
5938
5931
5924
5919
5914
5907
5900
5894
5886
5882
5883
5876
5869
5866
5860
5854
5852
5843
5840
5842
5840
5836
5835
5834
5828
5824
5827
5824
5821
5818
5817
5816
5812
5806
5804
5792
5791
5793
5786
5783
5779
5777
5769
5766
5770
5764
5762
5761
5759
5757
5751
5738
5734
5732
5730
5726
5722
5714
5711
5706
5704
5701
5696
5687
5681
5684
5679
5674
5671
5665
5658
5653
5647
5641
5631
5628
5626
5621
5614
5606
5601
5588
5583
5584
5574
5568
5561
5555
5547
5542
5529
5526
5519
5521
5515
5511
5509
5506
5504
5501
5498
5495
5487
5483
5489
5485
5485
5482
5479
5477
5473
5470
5468
5467
5465
5464
5461
5458
5454
5451
5443
5442
5443
5440
5438
5429
5428
5429
5425
5416
5414
5411
5415
5410
5408
5404
5399
5396
5394
5392
5392
5385
5384
5392
5386
5382
5379
5378
5381
5379
5378
5375
5375
5374
5373
5369
5369
5365
5364
5362
5358
5358
5357
5355
5346
5346
5349
5346
5343
5342
5340
5340
5337
5335
5332
5322
5320
5317
5317
5312
5307
5302
5288
5285
5282
5283
5280
5277
5273
5272
5268
5266
5264
5263
5261
5258
5257
5254
5250
5246
5242
5234
5232
5237
5234
5226
5226
5226
5228
5226
5220
5219
5223
5218
5210
5208
5205
5211
5206
5203
5202
5192
5192
5190
5194
5191
5188
5186
5181
5177
5172
5167
5163
5160
5160
5155
5151
5147
5143
5140
5139
5134
5130
5126
5122
5117
5112
5108
5107
5105
5102
5102
5100
5097
5091
5090
5091
5087
5084
5079
5072
5066
5063
5064
5060
5049
5047
5049
5044
5040
5036
5033
5029
5026
5024
5016
5012
5007
5005
5008
5006
5001
4999
4995
4991
4990
4984
4984
4988
4984
4976
4975
4975
4977
4973
4972
4969
4968
4967
4968
4969
4966
4960
4959
4962
4960
4955
4951
4948
4939
4937
4940
4936
4929
4927
4926
4926
4924
4918
4917
4914
4912
4911
4907
4908
4903
4901
4897
4895
4894
4890
4887
4886
4883
4880
4876
4874
4874
4871
4870
4867
4860
4859
4862
4860
4859
4853
4851
4853
4851
4843
4844
4846
4848
4848
4849
4844
4845
4840
4837
4834
4832
4833
4832
4830
4827
4817
4815
4812
4814
4808
4804
4803
4799
4797
4792
4789
4787
4785
4784
4777
4777
4782
4779
4776
4771
4771
4775
4770
4761
4761
4761
4765
4763
4758
4756
4761
4759
4755
4754
4753
4753
4752
4749
4747
4744
4744
4743
4742
4739
4738
4738
4729
4729
4728
4727
4725
4723
4722
4715
4718
4721
4719
4717
4713
4713
4710
4708
4707
4703
4703
4698
4697
4700
4696
4694
4694
4693
4684
4685
4688
4684
4680
4677
4674
4672
4671
4666
4665
4668
4661
4658
4658
4656
4655
4652
4649
4647
4645
4647
4643
4637
4635
4638
4634
4626
4628
4630
4630
4628
4630
4627
4624
4621
4614
4615
4615
4619
4617
4614
4611
4608
4606
4603
4603
4603
4603
4601
4595
4593
4598
4596
4595
4589
4583
4585
4580
4575
4574
4570
4564
4560
4562
4559
4558
4554
4550
4547
4548
4547
4543
4543
4543
4539
4535
4533
4537
4530
4525
4527
4530
4527
4527
4528
4526
4523
4519
4520
4519
4517
4510
4507
4513
4512
4506
4505
4502
4501
4501
4495
4492
4496
4493
4490
4490
4489
4486
4486
4484
4485
4483
4480
4480
4480
4477
4470
4468
4475
4473
4473
4470
4468
4466
4465
4465
4467
4464
4462
4461
4454
4453
4459
4457
4455
4452
4451
4449
4446
4447
4447
4439
4440
4441
4441
4437
4433
4434
4439
4436
4432
4430
4430
4425
4425
4426
4422
4424
4423
4421
4417
4416
4417
4415
4413
4409
4409
4405
4404
4403
4403
4398
4396
4400
4398
4396
4394
4391
4389
4389
4385
4385
4382
4385
4383
4375
4373
4374
4371
4366
4363
4360
4361
4360
4359
4355
4352
4352
4349
4347
4347
4343
4343
4342
4341
4339
4333
4332
4337
4336
4332
4330
4333
4330
4324
4326
4327
4324
4321
4316
4314
4314
4315
4312
4311
4312
4303
4303
4303
4307
4305
4296
4296
4302
4300
4298
4297
4294
4291
4292
4289
4287
4287
4288
4286
4285
4287
4280
4279
4283
4280
4281
4282
4277
4268
4268
4274
4271
4265
4262
4262
4264
4265
4263
4262
4259
4258
4255
4253
4252
4249
4249
4253
4249
4248
4248
4247
4245
4242
4244
4241
4240
4241
4239
4231
4231
4238
4234
4231
4230
4232
4231
4229
4230
4230
4228
4226
4227
4230
4226
4220
4221
4227
4223
4221
4221
4221
4217
4218
4212
4212
4215
4211
4211
4211
4209
4207
4208
4210
4207
4205
4205
4205
4204
4202
4196
4198
4199
4198
4197
4198
4196
4189
4189
4194
4194
4193
4191
4192
4188
4186
4190
4189
4190
4189
4188
4188
4189
4182
4183
4185
4188
4186
4179
4180
4185
4181
4180
4181
4177
4176
4175
4174
4171
4170
4170
4168
4166
4165
4160
4159
4163
4159
4156
4157
4155
4153
4152
4149
4149
4154
4149
4149
4149
4147
4145
4143
4144
4143
4140
4133
4136
4141
4139
4135
4135
4135
4133
4133
4132
4130
4130
4131
4130
4129
4130
4127
4126
4129
4130
4129
4128
4125
4123
4124
4122
4120
4115
4115
4116
4119
4118
4112
4111
4116
4116
4117
4115
4113
4113
4114
4113
4112
4104
4105
4104
4105
4103
4096
4095
4100
4098
4093
4090
4091
4096
4095
4092
4090
4087
4089
4087
4083
4081
4085
4082
4081
4081
4078
4071
4067
4071
4070
4067
4065
4061
4060
4059
4061
4061
4060
4059
4058
4060
4060
4058
4055
4054
4053
4052
4051
4049
4049
4049
4047
4046
4044
4041
4040
4040
4040
4039
4039
4038
4037
4034
4034
4035
4032
4034
4040
4037
4030
4032
4031
4035
4034
4029
4028
4033
4031
4030
4029
4030
4024
4021
4027
4025
4025
4025
4022
4020
4019
4021
4022
4017
4020
4019
4027
4028
4029
4029
4029
4031
4035
4034
4032
4028
4028
4035
4031
4024
4022
4021
4025
4023
4021
4018
4015
4012
4011
4005
4006
4008
4007
4007
4007
4004
4005
4005
4005
4001
4000
3998
3995
3993
3993
3989
3992
3997
3995
3990
3990
3992
3993
3991
3987
3986
3981
3980
3982
3981
3979
3978
3977
3977
3977
3970
3973
3974
3978
3975
3971
3971
3973
3970
3970
3967
3971
3970
3968
3967
3967
3965
3960
3961
3965
3965
3960
3963
3970
3968
3966
3966
3966
3967
3967
3960
3961
3962
3965
3963
3962
3962
3963
3962
3960
3957
3958
3960
3960
3960
3960
3955
3955
3955
3959
3958
3953
3953
3957
3954
3953
3953
3950
3948
3948
3945
3945
3944
3945
3944
3942
3944
3942
3941
3939
3942
3941
3943
3941
3935
3935
3940
3936
3939
3936
3936
3931
3933
3935
3933
3930
3928
3928
3932
3930
3928
3926
3928
3926
3926
3928
3925
3924
3924
3924
3927
3927
3923
3925
3928
3925
3924
3924
3920
3916
3915
3919
3917
3909
3909
3915
3913
3912
3909
3910
3907
3907
3911
3909
3910
3910
3910
3912
3913
3911
3910
3909
3907
3905
3902
3901
3899
3896
3894
3892
3890
3885
3886
3890
3886
3885
3885
3884
3884
3882
3877
3879
3885
3880
3881
3882
3880
3875
3876
3884
3883
3882
3880
3881
3883
3882
3882
3884
3878
3879
3878
3882
3882
3880
3880
3874
3875
3875
3876
3876
3874
3873
3872
3871
3869
3869
3869
3869
3871
3864
3865
3868
3866
3866
3864
3862
3857
3860
3865
3864
3863
3865
3868
3866
3864
3865
3866
3866
3864
3864
3863
3862
3856
3858
3863
3862
3860
3858
3859
3859
3859
3860
3860
3854
3852
3853
3857
3853
3848
3848
3852
3847
3846
3843
3842
3845
3844
3844
3843
3843
3842
3843
3839
3839
3836
3837
3835
3835
3835
3832
3832
3833
3832
3830
3833
3833
3831
3833
3827
3827
3833
3831
3829
3823
3824
3829
3829
3828
3827
3826
3826
3825
3830
3831
3829
3829
3830
3830
3830
3831
3832
3831
3832
3834
3835
3834
3832
3834
3839
3836
3828
3830
3834
3835
3831
3830
3828
3822
3820
3825
3825
3824
3822
3819
3821
3822
3822
3822
3819
3816
3817
3821
3818
3811
3814
3818
3819
3818
3817
3817
3811
3811
3816
3814
3812
3811
3811
3811
3808
3806
3807
3806
3802
3803
3799
3798
3802
3799
3799
3797
3795
3796
3795
3792
3791
3791
3790
3792
3784
3786
3792
3792
3791
3788
3790
3791
3790
3791
3794
3793
3793
3793
3792
3791
3791
3791
3789
3788
3783
3784
3784
3786
3786
3781
3781
3786
3783
3781
3777
3778
3781
3779
3774
3776
3777
3779
3781
3778
3778
3781
3781
3780
3781
3781
3781
3780
3780
3779
3781
3780
3780
3782
3780
3779
3779
3779
3775
3777
3775
3774
3767
3766
3773
3773
3773
3774
3772
3774
3776
3771
3770
3777
3774
3774
3771
3771
3771
3769
3762
3764
3766
3765
3764
3764
3764
3760
3760
3761
3760
3760
3761
3762
3760
3760
3761
3761
3760
3761
3759
3753
3755
3759
3759
3756
3755
3752
3757
3756
3751
3752
3757
3756
3752
3755
3754
3752
3753
3747
3749
3749
3756
3755
3753
3754
3750
3749
3751
3755
3756
3755
3755
3755
3755
3752
3752
3753
3751
3751
3752
3749
3748
3750
3751
3745
3744
3749
3749
3742
3741
3744
3746
3745
3737
3739
3744
3742
3739
3739
3740
3746
3744
3742
3741
3742
3740
3742
3744
3744
3743
3745
3744
3742
3744
3743
3742
3742
3740
3738
3739
3739
3737
3736
3733
3732
3734
3733
3729
3729
3727
3734
3733
3730
3730
3731
3729
3729
3731
3728
3724
3727
3730
3727
3726
3725
3726
3723
3722
3727
3727
3722
3724
3724
3730
3733
3733
3731
3734
3733
3732
3733
3730
3728
3728
3728
3728
3722
3724
3725
3727
3725
3720
3718
3725
3725
3723
3721
3721
3717
3717
3720
3719
3719
3717
3716
3718
3714
3715
3716
3715
3713
3714
3713
3713
3709
3710
3716
3712
3711
3711
3710
3706
3708
3717
3715
3716
3715
3715
3714
3712
3713
3713
3709
3710
3710
3707
3707
3703
3704
3708
3706
3706
3704
3704
3699
3699
3702
3701
3701
3699
3698
3698
3697
3693
3695
3699
3697
3696
3698
3698
3696
3697
3692
3693
3693
3699
3697
3694
3694
3698
3696
3696
3696
3695
3694
3696
3693
3691
3698
3699
3696
3698
3699
3697
3697
3697
3697
3696
3695
3695
3694
3693
3692
3690
3690
3687
3686
3694
3693
3688
3690
3696
3695
3695
3696
3694
3693
3695
3692
3693
3695
3693
3691
3692
3690
3688
3689
3687
3681
3683
3687
3685
3685
3689
3690
3690
3688
3689
3689
3692
3693
3693
3690
3689
3690
3688
3685
3687
3689
3687
3687
3684
3683
3688
3688
3682
3683
3689
3689
3685
3686
3683
3682
3684
3684
3682
3684
3681
3679
3685
3686
3685
3685
3684
3681
3684
3689
3689
3688
3689
3687
3685
3686
3683
3681
3680
3677
3675
3675
3672
3672
3670
3667
3668
3668
3666
3668
3666
3667
3667
3667
3665
3667
3666
3665
3664
3660
3660
3662
3662
3656
3654
3656
3660
3659
3653
3653
3660
3656
3655
3655
3656
3660
3662
3661
3662
3660
3660
3660
3656
3657
3652
3650
3654
3654
3652
3649
3650
3650
3649
3644
3647
3651
3652
3652
3649
3649
3655
3654
3646
3648
3650
3652
3650
3652
3652
3649
3652
3652
3650
3650
3652
3650
3649
3650
3652
3652
3649
3648
3649
3643
3644
3647
3647
3648
3648
3647
3649
3650
3644
3644
3645
3649
3645
3645
3641
3636
3637
3642
3643
3641
3641
3643
3644
3643
3644
3646
3646
3640
3641
3649
3645
3644
3644
3645
3638
3638
3644
3642
3641
3639
3640
3639
3636
3637
3636
3631
3632
3635
3634
3633
3634
3632
3631
3632
3627
3629
3627
3630
3631
3625
3626
3631
3629
3627
3629
3628
3626
3626
3628
3627
3627
3628
3627
3627
3629
3628
3627
3627
3628
3626
3623
3624
3627
3625
3620
3621
3624
3624
3625
3620
3620
3626
3627
3624
3622
3624
3629
3628
3626
3629
3629
3629
3630
3632
3631
3629
3629
3629
3626
3624
3626
3627
3622
3622
3627
3629
3626
3625
3626
3626
3625
3622
3622
3618
3620
3619
3622
3621
3621
3621
3620
3618
3617
3619
3619
3614
3613
3617
3618
3612
3611
3611
3616
3615
3612
3610
3605
3608
3608
3614
3615
3614
3614
3614
3614
3615
3615
3615
3614
3614
3612
3611
3610
3610
3609
3609
3610
3610
3609
3612
3614
3614
3614
3614
3611
3613
3619
3620
3617
3614
3616
3622
3620
3615
3617
3622
3622
3619
3616
3618
3621
3620
3622
3621
3620
3619
3620
3614
3613
3622
3618
3617
3618
3617
3609
3610
3614
3611
3607
3609
3610
3607
3609
3604
3604
3608
3608
3606
3604
3604
3606
3604
3605
3608
3605
3607
3607
3605
3606
3605
3604
3606
3603
3601
3600
3600
3604
3604
3601
3603
3602
3597
3599
3603
3601
3596
3596
3600
3600
3597
3598
3598
3593
3592
3597
3596
3594
3594
3593
3594
3591
3592
3594
3594
3593
3592
3593
3591
3585
3587
3591
3590
3589
3585
3586
3590
3588
3583
3584
3585
3587
3587
3587
3587
3584
3585
3586
3584
3582
3583
3582
3582
3584
3581
3578
3579
3585
3583
3576
3580
3586
3583
3582
3583
3585
3581
3583
3588
3587
3588
3584
3584
3588
3586
3581
3583
3586
3584
3583
3582
3582
3581
3582
3581
3583
3583
3582
3580
3582
3582
3581
3583
3585
3581
3582
3585
3585
3587
3585
3584
3584
3585
3584
3582
3582
3584
3578
3576
3578
3582
3582
3578
3575
3581
3581
3579
3578
3578
3581
3582
3578
3581
3585
3592
3595
3593
3598
3608
3611
3615
3622
3629
3631
3636
3646
3653
3654
3661
3666
3677
3685
3692
3698
3702
3708
3714
3723
3729
3729
3736
3747
3754
3754
3759
3766
3774
3778
3784
3789
3793
3797
3799
3803
3806
3809
3811
3811
3810
3812
3814
