2744
2743
2742
2739
2738
2743
2742
2739
2739
2737
2732
2734
2735
2734
2731
2729
2729
2726
2723
2721
2720
2714
2712
2712
2715
2712
2711
2709
2702
2702
2701
2702
2700
2697
2695
2693
2690
2687
2686
2685
2683
2683
2677
2675
2679
2676
2676
2672
2671
2668
2668
2666
2664
2663
2661
2660
2658
2657
2655
2654
2654
2651
2651
2646
2644
2648
2646
2641
2641
2639
2643
2641
2639
2638
2633
2633
2633
2633
2632
2631
2631
2626
2626
2627
2628
2628
2622
2623
2627
2624
2624
2623
2621
2620
2620
2618
2618
2617
2616
2615
2616
2613
2610
2610
2615
2613
2611
2608
2608
2611
2610
2609
2608
2609
2607
2607
2605
2604
2603
2603
2603
2603
2603
2598
2598
2602
2600
2596
2596
2597
2598
2599
2593
2594
2598
2597
2596
2596
2594
2595
2594
2593
2593
2588
2589
2589
2591
2590
2590
2590
2588
2588
2589
2589
2586
2586
2586
2585
2586
2585
2584
2585
2580
2580
2584
2584
2577
2579
2579
2583
2582
2577
2579
2583
2581
2581
2580
2580
2579
2579
2580
2579
2579
2577
2577
2574
2574
2578
2576
2573
2573
2574
2576
2574
2575
2574
2573
2573
2572
2573
2572
2568
2569
2573
2572
2571
2572
2572
2568
2568
2573
2571
2566
2568
2567
2572
2569
2567
2567
2572
2571
2568
2566
2567
2572
2571
2572
2571
2570
2570
2569
2568
2569
2569
2570
2570
2568
2569
2569
2569
2571
2570
2566
2568
2569
2572
2574
2570
2570
2576
2574
2574
2574
2572
2573
2572
2568
2570
2574
2573
2571
2572
2571
2572
2571
2570
2571
2569
2570
2570
2569
2569
2565
2565
2571
2570
2569
2570
2569
2569
2569
2566
2566
2567
2571
2570
2570
2569
2568
2568
2568
2567
2567
2566
2566
2564
2566
2564
2565
2563
2561
2562
2566
2564
2559
2560
2560
2564
2563
2562
2564
2558
2560
2561
2563
2562
2561
2562
2561
2562
2557
2558
2559
2562
2562
2561
2561
2560
2561
2561
2557
2556
2560
2561
2555
2558
2558
2560
2561
2559
2559
2559
2559
2559
2560
2559
2555
2556
2561
2561
2562
2561
2560
2562
2560
2557
2559
2563
2564
2562
2560
2562
2565
2566
2564
2566
2565
2566
2565
2566
2566
2562
2563
2568
2569
2569
2568
2568
2569
2569
2570
2570
2571
2571
2570
2571
2571
2573
2572
2574
2573
2574
2574
2575
2571
2571
2578
2578
2578
2579
2579
2576
2579
2583
2584
2582
2580
2582
2587
2587
2582
2584
2591
2590
2591
2588
2589
2594
2594
2594
2596
2595
2596
2597
2598
2600
2601
2603
2603
2606
2605
2604
2604
2611
2612
2612
2613
2614
2614
2616
2614
2614
2621
2621
2623
2619
2622
2628
2627
2630
2630
2632
2633
2634
2632
2634
2641
2641
2643
2643
2645
2646
2648
2649
2651
2648
2651
2654
2659
2660
2659
2661
2667
2669
2669
2671
2672
2675
2678
2674
2679
2685
2686
2689
2690
2693
2696
2698
2696
2699
2702
2707
2709
2710
2713
2716
2718
2720
2722
2723
2727
2730
2732
2734
2733
2737
2740
2746
2750
2748
2751
2759
2762
2763
2765
2768
2772
2775
2779
2782
2782
2784
2788
2795
2798
2796
2799
2807
2810
2813
2810
2815
2823
2825
2823
2827
2831
2838
2840
2843
2848
2851
2853
2858
2861
2864
2869
2872
2876
2880
2883
2887
2890
2890
2895
2904
2907
2910
2915
2919
2919
2923
2933
2935
2934
2939
2946
2952
2956
2958
2963
2966
2972
2971
2975
2980
2988
2994
2992
2998
3007
3010
3016
3019
3022
3027
3032
3036
3041
3046
3050
3055
3059
3066
3068
3074
3078
3084
3088
3089
3094
3105
3109
3112
3117
3121
3126
3130
3129
3137
3147
3150
3154
3158
3163
3169
3174
3175
3179
3189
3194
3199
3204
3209
3215
3220
3220
3226
3232
3241
3245
3246
3253
3263
3266
3271
3277
3282
3283
3290
3300
3304
3304
3310
3315
3327
3331
3335
3341
3347
3351
3356
3360
3365
3369
3376
3381
3386
3391
3396
3401
3406
3411
3417
3422
3421
3427
3434
3441
3446
3451
3456
3461
3464
3470
3476
3479
3485
3490
3489
3494
3500
3508
3513
3514
3519
3529
3532
3533
3539
3545
3556
3560
3559
3565
3576
3580
3585
3584
3590
3600
3604
3603
3610
3619
3626
3630
3635
3640
3645
3650
3656
3660
3663
3669
3673
3678
3683
3681
3689
3692
3704
3707
3712
3715
3719
3724
3728
3734
3738
3744
3749
3748
3755
3767
3770
3776
3780
3783
3789
3793
3793
3798
3803
3814
3817
3821
3826
3828
3833
3835
3837
3843
3850
3855
3860
3865
3863
3867
3874
3883
3886
3890
3895
3892
3898
3901
3913
3916
3919
3922
3926
3931
3936
3937
3942
3946
3949
3953
3956
3961
3966
3969
3973
3976
3979
3982
3986
3988
3993
3990
3995
4006
4007
4010
4015
4018
4021
4024
4023
4030
4037
4039
4041
4046
4050
4049
4052
4061
4063
4062
4065
4069
4077
4080
4083
4085
4089
4092
4096
4099
4101
4104
4107
4107
4110
4119
4121
4125
4126
4128
4126
4129
4138
4140
4145
4150
4149
4145
4151
4159
4159
4160
4162
4164
4167
4166
4162
4166
4174
4173
4175
4177
4180
4183
4182
4178
4182
4183
4192
4193
4195
4195
4197
4200
4202
4202
4203
4205
4207
4204
4207
4210
4214
4216
4218
4219
4216
4220
4230
4228
4231
4228
4230
4236
4238
4239
4241
4243
4243
4245
4247
4249
4244
4249
4258
4257
4257
4261
4263
4265
4265
4266
4269
4271
4267
4268
4277
4280
4279
4280
4277
4277
4280
4285
4287
4285
4285
4295
4295
4295
4294
4296
4298
4299
4299
4300
4301
4302
4302
4298
4302
4309
4309
4308
4311
4311
4312
4312
4309
4311
4317
4315
4318
4319
4319
4320
4321
4316
4317
4320
4326
4324
4325
4328
4326
4327
4326
4324
4325
4331
4332
4332
4330
4332
4333
4332
4331
4333
4334
4334
4335
4336
4338
4331
4334
4340
4339
4333
4336
4338
4341
4341
4335
4334
4343
4341
4342
4339
4339
4339
4337
4336
4338
4336
4338
4339
4332
4335
4340
4337
4330
4333
4336
4338
4338
4331
4331
4340
4339
4339
4338
4338
4337
4337
4337
4336
4335
4336
4337
4335
4332
4334
4332
4329
4330
4324
4321
4322
4325
4323
4320
4322
4318
4319
4319
4311
4313
4318
4314
4315
4314
4312
4312
4312
4313
4310
4311
4312
4309
4305
4308
4312
4309
4311
4308
4310
4307
4307
4301
4302
4309
4306
4305
4305
4303
4302
4303
4300
4299
4300
4297
4299
4299
4297
4298
4297
4292
4294
4299
4298
4296
4293
4291
4297
4295
4288
4289
4290
4295
4293
4292
4289
4290
4289
4286
4286
4283
4278
4275
4280
4278
4274
4273
4270
4267
4267
4265
4263
4260
4257
4256
4253
4254
4252
4251
4242
4241
4244
4244
4244
4240
4238
4234
4234
4233
4231
4229
4226
4226
4222
4222
4219
4219
4216
4212
4212
4205
4205
4210
4205
4204
4198
4197
4203
4199
4191
4191
4197
4195
4189
4191
4188
4190
4188
4180
4182
4182
4185
4185
4185
4181
4178
4179
4177
4173
4174
4169
4170
4167
4165
4165
4162
4162
4158
4155
4155
4153
4149
4149
4147
4142
4143
4135
4133
4139
4136
4128
4125
4125
4124
4122
4120
4116
4108
4109
4106
4109
4108
4099
4097
4102
4100
4099
4093
4094
4091
4090
4088
4087
4087
4084
4081
4081
4079
4076
4075
4068
4066
4066
4070
4068
4065
4062
4060
4059
4055
4054
4054
4051
4048
4047
4047
4046
4044
4042
4035
4037
4042
4039
4035
4034
4034
4032
4032
4028
4028
4019
4020
4019
4020
4019
4018
4015
4014
4011
4006
4002
4002
4007
4003
3997
3995
4000
3999
3995
3993
3992
3990
3991
3988
3988
3985
3985
3984
3977
3976
3980
3976
3975
3973
3969
3966
3963
3960
3958
3956
3952
3950
3948
3942
3941
3939
3937
3935
3933
3926
3923
3928
3927
3921
3919
3919
3920
3919
3918
3915
3913
3912
3908
3908
3906
3905
3902
3897
3897
3902
3899
3896
3895
3893
3884
3885
3890
3886
3886
3882
3880
3878
3876
3876
3875
3873
3870
3869
3868
3865
3862
3860
3849
3850
3848
3851
3849
3841
3838
3843
3838
3835
3827
3827
3829
3824
3817
3815
3821
3819
3814
3812
3808
3806
3804
3804
3802
3802
3799
3798
3798
3797
3797
3794
3792
3789
3786
3782
3780
3774
3771
3775
3771
3767
3765
3762
3754
3755
3758
3755
3751
3747
3744
3742
3740
3738
3736
3731
3727
3727
3730
3726
3725
3723
3721
3721
3717
3711
3711
3713
3711
3709
3706
3705
3699
3698
3702
3698
3690
3690
3691
3691
3691
3689
3688
3688
3685
3678
3677
3676
3678
3674
3673
3673
3671
3670
3667
3661
3660
3663
3662
3657
3655
3653
3651
3649
3646
3644
3636
3636
3641
3638
3635
3635
3632
3631
3629
3626
3625
3623
3621
3621
3617
3616
3615
3613
3609
3606
3605
3609
3606
3602
3603
3600
3599
3599
3592
3591
3595
3592
3584
3584
3581
3585
3582
3574
3575
3579
3575
3573
3570
3568
3566
3564
3559
3558
3552
3551
3549
3552
3552
3550
3551
3544
3544
3545
3546
3546
3539
3537
3541
3536
3535
3533
3530
3530
3528
3520
3519
3523
3520
3520
3518
3515
3513
3513
3508
3509
3506
3504
3502
3501
3500
3501
3500
3498
3497
3497
3495
3494
3492
3490
3490
3489
3488
3486
3483
3482
3479
3472
3471
3470
3474
3472
3470
3470
3462
3462
3462
3463
3458
3457
3454
3454
3452
3450
3448
3446
3439
3440
3443
3442
3436
3436
3435
3439
3436
3430
3429
3436
3434
3432
3431
3431
3428
3427
3425
3423
3421
3421
3418
3417
3415
3412
3411
3403
3402
3402
3403
3402
3394
3394
3399
3395
3393
3390
3388
3385
3385
3385
3382
3380
3378
3378
3377
3377
3371
3370
3375
3373
3371
3369
3367
3360
3360
3364
3361
3359
3357
3355
3351
3351
3348
3347
3340
3340
3336
3339
3336
3335
3332
3332
3330
3331
3329
3328
3327
3326
3325
3324
3321
3317
3316
3319
3317
3310
3311
3316
3314
3312
3310
3309
3307
3306
3305
3303
3303
3301
3300
3295
3295
3301
3299
3299
3299
3298
3292
3293
3297
3295
3294
3295
3292
3290
3288
3287
3284
3283
3282
3282
3277
3279
3284
3281
3275
3275
3275
3277
3273
3269
3267
3261
3260
3263
3261
3258
3256
3254
3252
3251
3248
3248
3246
3244
3243
3237
3237
3241
3238
3234
3232
3232
3236
3233
3232
3230
3229
3228
3226
3225
3224
3221
3222
3221
3220
3219
3217
3216
3214
3214
3209
3209
3212
3212
3210
3204
3204
3207
3204
3202
3199
3198
3196
3195
3189
3189
3193
3191
3188
3186
3184
3177
3177
3181
3179
3178
3177
3175
3174
3173
3173
3171
3171
3171
3170
3169
3168
3165
3166
3165
3164
3162
3161
3161
3159
3159
3153
3154
3155
3154
3155
3155
3155
3154
3154
3148
3147
3146
3150
3149
3148
3146
3139
3139
3139
3142
3142
3139
3138
3133
3134
3137
3139
3139
3138
3138
3137
3136
3135
3134
3133
3131
3130
3129
3128
3121
3122
3122
3125
3122
3121
3120
3117
3116
3113
3111
3110
3115
3114
3114
3112
3107
3105
3105
3109
3107
3105
3104
3103
3102
3100
3094
3095
3098
3098
3097
3097
3094
3094
3094
3099
3097
3096
3095
3094
3093
3092
3091
3089
3087
3086
3085
3084
3083
3078
3078
3082
3080
3079
3078
3075
3074
3074
3074
3074
3073
3072
3072
3072
3071
3070
3069
3062
3061
3067
3065
3062
3056
3055
3059
3058
3053
3053
3055
3057
3054
3053
3054
3052
3052
3051
3051
3050
3044
3044
3047
3046
3045
3043
3043
3042
3041
3039
3037
3032
3033
3034
3035
3034
3029
3027
3033
3031
3030
3029
3029
3029
3028
3029
3029
3029
3030
3029
3029
3027
3027
3027
3024
3021
3020
3017
3017
3015
3013
3007
3007
3011
3010
3009
3004
3003
3007
3005
2999
3000
2999
3002
3002
3000
2999
2994
2993
2996
2996
2995
2994
2994
2994
2992
2989
2988
2988
2986
2985
2983
2982
2982
2980
2977
2978
2977
2976
2976
2970
2971
2973
2973
2972
2968
2969
2971
2970
2964
2964
2965
2968
2968
2967
2965
2960
2961
2960
2964
2964
2964
2965
2964
2965
2964
2962
2960
2961
2959
2954
2954
2959
2958
2959
2957
2956
2955
2955
2952
2951
2950
2954
2952
2951
2951
2950
2949
2948
2948
2947
2945
2944
2944
2942
2937
2937
2938
2942
2941
2935
2935
2940
2939
2938
2935
2935
2935
2934
2933
2932
2928
2926
2928
2929
2931
2932
2931
2932
2930
2930
2924
2925
2929
2927
2926
2926
2926
2926
2926
2923
2924
2930
2929
2928
2925
2925
2930
2930
2930
2928
2928
2928
2928
2929
2927
2927
2928
2924
2925
2925
2928
2925
2919
2917
2921
2919
2918
2917
2916
2909
2909
2912
2912
2910
2908
2906
2906
2904
2902
2902
2901
2899
2899
2899
2897
2897
2895
2890
2892
2893
2895
2894
2895
2895
2889
2890
2894
2893
2892
2885
2886
2890
2889
2887
2887
2886
2884
2885
2880
2880
2885
2883
2881
2880
2879
2878
2877
2872
2872
2876
2875
2873
2873
2873
2872
2871
2870
2869
2868
2867
2868
2866
2866
2864
2864
2862
2860
2861
2864
2863
2862
2862
2861
2862
2860
2861
2862
2857
2860
2866
2866
2865
2865
2864
2865
2866
2865
2865
2864
2864
2864
2861
2862
2867
2865
2859
2859
2858
2863
2860
2855
2854
2859
2856
2856
2855
2853
2852
2851
2851
2849
2847
2846
2847
2847
2846
2846
2845
2839
2841
2841
2845
2845
2841
2840
2843
2842
2842
2838
2839
2842
2841
2841
2840
2839
2838
2837
2838
2837
2838
2836
2836
2837
2838
2839
2838
2833
2834
2840
2840
2838
2839
2837
2839
2838
2839
2838
2836
2834
2834
2838
2835
2833
2833
2828
2827
2826
2829
2827
2821
2823
2826
2825
2822
2818
2816
2821
2821
2820
2819
2819
2819
2820
2821
2821
2822
2824
2825
2826
2827
2827
2827
2825
2826
2825
2823
2822
2819
2818
2821
2819
2813
2812
2813
2815
2814
2808
2807
2812
2811
2807
2808
2807
2806
2804
2804
2803
2798
2799
2799
2802
2801
2797
2797
2801
2797
2796
2798
2797
2795
2795
2796
2795
2796
2797
2795
2792
2792
2798
2796
2796
2794
2796
2795
2795
2789
2791
2795
2793
2791
2790
2791
2796
2794
2794
2794
2793
2791
2790
2789
2787
2786
2785
2784
2784
2783
2782
2784
2784
2783
2778
2778
2782
2785
2783
2783
2783
2779
2779
2783
2783
2781
2782
2780
2775
2776
2781
2780
2778
2775
2775
2780
2778
2778
2777
2776
2776
2775
2773
2773
2773
2771
2770
2771
2769
2768
2768
2769
2767
2766
2767
2764
2764
2763
2765
2765
2759
2760
2763
2764
2764
2759
2762
2768
2766
2763
2766
2766
2768
2769
2769
2766
2765
2764
2762
2756
2757
2762
2760
2754
2755
2758
2760
2760
2758
2760
2766
2768
2769
2768
2769
2769
2768
2769
2769
2764
2765
2766
2770
2767
2767
2766
2764
2763
2761
2759
2759
2758
2758
2757
2755
2756
2756
2755
2755
2754
2754
2755
2755
2754
2755
2750
2749
2754
2752
2747
2747
2749
2749
2747
2747
2745
2746
2745
2743
2744
2742
2739
2740
2743
2742
2737
2737
2737
2741
2741
2741
2741
2739
2740
2739
2738
2738
2738
2738
2737
2737
2732
2731
2733
2737
2734
2730
2730
2735
2735
2734
2732
2733
2736
2735
2735
2735
2735
2735
2736
2731
2731
2735
2732
2734
2733
2731
2731
2730
2730
2731
2729
2729
2728
2729
2729
2728
2729
2729
2728
2728
2727
2728
2729
2727
2729
2728
2727
2729
2727
2723
2724
2728
2726
2725
2726
2726
2726
2728
2722
2724
2728
2726
2725
2720
2721
2725
2723
2723
2723
2717
2719
2720
2723
2722
2716
2717
2720
2721
2719
2716
2717
2712
2713
2718
2715
2715
2713
2713
2713
2711
2711
2710
2710
2708
2708
2707
2707
2703
2703
2708
2705
2706
2704
2703
2700
2700
2705
2703
2703
2703
2702
2703
2703
2704
2704
2704
2705
2705
2705
2706
2705
2707
2706
2705
2705
2701
2702
2708
2707
2707
2709
2708
2707
2706
2711
2710
2710
2709
2704
2705
2706
2708
2707
2703
2700
2706
2704
2701
2702
2700
2699
2698
2697
2697
2696
2695
2695
2694
2694
2688
2690
2694
2694
2694
2695
2696
2697
2700
2696
2698
2700
2706
2704
2706
2706
2705
2707
2704
2703
2703
2706
2706
2700
2701
2706
2704
2705
2703
2703
2702
2700
2695
2694
2694
2698
2695
2695
2693
2692
2692
2690
2688
2688
2687
2686
2685
2684
2683
2683
2680
2677
2679
2680
2680
2679
2681
2681
2677
2677
2681
2681
2675
2676
2678
2679
2680
2674
2674
2678
2677
2676
2675
2674
2674
2673
2673
2672
2672
2670
2670
2669
2668
2668
2670
2668
2668
2666
2664
2665
2669
2668
2666
2664
2665
2665
2665
2666
2665
2660
2661
2666
2664
2663
2659
2661
2663
2662
2658
2659
2663
2665
2663
2663
2662
2662
2662
2662
2662
2661
2662
2662
2662
2661
2661
2661
2661
2661
2660
2661
2660
2656
2656
2658
2660
2660
2661
2662
2658
2661
2669
2668
2669
2665
2668
2674
2672
2673
2672
2674
2674
2674
2674
2674
2674
2672
2672
2670
2670
2668
2669
2662
2664
2668
2665
2665
2663
2663
2661
2661
2656
2658
2655
2660
2659
2660
2660
2655
2658
2660
2660
2660
2655
2656
2659
2658
2658
2656
2656
2655
2656
2655
2656
2654
2656
2655
2656
2657
2657
2657
2652
2655
2656
2660
2658
2658
2658
2654
2654
2658
2656
2655
2652
2652
2651
2651
2646
2648
2646
2652
2650
2649
2649
2650
2650
2651
2651
2651
2648
2648
2653
2652
2652
2652
2651
2651
2651
2650
2649
2644
2646
2646
2649
2647
2646
2646
2646
2645
2645
2643
2643
2639
2638
2643
2641
2642
2644
2645
2642
2645
2650
2651
2648
2652
2652
2658
2657
2653
2653
2657
2656
2655
2652
2652
2649
2649
2647
2647
2645
2645
2643
2644
2642
2643
2640
2640
2639
2639
2639
2638
2633
2634
2637
2636
2635
2635
2636
2631
2630
2635
2633
2629
2629
2631
2634
2635
2633
2635
2634
2634
2634
2634
2634
2635
2635
2635
2636
2634
2635
2635
2634
2633
2629
2631
2634
2633
2634
2633
2633
2629
2630
2633
2633
2634
2632
2632
2628
2628
2633
2631
2627
2627
2626
2630
2629
2628
2627
2623
2624
2624
2628
2629
2627
2628
2628
2628
2628
2627
2627
2626
2626
2626
2626
2625
2626
2624
2621
2620
2625
2624
2618
2617
2619
2623
2624
2623
2624
2619
2620
2620
2622
2623
2623
2622
2622
2621
2621
2618
2618
2622
2620
2619
2619
2617
2617
2618
2613
2614
2619
2618
2618
2620
2618
2619
2619
2613
2615
2621
2620
2619
2618
2617
2616
2616
2616
2616
2612
2614
2614
2617
2617
2616
2618
2619
2619
2622
2621
2621
2617
2618
2622
2620
2620
2619
2618
2619
2618
2612
2613
2620
2620
2620
2621
2621
2623
2622
2623
2624
2622
2623
2624
2624
2624
2624
2624
2621
2618
2620
2623
2623
2620
2620
2624
2625
2624
2623
2625
2625
2625
2626
2626
2626
2625
2624
2624
2623
2618
2619
2620
2622
2621
2620
2618
2613
2613
2619
2618
2615
2611
2611
2613
2612
2614
2614
2613
2609
2609
2613
2612
2607
2609
2612
2612
2613
2613
2611
2611
2609
2610
2609
2607
2607
2607
2606
2605
2605
2605
2605
2605
2605
2604
2604
2602
2603
2600
2599
2602
2606
2607
2603
2603
2609
2610
2610
2611
2610
2607
2608
2612
2610
2609
2609
2608
2603
2606
2610
2609
2606
2605
2603
2608
2607
2606
2606
2604
2605
2605
2605
2605
2606
2605
2604
2604
2603
2602
2601
2603
2602
2601
2601
2601
2600
2600
2602
2602
2597
2597
2602
2602
2600
2596
2596
2600
2598
2597
2597
2597
2595
2593
2589
2590
2594
2593
2594
2593
2592
2593
2593
2589
2589
2596
2596
2595
2593
2593
2596
2596
2592
2593
2591
2594
2594
2595
2594
2589
2591
2592
2594
2593
2591
2592
2592
2588
2590
2590
2588
2589
2589
2590
2591
2592
2594
2595
2596
2596
2598
2599
2599
2601
2599
2596
2596
2600
2600
2598
2598
2597
2595
2594
2588
2590
2593
2592
2589
2589
2588
2591
2591
2591
2589
2588
2588
2587
2586
2586
2580
2581
2585
2583
2583
2582
2582
2582
2583
2584
2583
2584
2585
2586
2584
2586
2591
2590
2587
2587
2589
2592
2590
2585
2585
2590
2588
2589
2589
2587
2584
2585
2589
2589
2588
2588
2588
2587
2586
2586
2585
2584
2584
2583
2582
2583
2582
2583
2583
2582
2583
2582
2581
2577
2578
2581
2578
2579
2578
2576
2577
2575
2575
2576
2574
2574
2574
2574
2574
2571
2572
2578
2576
2574
2576
2577
2583
2584
2581
2582
2588
2589
2588
2589
2588
2584
2586
2591
2589
2588
2589
2588
2587
2587
2582
2584
2588
2587
2587
2585
2585
2585
2583
2581
2582
2581
2580
2580
2575
2577
2581
2579
2578
2577
2578
2577
2577
2575
2576
2575
2574
2573
2574
2574
2572
2572
2567
2568
2568
2571
2570
2566
2567
2571
2569
2567
2569
2568
2563
2564
2568
2567
2563
2561
2562
2567
2568
2569
2568
2563
2566
2567
2570
2569
2569
2570
2570
2570
2569
2571
2572
2569
2569
2569
2569
2569
2569
2567
2568
2568
2568
2567
2563
2565
2566
2570
2569
2565
2564
2568
2567
2565
2562
2560
2567
2566
2565
2565
2560
2561
2559
2564
2563
2563
2561
2562
2560
2561
2560
2562
2561
2562
2564
2565
2565
2567
2566
2567
2566
2566
2567
2564
2564
2563
2568
2567
2566
2565
2566
2566
2566
2565
2565
2564
2564
2564
2563
2563
2560
2560
2563
2562
2562
2562
2559
2560
2561
2567
2568
2567
2568
2575
2577
2581
2580
2585
2593
2596
2595
2599
2604
2612
2616
2616
2621
2631
2636
2637
2642
2644
2655
2658
2660
2666
2671
2675
2680
2680
2686
2696
2700
2703
2707
2711
2713
2716
2719
2721
2724
2727
2729
2730
2731
2732
2734
2735
2736
2735
