4494
4493
4493
4493
4489
4490
4493
4491
4488
4480
4478
4479
4475
4471
4466
4463
4459
4455
4453
4447
4438
4436
4433
4432
4426
4422
4417
4413
4407
4400
4395
4390
4390
4386
4379
4376
4377
4372
4368
4364
4359
4355
4349
4346
4342
4340
4336
4334
4332
4328
4325
4323
4321
4317
4314
4311
4309
4310
4308
4302
4300
4297
4297
4293
4284
4283
4285
4282
4279
4274
4273
4277
4273
4267
4269
4268
4268
4266
4263
4260
4254
4253
4257
4253
4250
4248
4245
4243
4241
4239
4238
4238
4234
4233
4232
4228
4227
4227
4226
4221
4220
4225
4224
4218
4218
4223
4220
4218
4214
4212
4216
4215
4215
4214
4214
4212
4211
4211
4212
4212
4212
4213
4213
4211
4211
4209
4203
4205
4210
4208
4205
4200
4201
4204
4203
4200
4200
4199
4200
4199
4192
4192
4200
4198
4198
4199
4198
4195
4198
4200
4200
4200
4201
4200
4198
4199
4198
4198
4197
4197
4195
4195
4194
4192
4192
4192
4190
4187
4186
4190
4192
4190
4185
4183
4189
4188
4188
4188
4187
4183
4182
4189
4186
4185
4185
4184
4184
4184
4182
4180
4178
4179
4178
4172
4175
4179
4177
4170
4170
4171
4174
4171
4173
4173
4175
4174
4174
4173
4172
4173
4172
4166
4168
4168
4170
4170
4170
4171
4165
4166
4170
4170
4169
4169
4169
4170
4171
4171
4171
4172
4170
4171
4170
4169
4169
4168
4164
4161
4161
4165
4163
4159
4159
4165
4164
4165
4165
4165
4160
4161
4162
4161
4161
4156
4157
4162
4165
4162
4163
4165
4169
4166
4167
4163
4162
4162
4161
4162
4162
4159
4160
4161
4159
4161
4161
4160
4162
4164
4165
4167
4168
4169
4170
4169
4168
4162
4166
4169
4168
4162
4164
4164
4168
4165
4164
4163
4162
4163
4160
4159
4159
4164
4164
4164
4162
4164
4163
4163
4163
4164
4159
4162
4168
4167
4167
4164
4166
4170
4167
4169
4168
4168
4168
4166
4167
4167
4166
4166
4165
4165
4165
4165
4162
4164
4165
4165
4166
4166
4162
4163
4167
4167
4163
4167
4168
4173
4173
4169
4172
4177
4178
4181
4183
4183
4182
4186
4191
4193
4194
4194
4196
4197
4199
4201
4202
4203
4205
4205
4206
4210
4211
4212
4211
4214
4214
4216
4219
4216
4217
4225
4224
4222
4225
4228
4234
4235
4232
4235
4240
4243
4244
4247
4250
4253
4256
4259
4262
4264
4267
4269
4271
4273
4282
4284
4287
4291
4294
4296
4299
4302
4305
4304
4310
4315
4324
4327
4332
4335
4332
4340
4346
4352
4358
4362
4366
4371
4376
4381
4384
4388
4392
4398
4401
4407
4408
4415
4419
4425
4431
4430
4437
4451
4455
4460
4462
4468
4479
4483
4486
4494
4507
4512
4517
4524
4529
4537
4544
4547
4556
4563
4574
4583
4588
4598
4602
4613
4618
4625
4635
4642
4652
4661
4671
4677
4684
4691
4703
4710
4714
4723
4736
4743
4751
4756
4765
4779
4788
4797
4807
4813
4820
4831
4846
4856
4865
4876
4879
4892
4902
4916
4925
4933
4942
4955
4965
4976
4988
4999
5011
5021
5032
5041
5052
5065
5075
5086
5097
5100
5112
5131
5139
5149
5161
5173
5185
5199
5207
5219
5229
5243
5254
5265
5280
5290
5307
5320
5333
5348
5367
5379
5395
5409
5415
5428
5441
5461
5472
5487
5496
5503
5517
5532
5549
5561
5569
5582
5602
5611
5625
5641
5655
5664
5676
5697
5710
5725
5739
5750
5766
5779
5795
5809
5828
5844
5861
5877
5893
5905
5923
5944
5957
5966
5979
5992
6009
6020
6034
6047
6062
6077
6090
6106
6121
6135
6151
6165
6181
6191
6203
6218
6230
6242
6254
6264
6273
6282
6291
6306
6317
6324
6337
6355
6369
6381
6397
6412
6423
6440
6459
6472
6487
6504
6520
6529
6547
6568
6581
6594
6606
6625
6647
6663
6678
6692
6708
6724
6740
6756
6775
6792
6810
6824
6845
6862
6875
6892
6914
6929
6936
6948
6958
6969
6976
6978
6987
7004
7010
7022
7032
7043
7055
7068
7077
7089
7102
7117
7130
7144
7156
7168
7179
7186
7198
7212
7224
7234
7244
7251
7263
7271
7283
7293
7305
7315
7326
7337
7347
7359
7371
7383
7395
7408
7423
7436
7445
7458
7471
7487
7497
7500
7511
7527
7532
7535
7548
7558
7573
7581
7587
7602
7621
7632
7645
7658
7670
7685
7695
7707
7715
7726
7734
7743
7747
7759
7772
7782
7784
7795
7807
7820
7829
7838
7851
7864
7875
7885
7891
7902
7916
7929
7938
7951
7966
7979
7992
8008
8024
8040
8057
8069
8079
8087
8091
8101
8114
8121
8125
8135
8139
8143
8145
8147
8147
8140
8147
8152
8156
8161
8157
8165
8177
8181
8188
8194
8200
8206
8213
8224
8230
8239
8248
8257
8261
8270
8281
8282
8284
8284
8287
8292
8296
8302
8311
8318
8326
8335
8341
8350
8353
8357
8360
8363
8364
8366
8368
8370
8371
8372
8373
8366
8374
8382
8388
8396
8394
8401
8414
8421
8423
8431
8438
8448
8452
8451
8457
8465
8466
8468
8469
8469
8471
8471
8474
8476
8474
8475
8483
8494
8498
8501
8504
8508
8511
8512
8514
8518
8517
8519
8518
8512
8509
8505
8497
8494
8488
8475
8475
8477
8483
8486
8485
8489
8508
8514
8524
8534
8544
8551
8561
8569
8579
8582
8590
8602
8612
8617
8618
8627
8636
8639
8643
8647
8650
8653
8655
8653
8655
8649
8654
8657
8665
8666
8671
8677
8673
8680
8686
8696
8694
8696
8695
8701
8697
8691
8687
8685
8682
8677
8676
8674
8673
8673
8672
8675
8679
8673
8677
8691
8692
8696
8698
8706
8717
8719
8722
8726
8729
8732
8734
8739
8744
8748
8748
8739
8740
8743
8747
8746
8748
8749
8750
8751
8754
8753
8753
8756
8755
8757
8755
8753
8750
8748
8742
8742
8745
8738
8722
8724
8716
8713
8704
8693
8684
8675
8665
8655
8645
8637
8633
8628
8619
8613
8606
8596
8590
8589
8582
8579
8577
8569
8573
8579
8585
8589
8591
8592
8589
8596
8599
8606
8611
8608
8611
8621
8622
8628
8633
8641
8644
8648
8652
8656
8656
8658
8662
8662
8661
