4849
4848
4849
4844
4841
4841
4840
4834
4830
4825
4827
4821
4816
4811
4805
4801
4795
4790
4785
4781
4774
4770
4761
4755
4756
4749
4741
4733
4729
4726
4720
4716
4710
4704
4701
4695
4690
4685
4679
4677
4672
4667
4664
4662
4655
4650
4648
4648
4644
4638
4633
4631
4631
4628
4620
4621
4621
4617
4616
4610
4609
4602
4601
4603
4600
4598
4596
4593
4590
4591
4587
4588
4585
4583
4581
4580
4580
4576
4574
4567
4567
4566
4567
4566
4560
4563
4566
4564
4563
4556
4557
4558
4557
4550
4548
4549
4547
4547
4544
4542
4536
4537
4539
4537
4536
4534
4533
4532
4531
4529
4530
4528
4529
4528
4527
4527
4525
4525
4524
4524
4524
4520
4520
4523
4523
4523
4521
4521
4523
4520
4519
4519
4519
4519
4519
4514
4515
4520
4518
4519
4517
4516
4512
4512
4515
4516
4510
4511
4514
4513
4513
4511
4511
4506
4506
4510
4509
4507
4505
4503
4502
4500
4498
4495
4495
4492
4493
4490
4491
4490
4489
4483
4485
4485
4489
4488
4490
4490
4490
4492
4491
4487
4486
4489
4488
4482
4483
4483
4484
4484
4480
4481
4486
4483
4483
4481
4481
4479
4479
4477
4477
4471
4472
4471
4475
4475
4474
4473
4469
4471
4470
4473
4473
4471
4470
4468
4468
4468
4468
4468
4466
4465
4472
4472
4471
4472
4472
4469
4467
4473
4471
4466
4469
4470
4472
4471
4471
4469
4470
4468
4468
4468
4466
4467
4468
4468
4467
4464
4464
4465
4468
4466
4468
4466
4461
4464
4469
4471
4472
4469
4471
4478
4479
4478
4479
4477
4477
4474
4471
4470
4467
4468
4465
4463
4462
4467
4465
4464
4464
4462
4463
4462
4460
4460
4459
4458
4458
4456
4456
4454
4457
4450
4452
4457
4452
4454
4456
4457
4456
4459
4453
4456
4459
4463
4464
4463
4464
4461
4464
4467
4467
4468
4469
4467
4469
4470
4469
4472
4471
4469
4472
4477
4478
4478
4480
4481
4480
4481
4478
4479
4484
4485
4480
4481
4480
4486
4486
4488
4489
4484
4488
4487
4492
4492
4495
4495
4492
4493
4496
4499
4500
4502
4503
4503
4504
4506
4507
4509
4511
4513
4516
4517
4521
4522
4524
4526
4527
4528
4531
4533
4539
4541
4544
4546
4548
4553
4554
4555
4554
4558
4562
4568
4569
4568
4573
4579
4582
4583
4583
4585
4592
4595
4593
4600
4605
4612
4615
4618
4622
4622
4627
4634
4637
4641
4644
4648
4652
4655
4662
4668
4672
4674
4680
4690
4693
4700
4704
4709
4714
4721
4721
4727
4739
4743
4748
4754
4761
4765
4771
4776
4784
4786
4793
4802
4811
4817
4825
4833
4840
4848
4856
4864
4873
4880
4887
4888
4899
4911
4916
4924
4928
4936
4950
4958
4968
4976
4985
4994
5005
5008
5018
5035
5042
5048
5058
5066
5081
5088
5100
5108
5118
5130
5139
5151
5160
5168
5179
5197
5206
5217
5226
5239
5251
5265
5278
5289
5298
5308
5323
5336
5347
5352
5365
5380
5391
5402
5415
5427
5435
5446
5465
5477
5486
5499
5509
5523
5534
5546
5558
5569
5579
5591
5600
5611
5614
5627
5644
5655
5667
5675
5690
5708
5721
5736
5750
5765
5779
5794
5809
5823
5831
5847
5864
5879
5895
5909
5927
5939
5957
5982
5999
6018
6036
6054
6073
6093
6113
6133
6151
6171
6188
6208
6225
6243
6264
6280
6299
6317
6335
6355
6372
6389
6397
6415
6428
6447
6458
6467
6480
6503
6514
6530
6544
6559
6577
6594
6609
6627
6643
6658
6676
6697
6714
6727
6745
6766
6781
6797
6813
6830
6841
6858
6884
6897
6911
6925
6940
6963
6975
6994
7009
7025
7039
7055
7061
7076
7094
7107
7123
7135
7154
7167
7183
7199
7219
7235
7256
7271
7283
7299
7319
7331
7344
7358
7377
7392
7409
7423
7436
7451
7466
7480
7492
7504
7513
7526
7541
7549
7557
7568
7579
7590
7605
7614
7630
7649
7663
7676
7690
7706
7724
7741
7750
7768
7778
7791
7805
7813
7826
7846
7858
7874
7889
7904
7915
7929
7943
7956
7965
7981
7996
8014
8023
8030
8045
8063
8075
8090
8102
8114
8126
8140
8149
8163
8175
8186
8198
8209
8222
8234
8247
8258
8273
8286
8302
8313
8328
8338
8346
8361
8379
8388
8397
8410
8420
8434
8446
8460
8467
8478
8483
8496
8509
8514
8517
8524
8533
8536
8543
8540
8544
8552
8555
8553
8563
8570
8580
8584
8592
8598
8601
8611
8617
8627
8640
8653
8665
8671
8684
8698
8709
8714
8716
8720
8729
8730
8735
8740
8744
8750
8755
8765
8772
8781
8792
8804
8815
8823
8833
8843
8851
8861
8869
8877
8889
8900
8910
8919
8932
8933
8941
8950
8967
8974
8979
8984
8980
8979
8978
8979
8972
8966
8960
8966
8962
8962
8965
8973
8983
8988
8988
8996
9010
9016
9024
9030
9037
9047
9051
9060
9068
9075
9082
9088
9095
9101
9109
9109
9112
9115
9119
9125
9131
9136
9141
9142
9150
9157
9166
9170
9176
9182
9187
9194
9199
9204
9210
9213
9218
9219
9219
9219
9218
9219
9218
9220
9217
9214
9206
9206
9202
9204
9197
9190
9186
9189
9183
9180
9173
9175
9180
9181
9182
9192
9198
9202
9208
9215
9224
9239
9249
9259
9268
9272
9275
9281
9274
9279
9284
9283
9286
9292
9293
9299
9301
9305
9305
9309
9309
9309
9307
9309
9317
9316
9311
9316
9318
9326
9325
9330
9332
9334
9339
9343
9350
9353
9353
9353
9365
9364
9367
9370
9373
9372
9380
9390
9393
9398
9401
9407
9412
9419
9422
9426
9430
9435
9438
9440
9439
9441
9442
9441
9443
9451
9455
9456
9452
9453
9461
9461
9455
9462
9468
9476
9473
9467
9465
9465
9454
9440
9431
9418
9405
9391
9377
9365
9356
9349
9348
9346
9349
9347
9352
9352
9357
9354
9352
9355
9355
9354
9341
9344
9345
9352
9354
9353
9361
9372
9374
9376
9380
9387
9391
9396
9404
9405
9404
9410
9412
9413
9408
9397
9392
9391
9384
9377
9372
9364
9355
9348
9337
9336
9336
9338
9337
9333
9326
9315
9304
9291
9278
9264
9243
9232
9225
9212
9203
9193
9188
9179
9172
9177
9174
9175
9172
9172
9171
9172
9176
9172
9172
9171
9172
9172
9172
9168
9166
9171
9166
9165
9162
9161
9156
9154
9148
9143
9139
9133
9125
9116
9106
9106
9097
9091
9088
9083
9081
9081
9082
9084
9084
9087
9089
9091
9094
9093
9096
9099
9100
9093
9098
9100
9103
9102
9097
9097
9101
9098
9098
9092
9091
9082
9081
9074
9072
9066
9063
9060
9056
9055
9056
9053
9044
9043
9045
9041
9038
9031
9027
9028
9025
9026
9024
9020
9011
9013
9015
9013
9006
9004
9001
8994
8991
8992
8986
8983
8976
8971
8961
8953
8944
8934
8924
8910
8901
8888
8875
8866
8855
8842
8836
8826
8821
8815
8804
8803
8806
8803
8794
8795
8799
8804
8803
8805
8805
8798
8801
8810
8806
8808
8808
8808
8811
8806
8804
8804
8800
8800
8796
8794
8794
8782
8779
8775
8768
8763
8750
8745
8749
8743
8731
8729
8727
8728
8721
8718
8715
8709
8701
8692
8684
8680
8670
8664
8652
8647
8641
8638
8630
8623
8618
8606
8599
8595
8588
8580
8572
8568
8561
8555
8550
8544
8541
8537
8534
8531
8527
8523
8519
8515
8509
8506
8506
8502
8491
8488
8495
8486
8484
8480
8477
8474
8471
8463
8462
8461
8464
8456
8445
8437
8434
8423
8412
8402
8391
8380
8366
8355
8340
8328
8317
8306
8296
8287
8276
8274
8275
8272
8269
8261
8259
8259
8256
8250
8249
8244
8237
8237
8236
8234
8231
8227
8225
8221
8216
8210
8208
8208
8202
8199
8195
8190
8186
8179
8174
8170
8164
8156
8150
8140
8132
8127
8118
8103
8098
8091
8076
8061
8048
8039
8029
8017
8009
8001
7993
7982
7978
7975
7966
7962
7957
7951
7948
7941
7933
7930
7931
7924
7916
7910
7906
7901
7901
7891
7890
7892
7890
7887
7887
7882
7876
7877
7882
7880
7878
7875
7878
7881
7879
7880
7880
7872
7874
7871
7870
7862
7857
7849
7839
7830
7820
7807
7801
7790
7784
7785
7778
7773
7769
7764
7759
7757
7753
7747
7743
7741
7738
7734
7729
7718
7712
7713
7704
7702
7696
7689
7681
7678
7682
7678
7676
7674
7672
7663
7664
7667
7664
7662
7659
7651
7650
7645
7633
7626
7624
7618
7610
7597
7595
7593
7588
7582
7575
7571
7567
7562
7559
7555
7552
7547
7543
7539
7537
7533
7531
7525
7523
7529
7524
7522
7518
7517
7514
7513
7503
7500
7495
7487
7480
7469
7456
7448
7438
7420
7412
7400
7392
7383
7370
7361
7360
7351
7344
7341
7337
7332
7328
7317
7317
7315
7313
7310
7301
7298
7300
7296
7290
7289
7284
7284
7280
7276
7276
7273
7267
7268
7266
7259
7259
7256
7256
7254
7248
7243
7242
7245
7241
7231
7228
7228
7224
7218
7214
7210
7204
7200
7197
7192
7188
7184
7183
7182
7175
7163
7159
7156
7150
7144
7138
7132
7130
7126
7117
7112
7108
7107
7101
7097
7092
7087
7081
7079
7069
7067
7069
7063
7056
7055
7057
7055
7054
7046
7042
7045
7040
7029
7024
7020
7020
7012
7003
6995
6988
6981
6973
6968
6963
6953
6947
6949
6944
6938
6930
6932
6930
6926
6926
6922
6920
6920
6916
6913
6908
6897
6897
6900
6893
6886
6881
6878
6869
6865
6858
6854
6851
6847
6842
6836
6829
6823
6819
6808
6803
6799
6801
6790
6780
6775
6772
6762
6754
6746
6739
6733
6726
6724
6716
6714
6710
6704
6701
6695
6685
6684
6687
6682
6680
6674
6673
6674
6670
6666
6662
6661
6656
6651
6650
6644
6643
6639
6636
6634
6633
6626
6621
6622
6616
6605
6599
6595
6593
6589
6586
6582
6579
6575
6572
6571
6569
6571
6568
6559
6558
6558
6557
6553
6544
6544
6544
6542
6536
6532
6528
6524
6520
6515
6512
6506
6501
6497
6491
6488
6480
6478
6479
6474
6471
6468
6466
6462
6460
6453
6452
6455
6452
6451
6443
6443
6447
6443
6438
6441
6441
6445
6444
6440
6439
6436
6433
6428
6426
6421
6414
6412
6411
6405
6402
6399
6396
6391
6389
6387
6383
6381
6377
6374
6368
6364
6359
6357
6361
6358
6352
6349
6347
6350
6345
6340
6336
6332
6329
6321
6311
6307
6304
6298
6293
6291
6287
6280
6278
6274
6271
6267
6263
6260
6257
6255
6251
6250
6248
6248
6239
6238
6238
6240
6237
6231
6230
6233
6227
6222
6217
6215
6211
6205
6204
6203
6201
6198
6196
6189
6190
6194
6190
6181
6181
6177
6180
6174
6167
6163
6165
6159
6154
6151
6144
6141
6135
6125
6123
6118
6116
6113
6105
6102
6102
6097
6089
6085
6084
6083
6078
6074
6069
6066
6066
6062
6056
6054
6046
6044
6046
6041
6037
6035
6032
6031
6029
6028
6025
6023
6021
6016
6013
6010
6006
6004
6001
5997
5994
5987
5984
5984
5978
5974
5968
5961
5954
5950
5942
5937
5939
5932
5930
5925
5924
5920
5916
5913
5913
5916
5914
5912
5913
5911
5910
5908
5905
5905
5901
5901
5900
5904
5902
5895
5895
5903
5898
5895
5892
5891
5897
5896
5897
5898
5898
5896
5896
5887
5885
5889
5885
5879
5875
5871
5875
5871
5866
5862
5848
5843
5837
5835
5830
5827
5825
5819
5818
5815
5814
5812
5808
5805
5802
5799
5795
5793
5790
5786
5783
5780
5779
5776
5774
5771
5769
5766
5764
5762
5754
5754
5754
5756
5750
5749
5747
5746
5742
5736
5731
5729
5733
5728
5722
5720
5724
5721
5716
5711
5708
5711
5705
5698
5697
5695
5698
5696
5694
5693
5690
5688
5688
5687
5685
5684
5681
5680
5681
5677
5677
5674
5673
5670
5667
5666
5666
5664
5662
5656
5653
5657
5656
5648
5649
5652
5652
5653
5652
5652
5644
5644
5649
5643
5641
5634
5629
5633
5628
5619
5619
5617
5618
5615
5612
5612
5609
5606
5603
5598
5597
5601
5599
5596
5594
5591
5590
5589
5587
5586
5582
5582
5588
5584
5583
5581
5577
5570
5570
5574
5571
5569
5564
5559
5557
5553
5551
5546
5544
5541
5539
5535
5533
5531
5531
5527
5526
5524
5522
5523
5523
5520
5513
5516
5517
5519
5516
5516
5515
5512
5511
5514
5511
5507
5505
5501
5493
5491
5494
5490
5488
5486
5483
5478
5476
5479
5474
5469
5468
5464
5458
5458
5462
5460
5458
5455
5454
5452
5448
5446
5445
5443
5441
5439
5438
5439
5438
5437
5432
5433
5436
5438
5437
5436
5434
5429
5429
5432
5428
5428
5427
5427
5422
5423
5427
5423
5418
5411
5410
5411
5407
5403
5401
5398
5396
5394
5390
5391
5387
5387
5382
5382
5384
5387
5388
5388
5388
5384
5384
5384
5390
5387
5382
5382
5385
5384
5381
5379
5376
5375
5372
5370
5370
5368
5364
5364
5361
5360
5356
5352
5345
5347
5346
5345
5344
5342
5338
5336
5336
5333
5331
5329
5333
5332
5332
5330
5330
5327
5327
5318
5319
5322
5319
5318
5317
5316
5312
5308
5311
5309
5302
5304
5303
5304
5304
5302
5302
5301
5301
5301
5300
5297
5293
5293
5295
5292
5286
5286
5284
5288
5288
5288
5285
5286
5284
5284
5283
5280
5275
5274
5275
5274
5273
5269
5268
5266
5263
5260
5261
5256
5254
5254
5249
5249
5249
5245
5243
5240
5237
5234
5235
5237
5237
5234
5237
5242
5239
5236
5235
5232
5230
5228
5218
5219
5219
5219
5221
5215
5212
5217
5215
5213
5211
5211
5208
5207
5205
5205
5198
5199
5199
5202
5202
5195
5195
5203
5198
5199
5197
5196
5195
5195
5194
5193
5194
5194
5194
5193
5194
5194
5193
5192
5191
5189
5186
5186
5185
5181
5175
5174
5174
5174
5171
5172
5169
5167
5168
5166
5165
5164
5159
5161
5165
5161
5158
5158
5157
5159
5158
5152
5153
5158
5155
5155
5151
5149
5154
5153
5150
5153
5155
5156
5154
5154
5151
5149
5149
5142
5142
5140
5142
5139
5136
5135
5133
5130
5130
5128
5125
5124
5123
5120
5118
5117
5116
5113
5109
5109
5113
5111
5110
5109
5110
5110
5108
5107
5106
5104
5103
5102
5102
5102
5100
5100
5098
5096
5091
5088
5088
5092
5091
5085
5085
5087
5085
5083
5077
5077
5081
5076
5070
5074
5073
5075
5074
5068
5069
5074
5069
5070
5069
5067
5066
5064
5063
5061
5060
5057
5055
5055
5053
5049
5048
5048
5048
5047
5044
5043
5045
5044
5037
5038
5040
5040
5040
5039
5039
5038
5037
5031
5031
5031
5035
5034
5033
5032
5034
5033
5033
5031
5031
5031
5029
5027
5028
5029
5028
5028
5029
5029
5026
5026
5034
5031
5032
5033
5032
5028
5028
5031
5027
5024
5019
5018
5023
5020
5014
5013
5016
5018
5016
5009
5011
5013
5011
5009
5009
5010
5012
5010
5010
5009
5011
5008
5006
5003
5001
4999
4996
4993
4992
4989
4989
4987
4988
4988
4982
4983
4988
4986
4984
4981
4981
4981
4980
4976
4978
4975
4979
4981
4979
4977
4975
4974
4974
4974
4971
4970
4969
4968
4966
4960
4960
4960
4963
4958
4953
4954
4960
4957
4955
4954
4953
4953
4952
4946
4948
4949
4952
4951
4950
4950
4949
4949
4945
4948
4947
4951
4951
4951
4951
4950
4950
4951
4948
4947
4950
4948
4947
4944
4943
4939
4938
4939
4938
4936
4933
4933
4932
4931
4927
4929
4928
4927
4926
4926
4925
4922
4922
4926
4925
4922
4925
4926
4926
4928
4928
4926
4929
4928
4928
4927
4928
4926
4927
4926
4924
4924
4921
4921
4920
4920
4915
4915
4921
4918
4916
4914
4912
4910
4908
4909
4909
4909
4911
4911
4905
4905
4910
4908
4903
4906
4909
4917
4917
4912
4912
4916
4911
4910
4907
4904
4902
4898
4888
4886
4889
4884
4881
4879
4879
4875
4873
4867
4866
4865
4867
4865
4860
4859
4861
4860
4859
4858
4860
4855
4858
4861
4859
4860
4858
4858
4857
4856
4853
4855
4853
4852
4850
4850
4849
4847
4848
4846
4846
4845
4845
4843
4843
4842
4837
4840
4845
4843
4842
4840
4839
4844
4843
4837
4840
4840
4842
4841
4838
4837
4843
4839
4837
4836
4836
4833
4831
4827
4826
4829
4826
4825
4824
4822
4820
4819
4818
4816
4813
4813
4812
4812
4811
4806
4808
4809
4810
4809
4809
4809
4808
4810
4809
4807
4807
4808
4807
4807
4807
4801
4800
4801
4802
4802
4798
4800
4805
4803
4802
4801
4803
4808
4808
4805
4804
4807
4807
4803
4800
4800
4797
4795
4795
4792
4791
4790
4791
4789
4790
4788
4789
4788
4785
4783
4784
4782
4781
4783
4780
4779
4779
4785
4784
4777
4779
4786
4783
4781
4778
4779
4781
4781
4782
4783
4779
4781
4778
4778
4778
4774
4775
4782
4781
4783
4782
4781
4779
4776
4775
4774
4771
4771
4775
4768
4774
4782
4782
4780
4780
4779
4781
4778
4774
4773
4775
4771
4769
4767
4764
4762
4759
4758
4755
4754
4754
4753
4751
4751
4751
4749
4747
4745
4745
4748
4747
4741
4744
4749
4748
4747
4747
4748
4748
4744
4745
4745
4746
4747
4748
4744
4745
4750
4751
4747
4745
4744
4748
4746
4740
4742
4748
4745
4744
4743
4742
4741
4738
4738
4739
4738
4739
4740
4738
4737
4737
4735
4734
4737
4736
4734
4736
4730
4730
4735
4733
4732
4730
4732
4727
4728
4735
4736
4737
4731
4733
4738
4736
4733
4733
4732
4732
4731
4730
4730
4729
4727
4726
4728
4727
4727
4726
4726
4723
4720
4718
4715
4715
4715
4712
4710
4704
4704
4702
4705
4704
4702
4701
4696
4699
4704
4702
4702
4700
4700
4704
4706
4704
4702
4701
4700
4700
4698
4697
4691
4692
4695
4693
4692
4690
4690
4688
4687
4684
4684
4684
4686
4686
4685
4683
4683
4682
4680
4677
4679
4678
4677
4672
4671
4672
4673
4675
4670
4671
4674
4674
4673
4672
4673
4673
4673
4670
4672
4679
4679
4681
4683
4684
4684
4683
4682
4681
4680
4676
4676
4681
4678
4673
4673
4678
4675
4672
4671
4671
4673
4671
4671
4673
4673
4670
4671
4675
4675
4675
4674
4673
4672
4673
4674
4672
4671
4671
4669
4668
4667
4662
4661
4667
4665
4659
4661
4663
4666
4666
4668
4666
4666
4666
4663
4660
4657
4660
4657
4653
4653
4652
4650
4648
4643
4644
4647
4646
4645
4644
4643
4644
4644
4646
4647
4646
4646
4647
4647
4648
4648
4649
4642
4643
4650
4647
4647
4645
4645
4648
4647
4646
4644
4644
4639
4639
4643
4641
4634
4635
4637
4637
4637
4630
4629
4634
4631
4629
4629
4626
4624
4621
4621
4619
4618
4616
4616
4613
4614
4612
4611
4612
4611
4608
4610
4610
4610
4610
4613
4615
4609
4612
4615
4622
4621
4619
4620
4622
4620
4621
4620
4620
4623
4622
4618
4621
4624
4624
4625
4626
4627
4626
4626
4619
4617
4615
4616
4614
4610
4608
4607
4605
4602
4601
4600
4594
4594
4597
4592
4591
4586
4586
4590
4590
4583
4586
4591
4588
4590
4590
4591
4593
4593
4588
4591
4590
4591
4593
4591
4592
4590
4588
4586
4587
4586
4584
4584
4584
4583
4583
4586
4584
4585
4584
4585
4582
4579
4581
4579
4581
4583
4579
4578
4583
4584
4583
4583
4585
4587
4589
4590
4593
4588
4591
4590
4593
4592
4589
4590
4596
4595
4593
4591
4592
4589
4590
4588
4587
4587
4586
4586
4588
4587
4583
4583
4588
4588
4587
4585
4585
4578
4579
4585
4581
4580
4580
4580
4573
4574
4580
4578
4576
4575
4576
4579
4577
4576
4575
4576
4576
4575
4575
4574
4574
4574
4576
4576
4577
4578
4577
4577
4578
4576
4574
4576
4576
4575
4576
4575
4571
4573
4578
4575
4576
4575
4574
4572
4571
4570
4570
4569
4568
4568
4563
4565
4569
4569
4567
4566
4570
4575
4574
4569
4571
4575
4573
4574
4567
4567
4573
4569
4563
4564
4562
4565
4563
4562
4561
4563
4562
4561
4563
4563
4563
4564
4565
4567
4567
4567
4568
4565
4565
4560
4559
4565
4565
4564
4563
4563
4561
4562
4557
4559
4560
4563
4564
4563
4564
4560
4558
4563
4560
4561
4559
4558
4553
4554
4556
4553
4552
4552
4551
4549
4547
4542
4543
4545
4544
4546
4544
4545
4539
4538
4540
4537
4535
4537
4533
4532
4531
4532
4530
4528
4530
4531
4531
4533
4537
4538
4540
4540
4540
4534
4532
4536
4532
4528
4525
4523
4522
4520
4515
4517
4523
4520
4519
4518
4521
4520
4519
4519
4518
4516
4514
4514
4517
4518
4513
4512
4519
4519
4521
4520
4522
4527
4528
4528
4526
4525
4525
4525
4524
4522
4516
4518
4521
4521
4519
4515
4514
4519
4518
4519
4522
4524
4523
4524
4528
4527
4527
4527
4526
4520
4522
4525
4523
4522
4520
4519
4519
4518
4517
4517
4517
4517
4518
4519
4520
4520
4520
4518
4518
4512
4513
4512
4514
4512
4509
4509
4508
4508
4508
4507
4507
4503
4504
4507
4504
4505
4504
4503
4498
4499
4503
4502
4497
4499
4498
4502
4501
4498
4499
4498
4498
4498
4497
4496
4497
4496
4492
4494
4499
4498
4499
4498
4498
4499
4497
4498
4498
4496
4493
4494
4497
4498
4498
4495
4496
4497
4497
4495
4497
4501
4501
4498
4499
4502
4506
4506
4503
4505
4510
4509
4509
4510
4509
4508
4506
4501
4500
4499
4501
4498
4499
4499
4495
4494
4492
4491
4492
4490
4491
4489
4490
4488
4484
4484
4485
4482
4483
4482
4475
4475
4478
4478
4478
4475
4475
4480
4478
4477
4477
4477
4475
4475
4472
4473
4476
4475
4473
4472
4472
4467
4467
4472
4470
4470
4470
4469
4469
4468
4464
4464
4468
4468
4465
4464
4466
4465
4467
4464
4465
4465
4470
4470
4469
4468
4471
4471
4471
4472
4473
4472
4475
4474
4476
4477
4479
4480
4482
4483
4482
4483
4483
4483
4483
4482
4484
4484
4484
4481
4481
4482
4484
4485
4486
4489
4485
4491
4498
4502
4509
4520
4524
4532
4540
4544
4553
4562
4573
4581
4588
4597
4612
4621
4627
4635
4645
4658
4665
4674
4685
4692
4702
4709
4718
4724
4734
4742
4749
4755
4762
4764
4773
4782
4785
4788
4793
4796
4798
4800
4799
4798
