3889
3887
3888
3888
3888
3887
3883
3883
3882
3876
3874
3875
3870
3867
3865
3861
3856
3852
3849
3848
3842
3837
3835
3834
3829
3825
3824
3820
3816
3811
3809
3808
3803
3800
3796
3795
3791
3784
3781
3781
3778
3775
3774
3770
3765
3763
3762
3758
3751
3750
3753
3748
3746
3745
3738
3739
3737
3733
3732
3731
3724
3721
3723
3720
3719
3718
3712
3710
3709
3711
3708
3703
3703
3706
3702
3701
3695
3695
3697
3696
3695
3691
3690
3690
3688
3686
3685
3684
3683
3680
3680
3680
3679
3677
3675
3676
3675
3673
3675
3670
3670
3675
3673
3665
3666
3666
3670
3666
3661
3663
3667
3663
3662
3663
3661
3658
3660
3658
3657
3657
3657
3657
3656
3656
3657
3654
3655
3656
3653
3649
3650
3653
3650
3650
3648
3648
3648
3649
3647
3646
3641
3642
3646
3645
3646
3641
3640
3646
3646
3640
3643
3647
3650
3650
3650
3648
3644
3647
3647
3647
3649
3647
3645
3644
3642
3641
3641
3642
3641
3642
3637
3636
3642
3641
3638
3639
3638
3636
3637
3632
3634
3635
3641
3639
3639
3642
3641
3641
3642
3643
3641
3643
3641
3639
3639
3631
3634
3632
3634
3634
3628
3626
3632
3630
3626
3622
3623
3627
3627
3625
3625
3625
3624
3622
3623
3623
3623
3625
3621
3623
3623
3628
3626
3626
3628
3621
3622
3626
3627
3625
3625
3625
3620
3620
3626
3623
3621
3621
3621
3620
3622
3621
3620
3619
3619
3619
3619
3616
3617
3616
3615
3614
3615
3607
3608
3615
3613
3608
3610
3610
3614
3614
3607
3609
3615
3614
3611
3608
3610
3616
3614
3616
3616
3615
3616
3616
3616
3615
3615
3616
3616
3615
3615
3615
3616
3615
3617
3618
3617
3617
3619
3620
3619
3618
3618
3619
3619
3618
3617
3615
3616
3619
3617
3613
3614
3612
3616
3617
3614
3616
3619
3619
3619
3619
3618
3616
3618
3613
3615
3617
3618
3620
3620
3620
3622
3626
3623
3623
3625
3630
3631
3627
3627
3632
3633
3634
3633
3633
3630
3633
3637
3635
3636
3634
3634
3635
3636
3630
3631
3639
3638
3636
3638
3639
3639
3641
3644
3645
3647
3649
3653
3656
3657
3658
3662
3665
3668
3669
3669
3672
3681
3681
3680
3684
3685
3687
3688
3684
3686
3691
3688
3690
3687
3687
3694
3694
3695
3696
3700
3700
3702
3704
3705
3707
3710
3708
3711
3714
3721
3723
3724
3725
3729
3731
3731
3734
3737
3735
3738
3745
3748
3752
3753
3756
3760
3763
3767
3772
3769
3774
3778
3787
3791
3791
3798
3809
3811
3813
3813
3819
3827
3827
3833
3837
3836
3838
3845
3853
3855
3856
3864
3872
3876
3882
3888
3892
3899
3904
3908
3912
3920
3923
3924
3932
3937
3941
3946
3951
3956
3964
3972
3980
3988
3992
3996
4003
4009
4016
4020
4025
4030
4031
4039
4045
4057
4063
4067
4073
4085
4089
4097
4107
4113
4119
4125
4135
4144
4146
4156
4162
4175
4184
4194
4202
4212
4217
4226
4233
4242
4254
4261
4267
4275
4283
4291
4299
4305
4311
4319
4327
4330
4339
4347
4357
4362
4371
4378
4387
4394
4401
4406
4415
4424
4434
4442
4451
4460
4469
4478
4491
4503
4504
4519
4536
4545
4559
4567
4579
4596
4607
4619
4630
4642
4654
4667
4678
4690
4704
4714
4720
4729
4740
4756
4768
4777
4790
4793
4806
4820
4837
4848
4858
4866
4874
4883
4891
4903
4911
4922
4929
4935
4944
4959
4972
4981
4992
5001
5004
5013
5029
5037
5050
5060
5071
5075
5086
5103
5113
5124
5134
5146
5159
5173
5186
5199
5214
5228
5240
5255
5268
5281
5297
5312
5325
5342
5353
5368
5389
5401
5408
5427
5440
5459
5474
5487
5501
5506
5521
5537
5551
5562
5569
5582
5599
5609
5623
5637
5649
5661
5672
5685
5695
5708
5717
5730
5741
5757
5769
5785
5798
5812
5826
5838
5852
5865
5882
5889
5905
5926
5935
5949
5960
5971
5982
5992
5997
6009
6018
6031
6036
6042
6049
6052
6059
6067
6079
6086
6091
6101
6114
6122
6121
6129
6134
6144
6148
6152
6156
6160
6165
6173
6179
6184
6191
6199
6203
6211
6217
6225
6234
6243
6254
6266
6278
6284
6299
6313
6328
6338
6350
6361
6367
6381
6395
6409
6418
6427
6440
6451
6462
6470
6480
6493
6508
6517
6518
6529
6545
6551
6556
6555
6562
6571
6574
6577
6582
6585
6592
6595
6599
6605
6613
6621
6628
6637
6646
6650
6662
6679
6689
6693
6706
6715
6731
6741
6748
6760
6769
6779
6785
6793
6798
6807
6811
6815
6819
6818
6819
6823
6831
6834
6829
6833
6846
6849
6851
6850
6853
6862
6866
6865
6873
6876
6880
6888
6888
6894
6904
6908
6912
6918
6922
6927
6932
6938
6945
6953
6958
6963
6971
6976
6983
6986
6981
6986
6987
6993
6994
6996
6999
7000
7001
7004
7002
7003
7000
7003
7013
7013
7012
7012
7017
7020
7023
7025
7032
7043
7049
7054
7055
7066
7079
7086
7096
7100
7107
7117
7123
7130
7137
7142
7146
7148
7155
7162
7172
7175
7179
7180
7177
7180
7181
7187
7186
7179
7180
7185
7180
7176
7172
7172
7172
7170
7170
7170
7163
7168
7170
7179
7177
7180
7183
7185
7190
7193
7197
7199
7204
7207
7210
7217
7219
7222
7225
7225
7230
7239
7239
7238
7246
7249
7260
7263
7265
7271
7269
7274
7281
7289
7293
7294
7300
7303
7308
7311
7311
7317
7325
7329
7323
7330
7340
7342
7344
7339
7344
7352
7355
7357
7360
7360
7359
7364
7364
7366
7366
7369
7369
7369
7371
7372
7370
7364
7366
7372
7366
7364
7360
7361
7364
7363
7361
7361
7360
7353
7353
7359
7358
7351
7352
7354
7355
7352
7350
7350
7358
7356
7348
7351
7351
7356
7357
7359
7360
7358
7354
7353
7356
7353
7355
7357
7357
7352
7353
7350
7346
7343
7342
7336
7331
7325
7321
7315
7306
7302
7302
7296
7294
7290
7290
7286
7285
7291
7291
7288
7292
7297
7301
7298
7299
7298
7295
7292
7288
7295
7298
7303
7305
7306
7305
7304
7307
7310
7304
7302
7307
7302
7299
7292
7287
7285
7276
7273
7266
7250
7247
7242
7231
7224
7217
7207
7197
7188
7180
7173
7171
7165
7159
7144
7142
7138
7131
7125
7120
7116
7108
7098
7095
7088
7077
7074
7067
7068
7058
7055
7050
7039
7044
7039
7043
7042
7040
7039
7032
7036
7038
7040
7041
7034
7038
7045
7045
7048
7053
7055
7059
7064
7066
7071
7074
7074
7079
7080
7082
7082
7081
7083
7080
7079
7080
7080
7073
7071
7077
7072
7061
7065
7061
7062
7058
7053
7045
7033
7025
7020
7020
7011
7009
7005
6999
6996
6991
6986
6980
6976
6973
6966
6958
6953
6950
6948
6944
6940
6938
6936
6929
6933
6934
6940
6937
6930
6930
6937
6933
6929
6927
6929
6934
6930
6928
6924
6922
6918
6915
6906
6900
6902
6896
6894
6890
6885
6883
6879
6870
6870
6874
6871
6867
6865
6865
6864
6859
6861
6860
6859
6859
6855
6853
6853
6846
6845
6851
6849
6848
6847
6842
6839
6833
6836
6835
6837
6835
6832
6824
6822
6831
6828
6816
6817
6814
6817
6817
6812
6810
6805
6803
6801
6795
6791
6785
6783
6780
6776
6770
6770
6764
6757
6753
6739
6736
6737
6731
6721
6714
6707
6697
6697
6697
6694
6689
6685
6685
6675
6670
6670
6664
6654
6648
6644
6644
6635
6630
6624
6621
6613
6607
6605
6600
6591
6582
6575
6570
6563
6556
6547
6536
6533
6532
6527
6519
6515
6512
6508
6503
6496
6495
6501
6492
6490
6489
6487
6481
6486
6490
6486
6486
6484
6482
6478
6475
6469
6466
6460
6454
6447
6437
6432
6432
6418
6407
6403
6399
6398
6392
6390
6385
6380
6376
6374
6373
6370
6368
6365
6365
6364
6362
6359
6358
6362
6359
6356
6355
6349
6349
6347
6348
6344
6340
6338
6341
6334
6332
6325
6323
6323
6318
6317
6313
6310
6304
6302
6299
6295
6290
6288
6278
6278
6274
6274
6270
6260
6259
6261
6255
6248
6240
6235
6232
6225
6220
6216
6207
6198
6191
6189
6185
6179
6172
6160
6159
6155
6153
6148
6143
6138
6132
6128
6126
6123
6119
6114
6112
6111
6108
6105
6104
6101
6095
6092
6098
6095
6084
6082
6080
6086
6083
6072
6071
6074
6071
6065
6056
6053
6057
6051
6049
6047
6041
6037
6033
6028
6023
6019
6015
6010
6006
6000
5997
5993
5988
5983
5977
5974
5969
5965
5963
5958
5955
5952
5949
5946
5942
5937
5927
5921
5921
5914
5906
5900
5895
5888
5880
5870
5867
5867
5858
5854
5845
5844
5843
5837
5825
5821
5820
5819
5816
5811
5802
5791
5785
5786
5779
5774
5769
5763
5755
5751
5747
5742
5737
5730
5724
5723
5717
5714
5711
5706
5702
5701
5699
5697
5689
5686
5691
5689
5688
5680
5681
5683
5679
5668
5667
5664
5665
5664
5662
5663
5659
5656
5652
5648
5648
5654
5651
5649
5643
5636
5637
5636
5640
5638
5630
5632
5637
5633
5626
5626
5625
5623
5622
5616
5614
5617
5618
5615
5613
5608
5605
5600
5597
5595
5589
5584
5577
5573
5568
5564
5561
5555
5550
5548
5544
5540
5535
5533
5531
5529
5524
5519
5518
5512
5508
5505
5501
5498
5490
5487
5493
5489
5478
5475
5472
5475
5470
5460
5455
5459
5455
5450
5446
5443
5442
5439
5432
5428
5435
5432
5429
5426
5424
5416
5416
5421
5416
5409
5406
5403
5402
5399
5394
5390
5382
5376
5374
5376
5368
5365
5362
5358
5356
5351
5342
5339
5344
5340
5336
5333
5330
5328
5324
5314
5314
5317
5311
5303
5302
5300
5297
5292
5289
5285
5283
5282
5278
5273
5271
5274
5269
5266
5266
5262
5256
5254
5259
5254
5251
5247
5242
5241
5239
5232
5232
5236
5231
5229
5227
5224
5217
5215
5218
5213
5206
5206
5204
5207
5202
5196
5192
5191
5187
5184
5182
5176
5171
5170
5168
5166
5161
5158
5156
5153
5151
5149
5145
5137
5139
5138
5134
5133
5125
5121
5127
5123
5118
5113
5109
5113
5111
5105
5105
5107
5100
5099
5094
5087
5083
5079
5074
5067
5061
5051
5047
5048
5042
5035
5030
5026
5023
5019
5015
5013
5004
5000
5005
5001
5000
4994
4990
4989
4988
4980
4981
4976
4979
4978
4975
4973
4969
4967
4967
4963
4960
4953
4953
4958
4951
4942
4939
4937
4940
4937
4932
4930
4927
4923
4920
4918
4915
4915
4913
4906
4905
4905
4906
4904
4901
4900
4901
4899
4892
4893
4893
4898
4897
4891
4890
4891
4888
4884
4881
4878
4869
4866
4871
4866
4865
4861
4857
4855
4852
4850
4848
4844
4843
4842
4841
4839
4836
4835
4834
4835
4835
4832
4832
4831
4830
4828
4826
4824
4819
4817
4821
4819
4812
4811
4815
4811
4813
4806
4805
4808
4805
4800
4799
4798
4800
4794
4792
4790
4782
4779
4781
4781
4776
4772
4768
4765
4764
4762
4760
4756
4751
4750
4746
4745
4740
4740
4738
4732
4729
4731
4729
4722
4721
4722
4722
4718
4714
4709
4706
4704
4703
4701
4699
4696
4693
4691
4693
4691
4689
4687
4684
4685
4679
4680
4686
4684
4678
4674
4676
4680
4679
4672
4670
4673
4670
4666
4666
4663
4656
4654
4656
4657
4656
4653
4653
4652
4651
4650
4647
4647
4645
4643
4640
4639
4637
4634
4633
4631
4632
4629
4627
4628
4626
4626
4624
4623
4622
4619
4614
4614
4618
4615
4615
4614
4610
4609
4608
4600
4597
4600
4598
4593
4583
4582
4586
4583
4581
4578
4576
4570
4570
4572
4568
4562
4563
4564
4564
4567
4563
4563
4566
4562
4562
4558
4555
4553
4552
4548
4545
4543
4541
4537
4535
4535
4532
4530
4525
4526
4528
4525
4524
4524
4522
4519
4519
4518
4514
4515
4514
4515
4513
4511
4502
4504
4504
4508
4503
4497
4498
4503
4497
4493
4491
4492
4495
4491
4491
4492
4485
4484
4483
4481
4480
4476
4475
4475
4470
4468
4464
4464
4465
4462
4457
4456
4458
4460
4458
4460
4458
4456
4457
4457
4453
4453
4448
4445
4447
4446
4447
4444
4441
4442
4438
4432
4431
4434
4428
4429
4427
4424
4424
4419
4417
4417
4416
4415
4415
4411
4412
4417
4417
4416
4413
4410
4411
4408
4399
4402
4407
4404
4397
4393
4391
4395
4393
4388
4388
4381
4381
4382
4384
4383
4382
4379
4378
4377
4378
4375
4373
4368
4367
4369
4369
4367
4365
4365
4361
4359
4364
4363
4355
4356
4356
4365
4363
4362
4361
4360
4359
4354
4354
4353
4350
4348
4347
4344
4341
4341
4340
4338
4337
4333
4332
4331
4329
4328
4328
4325
4325
4324
4314
4314
4316
4317
4315
4310
4310
4315
4313
4313
4313
4310
4309
4310
4308
4308
4307
4308
4309
4314
4313
4306
4304
4308
4306
4301
4299
4298
4290
4287
4294
4290
4284
4282
4281
4276
4275
4273
4270
4268
4264
4265
4262
4263
4262
4260
4253
4253
4253
4256
4256
4249
4249
4255
4254
4251
4253
4252
4250
4249
4242
4240
4247
4247
4242
4241
4242
4235
4236
4244
4241
4238
4235
4236
4238
4239
4238
4236
4236
4233
4229
4229
4227
4225
4226
4218
4217
4217
4222
4218
4216
4217
4214
4214
4214
4210
4213
4207
4206
4213
4209
4208
4209
4207
4208
4208
4203
4204
4205
4203
4204
4204
4202
4203
4203
4204
4202
4201
4196
4197
4200
4197
4198
4197
4193
4189
4190
4191
4190
4185
4187
4190
4187
4187
4187
4184
4180
4181
4185
4182
4182
4180
4180
4179
4177
4171
4172
4174
4174
4174
4174
4171
4172
4172
4169
4170
4170
4168
4166
4165
4164
4163
4162
4162
4158
4157
4161
4160
4159
4156
4157
4154
4154
4150
4149
4152
4150
4143
4142
4143
4147
4144
4143
4143
4140
4139
4140
4137
4138
4134
4132
4137
4137
4131
4129
4132
4133
4131
4131
4128
4130
4129
4130
4132
4130
4123
4126
4132
4128
4128
4128
4124
4121
4123
4126
4124
4121
4119
4119
4122
4121
4114
4115
4119
4115
4113
4114
4108
4108
4109
4107
4108
4108
4105
4105
4105
4103
4100
4101
4097
4096
4097
4095
4094
4086
4089
4094
4089
4089
4090
4088
4081
4082
4086
4082
4083
4083
4079
4074
4077
4080
4077
4078
4076
4074
4074
4073
4070
4070
4069
4067
4069
4065
4064
4070
4071
4069
4068
4070
4067
4066
4066
4068
4063
4064
4065
4068
4063
4064
4062
4059
4059
4058
4056
4056
4055
4053
4059
4060
4053
4052
4053
4057
4053
4047
4047
4052
4047
4046
4047
4045
4043
4046
4047
4043
4044
4045
4041
4039
4037
4040
4037
4039
4039
4039
4036
4036
4040
4039
4037
4034
4035
4032
4030
4031
4028
4026
4025
4016
4019
4017
4019
4019
4011
4014
4019
4015
4013
4014
4012
4010
4011
4008
4010
4010
4007
4009
4006
4004
4007
4005
4006
4006
4004
4001
4001
4004
4004
4003
4004
4005
4000
4002
4007
4005
3999
3998
4002
4001
4000
4001
3999
4001
4000
3994
3999
4000
4000
4001
3995
3994
4000
3996
3995
3994
3992
3992
3989
3988
3987
3985
3986
3986
3981
3980
3984
3985
3984
3980
3981
3978
3980
3978
3976
3977
3975
3975
3973
3974
3976
3975
3973
3973
3972
3970
3970
3976
3972
3968
3969
3973
3972
3969
3966
3964
3969
3969
3959
3962
3959
3966
3963
3959
3960
3963
3964
3961
3961
3962
3960
3961
3959
3958
3957
3955
3954
3955
3952
3951
3951
3943
3947
3948
3950
3952
3952
3950
3951
3949
3948
3949
3947
3947
3946
3944
3946
3942
3941
3943
3940
3940
3940
3938
3934
3934
3932
3937
3938
3932
3933
3939
3939
3936
3932
3932
3936
3933
3933
3934
3932
3934
3935
3934
3934
3936
3934
3934
3937
3935
3931
3933
3935
3933
3931
3930
3927
3926
3923
3928
3927
3925
3925
3922
3920
3918
3925
3921
3919
3921
3920
3918
3919
3918
3917
3918
3917
3912
3915
3917
3918
3920
3916
3917
3922
3922
3921
3921
3922
3924
3926
3922
3921
3928
3926
3924
3924
3921
3921
3920
3918
3917
3913
3912
3909
3911
3907
3907
3904
3904
3901
3899
3896
3895
3899
3897
3897
3898
3895
3895
3897
3894
3893
3896
3894
3897
3896
3896
3897
3896
3898
3899
3895
3896
3894
3890
3890
3892
3889
3889
3886
3886
3884
3883
3877
3876
3882
3878
3873
3872
3871
3875
3873
3867
3869
3872
3870
3871
3869
3870
3864
3866
3872
3870
3870
3866
3864
3872
3870
3870
3871
3872
3870
3869
3870
3871
3868
3871
3868
3867
3870
3868
3868
3864
3862
3867
3867
3864
3863
3861
3866
3865
3864
3865
3864
3865
3862
3862
3860
3857
3856
3859
3859
3855
3857
3854
3849
3849
3854
3853
3852
3852
3851
3851
3851
3848
3848
3844
3844
3845
3842
3844
3836
3835
3842
3842
3841
3842
3841
3843
3843
3843
3845
3842
3844
3843
3838
3841
3847
3847
3846
3849
3847
3843
3845
3849
3847
3842
3841
3840
3844
3841
3837
3837
3842
3840
3837
3837
3836
3837
3838
3833
3834
3838
3839
3842
3842
3846
3846
3846
3847
3845
3846
3842
3842
3841
3837
3838
3834
3833
3831
3828
3824
3823
3827
3826
3825
3823
3822
3820
3820
3818
3820
3811
3814
3814
3815
3815
3816
3816
3816
3816
3814
3811
3812
3814
3816
3813
3815
3811
3812
3812
3812
3809
3811
3808
3803
3806
3802
3809
3808
3806
3806
3805
3806
3805
3805
3804
3797
3799
3804
3803
3801
3798
3800
3805
3804
3804
3804
3805
3804
3807
3804
3804
3810
3807
3808
3806
3805
3801
3800
3804
3804
3802
3801
3797
3796
3796
3798
3797
3794
3796
3793
3793
3793
3790
3792
3785
3785
3790
3791
3789
3790
3791
3789
3792
3789
3790
3792
3793
3798
3793
3796
3803
3800
3803
3803
3804
3802
3802
3809
3809
3802
3804
3804
3810
3808
3804
3805
3810
3809
3804
3801
3801
3801
3801
3798
3799
3798
3797
3795
3791
3789
3788
3787
3784
3783
3780
3781
3780
3780
3778
3773
3772
3778
3779
3779
3777
3776
3776
3772
3772
3772
3770
3767
3766
3761
3764
3771
3767
3770
3770
3769
3768
3768
3766
3764
3762
3760
3760
3762
3763
3759
3758
3758
3758
3758
3755
3757
3756
3756
3749
3750
3753
3755
3757
3756
3755
3752
3752
3754
3757
3755
3757
3755
3756
3757
3750
3751
3750
3757
3756
3755
3754
3753
3753
3751
3747
3749
3751
3752
3750
3749
3748
3747
3748
3746
3747
3746
3748
3741
3743
3745
3752
3755
3755
3759
3754
3756
3759
3761
3762
3760
3758
3754
3754
3754
3756
3755
3752
3754
3751
3750
3750
3749
3750
3745
3748
3752
3749
3749
3744
3746
3741
3740
3744
3742
3745
3744
3739
3739
3738
3741
3741
3739
3738
3737
3738
3738
3735
3737
3734
3736
3728
3731
3732
3734
3735
3732
3734
3727
3728
3732
3732
3731
3727
3725
3733
3729
3728
3729
3730
3728
3730
3728
3729
3730
3730
3731
3731
3732
3725
3726
3731
3730
3731
3729
3728
3729
3728
3728
3726
3722
3721
3721
3726
3723
3723
3722
3723
3721
3720
3720
3719
3720
3717
3714
3714
3718
3719
3717
3715
3715
3719
3718
3716
3716
3718
3716
3717
3714
3712
3720
3716
3717
3712
3714
3717
3717
3712
3712
3718
3717
3717
3717
3715
3717
3714
3716
3714
3715
3715
3713
3715
3713
3712
3712
3712
3714
3712
3708
3707
3712
3712
3709
3706
3706
3712
3710
3707
3706
3710
3711
3709
3705
3705
3708
3709
3708
3710
3711
3711
3713
3714
3716
3715
3718
3718
3719
3719
3715
3718
3715
3717
3714
3715
3715
3714
3715
3709
3712
3719
3719
3717
3713
3715
3718
3717
3717
3718
3714
3712
3713
3715
3716
3714
3715
3707
3707
3708
3709
3709
3705
3707
3705
3706
3702
3703
3701
3702
3700
3702
3700
3698
3695
3697
3699
3700
3694
3694
3700
3698
3699
3699
3698
3698
3698
3698
3700
3697
3694
3692
3699
3697
3696
3693
3696
3692
3693
3692
3691
3689
3691
3693
3695
3695
3692
3693
3697
3698
3692
3697
3697
3705
3705
3706
3709
3709
3711
3706
3706
3705
3709
3707
3703
3703
3699
3700
3698
3693
3693
3695
3694
3691
3690
3690
3687
3690
3688
3688
3684
3684
3687
3689
3688
3689
3687
3683
3682
3688
3685
3685
3684
3684
3685
3685
3680
3680
3683
3688
3688
3686
3687
3684
3685
3684
3686
3688
3685
3687
3691
3694
3692
3693
3691
3689
3688
3687
3687
3684
3685
3683
3682
3682
3690
3687
3689
3688
3686
3686
3686
3685
3684
3677
3678
3680
3679
3678
3675
3676
3668
3671
3674
3673
3672
3675
3675
3676
3678
3672
3675
3675
3678
3676
3677
3675
3676
3675
3677
3675
3676
3670
3671
3676
3675
3670
3670
3673
3678
3678
3679
3679
3680
3680
3681
3680
3683
3682
3684
3683
3684
3680
3680
3679
3684
3685
3683
3684
3676
3676
3677
3678
3678
3674
3674
3671
3673
3670
3670
3670
3669
3671
3671
3671
3668
3671
3667
3663
3662
3667
3664
3664
3661
3663
3662
3659
3654
3654
3659
3659
3655
3655
3653
3652
3652
3653
3653
3646
3648
3646
3654
3650
3645
3647
3654
3655
3653
3649
3651
3655
3657
3656
3657
3656
3659
3657
3658
3656
3657
3655
3658
3655
3658
3655
3656
3660
3661
3655
3660
3658
3663
3660
3656
3658
3655
3654
3652
3649
3649
3651
3652
3652
3651
3650
3650
3650
3652
3652
3654
3653
3650
3651
3654
3655
3654
3653
3655
3655
3657
3656
3660
3660
3662
3660
3662
3660
3662
3660
3661
3655
3655
3657
3655
3653
3651
3649
3649
3649
3642
3643
3645
3647
3643
3644
3643
3639
3641
3637
3639
3637
3638
3636
3635
3636
3634
3634
3635
3633
3633
3630
3633
3630
3632
3628
3626
3628
3630
3629
3630
3630
3627
3629
3634
3634
3638
3639
3643
3639
3645
3655
3657
3663
3663
3670
3679
3684
3686
3692
3701
3710
3717
3718
3725
3737
3741
3747
3753
3760
3772
3776
3780
3786
3799
3804
3808
3814
3819
3827
3830
3837
3840
3848
3850
3854
3860
3862
3861
3866
3875
3875
3879
3878
