3454
3453
3454
3453
3451
3451
3449
3442
3442
3445
3442
3438
3436
3432
3431
3428
3427
3423
3420
3412
3411
3414
3409
3406
3404
3398
3393
3391
3393
3390
3382
3380
3381
3378
3377
3374
3372
3369
3368
3366
3365
3363
3362
3360
3358
3355
3349
3349
3350
3350
3347
3346
3343
3342
3342
3340
3338
3336
3335
3333
3331
3328
3324
3324
3321
3314
3313
3316
3315
3312
3311
3304
3302
3301
3303
3300
3295
3295
3298
3295
3294
3288
3287
3290
3288
3286
3285
3283
3283
3283
3282
3281
3279
3279
3279
3277
3275
3275
3273
3270
3269
3269
3270
3268
3262
3262
3267
3266
3259
3261
3260
3264
3263
3259
3261
3269
3269
3268
3269
3268
3268
3268
3268
3267
3266
3266
3264
3263
3262
3256
3256
3261
3258
3257
3258
3258
3258
3257
3256
3254
3253
3251
3252
3249
3251
3257
3257
3258
3258
3259
3258
3258
3252
3254
3258
3256
3254
3249
3249
3253
3251
3249
3249
3250
3249
3247
3247
3245
3247
3246
3246
3245
3245
3244
3244
3242
3243
3237
3236
3239
3241
3243
3242
3242
3234
3236
3241
3241
3240
3239
3238
3237
3237
3232
3234
3234
3239
3238
3234
3237
3242
3241
3241
3242
3243
3239
3240
3245
3243
3240
3240
3241
3244
3244
3242
3244
3244
3244
3242
3242
3242
3242
3243
3238
3237
3237
3240
3239
3238
3237
3237
3237
3236
3234
3232
3231
3231
3230
3228
3228
3226
3226
3224
3224
3225
3224
3218
3220
3219
3222
3220
3216
3216
3220
3218
3217
3216
3215
3212
3211
3211
3212
3207
3207
3206
3212
3210
3210
3210
3211
3210
3210
3209
3209
3206
3205
3211
3210
3210
3210
3210
3207
3209
3213
3214
3209
3211
3212
3216
3218
3218
3218
3218
3218
3218
3218
3219
3218
3216
3216
3216
3217
3217
3216
3214
3215
3220
3220
3213
3214
3214
3217
3215
3214
3215
3214
3212
3212
3212
3212
3209
3210
3214
3213
3213
3213
3215
3214
3212
3214
3215
3212
3213
3214
3219
3220
3222
3219
3223
3222
3222
3225
3226
3225
3226
3231
3230
3229
3228
3229
3232
3230
3232
3232
3228
3229
3231
3235
3234
3235
3237
3238
3238
3238
3238
3240
3241
3242
3243
3243
3244
3245
3246
3244
3244
3250
3251
3252
3253
3254
3255
3257
3256
3258
3267
3265
3269
3269
3272
3274
3274
3271
3272
3278
3281
3282
3279
3280
3287
3288
3289
3290
3291
3291
3293
3296
3298
3299
3301
3301
3301
3305
3312
3313
3314
3316
3317
3319
3324
3326
3326
3324
3328
3338
3339
3342
3337
3342
3350
3353
3355
3358
3360
3364
3367
3370
3375
3372
3378
3385
3389
3392
3396
3397
3396
3399
3410
3414
3416
3418
3422
3428
3431
3434
3440
3445
3444
3451
3458
3462
3466
3472
3472
3475
3482
3490
3492
3499
3503
3506
3510
3516
3521
3526
3524
3532
3542
3544
3549
3555
3559
3560
3565
3576
3580
3585
3591
3596
3602
3605
3611
3618
3619
3626
3633
3644
3647
3653
3660
3667
3674
3676
3680
3687
3695
3704
3708
3715
3721
3728
3734
3740
3747
3755
3760
3768
3775
3781
3785
3793
3805
3811
3820
3826
3834
3842
3850
3852
3864
3877
3882
3890
3898
3906
3912
3921
3928
3935
3944
3950
3959
3963
3969
3982
3988
3988
3999
4005
4016
4024
4030
4038
4045
4052
4059
4066
4073
4086
4093
4096
4105
4119
4125
4131
4140
4147
4155
4163
4169
4178
4185
4191
4199
4201
4209
4222
4226
4234
4242
4250
4260
4266
4272
4279
4295
4304
4311
4321
4330
4336
4347
4363
4374
4381
4389
4398
4412
4420
4429
4438
4444
4453
4465
4480
4488
4498
4508
4517
4528
4535
4547
4554
4566
4575
4585
4593
4601
4609
4613
4620
4628
4628
4634
4646
4655
4660
4666
4673
4688
4694
4699
4707
4720
4733
4741
4751
4759
4765
4774
4787
4800
4809
4821
4830
4841
4849
4861
4873
4880
4890
4899
4905
4918
4936
4945
4950
4965
4972
4983
4993
4998
5005
5018
5029
5040
5041
5052
5062
5071
5076
5084
5089
5093
5099
5110
5116
5120
5127
5132
5139
5145
5151
5157
5164
5170
5180
5183
5194
5199
5209
5218
5226
5227
5238
5245
5258
5265
5274
5280
5285
5291
5304
5315
5324
5333
5344
5349
5362
5368
5374
5384
5391
5402
5404
5417
5429
5440
5447
5455
5462
5466
5476
5492
5498
5507
5512
5518
5521
5526
5526
5532
5535
5539
5544
5548
5550
5555
5557
5566
5568
5574
5574
5580
5593
5597
5598
5605
5613
5621
5629
5631
5637
5642
5648
5654
5662
5667
5668
5674
5687
5691
5691
5693
5702
5709
5715
5719
5725
5730
5736
5743
5744
5749
5760
5763
5765
5770
5775
5779
5785
5784
5790
5801
5809
5815
5821
5826
5836
5841
5850
5854
5864
5869
5877
5882
5891
5892
5900
5892
5905
5908
5919
5922
5923
5931
5943
5947
5948
5952
5958
5969
5972
5977
5978
5981
5985
5991
5992
5999
5994
6001
6010
6011
6011
6016
6017
6022
6024
6028
6029
6032
6037
6038
6042
6044
6048
6051
6055
6056
6061
6057
6059
6067
6064
6069
6071
6073
6075
6080
6089
6095
6099
6106
6105
6112
6119
6133
6138
6146
6150
6150
6159
6164
6175
6179
6185
6188
6193
6195
6193
6196
6193
6193
6192
6193
6189
6186
6186
6185
6180
6180
6184
6184
6181
6179
6176
6177
6177
6180
6179
6170
6174
6178
6184
6186
6187
6190
6192
6197
6192
6193
6196
6203
6203
6201
6201
6192
6191
6186
6187
6180
6175
6167
6157
6153
6152
6152
6150
6146
6150
6147
6148
6142
6144
6145
6151
6151
6145
6147
6156
6156
6156
6158
6157
6160
6160
6163
6162
6165
6163
6162
6173
6172
6172
6174
6172
6172
6175
6181
6184
6183
6185
6187
6189
6187
6181
6179
6178
6177
6172
6171
6166
6166
6162
6163
6163
6162
6162
6164
6161
6162
6159
6160
6145
6149
6156
6153
6156
6147
6145
6152
6147
6138
6138
6136
6141
6138
6140
6138
6134
6132
6137
6136
6133
6128
6123
6119
6113
6108
6100
6097
6093
6091
6085
6080
6076
6074
6071
6061
6061
6065
6062
6059
6055
6055
6054
6051
6052
6051
6045
6042
6051
6048
6045
6045
6042
6033
6032
6039
6034
6036
6035
6033
6037
6039
6031
6038
6043
6047
6043
6047
6047
6046
6049
6039
6045
6044
6049
6048
6042
6043
6048
6044
6038
6037
6035
6031
6030
6023
6023
6028
6023
6024
6021
6019
6016
6016
6012
6008
6004
6002
5998
5992
5992
5980
5980
5979
5980
5975
5973
5972
5968
5966
5964
5960
5960
5956
5956
5954
5951
5946
5942
5945
5947
5946
5944
5940
5932
5930
5931
5931
5926
5917
5912
5898
5895
5892
5891
5885
5877
5872
5876
5870
5855
5852
5848
5848
5840
5836
5832
5823
5822
5819
5814
5813
5812
5809
5811
5809
5806
5806
5807
5797
5800
5805
5801
5794
5795
5795
5801
5799
5798
5794
5786
5786
5782
5780
5775
5770
5760
5754
5750
5739
5734
5730
5717
5713
5716
5708
5704
5700
5696
5695
5691
5689
5687
5685
5683
5680
5680
5677
5674
5672
5670
5669
5670
5667
5663
5661
5659
5663
5664
5655
5654
5656
5659
5657
5652
5651
5656
5654
5650
5643
5643
5647
5643
5640
5635
5633
5629
5628
5622
5618
5623
5621
5617
5615
5615
5612
5611
5609
5607
5604
5599
5596
5593
5587
5578
5573
5572
5567
5560
5553
5549
5541
5537
5528
5524
5525
5520
5514
5509
5505
5499
5496
5487
5486
5485
5487
5480
5480
5477
5472
5471
5467
5462
5459
5452
5450
5453
5450
5445
5442
5438
5432
5430
5419
5415
5420
5414
5409
5405
5400
5389
5387
5389
5384
5379
5374
5372
5372
5368
5364
5364
5358
5357
5355
5352
5350
5348
5344
5343
5344
5340
5340
5337
5332
5329
5335
5333
5323
5316
5317
5316
5313
5311
5309
5297
5299
5297
5297
5297
5289
5285
5290
5286
5281
5278
5277
5268
5267
5274
5269
5268
5263
5258
5258
5255
5244
5243
5247
5247
5242
5242
5241
5237
5232
5229
5223
5219
5218
5212
5210
5207
5202
5201
5193
5187
5185
5187
5179
5176
5170
5156
5152
5148
5145
5140
5128
5123
5124
5119
5112
5109
5106
5100
5100
5094
5091
5089
5084
5081
5077
5074
5071
5065
5061
5058
5053
5051
5046
5042
5040
5037
5035
5033
5023
5023
5027
5022
5013
5012
5013
5014
5009
5002
5003
5006
5002
5000
4997
4997
4993
4990
4991
4987
4978
4980
4978
4980
4976
4972
4970
4960
4958
4961
4959
4958
4954
4950
4949
4946
4943
4943
4940
4934
4933
4937
4933
4931
4928
4925
4920
4918
4922
4918
4915
4915
4914
4911
4910
4908
4906
4900
4897
4902
4900
4898
4896
4894
4888
4889
4893
4888
4887
4882
4881
4870
4867
4872
4862
4858
4856
4852
4847
4846
4834
4830
4833
4828
4822
4818
4815
4811
4807
4807
4802
4801
4800
4796
4795
4794
4789
4788
4785
4782
4782
4774
4772
4775
4771
4767
4767
4762
4757
4756
4748
4743
4750
4744
4738
4738
4736
4730
4731
4721
4719
4721
4721
4718
4710
4708
4713
4707
4698
4699
4695
4698
4696
4690
4689
4687
4681
4679
4677
4671
4672
4666
4658
4656
4656
4656
4649
4640
4640
4640
4637
4631
4629
4627
4621
4619
4617
4612
4606
4603
4602
4603
4598
4595
4590
4588
4584
4579
4577
4572
4568
4566
4560
4558
4554
4552
4551
4544
4543
4540
4538
4530
4529
4528
4530
4526
4518
4516
4520
4517
4515
4515
4513
4512
4509
4507
4506
4505
4504
4500
4498
4498
4501
4499
4489
4491
4493
4492
4492
4484
4484
4490
4485
4484
4482
4479
4474
4473
4476
4473
4472
4470
4468
4466
4461
4460
4456
4451
4448
4447
4444
4442
4442
4438
4435
4436
4434
4433
4429
4424
4421
4427
4422
4421
4418
4418
4414
4413
4411
4408
4409
4405
4403
4398
4397
4402
4399
4400
4397
4390
4386
4386
4386
4385
4382
4380
4378
4374
4373
4370
4370
4362
4363
4364
4363
4361
4359
4360
4352
4351
4356
4354
4347
4344
4343
4343
4341
4334
4334
4337
4336
4330
4332
4328
4328
4325
4325
4324
4322
4321
4317
4319
4315
4314
4310
4309
4305
4304
4298
4294
4299
4293
4285
4282
4282
4285
4282
4276
4274
4279
4275
4271
4268
4267
4265
4264
4262
4263
4259
4258
4255
4252
4250
4248
4246
4245
4245
4243
4238
4235
4242
4237
4238
4235
4233
4226
4225
4229
4228
4223
4223
4216
4216
4213
4217
4217
4215
4213
4205
4206
4203
4209
4209
4205
4204
4202
4203
4200
4199
4200
4190
4191
4194
4191
4184
4179
4177
4181
4176
4176
4173
4169
4170
4165
4165
4162
4163
4160
4157
4159
4153
4152
4150
4148
4147
4146
4142
4137
4136
4135
4140
4136
4131
4128
4133
4130
4126
4125
4123
4121
4119
4115
4114
4113
4110
4110
4106
4106
4096
4099
4097
4100
4097
4091
4089
4094
4090
4083
4084
4083
4088
4085
4082
4080
4081
4080
4078
4073
4072
4078
4076
4067
4069
4068
4067
4066
4061
4061
4059
4056
4058
4054
4052
4052
4051
4048
4048
4047
4044
4045
4042
4042
4036
4035
4043
4037
4037
4037
4032
4029
4028
4032
4029
4027
4028
4025
4027
4022
4018
4018
4023
4019
4018
4018
4015
4017
4016
4015
4017
4015
4015
4012
4012
4012
4011
4010
4001
4001
4001
4001
4000
3996
3994
3987
3984
3985
3986
3983
3977
3976
3979
3978
3974
3973
3971
3968
3968
3962
3962
3968
3964
3963
3961
3959
3954
3956
3960
3959
3956
3954
3953
3952
3949
3951
3951
3947
3949
3948
3946
3945
3945
3942
3936
3933
3932
3936
3932
3928
3926
3930
3927
3922
3923
3921
3920
3921
3913
3917
3919
3919
3920
3918
3918
3912
3913
3919
3915
3914
3912
3911
3910
3908
3908
3905
3901
3897
3895
3897
3894
3891
3888
3887
3882
3881
3879
3875
3875
3873
3866
3866
3865
3867
3868
3864
3863
3855
3859
3858
3860
3860
3860
3857
3858
3856
3855
3854
3853
3852
3852
3852
3850
3848
3850
3848
3842
3843
3846
3843
3838
3837
3836
3840
3838
3837
3835
3830
3829
3831
3832
3831
3827
3824
3824
3822
3819
3821
3820
3813
3813
3818
3816
3814
3814
3814
3814
3810
3806
3804
3810
3809
3807
3807
3805
3805
3804
3803
3802
3802
3801
3801
3799
3798
3792
3794
3799
3797
3796
3793
3792
3795
3793
3790
3790
3791
3788
3788
3783
3783
3785
3784
3777
3778
3776
3780
3778
3778
3778
3776
3774
3776
3772
3771
3770
3768
3768
3767
3765
3764
3766
3759
3757
3762
3763
3760
3756
3755
3756
3753
3750
3750
3743
3745
3746
3742
3742
3735
3735
3741
3738
3732
3731
3731
3734
3734
3729
3728
3734
3733
3732
3726
3728
3731
3728
3729
3728
3726
3728
3726
3728
3725
3729
3726
3721
3720
3718
3720
3718
3711
3711
3713
3709
3711
3710
3708
3707
3707
3700
3699
3701
3704
3701
3698
3699
3697
3696
3693
3693
3692
3692
3691
3689
3689
3689
3687
3689
3687
3686
3685
3686
3680
3679
3681
3685
3683
3677
3677
3683
3682
3679
3679
3678
3678
3676
3674
3675
3671
3671
3672
3677
3676
3674
3672
3674
3673
3670
3665
3666
3669
3668
3666
3664
3661
3659
3658
3661
3662
3662
3658
3658
3658
3658
3655
3654
3651
3653
3658
3657
3656
3656
3654
3654
3656
3659
3659
3655
3655
3655
3659
3656
3650
3651
3653
3648
3647
3641
3641
3643
3642
3641
3638
3636
3636
3634
3633
3632
3630
3629
3629
3628
3628
3622
3626
3632
3630
3632
3632
3630
3631
3629
3629
3628
3626
3624
3623
3617
3617
3620
3617
3610
3612
3614
3614
3614
3613
3610
3609
3608
3608
3606
3606
3603
3603
3607
3607
3607
3606
3603
3604
3603
3600
3600
3603
3601
3603
3601
3600
3597
3598
3601
3598
3599
3599
3594
3596
3593
3589
3588
3593
3589
3591
3587
3586
3584
3584
3584
3584
3578
3578
3579
3584
3583
3577
3580
3588
3587
3589
3586
3586
3593
3589
3588
3588
3588
3586
3583
3582
3583
3583
3584
3582
3583
3582
3582
3582
3576
3574
3577
3577
3572
3572
3572
3571
3569
3564
3566
3565
3567
3568
3567
3567
3558
3557
3560
3557
3555
3555
3552
3549
3547
3547
3544
3544
3544
3543
3542
3543
3538
3540
3537
3542
3544
3539
3539
3538
3537
3540
3541
3538
3537
3536
3536
3536
3533
3532
3532
3531
3530
3531
3531
3529
3529
3527
3528
3528
3527
3526
3520
3521
3524
3526
3524
3525
3527
3524
3525
3531
3531
3532
3525
3526
3529
3528
3528
3526
3524
3519
3521
3527
3527
3525
3524
3523
3523
3523
3520
3518
3516
3514
3512
3510
3509
3504
3505
3509
3506
3502
3500
3501
3506
3504
3502
3504
3502
3504
3504
3504
3502
3501
3501
3503
3502
3500
3500
3499
3494
3494
3499
3494
3490
3490
3491
3492
3494
3492
3493
3493
3493
3497
3497
3497
3496
3497
3493
3495
3502
3500
3499
3498
3497
3501
3499
3499
3495
3494
3491
3490
3489
3486
3486
3483
3482
3482
3482
3475
3476
3481
3480
3473
3475
3477
3481
3482
3482
3483
3485
3486
3486
3487
3489
3489
3487
3481
3484
3486
3486
3487
3484
3484
3476
3476
3482
3479
3476
3470
3470
3475
3469
3467
3467
3465
3464
3463
3458
3458
3462
3460
3462
3459
3460
3459
3458
3456
3458
3457
3457
3455
3456
3458
3460
3459
3461
3460
3459
3458
3458
3457
3455
3450
3451
3453
3452
3453
3449
3449
3452
3451
3445
3446
3445
3448
3448
3448
3446
3443
3443
3443
3447
3446
3446
3445
3445
3446
3444
3444
3443
3442
3441
3443
3440
3439
3441
3439
3437
3434
3440
3438
3437
3436
3436
3436
3434
3435
3436
3429
3430
3433
3434
3432
3431
3431
3430
3431
3426
3424
3425
3431
3430
3424
3424
3431
3426
3426
3423
3425
3428
3426
3427
3427
3427
3425
3426
3427
3425
3426
3427
3424
3425
3424
3421
3421
3426
3426
3423
3425
3422
3420
3419
3422
3423
3421
3420
3416
3415
3413
3417
3417
3415
3414
3414
3413
3412
3412
3410
3411
3411
3408
3410
3408
3403
3404
3410
3409
3409
3407
3403
3404
3405
3409
3407
3402
3404
3410
3409
3408
3409
3410
3411
3413
3414
3413
3415
3410
3413
3419
3418
3416
3415
3416
3415
3415
3413
3413
3410
3412
3408
3408
3407
3412
3412
3406
3406
3409
3407
3405
3400
3398
3403
3401
3400
3400
3400
3398
3398
3397
3399
3398
3394
3396
3396
3396
3396
3393
3390
3390
3396
3393
3391
3389
3387
3393
3392
3384
3384
3389
3389
3388
3386
3385
3386
3388
3386
3386
3386
3386
3386
3387
3386
3387
3385
3386
3383
3384
3387
3386
3384
3384
3383
3384
3383
3383
3382
3376
3377
3382
3380
3380
3373
3374
3380
3379
3377
3377
3376
3377
3376
3371
3371
3375
3377
3371
3369
3370
3374
3373
3366
3366
3373
3371
3369
3368
3367
3367
3368
3367
3366
3365
3363
3364
3365
3363
3358
3359
3365
3365
3361
3359
3359
3363
3363
3361
3360
3361
3359
3360
3354
3355
3359
3359
3357
3358
3357
3359
3358
3358
3358
3358
3358
3358
3358
3359
3354
3354
3361
3359
3359
3359
3356
3358
3357
3357
3359
3357
3354
3353
3358
3356
3351
3352
3354
3355
3354
3353
3354
3347
3349
3354
3353
3352
3351
3350
3346
3347
3353
3349
3350
3349
3348
3350
3346
3347
3347
3347
3346
3347
3347
3342
3344
3345
3343
3346
3344
3341
3342
3347
3345
3340
3341
3342
3345
3347
3344
3345
3340
3340
3344
3343
3343
3340
3338
3344
3341
3340
3341
3337
3335
3334
3339
3339
3338
3339
3338
3337
3338
3335
3337
3335
3336
3335
3335
3334
3332
3332
3336
3334
3335
3335
3333
3334
3334
3329
3331
3335
3335
3333
3334
3333
3333
3332
3328
3328
3331
3332
3334
3330
3331
3331
3329
3330
3328
3327
3323
3323
3328
3325
3325
3322
3325
3324
3324
3319
3320
3324
3323
3321
3318
3319
3322
3321
3317
3317
3323
3320
3321
3319
3319
3320
3318
3314
3314
3316
3318
3319
3318
3316
3317
3315
3316
3314
3315
3309
3309
3315
3312
3308
3306
3310
3312
3312
3312
3313
3307
3309
3310
3313
3315
3308
3312
3315
3316
3315
3314
3313
3314
3315
3314
3313
3313
3312
3314
3314
3312
3309
3311
3315
3313
3313
3312
3311
3310
3310
3306
3307
3309
3311
3308
3308
3310
3308
3310
3303
3304
3305
3310
3307
3301
3302
3308
3306
3305
3303
3301
3306
3306
3305
3305
3303
3303
3302
3306
3304
3301
3301
3305
3306
3304
3303
3305
3305
3304
3304
3304
3305
3303
3304
3304
3303
3302
3303
3301
3299
3300
3304
3302
3302
3304
3297
3299
3300
3302
3301
3299
3297
3303
3302
3301
3297
3297
3302
3301
3299
3300
3300
3299
3298
3300
3300
3298
3298
3298
3296
3296
3297
3296
3295
3294
3295
3294
3293
3293
3293
3290
3290
3295
3295
3290
3289
3289
3293
3291
3287
3286
3291
3292
3289
3288
3289
3284
3283
3289
3287
3285
3282
3281
3284
3285
3283
3283
3280
3277
3280
3284
3285
3285
3282
3284
3283
3284
3284
3285
3279
3283
3287
3286
3285
3285
3284
3284
3283
3282
3283
3284
3284
3283
3282
3283
3278
3280
3284
3282
3283
3282
3282
3284
3284
3286
3286
3286
3288
3288
3281
3284
3291
3290
3290
3291
3292
3292
3293
3289
3289
3297
3295
3294
3291
3290
3293
3293
3292
3290
3290
3292
3292
3290
3293
3297
3295
3292
3292
3291
3296
3294
3292
3293
3286
3285
3286
3288
3286
3285
3283
3280
3280
3280
3276
3275
3276
3274
3272
3275
3281
3285
3282
3284
3285
3282
3284
3285
3281
3283
3281
3279
3279
3278
3277
3278
3278
3276
3277
3272
3276
3280
3280
3276
3274
3276
3280
3279
3278
3277
3275
3274
3275
3275
3274
3276
3278
3277
3276
3278
3272
3275
3278
3276
3277
3274
3275
3274
3272
3271
3272
3270
3269
3263
3263
3263
3267
3265
3264
3263
3263
3263
3262
3262
3263
3262
3262
3264
3264
3260
3261
3261
3268
3267
3266
3267
3267
3268
3267
3262
3263
3267
3264
3257
3259
3259
3260
3260
3259
3257
3255
3254
3254
3253
3251
3252
3251
3252
3250
3250
3251
3251
3247
3249
3254
3255
3255
3255
3254
3251
3252
3255
3254
3252
3251
3252
3252
3252
3248
3246
3254
3253
3255
3256
3255
3256
3258
3257
3257
3253
3254
3253
3257
3257
3258
3255
3256
3254
3254
3253
3253
3252
3252
3251
3251
3250
3251
3250
3245
3247
3252
3250
3250
3250
3250
3249
3249
3249
3249
3243
3243
3248
3248
3246
3244
3244
3248
3246
3247
3246
3245
3241
3242
3247
3245
3244
3243
3243
3245
3245
3243
3245
3244
3244
3244
3246
3245
3245
3246
3241
3240
3247
3246
3243
3243
3243
3243
3241
3236
3238
3239
3241
3240
3240
3239
3241
3240
3237
3236
3235
3241
3240
3239
3238
3239
3238
3237
3238
3238
3233
3232
3239
3237
3237
3235
3234
3234
3234
3233
3232
3233
3234
3233
3232
3234
3232
3235
3230
3230
3232
3237
3236
3229
3231
3238
3236
3234
3231
3232
3236
3235
3235
3236
3232
3230
3232
3238
3236
3236
3237
3236
3235
3237
3238
3237
3237
3239
3237
3238
3238
3238
3238
3236
3236
3236
3236
3232
3232
3232
3233
3231
3227
3227
3234
3232
3233
3229
3231
3235
3233
3234
3233
3232
3232
3233
3235
3237
3237
3238
3236
3236
3235
3241
3240
3237
3235
3236
3234
3230
3232
3231
3229
3230
3231
3231
3232
3234
3233
3229
3231
3234
3233
3233
3234
3233
3234
3235
3232
3231
3230
3229
3226
3225
3225
3225
3224
3225
3226
3223
3224
3226
3226
3225
3223
3226
3231
3234
3235
3235
3242
3250
3255
3259
3262
3270
3274
3280
3282
3288
3298
3302
3309
3311
3317
3329
3334
3333
3343
3349
3356
3363
3364
3368
3380
3382
3383
3386
3395
3404
3406
3406
3412
3420
3424
3427
3430
3433
3434
3436
3438
3442
3441
3441
