3053
3053
3051
3051
3049
3048
3047
3045
3043
3041
3039
3036
3033
3027
3025
3022
3025
3022
3020
3016
3009
3006
3006
3007
3004
3001
2999
2997
2994
2993
2986
2987
2988
2987
2980
2982
2984
2984
2979
2977
2976
2969
2967
2971
2968
2967
2964
2961
2953
2954
2958
2955
2951
2951
2948
2946
2946
2943
2941
2938
2937
2936
2940
2936
2936
2933
2932
2930
2928
2928
2925
2926
2922
2922
2922
2919
2919
2918
2917
2914
2914
2914
2909
2910
2910
2915
2915
2913
2913
2910
2910
2913
2916
2916
2907
2909
2914
2914
2910
2908
2907
2911
2910
2907
2908
2905
2905
2903
2901
2902
2900
2900
2899
2898
2896
2895
2894
2893
2893
2887
2889
2888
2890
2889
2889
2889
2886
2885
2887
2884
2885
2883
2883
2889
2886
2886
2888
2887
2885
2886
2882
2882
2885
2886
2885
2881
2882
2885
2885
2879
2879
2883
2882
2881
2883
2880
2880
2881
2873
2875
2875
2879
2879
2879
2877
2876
2878
2876
2876
2876
2876
2874
2876
2874
2873
2875
2874
2872
2873
2869
2869
2876
2873
2873
2871
2870
2871
2870
2867
2868
2868
2873
2871
2871
2870
2865
2866
2867
2870
2868
2865
2864
2868
2867
2864
2865
2864
2859
2860
2863
2861
2858
2860
2858
2859
2857
2857
2858
2852
2853
2858
2857
2858
2852
2854
2858
2858
2859
2858
2859
2860
2859
2860
2859
2861
2859
2859
2859
2859
2859
2859
2858
2859
2857
2858
2858
2857
2858
2852
2853
2859
2857
2859
2857
2857
2859
2858
2858
2856
2857
2851
2854
2856
2855
2851
2849
2854
2855
2854
2851
2851
2856
2855
2854
2855
2854
2850
2852
2855
2856
2856
2856
2858
2855
2857
2861
2862
2862
2861
2862
2864
2863
2864
2865
2866
2865
2867
2867
2867
2862
2862
2866
2862
2862
2861
2859
2856
2856
2859
2857
2857
2855
2853
2855
2854
2853
2853
2851
2851
2852
2852
2849
2847
2847
2854
2851
2852
2852
2851
2849
2848
2854
2853
2851
2851
2853
2852
2852
2848
2850
2853
2853
2848
2849
2850
2855
2853
2853
2854
2853
2855
2853
2856
2857
2855
2857
2858
2856
2856
2854
2856
2862
2862
2862
2864
2863
2865
2866
2862
2864
2870
2869
2867
2867
2868
2876
2875
2871
2874
2879
2879
2879
2879
2880
2882
2881
2881
2883
2882
2883
2885
2886
2886
2884
2885
2891
2890
2890
2892
2893
2896
2894
2898
2898
2898
2901
2902
2898
2902
2906
2907
2908
2905
2909
2911
2912
2914
2914
2914
2915
2917
2923
2923
2919
2923
2928
2930
2930
2932
2934
2935
2936
2935
2936
2943
2944
2946
2946
2948
2955
2957
2960
2963
2965
2966
2970
2972
2974
2978
2982
2982
2985
2987
2988
2994
2994
2998
2996
2997
3001
3008
3009
3012
3013
3012
3015
3020
3025
3028
3028
3029
3039
3039
3043
3047
3049
3052
3054
3053
3059
3066
3068
3071
3075
3078
3082
3084
3088
3092
3094
3099
3102
3101
3108
3115
3120
3119
3124
3127
3137
3139
3144
3148
3153
3158
3161
3168
3170
3177
3179
3184
3187
3194
3193
3200
3208
3211
3217
3220
3225
3230
3236
3241
3244
3246
3250
3264
3266
3273
3277
3283
3287
3292
3296
3304
3308
3316
3319
3322
3327
3340
3344
3347
3351
3359
3369
3377
3380
3388
3388
3396
3400
3412
3415
3417
3424
3435
3438
3441
3448
3451
3453
3457
3469
3470
3477
3480
3488
3491
3496
3503
3505
3512
3520
3524
3532
3535
3539
3546
3558
3562
3569
3570
3576
3586
3594
3595
3602
3609
3617
3621
3629
3633
3637
3642
3648
3653
3659
3666
3671
3674
3680
3693
3697
3701
3706
3711
3723
3728
3730
3737
3744
3753
3758
3766
3771
3774
3779
3791
3798
3800
3808
3811
3820
3824
3831
3838
3843
3851
3856
3864
3869
3877
3884
3892
3900
3907
3915
3924
3931
3941
3947
3958
3965
3972
3981
3987
3996
4004
4012
4021
4026
4034
4042
4046
4048
4056
4069
4075
4080
4087
4092
4093
4103
4117
4120
4128
4131
4138
4151
4160
4157
4169
4180
4188
4196
4202
4211
4217
4225
4233
4240
4246
4255
4262
4267
4274
4281
4286
4290
4300
4304
4309
4318
4325
4331
4338
4340
4349
4361
4365
4366
4376
4387
4393
4399
4402
4408
4418
4424
4426
4431
4435
4449
4455
4459
4466
4467
4475
4482
4494
4499
4503
4508
4513
4521
4522
4528
4533
4538
4538
4543
4546
4553
4558
4560
4561
4568
4573
4575
4575
4582
4585
4592
4596
4601
4606
4610
4616
4621
4624
4630
4637
4639
4644
4651
4650
4656
4663
4672
4675
4674
4681
4694
4698
4703
4703
4712
4721
4726
4729
4736
4738
4743
4750
4755
4763
4776
4781
4784
4789
4795
4798
4803
4809
4813
4817
4823
4830
4834
4837
4839
4844
4847
4848
4853
4853
4857
4858
4863
4864
4871
4871
4877
4877
4881
4884
4888
4889
4897
4898
4905
4908
4912
4920
4922
4921
4925
4935
4937
4942
4939
4943
4953
4955
4951
4957
4964
4969
4975
4976
4980
4976
4980
4987
4993
4997
5000
5004
5008
5012
5014
5019
5024
5026
5030
5032
5035
5028
5034
5034
5042
5041
5043
5046
5039
5044
5045
5051
5050
5049
5052
5052
5051
5046
5046
5045
5048
5047
5045
5044
5045
5045
5041
5041
5045
5038
5040
5049
5050
5051
5052
5054
5051
5056
5053
5056
5064
5066
5065
5070
5071
5073
5076
5068
5073
5075
5083
5085
5086
5085
5088
5089
5088
5087
5090
5097
5101
5103
5104
5104
5107
5111
5121
5124
5129
5131
5127
5133
5136
5143
5146
5151
5149
5151
5152
5156
5157
5160
5159
5161
5161
5161
5157
5155
5155
5156
5156
5153
5150
5150
5147
5144
5143
5145
5142
5144
5147
5145
5147
5149
5149
5146
5151
5159
5160
5159
5163
5166
5163
5167
5177
5178
5171
5175
5177
5183
5181
5180
5176
5178
5176
5178
5177
5174
5170
5172
5176
5174
5177
5175
5175
5171
5171
5181
5180
5178
5180
5179
5178
5177
5173
5171
5163
5163
5164
5165
5165
5157
5155
5161
5159
5155
5151
5151
5147
5144
5141
5138
5136
5133
5130
5126
5125
5116
5114
5124
5118
5118
5119
5119
5119
5117
5114
5113
5120
5121
5120
5115
5116
5124
5123
5122
5125
5123
5125
5125
5124
5127
5126
5127
5124
5125
5123
5125
5124
5117
5119
5121
5124
5123
5122
5124
5115
5118
5124
5122
5122
5114
5113
5116
5112
5100
5100
5099
5100
5097
5094
5092
5087
5088
5085
5084
5082
5078
5081
5075
5074
5074
5071
5070
5070
5065
5059
5060
5062
5061
5058
5056
5055
5050
5052
5043
5041
5046
5043
5042
5039
5040
5038
5037
5036
5033
5035
5033
5032
5033
5032
5033
5032
5032
5025
5028
5032
5033
5025
5027
5032
5032
5030
5022
5021
5027
5024
5022
5020
5018
5019
5015
5018
5017
5017
5015
5011
5006
5004
5010
5006
4999
4998
5002
5002
4997
4995
4989
4988
4981
4978
4972
4968
4964
4960
4952
4947
4951
4950
4944
4936
4936
4937
4935
4932
4928
4927
4926
4921
4918
4916
4920
4917
4917
4916
4913
4909
4907
4911
4909
4906
4906
4902
4902
4898
4896
4896
4883
4886
4887
4884
4881
4877
4875
4872
4867
4867
4861
4860
4856
4852
4849
4844
4842
4839
4837
4830
4831
4832
4827
4824
4823
4820
4819
4816
4809
4807
4811
4807
4799
4800
4797
4798
4796
4784
4783
4789
4786
4782
4782
4780
4777
4777
4775
4775
4775
4773
4771
4771
4768
4768
4765
4764
4763
4757
4756
4754
4745
4747
4751
4744
4744
4739
4736
4739
4734
4727
4726
4727
4726
4723
4714
4712
4718
4715
4713
4710
4710
4705
4703
4702
4699
4694
4693
4693
4696
4691
4690
4685
4677
4678
4678
4679
4676
4666
4667
4667
4663
4658
4654
4649
4642
4641
4635
4630
4620
4617
4615
4612
4606
4601
4596
4592
4588
4582
4580
4574
4574
4569
4565
4561
4560
4558
4554
4550
4548
4546
4545
4536
4534
4532
4537
4534
4528
4526
4533
4528
4522
4519
4517
4519
4515
4514
4512
4503
4502
4500
4506
4500
4499
4495
4493
4491
4488
4486
4485
4484
4478
4476
4475
4467
4467
4465
4467
4464
4456
4458
4461
4457
4451
4450
4447
4445
4443
4440
4441
4437
4436
4433
4430
4429
4426
4424
4420
4416
4413
4416
4413
4403
4403
4408
4406
4399
4399
4396
4394
4390
4382
4383
4380
4383
4380
4379
4374
4374
4370
4369
4366
4364
4357
4355
4361
4356
4354
4352
4350
4349
4345
4340
4335
4342
4338
4336
4333
4331
4324
4325
4329
4326
4320
4316
4317
4318
4316
4312
4310
4305
4303
4300
4299
4293
4291
4288
4286
4284
4280
4279
4274
4270
4268
4265
4261
4255
4253
4251
4245
4242
4247
4243
4241
4238
4239
4235
4237
4227
4228
4233
4233
4229
4228
4227
4221
4221
4225
4221
4221
4218
4216
4207
4205
4211
4207
4202
4201
4197
4195
4191
4183
4182
4188
4183
4181
4179
4178
4173
4173
4163
4166
4165
4166
4164
4162
4160
4153
4155
4155
4154
4150
4148
4143
4140
4135
4134
4130
4126
4123
4121
4117
4112
4112
4106
4101
4097
4095
4096
4092
4090
4088
4086
4082
4082
4077
4075
4067
4069
4069
4068
4061
4053
4055
4060
4055
4053
4051
4046
4044
4042
4046
4044
4042
4040
4039
4037
4035
4028
4028
4031
4027
4024
4023
4022
4018
4017
4018
4015
4013
4012
4005
4004
4001
4007
4004
4002
4000
3997
3994
3995
3988
3986
3993
3987
3989
3986
3983
3978
3976
3981
3978
3977
3975
3975
3972
3972
3968
3968
3965
3963
3958
3959
3954
3947
3945
3949
3946
3938
3937
3936
3940
3936
3935
3932
3933
3931
3930
3928
3924
3924
3920
3918
3917
3914
3913
3911
3904
3904
3906
3905
3896
3895
3894
3896
3893
3885
3887
3892
3891
3890
3887
3886
3883
3882
3881
3877
3876
3871
3870
3867
3862
3857
3853
3858
3855
3851
3849
3844
3839
3837
3842
3838
3836
3835
3831
3827
3824
3830
3829
3826
3827
3825
3824
3824
3822
3820
3816
3816
3815
3812
3807
3802
3803
3807
3803
3801
3800
3797
3793
3791
3793
3792
3787
3786
3784
3783
3779
3776
3772
3780
3774
3774
3773
3771
3770
3768
3762
3762
3765
3763
3763
3755
3755
3757
3755
3747
3746
3747
3749
3748
3746
3744
3744
3741
3738
3739
3736
3732
3729
3736
3732
3730
3728
3728
3726
3724
3725
3720
3719
3718
3715
3715
3712
3710
3710
3703
3701
3701
3705
3701
3700
3700
3691
3691
3695
3693
3694
3691
3689
3690
3687
3687
3684
3683
3682
3678
3678
3677
3675
3673
3672
3668
3667
3672
3671
3663
3661
3665
3665
3662
3653
3655
3658
3654
3650
3651
3647
3651
3650
3647
3643
3643
3641
3638
3638
3637
3634
3634
3630
3627
3628
3627
3626
3626
3623
3621
3620
3619
3616
3616
3612
3610
3616
3615
3606
3606
3606
3608
3606
3599
3600
3602
3601
3601
3599
3596
3591
3589
3594
3592
3589
3587
3587
3584
3584
3581
3580
3577
3576
3576
3573
3572
3567
3567
3571
3571
3567
3566
3565
3563
3562
3563
3560
3554
3556
3556
3558
3558
3556
3551
3554
3552
3550
3551
3550
3542
3543
3546
3544
3543
3539
3538
3536
3536
3528
3529
3533
3531
3530
3529
3527
3522
3520
3524
3522
3523
3519
3519
3518
3515
3512
3510
3515
3515
3512
3510
3509
3512
3511
3507
3508
3505
3504
3506
3499
3499
3503
3500
3498
3498
3497
3494
3492
3493
3489
3490
3487
3485
3484
3483
3481
3481
3474
3475
3476
3477
3476
3476
3474
3472
3472
3469
3468
3469
3461
3462
3466
3464
3463
3461
3461
3459
3459
3452
3453
3455
3454
3454
3452
3451
3451
3449
3447
3448
3445
3441
3442
3446
3444
3438
3438
3441
3442
3440
3433
3434
3438
3435
3437
3435
3436
3434
3434
3434
3432
3426
3429
3428
3432
3432
3431
3428
3429
3425
3421
3420
3418
3422
3421
3420
3417
3418
3417
3416
3416
3415
3412
3413
3409
3408
3407
3403
3404
3406
3405
3398
3396
3401
3398
3395
3395
3393
3389
3388
3393
3392
3389
3388
3386
3386
3385
3386
3385
3382
3379
3378
3382
3384
3376
3380
3384
3386
3383
3383
3384
3382
3381
3380
3379
3377
3377
3376
3373
3372
3369
3367
3367
3365
3363
3362
3359
3353
3354
3355
3355
3353
3346
3347
3349
3347
3346
3346
3343
3337
3338
3342
3339
3334
3334
3336
3339
3336
3337
3336
3333
3333
3332
3331
3329
3330
3328
3326
3327
3328
3327
3328
3328
3327
3326
3325
3319
3319
3319
3321
3320
3315
3314
3319
3317
3316
3313
3313
3313
3310
3304
3307
3309
3307
3308
3307
3305
3304
3304
3303
3303
3301
3301
3301
3296
3297
3300
3299
3294
3293
3292
3296
3296
3294
3294
3288
3291
3288
3292
3292
3291
3288
3289
3288
3287
3285
3285
3286
3285
3278
3279
3284
3283
3283
3281
3283
3278
3278
3284
3283
3282
3281
3279
3279
3280
3276
3276
3276
3276
3276
3274
3272
3266
3267
3270
3269
3267
3267
3266
3261
3262
3267
3265
3263
3262
3263
3262
3260
3254
3255
3254
3257
3256
3255
3255
3254
3252
3252
3251
3249
3247
3248
3242
3240
3245
3244
3244
3242
3240
3235
3236
3240
3237
3237
3236
3235
3235
3234
3230
3229
3233
3232
3231
3230
3231
3229
3228
3226
3226
3226
3228
3228
3228
3225
3224
3224
3225
3224
3222
3223
3223
3222
3220
3220
3221
3221
3219
3218
3214
3215
3218
3216
3214
3211
3212
3215
3213
3209
3210
3209
3214
3210
3205
3205
3211
3208
3209
3208
3206
3202
3203
3205
3206
3204
3201
3203
3201
3200
3199
3200
3197
3198
3197
3196
3196
3196
3195
3194
3194
3196
3195
3196
3191
3190
3195
3195
3189
3187
3188
3192
3189
3190
3188
3187
3186
3186
3186
3185
3178
3180
3183
3181
3181
3180
3179
3179
3180
3180
3180
3173
3175
3174
3179
3179
3179
3179
3181
3180
3178
3175
3177
3180
3177
3174
3176
3174
3173
3173
3167
3168
3173
3172
3168
3170
3171
3171
3171
3166
3168
3173
3171
3170
3171
3170
3168
3170
3169
3168
3168
3167
3168
3167
3166
3159
3160
3164
3162
3161
3156
3155
3158
3157
3151
3151
3151
3153
3153
3152
3149
3148
3148
3145
3141
3142
3149
3145
3142
3142
3147
3146
3144
3145
3143
3143
3142
3143
3142
3140
3139
3140
3137
3138
3132
3131
3136
3136
3134
3133
3133
3132
3132
3131
3129
3129
3127
3126
3131
3130
3130
3130
3129
3129
3127
3127
3127
3127
3127
3122
3121
3124
3126
3127
3121
3122
3127
3126
3126
3120
3122
3127
3125
3119
3120
3121
3124
3121
3120
3121
3120
3117
3113
3112
3112
3114
3114
3114
3113
3112
3112
3113
3114
3113
3113
3114
3115
3114
3112
3109
3106
3111
3110
3111
3109
3107
3107
3107
3101
3102
3104
3105
3104
3104
3103
3100
3099
3104
3105
3097
3099
3101
3106
3105
3106
3107
3107
3108
3108
3107
3107
3109
3109
3103
3106
3106
3106
3104
3100
3100
3106
3104
3102
3101
3100
3099
3097
3097
3097
3095
3094
3093
3093
3092
3086
3086
3091
3090
3087
3086
3086
3082
3080
3087
3086
3083
3083
3083
3082
3082
3081
3080
3076
3077
3082
3082
3082
3083
3081
3075
3075
3080
3079
3076
3076
3076
3074
3073
3074
3075
3075
3075
3073
3069
3068
3074
3075
3071
3071
3073
3079
3079
3078
3077
3077
3077
3076
3075
3074
3074
3074
3071
3071
3071
3069
3070
3068
3067
3061
3063
3066
3065
3063
3059
3059
3065
3064
3057
3057
3058
3062
3060
3059
3058
3052
3052
3052
3056
3055
3057
3055
3055
3055
3053
3053
3053
3053
3053
3053
3052
3050
3049
3050
3050
3049
3048
3051
3047
3048
3050
3054
3053
3053
3053
3049
3049
3055
3053
3054
3053
3054
3049
3049
3056
3057
3055
3054
3052
3051
3050
3046
3046
3046
3049
3047
3045
3044
3045
3044
3042
3040
3039
3036
3038
3037
3035
3030
3031
3032
3035
3033
3033
3032
3028
3029
3028
3032
3031
3027
3026
3030
3030
3029
3028
3028
3029
3029
3025
3024
3029
3028
3028
3027
3028
3025
3025
3025
3022
3023
3022
3022
3022
3020
3021
3021
3022
3024
3024
3018
3018
3024
3023
3019
3019
3018
3022
3021
3017
3019
3024
3022
3020
3019
3019
3020
3019
3017
3016
3014
3014
3014
3009
3010
3015
3014
3013
3014
3014
3014
3013
3014
3013
3011
3013
3013
3013
3013
3009
3011
3016
3016
3011
3012
3013
3017
3017
3010
3011
3017
3017
3016
3010
3011
3014
3014
3013
3011
3010
3008
3007
3007
3008
3004
3005
3004
3002
3000
3000
3000
2998
2997
2996
2995
2995
2996
2996
2991
2991
2998
2997
2996
2996
2994
2992
2992
2996
2995
2994
2994
2994
2994
2994
2992
2992
2986
2988
2988
2994
2992
2991
2990
2989
2988
2987
2985
2984
2990
2988
2984
2984
2987
2985
2989
2989
2987
2988
2988
2982
2983
2982
2987
2986
2984
2983
2982
2982
2983
2984
2982
2982
2981
2983
2983
2982
2982
2981
2982
2980
2976
2978
2986
2985
2984
2981
2980
2985
2983
2984
2983
2982
2980
2981
2987
2987
2987
2987
2984
2984
2986
2989
2989
2989
2988
2990
2990
2991
2992
2991
2991
2990
2989
2989
2987
2987
2985
2983
2983
2978
2978
2980
2979
2979
2974
2973
2979
2977
2977
2976
2974
2969
2968
2972
2970
2970
2969
2968
2966
2966
2970
2968
2968
2966
2966
2965
2964
2964
2963
2959
2960
2965
2963
2962
2962
2961
2958
2958
2961
2961
2959
2960
2959
2959
2958
2956
2956
2956
2956
2955
2956
2956
2954
2956
2957
2956
2956
2954
2956
2962
2960
2955
2958
2960
2962
2962
2963
2963
2963
2963
2962
2962
2963
2964
2965
2963
2964
2959
2962
2962
2966
2965
2962
2963
2969
2967
2964
2964
2964
2964
2964
2962
2960
2960
2960
2960
2961
2962
2957
2957
2960
2960
2958
2958
2957
2956
2956
2949
2950
2952
2956
2957
2956
2954
2953
2954
2954
2952
2954
2953
2949
2947
2945
2952
2949
2948
2945
2946
2950
2947
2946
2946
2943
2944
2945
2945
2944
2941
2941
2946
2946
2945
2941
2941
2946
2944
2943
2944
2943
2945
2945
2940
2942
2945
2944
2943
2944
2942
2942
2941
2936
2938
2940
2940
2940
2939
2939
2939
2940
2939
2939
2938
2933
2935
2940
2938
2932
2935
2935
2938
2938
2936
2936
2937
2936
2936
2937
2936
2935
2934
2936
2936
2935
2937
2938
2937
2937
2944
2943
2939
2939
2941
2944
2941
2936
2938
2941
2939
2939
2938
2936
2935
2937
2936
2939
2940
2942
2944
2938
2940
2945
2944
2944
2945
2945
2945
2945
2945
2947
2946
2946
2946
2947
2948
2945
2945
2949
2948
2949
2948
2945
2941
2942
2946
2943
2942
2943
2941
2936
2935
2940
2936
2935
2934
2934
2934
2932
2927
2928
2931
2929
2923
2924
2925
2927
2927
2927
2926
2925
2925
2927
2927
2925
2925
2926
2925
2925
2920
2920
2922
2924
2923
2919
2920
2925
2924
2925
2924
2924
2921
2922
2918
2918
2919
2918
2916
2913
2915
2920
2919
2921
2919
2921
2922
2923
2926
2926
2927
2927
2929
2929
2928
2929
2927
2921
2922
2922
2926
2925
2924
2923
2917
2919
2921
2922
2920
2915
2916
2918
2917
2915
2914
2912
2914
2914
2910
2913
2916
2917
2917
2916
2916
2916
2917
2917
2915
2917
2916
2916
2916
2914
2915
2915
2913
2915
2916
2916
2918
2913
2916
2921
2919
2917
2915
2913
2917
2918
2910
2911
2914
2912
2913
2912
2909
2910
2909
2903
2906
2903
2906
2906
2904
2905
2904
2902
2903
2901
2900
2899
2899
2896
2896
2899
2899
2899
2898
2897
2894
2892
2898
2897
2895
2896
2894
2896
2896
2894
2895
2893
2895
2891
2892
2892
2891
2891
2890
2887
2889
2892
2890
2887
2888
2892
2892
2890
2885
2886
2890
2889
2890
2889
2888
2890
2888
2887
2888
2886
2886
2888
2887
2887
2888
2887
2887
2887
2883
2886
2886
2890
2889
2883
2885
2890
2888
2890
2885
2885
2891
2889
2890
2891
2891
2891
2893
2892
2894
2896
2897
2897
2900
2899
2899
2898
2898
2897
2892
2894
2893
2897
2899
2897
2897
2899
2897
2897
2899
2897
2892
2893
2897
2897
2896
2897
2896
2898
2896
2891
2893
2897
2898
2897
2895
2897
2891
2892
2896
2895
2894
2892
2893
2890
2890
2890
2888
2884
2883
2884
2887
2885
2882
2882
2888
2889
2884
2884
2883
2886
2886
2886
2883
2883
2882
2882
2882
2882
2876
2878
2883
2881
2881
2881
2881
2883
2883
2883
2884
2884
2883
2885
2883
2883
2883
2881
2877
2878
2878
2881
2880
2876
2874
2881
2878
2878
2879
2877
2876
2877
2876
2874
2874
2875
2873
2875
2876
2870
2870
2871
2873
2872
2866
2868
2871
2869
2865
2866
2865
2870
2869
2863
2864
2871
2869
2867
2868
2866
2865
2866
2865
2864
2866
2865
2864
2865
2864
2864
2865
2859
2860
2861
2862
2863
2863
2863
2857
2860
2863
2865
2866
2867
2867
2869
2868
2868
2868
2869
2869
2870
2868
2868
2868
2870
2868
2865
2864
2869
2869
2863
2864
2867
2869
2868
2865
2867
2870
2869
2870
2868
2868
2868
2865
2866
2864
2864
2867
2865
2862
2862
2868
2868
2861
2864
2865
2870
2869
2869
2869
2868
2869
2870
2868
2870
2871
2869
2871
2869
2869
2868
2868
2868
2867
2866
2867
2861
2862
2863
2868
2868
2865
2864
2866
2864
2863
2864
2864
2859
2860
2863
2862
2862
2860
2860
2860
2858
2858
2858
2853
2854
2854
2857
2858
2857
2859
2859
2861
2860
2862
2862
2861
2863
2862
2863
2862
2863
2865
2863
2862
2870
2872
2871
2876
2877
2881
2885
2882
2889
2898
2900
2904
2904
2911
2919
2922
2924
2928
2937
2942
2945
2946
2950
2961
2965
2963
2972
2976
2984
2990
2989
2995
3004
3008
3008
3012
3014
3023
3027
3029
3034
3034
3038
3039
3042
3043
3041
3042
