3234
3234
3233
3234
3229
3231
3233
3234
3232
3231
3229
3230
3228
3224
3223
3221
3218
3217
3213
3211
3209
3205
3203
3196
3194
3197
3190
3189
3185
3182
3182
3176
3175
3171
3169
3167
3160
3157
3156
3157
3155
3149
3146
3151
3148
3145
3142
3140
3142
3140
3131
3132
3133
3133
3132
3132
3129
3128
3123
3123
3124
3123
3122
3123
3121
3117
3117
3116
3114
3112
3110
3107
3105
3105
3101
3101
3098
3095
3101
3099
3096
3095
3091
3090
3089
3094
3091
3088
3089
3083
3083
3083
3086
3085
3083
3083
3080
3079
3078
3077
3075
3075
3073
3070
3069
3066
3064
3066
3067
3066
3067
3065
3066
3067
3068
3067
3068
3062
3064
3069
3068
3068
3070
3068
3064
3066
3069
3069
3068
3066
3064
3063
3063
3060
3058
3059
3056
3055
3055
3054
3047
3048
3053
3052
3052
3051
3048
3045
3046
3049
3046
3046
3044
3043
3045
3044
3038
3039
3044
3042
3043
3041
3041
3041
3039
3039
3039
3036
3037
3034
3031
3030
3034
3031
3027
3026
3029
3033
3032
3033
3033
3029
3031
3034
3036
3036
3036
3036
3034
3035
3035
3036
3036
3036
3037
3030
3031
3036
3033
3032
3029
3028
3030
3029
3030
3029
3027
3028
3027
3025
3024
3025
3026
3025
3026
3027
3026
3028
3033
3032
3028
3025
3026
3030
3029
3028
3027
3028
3026
3027
3024
3026
3025
3025
3021
3021
3022
3026
3025
3024
3023
3018
3019
3022
3021
3021
3019
3019
3020
3017
3016
3017
3017
3016
3016
3018
3017
3017
3017
3017
3016
3016
3016
3016
3012
3013
3014
3016
3014
3010
3010
3015
3014
3014
3016
3017
3011
3014
3019
3016
3016
3017
3013
3013
3012
3018
3015
3015
3017
3017
3016
3018
3021
3021
3017
3019
3027
3025
3026
3026
3025
3025
3024
3023
3024
3023
3022
3023
3023
3022
3024
3024
3026
3028
3028
3027
3029
3032
3031
3027
3026
3028
3031
3029
3022
3022
3028
3026
3024
3023
3024
3020
3020
3027
3024
3019
3020
3022
3024
3024
3025
3024
3024
3024
3024
3025
3024
3025
3026
3024
3024
3026
3027
3028
3024
3026
3032
3029
3030
3030
3030
3030
3032
3032
3033
3029
3029
3032
3036
3036
3034
3034
3041
3042
3042
3043
3045
3041
3042
3050
3049
3048
3050
3051
3052
3053
3050
3050
3057
3057
3057
3059
3060
3058
3059
3065
3066
3066
3066
3068
3070
3070
3071
3074
3077
3079
3079
3080
3083
3080
3080
3088
3090
3092
3088
3092
3100
3099
3102
3105
3107
3107
3110
3108
3110
3120
3120
3117
3121
3124
3131
3133
3135
3137
3135
3137
3139
3147
3147
3149
3153
3154
3155
3160
3162
3164
3168
3171
3171
3176
3178
3182
3184
3185
3188
3195
3199
3197
3200
3205
3212
3214
3219
3221
3224
3229
3231
3230
3234
3242
3246
3250
3252
3250
3255
3259
3267
3271
3269
3274
3282
3285
3288
3294
3297
3303
3307
3311
3317
3321
3325
3331
3335
3339
3346
3351
3351
3357
3362
3371
3375
3381
3385
3392
3397
3400
3402
3407
3418
3423
3429
3435
3440
3441
3449
3458
3464
3466
3474
3482
3489
3495
3499
3507
3511
3519
3524
3531
3537
3543
3551
3555
3564
3564
3574
3581
3593
3598
3605
3610
3618
3622
3630
3637
3643
3647
3652
3667
3670
3679
3686
3695
3700
3709
3711
3717
3731
3737
3743
3751
3755
3763
3768
3775
3780
3787
3793
3800
3808
3815
3824
3830
3833
3841
3851
3862
3868
3872
3879
3895
3900
3908
3914
3923
3928
3937
3943
3948
3956
3963
3972
3978
3985
3990
3997
4010
4017
4025
4029
4035
4050
4054
4064
4071
4080
4088
4096
4099
4108
4123
4131
4132
4142
4154
4166
4174
4183
4191
4199
4206
4214
4224
4230
4238
4246
4249
4260
4267
4279
4288
4298
4308
4310
4322
4335
4343
4353
4355
4363
4380
4388
4394
4405
4412
4420
4429
4433
4441
4458
4464
4472
4483
4489
4498
4510
4517
4525
4534
4541
4546
4554
4561
4562
4571
4586
4590
4599
4603
4611
4617
4625
4627
4634
4641
4652
4660
4665
4673
4682
4689
4697
4705
4715
4725
4732
4740
4749
4758
4765
4774
4779
4787
4794
4802
4806
4813
4822
4831
4836
4842
4850
4861
4866
4870
4878
4885
4900
4904
4909
4919
4927
4936
4941
4944
4954
4964
4971
4980
4985
4993
5002
5007
5015
5025
5026
5035
5045
5053
5057
5062
5070
5076
5080
5087
5095
5099
5100
5109
5121
5122
5123
5128
5134
5141
5141
5144
5147
5148
5150
5153
5154
5156
5154
5156
5166
5168
5171
5177
5180
5184
5189
5195
5198
5203
5206
5208
5210
5217
5219
5222
5220
5228
5238
5240
5245
5249
5252
5257
5263
5266
5270
5277
5280
5283
5288
5293
5288
5298
5307
5315
5320
5320
5326
5336
5335
5334
5338
5342
5349
5351
5354
5353
5357
5358
5362
5365
5369
5373
5382
5383
5387
5392
5395
5398
5393
5398
5407
5405
5405
5404
5404
5401
5403
5408
5408
5405
5406
5412
5418
5421
5427
5430
5428
5434
5438
5447
5450
5452
5456
5453
5461
5469
5473
5476
5483
5488
5491
5496
5503
5506
5509
5513
5519
5525
5526
5529
5531
5532
5534
5536
5539
5540
5536
5539
5549
5549
5551
5552
5553
5554
5560
5556
5562
5564
5572
5571
5570
5575
5582
5579
5580
5582
5583
5582
5580
5582
5582
5580
5579
5579
5574
5574
5583
5582
5575
5577
5580
5587
5590
5593
5594
5596
5598
5600
5601
5604
5610
5612
5615
5618
5612
5615
5615
5623
5621
5620
5619
5620
5619
5613
5605
5604
5609
5605
5603
5599
5596
5598
5598
5597
5596
5596
5596
5591
5593
5592
5597
5596
5595
5596
5593
5591
5589
5592
5590
5585
5589
5587
5584
5582
5575
5572
5575
5572
5566
5566
5566
5565
5562
5563
5563
5563
5562
5565
5568
5568
5568
5569
5568
5571
5580
5583
5584
5583
5585
5586
5590
5586
5588
5592
5592
5591
5589
5590
5588
5584
5583
5584
5583
5585
5580
5570
5569
5575
5574
5568
5562
5560
5567
5565
5565
5565
5557
5557
5557
5564
5562
5560
5558
5556
5554
5554
5552
5550
5548
5547
5547
5546
5544
5544
5545
5541
5541
5549
5550
5551
5549
5548
5547
5551
5543
5544
5553
5547
5545
5536
5534
5539
5533
5530
5529
5524
5518
5519
5521
5516
5514
5509
5507
5506
5504
5502
5499
5499
5498
5495
5495
5495
5494
5490
5486
5485
5494
5490
5487
5487
5489
5488
5485
5481
5481
5486
5485
5484
5482
5482
5483
5479
5473
5475
5477
5481
5479
5478
5478
5476
5477
5476
5470
5471
5476
5475
5473
5471
5470
5467
5466
5466
5463
5461
5461
5452
5452
5453
5456
5454
5452
5450
5449
5447
5443
5439
5436
5442
5439
5436
5432
5425
5424
5421
5424
5423
5414
5415
5419
5415
5414
5411
5410
5409
5405
5405
5403
5399
5397
5395
5391
5389
5387
5385
5377
5375
5375
5377
5373
5373
5371
5366
5365
5363
5354
5352
5355
5352
5348
5345
5340
5337
5334
5326
5323
5327
5323
5320
5317
5312
5309
5306
5297
5297
5301
5297
5295
5290
5287
5288
5285
5281
5276
5271
5264
5263
5266
5261
5258
5254
5253
5249
5247
5239
5237
5240
5237
5232
5229
5224
5220
5220
5216
5213
5212
5210
5208
5204
5203
5199
5195
5193
5190
5190
5185
5184
5176
5176
5179
5175
5165
5167
5166
5167
5164
5156
5157
5161
5155
5153
5150
5148
5140
5140
5142
5138
5137
5135
5131
5128
5126
5126
5122
5122
5119
5116
5109
5107
5112
5106
5103
5100
5096
5092
5089
5085
5078
5073
5069
5059
5056
5052
5054
5049
5037
5035
5038
5029
5027
5022
5020
5015
5011
4999
4997
4995
4994
4989
4985
4980
4977
4974
4968
4965
4961
4950
4949
4951
4945
4939
4934
4929
4923
4920
4909
4906
4909
4904
4898
4890
4890
4892
4887
4883
4882
4877
4874
4871
4868
4868
4867
4866
4858
4859
4859
4862
4859
4858
4855
4853
4854
4852
4850
4846
4845
4840
4838
4835
4827
4827
4827
4830
4827
4824
4819
4810
4811
4811
4816
4812
4807
4806
4813
4811
4808
4805
4805
4802
4800
4797
4796
4790
4787
4784
4785
4779
4773
4768
4761
4758
4755
4753
4749
4743
4741
4733
4733
4733
4733
4730
4727
4724
4715
4715
4719
4718
4716
4715
4712
4710
4707
4706
4702
4700
4692
4692
4697
4692
4691
4689
4687
4683
4680
4673
4670
4677
4674
4673
4670
4665
4659
4656
4658
4657
4653
4651
4647
4645
4643
4639
4637
4626
4626
4626
4627
4624
4618
4617
4621
4615
4611
4608
4608
4605
4603
4598
4590
4591
4589
4587
4588
4586
4578
4575
4580
4576
4573
4572
4569
4566
4563
4560
4559
4554
4553
4550
4542
4542
4545
4541
4535
4532
4528
4530
4530
4527
4523
4520
4518
4513
4512
4510
4503
4500
4504
4501
4497
4495
4492
4488
4487
4481
4479
4482
4478
4473
4464
4463
4467
4462
4460
4457
4453
4449
4444
4439
4437
4439
4434
4431
4429
4427
4424
4419
4416
4415
4413
4410
4409
4407
4403
4396
4392
4396
4394
4390
4383
4381
4383
4379
4373
4373
4379
4378
4375
4370
4367
4365
4361
4358
4353
4350
4346
4343
4340
4336
4333
4332
4327
4321
4319
4321
4319
4318
4316
4312
4309
4306
4305
4303
4297
4297
4302
4303
4300
4293
4290
4296
4293
4292
4288
4284
4279
4278
4278
4274
4272
4272
4265
4262
4260
4262
4257
4255
4253
4251
4250
4246
4245
4243
4241
4239
4237
4234
4231
4226
4227
4229
4226
4218
4218
4221
4220
4214
4207
4203
4207
4208
4205
4204
4202
4194
4194
4198
4195
4193
4190
4189
4189
4188
4186
4184
4182
4182
4175
4175
4174
4176
4174
4174
4171
4169
4168
4167
4164
4162
4159
4157
4157
4153
4150
4149
4148
4141
4139
4140
4138
4131
4130
4128
4127
4126
4127
4123
4119
4119
4115
4113
4109
4109
4104
4100
4099
4097
4096
4092
4091
4090
4087
4084
4077
4076
4075
4076
4073
4072
4071
4066
4064
4064
4057
4057
4060
4058
4051
4050
4052
4053
4050
4048
4047
4041
4041
4045
4041
4041
4041
4038
4035
4034
4033
4031
4027
4025
4023
4018
4016
4008
4006
4004
4006
4002
3998
3994
3994
3993
3985
3981
3982
3986
3982
3972
3970
3976
3971
3967
3968
3966
3963
3962
3957
3958
3959
3957
3956
3955
3951
3948
3948
3949
3946
3942
3940
3939
3939
3939
3937
3938
3936
3933
3931
3931
3928
3921
3920
3924
3926
3923
3919
3918
3921
3917
3909
3908
3905
3909
3907
3901
3901
3894
3892
3891
3894
3893
3890
3887
3886
3884
3882
3880
3881
3879
3875
3878
3877
3874
3874
3872
3871
3871
3869
3867
3861
3862
3860
3865
3863
3860
3859
3859
3857
3853
3851
3852
3853
3853
3852
3850
3848
3847
3846
3849
3847
3840
3838
3843
3840
3835
3836
3833
3826
3828
3833
3829
3828
3826
3822
3821
3820
3817
3814
3808
3807
3805
3808
3808
3803
3800
3799
3796
3793
3788
3789
3792
3787
3786
3787
3783
3783
3782
3777
3776
3778
3776
3776
3774
3774
3773
3769
3769
3769
3765
3764
3766
3759
3757
3762
3761
3752
3751
3756
3758
3755
3757
3753
3751
3750
3746
3746
3746
3743
3743
3741
3737
3737
3736
3734
3734
3734
3727
3728
3735
3734
3730
3729
3729
3732
3731
3726
3725
3729
3728
3726
3723
3722
3720
3717
3716
3715
3712
3707
3707
3710
3706
3706
3705
3700
3700
3699
3696
3696
3695
3695
3691
3691
3691
3690
3691
3682
3683
3689
3684
3681
3682
3679
3672
3673
3676
3674
3674
3672
3670
3669
3668
3666
3666
3661
3660
3662
3668
3668
3663
3664
3670
3667
3665
3667
3665
3664
3663
3658
3660
3655
3647
3649
3653
3648
3643
3641
3644
3640
3638
3639
3636
3636
3634
3632
3631
3630
3628
3628
3628
3626
3626
3624
3621
3624
3622
3620
3621
3618
3617
3614
3612
3610
3615
3612
3605
3607
3613
3610
3608
3603
3604
3607
3607
3607
3605
3604
3602
3599
3604
3601
3598
3598
3595
3593
3593
3593
3589
3589
3589
3583
3582
3581
3585
3582
3578
3579
3581
3580
3580
3577
3579
3577
3574
3574
3573
3572
3571
3571
3569
3569
3570
3569
3567
3565
3566
3562
3561
3565
3566
3564
3561
3559
3556
3556
3559
3560
3559
3556
3557
3554
3555
3550
3548
3552
3552
3551
3548
3548
3546
3543
3544
3543
3534
3536
3537
3536
3536
3531
3528
3532
3530
3527
3529
3527
3521
3522
3525
3524
3523
3521
3519
3514
3515
3519
3514
3515
3516
3513
3514
3514
3512
3513
3513
3511
3512
3512
3510
3511
3510
3503
3504
3510
3509
3508
3507
3507
3507
3505
3505
3504
3501
3504
3503
3500
3501
3494
3495
3500
3497
3496
3494
3491
3488
3488
3492
3489
3489
3487
3484
3482
3483
3487
3487
3482
3478
3480
3485
3482
3480
3480
3481
3478
3480
3478
3476
3477
3473
3474
3471
3471
3472
3470
3471
3469
3464
3466
3464
3468
3464
3463
3463
3461
3462
3457
3454
3454
3459
3456
3454
3453
3453
3453
3450
3451
3449
3446
3448
3439
3441
3443
3443
3443
3438
3438
3445
3441
3438
3438
3437
3442
3442
3440
3442
3434
3437
3437
3441
3441
3439
3438
3438
3436
3437
3436
3435
3434
3432
3430
3428
3426
3424
3425
3423
3423
3420
3417
3418
3416
3416
3411
3408
3414
3413
3406
3407
3409
3409
3410
3402
3404
3410
3410
3404
3406
3407
3409
3411
3408
3407
3406
3404
3404
3402
3401
3401
3400
3400
3398
3397
3395
3395
3396
3396
3395
3392
3393
3392
3389
3385
3384
3389
3388
3386
3386
3385
3380
3379
3383
3380
3380
3379
3376
3377
3378
3373
3372
3379
3374
3373
3373
3370
3370
3370
3368
3370
3364
3366
3367
3372
3369
3366
3366
3369
3368
3368
3366
3366
3363
3361
3363
3361
3360
3362
3360
3358
3360
3358
3358
3356
3355
3356
3355
3353
3348
3348
3353
3354
3350
3346
3346
3351
3350
3347
3345
3348
3350
3346
3346
3345
3344
3344
3342
3342
3342
3339
3339
3345
3343
3336
3338
3338
3338
3339
3333
3331
3338
3337
3334
3335
3334
3332
3332
3327
3326
3332
3330
3331
3331
3331
3330
3331
3331
3328
3329
3328
3327
3328
3326
3327
3326
3323
3323
3324
3329
3328
3327
3326
3326
3326
3324
3322
3320
3324
3323
3317
3319
3320
3322
3320
3321
3319
3317
3318
3311
3311
3310
3312
3310
3303
3305
3309
3307
3305
3302
3303
3301
3300
3297
3295
3298
3300
3298
3297
3297
3295
3297
3296
3295
3297
3295
3295
3294
3291
3292
3293
3293
3287
3287
3292
3290
3290
3289
3287
3285
3283
3288
3285
3285
3286
3279
3281
3281
3285
3285
3279
3277
3283
3283
3279
3280
3280
3278
3279
3277
3278
3277
3277
3278
3278
3281
3279
3281
3279
3280
3279
3276
3277
3280
3280
3280
3278
3278
3275
3275
3279
3279
3278
3278
3277
3277
3276
3270
3270
3274
3275
3272
3275
3274
3275
3274
3269
3271
3274
3274
3273
3268
3269
3271
3270
3268
3268
3268
3267
3265
3266
3264
3265
3262
3261
3261
3259
3256
3258
3262
3261
3260
3260
3261
3259
3257
3258
3255
3257
3256
3256
3257
3254
3255
3255
3248
3251
3255
3253
3254
3251
3252
3249
3249
3249
3246
3247
3240
3240
3244
3242
3238
3237
3239
3243
3241
3243
3241
3235
3237
3240
3239
3238
3233
3234
3238
3238
3236
3235
3233
3234
3231
3231
3231
3227
3228
3226
3225
3226
3223
3224
3220
3220
3225
3226
3222
3224
3224
3222
3224
3222
3221
3219
3218
3221
3219
3222
3218
3218
3222
3226
3226
3222
3223
3230
3226
3226
3225
3222
3223
3219
3217
3215
3220
3218
3217
3213
3211
3218
3214
3213
3213
3212
3213
3211
3212
3210
3206
3207
3210
3210
3209
3207
3206
3208
3207
3203
3202
3205
3207
3207
3204
3206
3205
3206
3204
3205
3203
3198
3200
3204
3204
3200
3200
3204
3207
3210
3207
3208
3208
3208
3209
3208
3209
3208
3210
3207
3209
3207
3205
3207
3206
3205
3205
3204
3203
3202
3203
3196
3197
3201
3200
3195
3194
3196
3198
3199
3192
3194
3200
3198
3197
3193
3192
3197
3196
3194
3195
3193
3192
3192
3191
3192
3194
3193
3186
3187
3188
3194
3190
3186
3185
3190
3187
3188
3186
3186
3180
3180
3186
3183
3185
3183
3182
3182
3180
3180
3180
3177
3179
3178
3177
3179
3174
3175
3184
3180
3181
3182
3184
3183
3184
3182
3182
3190
3188
3188
3185
3186
3184
3183
3180
3179
3180
3179
3182
3176
3180
3184
3184
3184
3184
3184
3183
3183
3180
3181
3185
3186
3185
3185
3185
3181
3181
3187
3186
3187
3183
3185
3187
3186
3184
3183
3182
3179
3178
3174
3175
3172
3171
3168
3166
3166
3165
3165
3161
3162
3165
3163
3162
3161
3161
3162
3162
3156
3157
3159
3163
3160
3158
3156
3164
3162
3157
3153
3156
3158
3158
3156
3155
3154
3155
3154
3153
3155
3153
3152
3151
3153
3150
3151
3147
3147
3148
3147
3147
3141
3142
3143
3148
3147
3142
3144
3146
3147
3146
3145
3146
3149
3148
3147
3148
3146
3148
3146
3146
3145
3147
3143
3145
3143
3144
3140
3141
3147
3148
3149
3148
3152
3151
3148
3149
3148
3151
3150
3149
3147
3150
3155
3152
3149
3146
3150
3148
3147
3145
3143
3137
3137
3143
3140
3140
3134
3135
3139
3138
3138
3138
3138
3138
3137
3137
3134
3135
3134
3135
3134
3135
3135
3135
3131
3133
3135
3136
3134
3131
3129
3134
3131
3127
3126
3128
3130
3128
3127
3125
3127
3125
3124
3124
3124
3125
3124
3126
3124
3126
3124
3126
3121
3123
3127
3129
3129
3131
3130
3132
3131
3127
3130
3135
3135
3133
3134
3133
3135
3134
3130
3132
3136
3135
3134
3131
3131
3128
3129
3127
3128
3127
3127
3125
3125
3126
3125
3127
3121
3123
3123
3128
3130
3128
3128
3120
3125
3126
3130
3129
3129
3126
3121
3122
3121
3123
3123
3122
3122
3117
3117
3123
3120
3120
3118
3119
3119
3119
3117
3118
3116
3117
3114
3111
3109
3114
3112
3109
3106
3105
3109
3106
3106
3105
3102
3101
3104
3107
3107
3105
3107
3106
3108
3103
3107
3105
3108
3109
3106
3106
3110
3114
3112
3111
3112
3111
3111
3109
3110
3110
3108
3108
3103
3103
3107
3106
3103
3104
3102
3099
3100
3095
3095
3097
3100
3098
3097
3098
3097
3097
3091
3095
3093
3095
3096
3096
3095
3092
3091
3092
3095
3094
3093
3092
3093
3091
3091
3090
3091
3089
3091
3089
3091
3086
3087
3089
3093
3093
3092
3093
3094
3095
3093
3094
3094
3092
3093
3089
3089
3092
3095
3093
3096
3094
3092
3091
3092
3092
3091
3086
3085
3091
3088
3085
3085
3087
3089
3092
3085
3087
3092
3090
3088
3084
3086
3088
3089
3088
3089
3087
3087
3086
3086
3084
3084
3084
3082
3083
3082
3082
3081
3083
3082
3083
3082
3082
3083
3083
3076
3079
3084
3083
3080
3079
3081
3084
3084
3077
3079
3083
3083
3082
3082
3080
3082
3080
3081
3079
3079
3079
3080
3078
3080
3078
3078
3084
3083
3085
3083
3084
3079
3081
3084
3085
3084
3085
3085
3082
3081
3086
3086
3083
3084
3083
3080
3081
3086
3084
3086
3084
3084
3083
3085
3083
3083
3081
3082
3080
3076
3074
3078
3076
3077
3074
3075
3073
3073
3071
3071
3071
3068
3064
3061
3064
3067
3067
3066
3066
3062
3063
3065
3067
3067
3066
3067
3066
3067
3063
3064
3063
3063
3062
3059
3059
3063
3064
3061
3058
3059
3064
3063
3057
3058
3057
3062
3059
3060
3057
3059
3057
3058
3056
3057
3060
3058
3058
3060
3056
3056
3058
3061
3061
3060
3059
3059
3057
3058
3056
3054
3055
3053
3054
3053
3053
3049
3050
3053
3054
3046
3049
3052
3052
3050
3048
3049
3052
3052
3050
3051
3052
3052
3053
3053
3054
3055
3057
3055
3054
3055
3059
3059
3057
3057
3055
3053
3056
3059
3059
3060
3059
3060
3058
3060
3054
3057
3061
3059
3060
3057
3056
3055
3056
3053
3053
3055
3054
3053
3052
3051
3051
3052
3048
3050
3051
3050
3053
3050
3052
3059
3058
3054
3057
3059
3061
3060
3061
3059
3061
3059
3055
3054
3055
3058
3057
3058
3058
3051
3051
3052
3054
3053
3047
3047
3052
3049
3048
3049
3047
3046
3045
3047
3043
3042
3044
3042
3042
3041
3036
3038
3041
3039
3039
3037
3038
3037
3036
3038
3036
3037
3036
3037
3037
3037
3033
3033
3038
3036
3037
3034
3033
3038
3035
3031
3032
3033
3034
3036
3034
3034
3035
3034
3035
3032
3035
3035
3033
3029
3032
3036
3038
3037
3035
3034
3041
3040
3039
3040
3038
3037
3037
3036
3036
3035
3037
3033
3035
3033
3034
3034
3029
3029
3033
3034
3031
3028
3027
3032
3031
3032
3031
3030
3031
3031
3033
3033
3029
3030
3034
3036
3036
3032
3033
3040
3036
3037
3036
3036
3034
3036
3034
3035
3036
3035
3037
3034
3034
3034
3033
3029
3031
3032
3035
3035
3033
3034
3034
3032
3028
3029
3028
3030
3031
3029
3030
3030
3030
3030
3024
3028
3032
3033
3028
3027
3031
3033
3031
3033
3033
3032
3033
3033
3031
3032
3031
3031
3032
3031
3031
3031
3030
3030
3029
3025
3026
3032
3028
3029
3027
3029
3022
3024
3028
3028
3026
3028
3027
3024
3025
3029
3028
3023
3024
3023
3028
3026
3026
3024
3024
3024
3024
3019
3021
3024
3023
3021
3021
3021
3024
3023
3026
3025
3028
3027
3030
3031
3032
3030
3031
3031
3031
3028
3030
3027
3027
3027
3023
3021
3025
3025
3020
3020
3019
3023
3023
3021
3023
3020
3022
3018
3017
3016
3022
3019
3017
3017
3020
3024
3026
3022
3027
3034
3038
3036
3042
3044
3055
3057
3063
3067
3074
3078
3086
3091
3096
3101
3106
3118
3122
3127
3134
3137
3140
3144
3155
3160
3159
3163
3169
3177
3182
3184
3190
3193
3198
3199
3205
3205
3210
3210
3214
3213
3217
3216
