3220
3213
3216
3219
3219
3214
3211
3211
3215
3212
3211
3209
3202
3202
3199
3203
3198
3190
3191
3194
3189
3188
3183
3182
3179
3179
3175
3173
3170
3169
3166
3164
3161
3159
3157
3154
3151
3148
3145
3143
3139
3136
3135
3131
3130
3123
3119
3123
3121
3119
3116
3112
3108
3107
3111
3109
3105
3105
3102
3100
3100
3092
3092
3094
3094
3085
3087
3086
3088
3087
3085
3084
3076
3077
3077
3078
3075
3075
3073
3072
3070
3071
3070
3068
3067
3065
3066
3063
3064
3061
3062
3056
3058
3060
3061
3056
3056
3059
3059
3059
3057
3056
3057
3056
3050
3051
3050
3056
3054
3049
3048
3053
3051
3050
3049
3047
3046
3045
3043
3043
3041
3040
3039
3035
3035
3039
3036
3035
3035
3032
3030
3028
3034
3031
3032
3030
3030
3029
3030
3027
3028
3025
3025
3022
3019
3021
3025
3024
3027
3027
3027
3027
3029
3024
3028
3030
3033
3031
3032
3031
3033
3030
3030
3030
3030
3029
3028
3030
3028
3030
3030
3023
3024
3029
3026
3026
3026
3027
3021
3022
3029
3026
3026
3024
3022
3028
3025
3021
3021
3023
3024
3023
3020
3021
3021
3018
3018
3017
3016
3017
3014
3014
3014
3012
3012
3011
3010
3010
3012
3013
3007
3009
3011
3010
3011
3006
3006
3013
3010
3010
3012
3011
3010
3011
3006
3007
3013
3009
3010
3008
3009
3004
3003
3009
3007
3006
3008
3006
3006
3007
3007
3006
3008
3007
3009
3009
3009
3009
3011
3006
3008
3010
3012
3012
3011
3009
3009
3009
3006
3008
3007
3005
3005
3000
3000
3005
3002
3004
2999
2998
3005
3001
2997
2997
2999
3003
3000
3000
3001
2994
2997
3000
3001
3003
3002
3001
3003
3002
3002
3003
3002
2999
2999
3004
3003
3003
3000
3002
3001
3000
3001
2999
2998
2999
2999
2999
2999
2994
2996
3002
3001
3002
3003
3004
3001
3003
3010
3007
3005
3005
3006
3011
3008
3009
3007
3007
3009
3008
3007
3008
3003
3005
3010
3007
3003
3003
3005
3009
3007
3008
3009
3007
3009
3009
3005
3007
3010
3011
3011
3010
3012
3012
3012
3013
3013
3014
3017
3016
3018
3021
3018
3020
3029
3029
3029
3031
3031
3033
3035
3030
3031
3037
3035
3035
3038
3037
3035
3038
3043
3043
3044
3044
3045
3044
3045
3051
3052
3048
3051
3056
3060
3062
3064
3065
3068
3073
3073
3075
3077
3079
3083
3085
3087
3091
3091
3094
3098
3101
3100
3103
3112
3113
3113
3113
3114
3122
3122
3119
3124
3128
3133
3135
3137
3140
3139
3141
3150
3151
3155
3157
3161
3165
3167
3173
3174
3176
3180
3183
3186
3189
3193
3195
3199
3205
3206
3212
3216
3220
3226
3224
3230
3235
3243
3247
3250
3254
3260
3262
3265
3268
3271
3282
3286
3284
3291
3298
3304
3307
3309
3314
3325
3330
3328
3337
3342
3353
3358
3362
3367
3368
3375
3382
3392
3395
3404
3408
3417
3422
3426
3431
3437
3449
3454
3460
3467
3474
3478
3484
3492
3497
3505
3511
3518
3523
3531
3536
3546
3545
3556
3568
3575
3581
3588
3597
3601
3611
3614
3622
3638
3645
3650
3659
3667
3673
3680
3690
3697
3705
3710
3718
3733
3738
3749
3753
3759
3764
3773
3782
3790
3799
3806
3814
3822
3831
3838
3848
3853
3864
3871
3880
3887
3896
3905
3908
3919
3932
3942
3949
3960
3964
3975
3983
3992
3998
4009
4016
4026
4034
4044
4046
4056
4071
4078
4087
4090
4100
4111
4120
4122
4131
4145
4152
4161
4164
4172
4187
4192
4201
4206
4214
4221
4225
4233
4235
4244
4250
4254
4265
4267
4270
4277
4289
4297
4301
4310
4319
4325
4335
4339
4346
4362
4368
4375
4384
4390
4398
4406
4416
4420
4430
4437
4444
4452
4457
4464
4474
4485
4496
4505
4511
4522
4530
4539
4541
4550
4557
4570
4573
4579
4583
4589
4596
4598
4607
4614
4619
4627
4632
4638
4651
4660
4666
4673
4680
4696
4703
4705
4716
4729
4743
4746
4753
4762
4776
4785
4794
4801
4809
4818
4825
4832
4839
4846
4849
4857
4860
4865
4872
4877
4881
4884
4890
4892
4898
4904
4909
4912
4920
4926
4934
4938
4938
4946
4956
4959
4962
4968
4977
4979
4983
4989
4993
4990
4998
5005
5012
5016
5018
5023
5034
5039
5040
5046
5050
5046
5050
5063
5066
5071
5076
5082
5088
5092
5100
5105
5112
5120
5126
5126
5131
5144
5149
5147
5155
5163
5173
5176
5183
5189
5196
5204
5208
5214
5221
5226
5228
5229
5235
5240
5242
5245
5248
5251
5261
5266
5264
5272
5275
5288
5292
5289
5296
5305
5305
5304
5308
5312
5307
5311
5318
5319
5322
5324
5327
5329
5330
5338
5340
5342
5347
5349
5354
5360
5366
5370
5376
5383
5386
5391
5396
5399
5402
5400
5402
5405
5404
5405
5399
5399
5406
5407
5400
5406
5410
5415
5417
5414
5415
5421
5420
5421
5421
5421
5426
5425
5425
5428
5427
5427
5427
5427
5427
5427
5427
5427
5427
5429
5424
5428
5435
5434
5436
5437
5440
5441
5442
5443
5446
5454
5456
5460
5462
5465
5469
5475
5481
5484
5480
5487
5491
5495
5498
5494
5496
5503
5506
5503
5502
5505
5514
5517
5516
5517
5522
5525
5524
5526
5531
5531
5530
5534
5539
5540
5541
5544
5543
5548
5542
5543
5549
5554
5553
5550
5549
5550
5552
5544
5546
5547
5553
5552
5547
5544
5544
5544
5544
5547
5545
5544
5542
5535
5540
5542
5539
5536
5530
5528
5532
5530
5524
5521
5520
5524
5526
5516
5516
5521
5517
5518
5519
5518
5517
5518
5520
5523
5516
5519
5521
5529
5526
5524
5525
5522
5518
5515
5512
5509
5508
5507
5507
5503
5505
5502
5500
5492
5495
5503
5498
5496
5496
5497
5493
5490
5489
5489
5498
5493
5494
5492
5492
5482
5482
5488
5484
5482
5475
5474
5479
5477
5473
5471
5471
5468
5466
5463
5459
5455
5452
5451
5448
5442
5441
5440
5438
5437
5426
5426
5424
5428
5425
5420
5416
5423
5421
5420
5419
5418
5412
5410
5412
5408
5406
5402
5400
5398
5394
5386
5382
5388
5384
5381
5379
5378
5378
5376
5376
5372
5373
5375
5371
5364
5368
5376
5372
5369
5369
5368
5369
5369
5361
5360
5366
5366
5361
5356
5354
5357
5355
5351
5346
5342
5340
5342
5336
5333
5325
5322
5328
5324
5319
5315
5313
5308
5304
5305
5305
5297
5297
5295
5294
5292
5293
5293
5290
5287
5284
5280
5276
5275
5272
5262
5260
5260
5263
5257
5249
5246
5251
5241
5235
5222
5217
5215
5207
5198
5193
5193
5188
5182
5177
5169
5166
5159
5154
5151
5147
5140
5138
5136
5131
5121
5121
5119
5120
5116
5115
5113
5113
5111
5104
5102
5103
5108
5107
5105
5104
5105
5102
5101
5102
5100
5098
5099
5097
5095
5093
5087
5086
5093
5089
5083
5085
5087
5088
5086
5080
5079
5081
5079
5077
5072
5069
5068
5067
5062
5060
5052
5051
5048
5051
5050
5038
5037
5039
5035
5032
5026
5020
5013
5009
5002
4996
4991
4984
4976
4966
4965
4965
4960
4954
4951
4947
4941
4938
4938
4934
4930
4928
4924
4921
4918
4915
4912
4902
4900
4905
4901
4897
4892
4892
4884
4882
4886
4883
4880
4874
4873
4872
4868
4865
4863
4860
4859
4860
4851
4852
4858
4854
4846
4849
4847
4850
4849
4840
4838
4843
4841
4836
4835
4833
4827
4826
4825
4821
4821
4818
4815
4814
4813
4803
4802
4807
4805
4802
4800
4798
4793
4792
4798
4795
4789
4786
4782
4774
4770
4771
4768
4764
4757
4755
4749
4745
4741
4740
4737
4734
4729
4722
4721
4722
4720
4714
4711
4709
4700
4695
4698
4696
4693
4687
4686
4681
4677
4670
4668
4668
4663
4660
4653
4652
4648
4643
4641
4635
4624
4624
4618
4617
4613
4609
4605
4602
4597
4593
4590
4585
4582
4581
4577
4573
4573
4571
4568
4562
4561
4565
4563
4562
4557
4555
4550
4549
4552
4550
4543
4541
4544
4544
4538
4538
4538
4534
4533
4523
4520
4517
4519
4514
4511
4509
4503
4502
4499
4493
4493
4485
4482
4487
4483
4478
4476
4472
4471
4467
4462
4460
4458
4454
4453
4445
4444
4445
4441
4432
4433
4431
4432
4431
4421
4419
4425
4421
4412
4411
4408
4412
4407
4406
4404
4400
4399
4397
4394
4393
4394
4389
4389
4389
4384
4383
4382
4378
4379
4377
4374
4370
4368
4367
4371
4367
4356
4356
4361
4355
4351
4345
4342
4344
4342
4339
4337
4332
4332
4328
4321
4320
4325
4318
4316
4315
4310
4309
4305
4305
4302
4298
4298
4296
4292
4293
4289
4287
4286
4283
4281
4276
4275
4279
4278
4270
4268
4270
4268
4263
4257
4256
4259
4255
4251
4250
4246
4246
4244
4234
4234
4237
4230
4226
4223
4220
4218
4215
4210
4209
4208
4206
4203
4202
4200
4198
4197
4197
4195
4193
4194
4193
4191
4189
4183
4183
4185
4185
4183
4178
4178
4181
4180
4177
4173
4173
4173
4170
4161
4162
4167
4163
4162
4159
4157
4157
4155
4152
4152
4149
4148
4146
4143
4142
4133
4134
4139
4136
4135
4128
4126
4132
4128
4125
4124
4122
4121
4119
4118
4115
4114
4112
4111
4103
4105
4109
4104
4100
4099
4098
4098
4095
4088
4089
4092
4086
4085
4083
4080
4079
4074
4073
4069
4065
4065
4060
4056
4056
4047
4046
4052
4048
4047
4047
4044
4040
4037
4041
4038
4036
4034
4032
4030
4025
4026
4023
4021
4020
4017
4010
4009
4014
4010
4008
4007
3997
3997
3995
3994
3993
3984
3981
3984
3983
3979
3978
3977
3973
3972
3971
3966
3966
3964
3960
3954
3953
3956
3952
3950
3948
3946
3939
3937
3941
3939
3935
3934
3930
3922
3923
3925
3922
3918
3915
3915
3911
3909
3907
3904
3903
3900
3898
3898
3895
3890
3889
3892
3888
3888
3885
3883
3879
3877
3880
3878
3870
3869
3869
3871
3869
3866
3867
3862
3860
3861
3859
3858
3852
3851
3854
3853
3851
3848
3847
3847
3844
3841
3841
3838
3836
3836
3832
3830
3833
3834
3825
3825
3829
3827
3825
3822
3819
3823
3821
3819
3817
3816
3813
3812
3812
3809
3806
3805
3802
3801
3802
3801
3797
3789
3791
3794
3791
3792
3786
3788
3792
3790
3779
3780
3779
3783
3779
3781
3778
3775
3776
3774
3771
3770
3768
3766
3765
3764
3763
3759
3757
3756
3754
3752
3751
3751
3748
3745
3746
3745
3744
3744
3738
3742
3740
3743
3742
3737
3735
3739
3739
3731
3728
3726
3730
3729
3720
3722
3727
3723
3722
3720
3719
3712
3713
3719
3717
3715
3715
3712
3712
3710
3708
3706
3706
3703
3700
3697
3696
3692
3689
3683
3680
3679
3684
3680
3680
3679
3671
3674
3674
3676
3672
3672
3672
3669
3670
3670
3669
3669
3664
3661
3666
3665
3656
3656
3654
3656
3654
3648
3647
3651
3649
3648
3645
3646
3643
3644
3643
3642
3635
3635
3634
3635
3635
3632
3630
3630
3626
3626
3625
3623
3623
3621
3614
3612
3614
3617
3614
3614
3611
3611
3611
3608
3608
3607
3601
3606
3611
3611
3605
3604
3606
3609
3606
3606
3603
3602
3602
3600
3599
3599
3594
3591
3597
3596
3592
3592
3592
3588
3587
3591
3590
3586
3587
3585
3582
3583
3580
3578
3577
3575
3575
3573
3572
3570
3569
3568
3569
3561
3562
3563
3566
3565
3559
3559
3562
3563
3563
3560
3558
3555
3554
3558
3558
3555
3550
3551
3554
3555
3552
3552
3552
3549
3551
3549
3549
3550
3548
3549
3547
3548
3542
3540
3546
3541
3540
3537
3538
3535
3536
3534
3533
3532
3532
3528
3528
3526
3525
3525
3518
3521
3525
3522
3521
3515
3512
3520
3515
3509
3510
3510
3515
3511
3505
3506
3509
3507
3508
3505
3506
3501
3501
3504
3503
3500
3500
3500
3498
3497
3495
3493
3494
3491
3491
3487
3488
3489
3486
3487
3484
3482
3478
3479
3483
3480
3476
3474
3482
3478
3481
3475
3474
3480
3475
3476
3474
3473
3473
3473
3473
3471
3470
3469
3468
3467
3468
3466
3466
3465
3465
3462
3462
3460
3457
3452
3459
3456
3457
3455
3456
3450
3450
3454
3452
3453
3449
3446
3444
3444
3447
3448
3440
3441
3444
3443
3442
3439
3441
3439
3440
3440
3439
3441
3441
3439
3438
3438
3439
3435
3435
3433
3432
3426
3427
3429
3429
3426
3426
3425
3420
3418
3424
3421
3416
3416
3417
3418
3418
3412
3414
3418
3418
3417
3417
3414
3416
3413
3412
3409
3410
3406
3407
3404
3404
3402
3401
3398
3398
3398
3398
3396
3390
3392
3395
3392
3394
3392
3391
3387
3386
3392
3388
3384
3383
3384
3387
3387
3385
3385
3383
3383
3383
3382
3381
3377
3378
3384
3382
3377
3378
3378
3383
3382
3382
3381
3380
3380
3379
3378
3376
3377
3376
3375
3370
3372
3369
3369
3367
3367
3360
3363
3367
3369
3370
3365
3367
3372
3369
3368
3367
3367
3363
3362
3360
3359
3356
3357
3353
3354
3351
3348
3346
3351
3349
3349
3348
3348
3348
3348
3347
3348
3346
3346
3343
3345
3342
3343
3340
3334
3336
3335
3339
3340
3334
3335
3339
3339
3334
3335
3333
3339
3336
3336
3335
3330
3329
3330
3333
3331
3330
3329
3331
3328
3329
3328
3330
3329
3331
3324
3325
3327
3330
3327
3325
3323
3325
3324
3322
3323
3327
3330
3330
3328
3328
3326
3326
3322
3322
3321
3319
3320
3313
3315
3317
3318
3316
3311
3312
3315
3316
3314
3315
3313
3310
3310
3315
3314
3311
3311
3310
3310
3310
3309
3307
3308
3307
3307
3305
3306
3299
3300
3303
3303
3293
3296
3294
3298
3295
3290
3289
3295
3294
3291
3288
3287
3287
3287
3287
3284
3285
3282
3283
3282
3282
3282
3283
3281
3281
3280
3277
3279
3285
3280
3283
3282
3283
3281
3282
3277
3276
3284
3282
3282
3280
3280
3275
3276
3282
3280
3272
3275
3274
3277
3276
3274
3274
3272
3272
3271
3266
3268
3272
3269
3268
3269
3264
3264
3263
3268
3266
3265
3265
3261
3262
3262
3262
3261
3258
3258
3262
3261
3259
3256
3254
3259
3258
3251
3254
3257
3255
3255
3253
3256
3248
3250
3255
3252
3252
3247
3246
3252
3249
3249
3249
3247
3248
3245
3246
3246
3245
3245
3243
3244
3242
3243
3242
3238
3240
3244
3242
3241
3238
3237
3242
3240
3240
3238
3238
3237
3236
3237
3234
3236
3233
3234
3232
3232
3232
3231
3227
3228
3233
3233
3230
3229
3228
3232
3232
3225
3226
3227
3229
3229
3227
3228
3227
3228
3223
3221
3222
3227
3225
3226
3225
3222
3225
3222
3224
3221
3223
3222
3221
3222
3220
3221
3219
3216
3215
3219
3219
3212
3212
3213
3216
3216
3214
3214
3213
3212
3213
3210
3210
3210
3209
3208
3209
3206
3204
3202
3207
3207
3203
3205
3203
3204
3203
3200
3201
3199
3200
3196
3196
3195
3200
3200
3194
3197
3200
3200
3198
3197
3197
3193
3192
3198
3196
3197
3195
3196
3192
3190
3195
3194
3193
3194
3193
3188
3190
3193
3194
3186
3186
3188
3190
3190
3183
3183
3187
3185
3184
3184
3183
3182
3184
3181
3181
3181
3180
3181
3180
3180
3181
3182
3183
3183
3183
3183
3180
3177
3176
3180
3180
3178
3180
3179
3179
3180
3176
3177
3181
3180
3179
3172
3173
3177
3175
3175
3173
3174
3172
3171
3172
3172
3168
3169
3170
3173
3171
3170
3169
3168
3168
3166
3169
3167
3168
3168
3169
3168
3163
3165
3164
3167
3166
3167
3166
3163
3164
3167
3170
3171
3166
3168
3171
3172
3170
3171
3169
3167
3167
3165
3165
3159
3161
3162
3163
3164
3158
3160
3163
3162
3162
3161
3162
3163
3162
3164
3163
3162
3162
3159
3161
3160
3160
3159
3155
3155
3157
3160
3161
3155
3156
3161
3161
3155
3156
3155
3162
3160
3157
3157
3159
3161
3157
3158
3156
3154
3156
3154
3155
3153
3155
3153
3155
3154
3155
3152
3153
3152
3152
3151
3149
3150
3148
3144
3144
3143
3146
3145
3144
3143
3137
3137
3138
3142
3142
3140
3142
3140
3141
3140
3140
3139
3139
3137
3136
3136
3138
3136
3134
3136
3133
3131
3132
3135
3133
3132
3129
3131
3134
3131
3133
3130
3132
3131
3131
3128
3130
3134
3131
3125
3128
3128
3136
3134
3136
3133
3131
3130
3135
3139
3141
3141
3143
3143
3143
3142
3141
3140
3137
3138
3134
3132
3131
3129
3130
3124
3125
3130
3130
3128
3127
3128
3126
3124
3120
3121
3125
3123
3124
3122
3123
3122
3123
3119
3119
3125
3124
3124
3119
3122
3125
3127
3125
3127
3127
3126
3128
3125
3127
3123
3124
3123
3122
3119
3120
3121
3119
3116
3115
3115
3113
3115
3114
3109
3108
3114
3109
3110
3106
3109
3111
3112
3107
3107
3113
3112
3112
3110
3112
3107
3109
3113
3112
3114
3113
3111
3109
3109
3107
3108
3105
3105
3103
3103
3104
3102
3102
3097
3096
3096
3100
3098
3101
3099
3092
3094
3093
3100
3097
3096
3096
3103
3104
3103
3104
3103
3105
3104
3106
3105
3098
3099
3099
3104
3100
3100
3099
3099
3098
3097
3097
3096
3096
3095
3091
3092
3093
3096
3095
3094
3094
3093
3095
3088
3090
3088
3093
3092
3090
3089
3084
3086
3085
3090
3089
3083
3084
3091
3090
3089
3088
3089
3090
3090
3088
3087
3089
3088
3088
3086
3087
3088
3088
3087
3086
3087
3086
3086
3083
3084
3083
3084
3082
3081
3081
3086
3084
3081
3084
3086
3088
3088
3085
3086
3091
3090
3086
3087
3088
3095
3096
3094
3093
3094
3094
3094
3093
3094
3094
3092
3092
3092
3093
3092
3092
3093
3095
3091
3094
3094
3092
3092
3089
3089
3092
3091
3086
3085
3086
3087
3085
3084
3084
3083
3081
3076
3075
3077
3079
3078
3076
3075
3076
3076
3077
3076
3078
3078
3079
3079
3080
3080
3080
3082
3076
3076
3081
3079
3079
3079
3079
3079
3078
3072
3073
3079
3078
3076
3069
3070
3077
3075
3070
3071
3071
3074
3073
3074
3073
3073
3072
3071
3071
3071
3070
3070
3068
3067
3063
3063
3063
3066
3065
3060
3061
3067
3063
3062
3062
3062
3063
3065
3060
3060
3063
3065
3066
3067
3066
3068
3066
3066
3066
3067
3066
3068
3063
3063
3069
3069
3068
3063
3062
3065
3065
3064
3063
3063
3059
3058
3059
3058
3059
3059
3057
3058
3056
3055
3055
3055
3055
3050
3052
3053
3055
3054
3050
3052
3056
3054
3051
3049
3049
3053
3051
3051
3049
3048
3047
3047
3046
3046
3045
3044
3045
3045
3043
3040
3041
3046
3045
3045
3044
3040
3039
3040
3042
3044
3045
3043
3040
3041
3043
3045
3045
3042
3041
3042
3041
3043
3041
3041
3041
3040
3041
3041
3040
3040
3039
3043
3043
3043
3043
3037
3039
3039
3044
3042
3043
3042
3043
3043
3044
3047
3047
3046
3046
3046
3044
3044
3044
3044
3039
3040
3043
3042
3038
3039
3041
3044
3046
3046
3046
3047
3047
3045
3040
3042
3046
3043
3043
3043
3041
3039
3038
3032
3035
3041
3040
3039
3038
3038
3038
3038
3037
3039
3039
3040
3041
3040
3040
3035
3036
3041
3040
3037
3035
3037
3041
3041
3036
3036
3041
3039
3040
3041
3041
3040
3040
3040
3040
3040
3037
3038
3038
3037
3036
3035
3035
3035
3036
3032
3033
3038
3037
3032
3033
3031
3036
3036
3031
3031
3036
3035
3034
3034
3033
3033
3032
3026
3028
3032
3033
3033
3028
3030
3034
3033
3032
3031
3031
3030
3029
3027
3028
3028
3029
3030
3030
3030
3030
3031
3031
3030
3027
3026
3031
3036
3038
3039
3039
3035
3036
3038
3042
3041
3040
3038
3034
3034
3035
3039
3036
3036
3037
3036
3036
3035
3037
3035
3036
3036
3036
3035
3033
3034
3032
3031
3030
3025
3023
3028
3026
3023
3020
3019
3023
3021
3020
3019
3015
3014
3016
3019
3017
3012
3014
3019
3018
3019
3018
3018
3014
3015
3020
3019
3017
3013
3013
3017
3017
3017
3017
3018
3019
3019
3020
3020
3022
3024
3021
3022
3022
3020
3022
3021
3022
3024
3024
3025
3022
3023
3029
3026
3024
3024
3025
3025
3023
3018
3019
3023
3023
3017
3021
3023
3027
3026
3026
3024
3025
3025
3025
3026
3026
3025
3024
3024
3024
3021
3019
3019
3020
3020
3017
3015
3015
3014
3014
3010
3011
3013
3013
3011
3011
3011
3011
3011
3007
3007
3012
3010
3004
3003
3004
3007
3006
3005
3004
3003
3001
3001
3001
3001
2998
2997
3003
3003
3005
3007
3007
3008
3011
3011
3010
3012
3014
3016
3018
3019
3014
3015
3021
3020
3020
3020
3020
3014
3014
3018
3017
3015
3010
3009
3011
3011
3004
3005
3009
3009
3009
3007
3005
3005
3004
3005
3004
3005
3003
3002
3002
3002
3000
3000
2999
2999
2999
2999
2998
2994
2997
3001
3001
3002
2999
3000
3006
3005
3006
3006
3007
3005
3006
3003
3004
3010
3008
3009
3009
3008
3007
3004
3005
3004
3002
3002
3002
3000
3000
2995
2997
3001
3001
3002
2995
2998
3000
3000
2995
2995
2996
2998
2996
2991
2992
2996
2995
2994
2991
2991
2990
2990
2990
2991
2991
2990
2990
2992
2992
2992
2994
2994
2994
2993
2994
2992
2992
2994
2993
2993
2990
2991
2992
2995
2994
2993
2992
2992
2993
2992
2989
2989
2993
2991
2986
2987
2989
2995
2996
2995
2997
2997
2997
2996
2997
2996
2993
2991
2994
2992
2987
2988
2989
2992
2990
2989
2990
2989
2987
2986
2986
2986
2985
2983
2984
2985
2985
2986
2985
2981
2980
2985
2987
2989
2991
2993
2993
2994
2992
2991
2992
2991
2990
2989
2987
2986
2985
2981
2982
2985
2985
2985
2981
2980
2983
2982
2982
2981
2982
2982
2983
2982
2981
2980
2981
2981
2984
2986
2985
2988
2994
2996
2995
2995
2998
3007
3009
3008
3012
3023
3025
3029
3031
3036
3044
3049
3051
3058
3065
3074
3079
3079
3085
3094
3098
3104
3110
3113
3119
3124
3126
3131
3140
3143
3148
3153
3157
3157
3162
3171
3175
3177
3180
3180
3183
3186
3188
