3190
3190
3189
3190
3190
3190
3189
3186
3186
3183
3183
3182
3179
3176
3176
3174
3171
3168
3165
3164
3161
3158
3149
3146
3147
3146
3143
3140
3137
3133
3131
3125
3125
3123
3123
3121
3119
3116
3111
3110
3109
3110
3106
3100
3099
3102
3098
3095
3092
3090
3086
3085
3078
3076
3078
3075
3074
3073
3071
3068
3066
3063
3062
3062
3059
3056
3058
3058
3056
3055
3050
3049
3048
3052
3050
3043
3043
3048
3048
3045
3045
3044
3042
3041
3038
3038
3036
3031
3031
3036
3035
3029
3029
3030
3031
3029
3029
3029
3028
3029
3027
3028
3027
3025
3026
3021
3022
3026
3025
3025
3020
3019
3024
3022
3016
3016
3019
3020
3018
3018
3019
3018
3018
3017
3016
3016
3014
3014
3012
3011
3010
3010
3010
3009
3010
3010
3009
3011
3010
3006
3003
3004
3008
3007
3003
3003
3010
3010
3011
3010
3010
3004
3004
3009
3008
3006
3006
3005
3003
3001
2999
2998
2997
2997
2995
2995
2994
2989
2989
2992
2992
2992
2989
2989
2994
2992
2985
2987
2988
2992
2990
2991
2991
2990
2989
2987
2988
2986
2986
2986
2982
2983
2986
2985
2985
2984
2985
2985
2984
2984
2983
2982
2983
2984
2984
2984
2986
2987
2986
2988
2990
2987
2988
2991
2990
2984
2984
2984
2987
2985
2980
2980
2985
2982
2980
2979
2978
2977
2977
2972
2973
2976
2978
2978
2977
2978
2978
2978
2978
2978
2979
2975
2976
2980
2979
2973
2972
2973
2978
2976
2976
2977
2971
2972
2975
2976
2974
2974
2973
2973
2973
2971
2970
2970
2969
2970
2970
2970
2966
2968
2968
2971
2969
2970
2969
2966
2967
2969
2970
2969
2966
2966
2970
2971
2967
2969
2971
2977
2978
2980
2980
2983
2984
2984
2986
2987
2986
2985
2985
2985
2984
2984
2984
2984
2982
2982
2981
2982
2981
2981
2978
2977
2981
2981
2981
2981
2980
2980
2979
2978
2977
2972
2975
2978
2981
2982
2981
2982
2988
2988
2985
2987
2989
2994
2993
2992
2993
2994
2993
2994
2996
2996
2997
2998
2996
2997
2999
2999
2999
2995
2998
3002
3003
3003
3002
3003
3004
3005
3003
3004
3008
3007
3010
3006
3008
3012
3014
3012
3014
3017
3021
3021
3022
3023
3022
3027
3026
3030
3031
3032
3034
3036
3036
3037
3039
3041
3045
3046
3043
3049
3055
3055
3056
3057
3058
3065
3067
3068
3068
3072
3073
3076
3074
3078
3087
3088
3086
3090
3092
3098
3102
3104
3105
3107
3109
3111
3114
3115
3119
3122
3119
3125
3131
3130
3135
3136
3140
3144
3145
3145
3149
3152
3160
3163
3166
3170
3172
3177
3181
3183
3189
3191
3197
3202
3206
3210
3214
3218
3218
3221
3230
3232
3231
3239
3243
3250
3256
3255
3260
3270
3273
3277
3283
3287
3291
3298
3302
3308
3311
3314
3323
3331
3338
3343
3349
3355
3360
3366
3366
3374
3385
3391
3395
3402
3408
3413
3420
3425
3434
3438
3447
3453
3460
3466
3473
3479
3480
3489
3502
3506
3512
3518
3526
3529
3538
3543
3551
3555
3563
3569
3580
3586
3587
3593
3604
3608
3616
3615
3624
3635
3642
3646
3654
3660
3669
3676
3684
3688
3699
3704
3711
3716
3723
3739
3743
3746
3754
3770
3774
3783
3789
3798
3803
3815
3821
3828
3836
3837
3846
3856
3863
3868
3873
3880
3885
3890
3897
3903
3904
3906
3920
3923
3927
3931
3936
3942
3947
3949
3956
3967
3976
3984
3991
3999
4006
4017
4022
4031
4037
4048
4054
4061
4068
4075
4084
4092
4097
4106
4109
4119
4133
4138
4147
4150
4159
4174
4180
4183
4194
4204
4216
4225
4234
4246
4255
4267
4277
4286
4298
4307
4316
4324
4334
4350
4361
4370
4374
4385
4398
4406
4416
4424
4430
4440
4451
4459
4470
4473
4483
4496
4503
4515
4520
4528
4533
4538
4544
4551
4558
4565
4571
4579
4586
4590
4599
4607
4613
4619
4621
4628
4640
4644
4643
4650
4658
4670
4674
4681
4688
4689
4702
4706
4721
4727
4733
4742
4743
4752
4769
4776
4783
4791
4800
4806
4815
4822
4828
4834
4840
4845
4851
4860
4866
4872
4878
4883
4888
4899
4908
4914
4920
4924
4930
4938
4948
4956
4956
4961
4971
4976
4979
4979
4983
4987
4992
4997
4999
5001
5002
5004
5011
5013
5016
5018
5020
5024
5031
5029
5034
5046
5049
5047
5054
5060
5070
5072
5076
5078
5079
5079
5083
5087
5085
5089
5094
5091
5096
5105
5111
5111
5112
5117
5132
5135
5143
5148
5151
5154
5161
5173
5176
5185
5191
5195
5204
5212
5216
5225
5234
5238
5242
5253
5259
5264
5271
5278
5285
5289
5297
5302
5301
5306
5317
5320
5316
5322
5328
5335
5340
5338
5344
5355
5360
5360
5366
5373
5369
5376
5390
5391
5395
5400
5403
5408
5412
5413
5413
5417
5418
5416
5414
5415
5417
5415
5415
5417
5419
5423
5426
5429
5431
5432
5434
5437
5440
5442
5439
5442
5451
5453
5452
5455
5459
5467
5470
5469
5471
5481
5480
5485
5490
5494
5496
5499
5496
5501
5508
5515
5518
5521
5523
5525
5528
5531
5532
5531
5534
5538
5539
5539
5541
5545
5542
5543
5546
5553
5554
5551
5557
5567
5563
5567
5572
5574
5575
5579
5576
5580
5583
5591
5591
5586
5591
5600
5600
5600
5599
5601
5602
5602
5592
5594
5598
5597
5596
5593
5592
5590
5591
5590
5590
5590
5590
5590
5589
5590
5592
5591
5592
5593
5590
5590
5591
5591
5593
5589
5593
5595
5601
5599
5592
5594
5602
5600
5601
5594
5594
5601
5595
5593
5593
5592
5589
5586
5582
5580
5587
5588
5584
5587
5591
5590
5592
5593
5592
5595
5594
5593
5596
5597
5593
5593
5595
5595
5591
5590
5590
5598
5595
5588
5588
5595
5591
5591
5581
5583
5585
5583
5580
5576
5578
5574
5570
5572
5566
5563
5562
5558
5551
5548
5544
5540
5533
5531
5537
5535
5530
5527
5524
5529
5525
5524
5519
5515
5511
5505
5498
5493
5496
5492
5488
5482
5481
5475
5473
5469
5466
5465
5463
5458
5458
5460
5451
5452
5459
5458
5456
5451
5451
5456
5458
5456
5452
5452
5452
5451
5448
5450
5441
5438
5444
5439
5437
5435
5431
5423
5422
5421
5415
5411
5401
5396
5395
5390
5382
5380
5375
5369
5368
5361
5356
5351
5351
5346
5347
5343
5342
5339
5336
5336
5342
5341
5337
5338
5338
5331
5332
5339
5337
5330
5329
5327
5325
5324
5317
5316
5319
5317
5312
5311
5306
5300
5300
5304
5303
5296
5291
5292
5295
5290
5288
5285
5279
5276
5271
5267
5261
5253
5251
5244
5241
5236
5230
5229
5231
5230
5227
5227
5223
5223
5220
5220
5219
5212
5210
5212
5211
5209
5206
5203
5202
5196
5194
5190
5189
5184
5181
5173
5169
5175
5169
5163
5157
5155
5157
5152
5148
5144
5142
5141
5136
5131
5127
5134
5128
5126
5123
5124
5122
5119
5120
5117
5118
5115
5116
5110
5110
5115
5113
5114
5114
5110
5113
5112
5112
5109
5110
5111
5101
5104
5103
5106
5101
5095
5095
5091
5088
5085
5077
5077
5077
5075
5067
5065
5066
5065
5061
5058
5054
5049
5047
5044
5044
5040
5032
5033
5035
5033
5028
5027
5024
5018
5018
5008
5009
5011
5008
5007
5004
5005
5001
4999
4997
4991
4982
4980
4978
4977
4972
4967
4961
4953
4946
4942
4941
4935
4931
4924
4919
4917
4913
4912
4909
4901
4903
4905
4906
4902
4903
4899
4900
4897
4900
4896
4899
4896
4896
4897
4892
4887
4886
4888
4882
4876
4873
4867
4856
4852
4854
4851
4838
4836
4834
4835
4832
4827
4824
4818
4817
4811
4810
4804
4804
4799
4791
4790
4793
4791
4789
4781
4781
4783
4781
4777
4776
4773
4768
4765
4770
4765
4764
4762
4761
4757
4758
4755
4753
4744
4746
4746
4746
4744
4742
4739
4738
4734
4733
4731
4729
4729
4728
4725
4724
4715
4717
4714
4717
4713
4706
4706
4711
4706
4701
4697
4695
4700
4695
4692
4689
4689
4687
4684
4681
4680
4679
4675
4664
4665
4663
4665
4659
4656
4651
4643
4643
4642
4642
4637
4633
4630
4627
4626
4613
4614
4609
4612
4606
4605
4599
4598
4594
4590
4588
4583
4582
4580
4574
4571
4574
4573
4571
4567
4566
4556
4558
4561
4557
4555
4554
4551
4543
4540
4543
4537
4533
4529
4526
4520
4520
4518
4514
4509
4505
4502
4504
4501
4496
4494
4489
4487
4485
4480
4477
4476
4472
4464
4462
4464
4463
4464
4459
4459
4456
4457
4453
4454
4449
4446
4445
4443
4441
4432
4431
4428
4433
4427
4420
4417
4424
4419
4416
4416
4410
4403
4402
4407
4403
4400
4396
4393
4393
4388
4388
4386
4384
4383
4378
4374
4370
4375
4372
4369
4368
4363
4364
4362
4361
4360
4353
4353
4354
4352
4350
4339
4337
4340
4334
4331
4327
4327
4323
4322
4316
4314
4320
4315
4311
4310
4306
4305
4302
4294
4295
4295
4295
4290
4284
4284
4287
4285
4283
4280
4277
4276
4273
4274
4269
4270
4267
4265
4263
4259
4255
4253
4252
4248
4244
4244
4241
4237
4235
4227
4224
4227
4223
4222
4213
4213
4215
4213
4209
4207
4202
4199
4197
4194
4190
4181
4179
4178
4180
4178
4168
4166
4169
4166
4163
4159
4157
4149
4150
4153
4150
4148
4147
4145
4142
4141
4141
4139
4135
4133
4135
4136
4135
4132
4133
4129
4130
4124
4124
4119
4117
4112
4104
4101
4105
4101
4096
4097
4092
4090
4088
4081
4078
4079
4081
4077
4077
4073
4075
4071
4068
4067
4066
4069
4066
4062
4059
4060
4057
4055
4048
4046
4050
4045
4044
4040
4039
4036
4035
4033
4030
4029
4026
4026
4024
4021
4020
4019
4017
4017
4009
4010
4007
4010
4008
4000
4001
4004
4000
3998
3996
3993
3992
3991
3987
3986
3983
3983
3982
3977
3976
3980
3976
3969
3968
3968
3973
3971
3968
3964
3958
3957
3959
3957
3956
3953
3952
3947
3948
3944
3944
3941
3935
3935
3937
3935
3933
3933
3929
3929
3928
3925
3924
3919
3922
3917
3916
3916
3911
3910
3912
3910
3902
3902
3899
3904
3899
3893
3891
3898
3892
3891
3888
3886
3885
3882
3882
3879
3881
3878
3877
3874
3874
3872
3871
3863
3864
3862
3866
3863
3862
3860
3862
3857
3855
3855
3854
3852
3851
3843
3844
3844
3846
3842
3841
3838
3831
3831
3836
3832
3832
3825
3825
3831
3826
3821
3818
3819
3821
3820
3818
3815
3815
3814
3812
3812
3811
3809
3807
3804
3803
3799
3799
3794
3796
3792
3793
3789
3784
3783
3785
3785
3786
3778
3778
3783
3780
3777
3775
3774
3773
3770
3769
3765
3765
3764
3762
3760
3760
3755
3755
3761
3759
3759
3751
3752
3754
3754
3750
3748
3745
3744
3741
3740
3738
3739
3737
3731
3733
3733
3735
3734
3729
3726
3732
3727
3726
3721
3722
3719
3718
3715
3714
3711
3709
3708
3709
3706
3698
3699
3702
3701
3700
3693
3691
3698
3696
3694
3694
3692
3694
3692
3689
3690
3688
3688
3683
3679
3679
3681
3678
3673
3672
3670
3668
3667
3663
3661
3666
3662
3663
3659
3660
3658
3657
3657
3653
3654
3649
3647
3644
3644
3646
3645
3642
3642
3639
3638
3637
3634
3634
3628
3628
3633
3633
3632
3632
3635
3630
3632
3636
3635
3631
3626
3626
3630
3625
3624
3624
3620
3619
3616
3613
3613
3608
3609
3606
3603
3603
3599
3597
3596
3593
3588
3588
3591
3594
3591
3587
3587
3591
3592
3588
3588
3588
3586
3587
3580
3579
3584
3581
3580
3577
3574
3575
3572
3564
3566
3566
3568
3566
3564
3564
3557
3557
3563
3559
3559
3552
3552
3557
3554
3553
3553
3550
3552
3552
3551
3551
3549
3552
3552
3549
3551
3551
3548
3542
3540
3545
3544
3540
3534
3534
3536
3534
3527
3526
3526
3530
3526
3525
3524
3523
3521
3520
3519
3517
3516
3515
3515
3513
3511
3512
3511
3505
3506
3508
3509
3501
3502
3501
3505
3502
3502
3501
3500
3499
3496
3494
3492
3497
3495
3493
3493
3494
3492
3490
3492
3490
3489
3488
3487
3486
3487
3486
3485
3486
3487
3480
3482
3483
3483
3484
3480
3481
3487
3484
3479
3479
3478
3483
3481
3478
3481
3482
3482
3481
3478
3479
3482
3482
3480
3479
3479
3477
3473
3471
3471
3469
3464
3464
3463
3461
3454
3455
3459
3459
3456
3456
3456
3449
3451
3453
3450
3444
3446
3449
3448
3450
3449
3450
3448
3449
3448
3450
3447
3443
3444
3446
3443
3437
3436
3435
3439
3435
3435
3432
3432
3431
3428
3430
3429
3427
3426
3427
3424
3424
3423
3421
3421
3422
3414
3417
3424
3424
3421
3418
3417
3420
3419
3413
3411
3415
3416
3415
3410
3410
3414
3413
3411
3409
3409
3408
3407
3406
3404
3404
3404
3402
3400
3398
3397
3398
3398
3396
3394
3395
3395
3393
3392
3391
3390
3384
3382
3383
3388
3387
3380
3381
3387
3381
3381
3381
3378
3378
3378
3372
3371
3375
3376
3374
3369
3369
3373
3372
3369
3370
3368
3368
3369
3368
3367
3366
3366
3366
3362
3360
3365
3365
3365
3364
3362
3363
3363
3356
3358
3362
3360
3360
3358
3355
3356
3355
3355
3355
3350
3351
3350
3354
3354
3353
3352
3350
3349
3350
3348
3347
3347
3347
3343
3341
3348
3345
3346
3341
3343
3346
3344
3340
3342
3341
3344
3343
3339
3338
3344
3343
3341
3339
3338
3334
3335
3339
3337
3331
3333
3334
3336
3334
3335
3334
3332
3329
3329
3327
3327
3325
3324
3322
3322
3321
3320
3319
3319
3320
3320
3320
3317
3318
3319
3314
3313
3317
3317
3311
3312
3311
3316
3316
3314
3316
3315
3314
3315
3316
3313
3308
3308
3313
3312
3308
3306
3307
3312
3311
3311
3311
3309
3309
3309
3308
3307
3307
3305
3306
3304
3303
3301
3303
3301
3301
3295
3295
3301
3298
3297
3294
3295
3293
3290
3291
3290
3288
3287
3287
3282
3284
3289
3288
3288
3286
3286
3284
3285
3290
3289
3284
3285
3285
3291
3291
3288
3287
3285
3284
3283
3280
3279
3278
3277
3271
3271
3272
3272
3271
3271
3271
3265
3265
3267
3268
3267
3268
3270
3264
3265
3272
3271
3270
3269
3272
3272
3272
3271
3270
3270
3270
3270
3269
3269
3269
3268
3267
3267
3266
3258
3258
3262
3260
3253
3254
3252
3254
3253
3247
3248
3252
3251
3250
3248
3247
3246
3245
3239
3241
3247
3246
3246
3246
3244
3245
3246
3246
3247
3246
3246
3245
3244
3242
3242
3242
3242
3242
3243
3241
3242
3248
3249
3245
3248
3250
3254
3251
3246
3245
3252
3250
3248
3248
3245
3244
3242
3242
3242
3239
3236
3235
3239
3236
3230
3231
3235
3234
3233
3229
3229
3229
3229
3228
3226
3227
3226
3227
3224
3224
3222
3224
3222
3220
3221
3217
3216
3222
3221
3221
3219
3220
3217
3213
3220
3220
3219
3219
3219
3213
3212
3218
3217
3217
3217
3217
3215
3215
3214
3215
3215
3215
3215
3217
3215
3215
3216
3210
3210
3214
3213
3212
3207
3206
3210
3208
3206
3205
3202
3199
3199
3203
3200
3197
3199
3196
3196
3197
3193
3193
3197
3197
3197
3196
3195
3194
3193
3192
3192
3192
3192
3191
3191
3190
3189
3188
3183
3184
3189
3189
3190
3185
3185
3189
3188
3183
3183
3183
3187
3187
3187
3187
3186
3185
3187
3188
3188
3189
3191
3187
3188
3194
3195
3196
3196
3196
3195
3194
3192
3191
3190
3190
3189
3183
3183
3190
3188
3188
3185
3184
3183
3182
3177
3178
3182
3181
3180
3179
3180
3179
3180
3180
3179
3180
3180
3178
3178
3180
3176
3176
3179
3180
3179
3175
3173
3177
3176
3176
3178
3180
3177
3177
3183
3182
3176
3176
3175
3178
3177
3177
3177
3177
3177
3177
3175
3175
3170
3170
3174
3172
3172
3173
3172
3170
3172
3173
3173
3167
3167
3169
3173
3171
3170
3171
3171
3169
3166
3162
3161
3165
3162
3163
3160
3159
3157
3157
3155
3155
3151
3151
3154
3153
3154
3154
3152
3147
3149
3154
3151
3150
3150
3148
3146
3147
3145
3145
3141
3140
3142
3148
3149
3144
3145
3152
3152
3153
3151
3149
3149
3149
3152
3151
3150
3151
3150
3149
3149
3148
3147
3146
3145
3144
3142
3140
3144
3142
3137
3137
3137
3140
3139
3135
3135
3139
3138
3138
3140
3141
3137
3136
3141
3143
3143
3144
3144
3143
3143
3143
3144
3143
3141
3139
3140
3140
3139
3136
3135
3133
3132
3130
3130
3136
3136
3131
3134
3140
3137
3138
3134
3136
3140
3137
3134
3135
3135
3135
3133
3126
3129
3133
3132
3130
3129
3129
3130
3129
3128
3127
3123
3124
3126
3128
3126
3127
3124
3125
3122
3122
3122
3122
3123
3119
3118
3118
3119
3120
3119
3115
3118
3122
3122
3120
3122
3124
3124
3124
3118
3120
3126
3125
3123
3121
3122
3118
3120
3124
3121
3123
3123
3122
3121
3121
3118
3119
3124
3121
3120
3121
3119
3117
3115
3115
3115
3114
3113
3111
3106
3108
3111
3111
3110
3109
3109
3110
3111
3111
3113
3108
3108
3111
3117
3118
3117
3115
3112
3114
3114
3117
3116
3113
3114
3116
3114
3111
3109
3107
3112
3110
3108
3109
3108
3107
3106
3107
3106
3105
3103
3103
3103
3101
3099
3098
3098
3097
3095
3096
3093
3091
3090
3095
3096
3093
3093
3097
3098
3099
3100
3100
3095
3098
3102
3100
3100
3098
3100
3104
3105
3106
3107
3106
3104
3103
3102
3102
3099
3098
3089
3090
3090
3094
3091
3090
3089
3089
3088
3088
3082
3083
3087
3085
3085
3084
3085
3084
3083
3084
3084
3087
3088
3089
3089
3092
3092
3093
3093
3092
3092
3095
3094
3093
3092
3092
3094
3093
3094
3090
3088
3088
3091
3090
3083
3084
3090
3089
3089
3085
3085
3090
3088
3081
3081
3080
3083
3082
3075
3074
3077
3077
3074
3073
3073
3072
3074
3075
3075
3076
3076
3075
3075
3074
3074
3073
3073
3074
3075
3076
3076
3076
3076
3077
3076
3076
3074
3074
3074
3073
3068
3069
3073
3071
3071
3068
3070
3075
3074
3069
3069
3070
3074
3072
3068
3068
3072
3070
3069
3068
3066
3060
3062
3065
3065
3063
3062
3063
3062
3061
3057
3059
3064
3062
3061
3060
3061
3060
3062
3055
3060
3060
3063
3062
3062
3061
3061
3059
3060
3060
3062
3063
3062
3063
3062
3062
3062
3061
3061
3060
3059
3058
3052
3054
3056
3057
3056
3051
3052
3056
3055
3056
3054
3053
3052
3052
3051
3052
3048
3050
3051
3054
3052
3048
3048
3054
3054
3052
3050
3051
3057
3055
3056
3055
3056
3056
3056
3055
3054
3055
3054
3052
3052
3052
3048
3049
3053
3053
3047
3047
3050
3051
3050
3049
3049
3050
3050
3050
3050
3050
3048
3049
3056
3055
3054
3054
3055
3054
3054
3055
3053
3049
3051
3055
3056
3056
3056
3058
3057
3057
3057
3059
3057
3057
3058
3051
3052
3057
3056
3054
3053
3054
3049
3050
3056
3055
3055
3055
3055
3051
3051
3056
3054
3048
3049
3050
3053
3052
3051
3051
3050
3050
3049
3050
3051
3051
3053
3054
3055
3055
3057
3057
3057
3057
3058
3058
3057
3055
3055
3050
3048
3053
3051
3049
3048
3047
3046
3046
3041
3040
3044
3043
3039
3037
3037
3042
3040
3039
3039
3038
3037
3037
3036
3035
3030
3029
3035
3033
3032
3029
3030
3034
3033
3034
3033
3032
3030
3030
3030
3029
3027
3027
3026
3025
3025
3024
3024
3020
3022
3027
3025
3026
3025
3024
3023
3023
3018
3021
3023
3025
3024
3023
3024
3021
3022
3023
3022
3023
3020
3021
3026
3024
3019
3021
3021
3024
3024
3018
3019
3025
3022
3021
3020
3020
3021
3020
3020
3020
3015
3015
3015
3020
3020
3020
3020
3020
3020
3020
3021
3019
3020
3021
3016
3017
3021
3022
3022
3016
3016
3020
3019
3018
3018
3018
3018
3016
3016
3016
3015
3014
3013
3013
3011
3010
3010
3011
3012
3010
3008
3008
3013
3012
3005
3007
3011
3011
3010
3007
3008
3013
3013
3011
3011
3011
3007
3007
3011
3013
3012
3011
3011
3011
3012
3011
3011
3009
3010
3011
3012
3013
3015
3015
3014
3015
3017
3018
3019
3015
3016
3020
3021
3016
3018
3022
3023
3022
3021
3022
3022
3021
3020
3021
3020
3015
3016
3021
3020
3014
3013
3014
3017
3015
3016
3015
3015
3015
3014
3013
3013
3012
3012
3008
3008
3014
3014
3012
3010
3009
3012
3011
3010
3009
3008
3008
3006
3002
3004
3008
3007
3005
3005
3004
2999
2999
3004
3005
3001
3002
3003
3007
3007
3008
3007
3007
3008
3010
3006
3008
3012
3011
3011
3008
3010
3009
3009
3009
3011
3002
3005
3009
3008
3008
3008
3005
3005
3005
3004
3003
3004
3004
3003
3003
3002
2997
2997
3000
3003
3003
3001
3002
3001
3000
2996
2998
2997
3000
2997
2994
2994
2998
2996
2995
2996
2996
2996
2995
2991
2991
2994
2995
2993
2989
2990
2994
2992
2988
2989
2989
2994
2991
2992
2991
2992
2990
2991
2993
2992
2993
2994
2994
2995
2997
2997
2997
2997
2998
2999
2999
2996
2996
2997
3001
3001
3002
3001
2997
2997
2997
3000
2999
2994
2995
3000
2999
2998
2996
2997
2996
2996
2996
2994
2993
2993
2993
2993
2992
2991
2992
2985
2986
2988
2992
2990
2990
2991
2986
2987
2991
2992
2993
2993
2993
2994
2995
2995
2997
2998
2995
2997
3003
3002
2997
2999
3000
3004
3004
3003
3002
3001
3000
3000
2997
2997
2993
2993
2996
2994
2992
2991
2991
2990
2989
2988
2989
2990
2988
2989
2990
2990
2989
2986
2988
2987
2986
2986
2987
2983
2984
2988
2987
2982
2981
2982
2985
2984
2983
2982
2982
2982
2982
2982
2981
2981
2981
2981
2982
2983
2982
2984
2981
2983
2991
2993
2990
2993
2997
3004
3006
3007
3012
3021
3024
3030
3034
3041
3040
3046
3057
3062
3064
3068
3075
3085
3091
3096
3101
3106
3113
3117
3119
3125
3134
3139
3144
3147
3154
3156
3161
3161
3167
3175
3177
3179
3182
3183
3185
3185
3187
3187
3187
3188
