3177
3172
3172
3174
3177
3176
3176
3173
3168
3168
3168
3170
3167
3164
3161
3156
3156
3152
3148
3147
3143
3141
3135
3131
3135
3132
3126
3124
3122
3112
3112
3115
3110
3108
3101
3099
3101
3099
3095
3092
3090
3090
3087
3084
3083
3079
3077
3074
3073
3071
3070
3067
3066
3065
3059
3060
3058
3058
3058
3055
3055
3053
3053
3048
3044
3046
3046
3046
3040
3040
3044
3038
3037
3032
3030
3032
3031
3030
3027
3028
3025
3025
3023
3021
3022
3020
3020
3019
3020
3020
3020
3021
3022
3020
3022
3021
3027
3024
3024
3026
3025
3027
3024
3019
3020
3024
3023
3019
3019
3014
3014
3014
3016
3014
3007
3008
3012
3010
3009
3007
3006
2998
3000
3003
3000
2999
2998
2999
2996
2995
2994
2993
2994
2991
2992
2991
2994
2993
2991
2994
2990
2994
2987
2990
2993
2992
2987
2986
2988
2991
2991
2989
2991
2989
2989
2985
2984
2984
2987
2987
2985
2984
2978
2980
2979
2983
2982
2981
2980
2978
2979
2977
2977
2976
2977
2975
2978
2973
2975
2973
2976
2970
2971
2976
2974
2974
2972
2972
2971
2971
2965
2966
2970
2970
2966
2964
2963
2967
2967
2967
2966
2967
2967
2967
2963
2965
2970
2969
2969
2967
2970
2970
2971
2965
2968
2973
2973
2972
2974
2973
2976
2973
2968
2969
2971
2972
2969
2971
2968
2969
2967
2967
2966
2966
2961
2962
2965
2963
2964
2964
2962
2961
2960
2963
2964
2964
2963
2961
2962
2963
2969
2968
2965
2965
2971
2968
2967
2967
2966
2966
2966
2960
2960
2962
2963
2962
2962
2961
2959
2959
2958
2959
2959
2958
2960
2960
2962
2957
2959
2962
2966
2969
2968
2972
2971
2973
2972
2971
2971
2966
2965
2971
2968
2968
2967
2969
2963
2964
2969
2968
2965
2964
2967
2968
2968
2966
2966
2967
2967
2968
2968
2967
2967
2968
2968
2966
2965
2962
2965
2966
2967
2965
2965
2964
2965
2965
2962
2965
2963
2966
2961
2964
2966
2969
2971
2967
2966
2975
2972
2975
2977
2979
2976
2979
2983
2983
2983
2984
2984
2984
2987
2986
2987
2982
2985
2988
2990
2993
2989
2991
2996
2996
2998
2999
3000
3002
3003
3006
3007
3006
3007
3007
3004
3006
3009
3006
3008
3010
3011
3012
3015
3011
3011
3018
3017
3019
3019
3019
3021
3020
3020
3021
3029
3030
3033
3030
3035
3040
3043
3044
3047
3048
3051
3050
3054
3053
3056
3058
3063
3063
3066
3069
3072
3069
3075
3079
3084
3083
3088
3089
3088
3089
3098
3098
3102
3103
3107
3107
3112
3108
3114
3120
3124
3127
3124
3129
3135
3139
3139
3145
3147
3151
3153
3152
3159
3166
3169
3171
3176
3180
3184
3186
3191
3195
3200
3201
3206
3213
3215
3217
3221
3231
3234
3239
3243
3246
3253
3256
3258
3262
3270
3278
3281
3282
3288
3298
3300
3306
3312
3316
3321
3327
3329
3337
3334
3344
3347
3359
3361
3366
3371
3378
3384
3388
3394
3398
3407
3412
3418
3425
3427
3435
3439
3451
3457
3457
3465
3477
3479
3487
3491
3499
3502
3507
3522
3524
3531
3535
3540
3552
3558
3557
3566
3576
3582
3587
3594
3598
3605
3612
3618
3624
3632
3639
3641
3650
3658
3662
3670
3676
3679
3688
3699
3704
3714
3721
3728
3736
3744
3751
3757
3764
3772
3780
3786
3794
3801
3809
3811
3818
3830
3839
3846
3853
3858
3866
3877
3879
3888
3900
3910
3918
3923
3930
3942
3950
3960
3968
3976
3979
3989
4001
4006
4012
4023
4028
4033
4038
4049
4054
4063
4068
4072
4079
4085
4087
4094
4104
4111
4117
4125
4133
4141
4148
4156
4162
4171
4179
4190
4198
4206
4213
4223
4232
4241
4252
4263
4271
4279
4289
4292
4301
4314
4318
4325
4326
4333
4346
4349
4352
4358
4362
4367
4373
4380
4387
4391
4398
4406
4413
4421
4425
4433
4446
4450
4452
4464
4473
4485
4494
4502
4510
4518
4528
4536
4546
4555
4564
4575
4577
4590
4603
4611
4618
4620
4627
4639
4648
4657
4665
4671
4681
4689
4697
4705
4712
4720
4727
4730
4739
4749
4756
4753
4760
4771
4777
4780
4779
4787
4797
4801
4799
4808
4812
4825
4831
4838
4846
4844
4852
4860
4871
4876
4880
4886
4892
4896
4903
4908
4913
4920
4922
4928
4933
4940
4947
4952
4960
4967
4974
4981
4988
4995
4999
5005
5011
5016
5021
5029
5033
5035
5043
5048
5046
5052
5061
5064
5065
5067
5072
5079
5083
5079
5084
5097
5097
5101
5106
5110
5117
5122
5127
5129
5129
5134
5139
5147
5149
5151
5151
5152
5153
5154
5155
5155
5155
5156
5157
5160
5164
5166
5171
5170
5175
5187
5191
5195
5200
5205
5206
5212
5223
5229
5229
5235
5243
5255
5261
5266
5274
5272
5280
5289
5297
5301
5308
5313
5316
5318
5323
5327
5333
5339
5344
5345
5349
5362
5366
5369
5372
5378
5382
5385
5388
5395
5399
5402
5408
5404
5409
5418
5418
5414
5415
5418
5426
5426
5425
5427
5419
5422
5425
5426
5425
5426
5424
5423
5422
5420
5421
5419
5418
5417
5410
5414
5421
5422
5423
5425
5427
5421
5427
5435
5439
5440
5443
5449
5447
5453
5461
5464
5466
5468
5471
5473
5472
5473
5476
5476
5475
5473
5474
5472
5472
5472
5472
5472
5472
5471
5474
5482
5480
5479
5478
5472
5468
5467
5470
5467
5467
5464
5459
5460
5459
5467
5467
5468
5468
5462
5464
5465
5472
5472
5473
5474
5473
5476
5474
5475
5474
5476
5474
5475
5475
5479
5481
5482
5482
5486
5482
5485
5495
5496
5496
5491
5492
5498
5498
5489
5491
5493
5498
5496
5498
5497
5498
5498
5493
5495
5497
5505
5503
5505
5505
5504
5505
5508
5506
5505
5505
5502
5500
5496
5491
5487
5483
5471
5469
5472
5466
5456
5454
5452
5456
5453
5452
5449
5447
5446
5448
5445
5445
5445
5447
5447
5447
5447
5446
5447
5453
5451
5451
5452
5447
5447
5449
5454
5453
5449
5450
5458
5457
5456
5455
5455
5455
5456
5457
5458
5460
5460
5460
5461
5460
5453
5456
5460
5458
5455
5456
5453
5447
5447
5454
5452
5450
5446
5444
5450
5449
5440
5440
5441
5446
5446
5443
5441
5439
5437
5437
5434
5432
5430
5429
5421
5420
5425
5422
5417
5416
5413
5411
5410
5409
5408
5405
5404
5404
5402
5401
5393
5393
5399
5398
5395
5398
5394
5388
5386
5390
5387
5384
5381
5380
5381
5377
5376
5377
5376
5373
5373
5378
5377
5376
5374
5372
5370
5367
5366
5363
5362
5361
5360
5358
5357
5351
5349
5354
5352
5343
5342
5338
5341
5339
5336
5333
5322
5322
5324
5321
5317
5313
5310
5302
5303
5306
5303
5300
5292
5291
5293
5289
5285
5284
5281
5277
5273
5268
5267
5270
5268
5267
5264
5261
5254
5254
5256
5255
5251
5250
5247
5245
5244
5235
5237
5235
5233
5235
5237
5236
5236
5234
5231
5228
5226
5224
5219
5216
5214
5208
5205
5203
5200
5194
5190
5185
5181
5177
5173
5171
5169
5165
5162
5158
5153
5149
5144
5136
5131
5127
5125
5122
5116
5112
5108
5104
5100
5088
5085
5086
5080
5069
5065
5063
5060
5054
5043
5038
5039
5032
5024
5017
5014
5013
5008
5004
4999
4992
4989
4987
4983
4978
4976
4971
4969
4964
4961
4956
4954
4953
4946
4945
4944
4940
4941
4937
4929
4932
4939
4935
4927
4927
4927
4929
4926
4924
4920
4920
4919
4914
4913
4910
4908
4907
4897
4898
4902
4899
4895
4894
4891
4889
4887
4884
4881
4879
4876
4875
4865
4863
4866
4860
4858
4855
4853
4844
4845
4849
4847
4841
4839
4836
4840
4837
4835
4831
4828
4826
4821
4818
4814
4804
4803
4807
4802
4795
4790
4787
4781
4777
4769
4768
4768
4766
4761
4757
4753
4746
4745
4749
4746
4744
4742
4740
4730
4729
4732
4726
4722
4720
4719
4716
4713
4710
4707
4697
4697
4694
4697
4695
4691
4687
4685
4683
4681
4673
4672
4675
4674
4670
4670
4665
4663
4660
4655
4652
4646
4643
4639
4635
4632
4631
4628
4623
4621
4612
4612
4609
4612
4611
4608
4607
4598
4599
4600
4601
4598
4596
4592
4589
4585
4578
4576
4572
4575
4571
4568
4564
4560
4557
4554
4551
4548
4547
4545
4543
4541
4539
4533
4531
4534
4533
4530
4528
4520
4517
4516
4520
4516
4515
4511
4509
4507
4502
4496
4493
4494
4492
4490
4487
4483
4475
4475
4477
4473
4468
4463
4460
4456
4452
4449
4446
4443
4439
4430
4427
4425
4428
4425
4420
4417
4414
4411
4408
4403
4401
4404
4402
4401
4397
4396
4393
4392
4389
4387
4384
4382
4380
4379
4377
4371
4372
4377
4375
4374
4373
4371
4364
4360
4364
4359
4356
4353
4350
4347
4343
4337
4335
4339
4334
4330
4328
4326
4318
4316
4321
4317
4315
4312
4308
4302
4300
4302
4299
4298
4294
4290
4287
4284
4282
4281
4277
4274
4272
4269
4270
4267
4264
4262
4260
4258
4256
4254
4250
4248
4241
4239
4242
4236
4237
4236
4234
4232
4229
4220
4220
4225
4221
4219
4213
4212
4214
4211
4201
4201
4202
4203
4202
4196
4193
4196
4190
4189
4187
4186
4184
4183
4180
4177
4177
4174
4172
4165
4163
4167
4163
4159
4157
4153
4153
4148
4146
4143
4137
4137
4141
4140
4135
4133
4128
4120
4120
4125
4123
4120
4118
4115
4106
4105
4108
4108
4104
4103
4101
4094
4094
4099
4096
4093
4092
4090
4088
4087
4087
4084
4083
4082
4081
4076
4074
4073
4072
4066
4067
4068
4068
4065
4063
4062
4060
4059
4058
4056
4053
4050
4047
4047
4043
4044
4041
4041
4038
4035
4031
4031
4037
4036
4032
4027
4025
4027
4023
4014
4014
4015
4014
4013
4009
4006
4004
4003
4001
4002
3999
3992
3992
3995
3991
3985
3986
3985
3988
3986
3977
3976
3980
3974
3970
3970
3969
3962
3960
3963
3959
3958
3956
3954
3953
3950
3948
3947
3946
3945
3942
3940
3940
3940
3935
3934
3931
3929
3930
3927
3920
3921
3923
3921
3914
3913
3910
3916
3914
3913
3912
3910
3909
3909
3907
3907
3904
3901
3897
3896
3892
3888
3887
3889
3887
3879
3878
3883
3877
3875
3874
3872
3870
3866
3862
3862
3861
3858
3857
3852
3851
3854
3853
3851
3849
3847
3846
3846
3845
3841
3835
3835
3835
3837
3834
3833
3832
3829
3827
3826
3825
3825
3824
3821
3822
3823
3818
3817
3819
3823
3820
3814
3813
3819
3815
3814
3809
3808
3805
3804
3807
3804
3802
3797
3794
3797
3795
3794
3792
3789
3786
3784
3781
3779
3777
3776
3773
3772
3770
3768
3769
3763
3762
3766
3764
3762
3760
3757
3761
3760
3760
3756
3754
3753
3752
3750
3748
3746
3746
3738
3736
3734
3739
3738
3729
3729
3735
3731
3728
3723
3723
3726
3723
3717
3717
3721
3720
3718
3717
3716
3715
3713
3711
3711
3707
3706
3706
3706
3703
3701
3701
3699
3695
3693
3700
3697
3696
3696
3691
3689
3686
3689
3687
3685
3685
3681
3681
3679
3676
3674
3669
3666
3671
3670
3669
3668
3667
3666
3665
3663
3663
3661
3659
3658
3658
3655
3653
3652
3643
3643
3643
3646
3646
3637
3637
3642
3641
3638
3632
3633
3638
3636
3633
3634
3635
3632
3630
3629
3628
3626
3624
3624
3621
3621
3618
3615
3619
3618
3613
3613
3613
3615
3615
3614
3612
3611
3610
3609
3607
3607
3605
3603
3601
3598
3596
3596
3598
3596
3593
3588
3589
3594
3589
3588
3584
3582
3585
3584
3582
3579
3574
3574
3573
3576
3576
3570
3569
3573
3573
3570
3569
3571
3571
3568
3568
3567
3566
3564
3563
3562
3562
3556
3558
3561
3560
3558
3557
3557
3553
3554
3558
3556
3555
3555
3555
3553
3550
3553
3550
3547
3548
3547
3543
3544
3541
3539
3536
3534
3533
3538
3535
3529
3529
3533
3530
3530
3528
3525
3520
3522
3526
3523
3521
3520
3518
3519
3519
3510
3513
3516
3514
3513
3507
3505
3511
3509
3506
3504
3504
3504
3503
3503
3502
3500
3502
3499
3498
3499
3498
3497
3497
3495
3493
3492
3490
3493
3495
3486
3487
3492
3493
3491
3484
3485
3489
3485
3481
3482
3481
3481
3481
3479
3477
3478
3477
3472
3470
3469
3476
3473
3473
3470
3470
3469
3468
3467
3465
3463
3462
3463
3462
3461
3461
3461
3460
3457
3451
3454
3457
3455
3455
3450
3449
3452
3450
3451
3448
3446
3443
3441
3444
3443
3441
3441
3440
3438
3438
3438
3438
3440
3437
3435
3434
3433
3439
3438
3435
3437
3433
3434
3433
3432
3432
3425
3428
3433
3429
3430
3430
3429
3425
3425
3423
3422
3423
3421
3421
3416
3415
3420
3419
3412
3411
3414
3417
3414
3415
3412
3404
3406
3408
3409
3408
3402
3400
3405
3404
3400
3400
3396
3393
3393
3392
3389
3389
3388
3383
3382
3381
3380
3381
3375
3375
3375
3379
3380
3373
3371
3375
3375
3370
3370
3368
3372
3374
3372
3369
3370
3370
3369
3367
3367
3369
3365
3360
3363
3363
3364
3362
3359
3359
3362
3361
3361
3359
3358
3358
3356
3356
3357
3356
3352
3352
3355
3352
3352
3353
3347
3347
3351
3352
3351
3346
3348
3351
3349
3347
3344
3344
3349
3348
3341
3341
3347
3345
3343
3344
3343
3340
3341
3341
3337
3339
3340
3337
3336
3338
3336
3335
3335
3337
3337
3334
3333
3333
3333
3327
3329
3330
3334
3333
3326
3327
3334
3331
3329
3329
3329
3327
3325
3323
3323
3324
3326
3326
3324
3324
3319
3320
3323
3323
3323
3320
3318
3319
3318
3319
3318
3316
3317
3316
3313
3312
3313
3312
3308
3308
3307
3312
3311
3310
3311
3311
3309
3311
3309
3310
3313
3313
3309
3310
3308
3314
3311
3304
3306
3310
3305
3300
3300
3300
3304
3301
3299
3297
3296
3295
3295
3294
3290
3289
3291
3288
3288
3288
3283
3283
3287
3284
3285
3283
3282
3282
3283
3281
3280
3281
3278
3277
3279
3275
3275
3276
3269
3270
3278
3274
3275
3272
3271
3275
3276
3269
3269
3276
3274
3271
3272
3270
3268
3268
3267
3267
3265
3267
3268
3262
3262
3268
3265
3263
3260
3260
3263
3264
3264
3263
3266
3266
3266
3265
3267
3266
3265
3263
3261
3262
3261
3259
3252
3252
3259
3257
3253
3249
3249
3256
3255
3254
3252
3249
3249
3250
3249
3247
3241
3243
3250
3249
3247
3248
3248
3243
3246
3250
3247
3246
3246
3247
3247
3244
3239
3239
3242
3242
3242
3241
3239
3239
3238
3237
3237
3235
3236
3236
3231
3231
3227
3228
3228
3229
3228
3227
3227
3222
3222
3225
3225
3225
3220
3219
3224
3223
3222
3222
3221
3218
3220
3220
3220
3219
3217
3217
3219
3217
3211
3212
3218
3218
3213
3213
3212
3217
3218
3217
3215
3218
3218
3217
3214
3215
3217
3218
3216
3216
3213
3210
3211
3216
3214
3207
3208
3211
3213
3212
3210
3208
3210
3209
3210
3208
3207
3207
3206
3206
3206
3200
3201
3199
3202
3201
3197
3197
3202
3201
3201
3200
3197
3197
3197
3198
3196
3195
3196
3197
3194
3193
3198
3198
3197
3197
3195
3195
3195
3191
3193
3197
3196
3192
3193
3193
3196
3196
3197
3197
3198
3197
3196
3195
3194
3192
3191
3192
3190
3186
3182
3182
3187
3184
3181
3180
3180
3181
3179
3174
3175
3182
3180
3180
3179
3178
3178
3178
3179
3181
3177
3179
3182
3189
3190
3189
3189
3189
3187
3185
3184
3184
3177
3177
3181
3180
3177
3175
3176
3175
3174
3168
3169
3172
3169
3170
3170
3168
3163
3164
3169
3166
3164
3164
3164
3162
3162
3163
3160
3160
3161
3159
3158
3159
3153
3153
3160
3159
3157
3157
3159
3153
3155
3162
3160
3158
3157
3159
3158
3156
3157
3157
3156
3155
3156
3156
3155
3156
3157
3149
3152
3154
3156
3157
3155
3155
3161
3162
3162
3161
3161
3162
3161
3160
3158
3154
3156
3156
3160
3160
3160
3160
3160
3157
3156
3151
3151
3156
3153
3147
3147
3152
3150
3146
3147
3147
3146
3145
3139
3139
3139
3141
3141
3140
3139
3139
3139
3138
3136
3135
3137
3136
3134
3132
3132
3134
3134
3133
3131
3131
3133
3127
3127
3127
3131
3131
3125
3125
3129
3129
3128
3126
3126
3129
3131
3133
3135
3135
3137
3138
3142
3143
3145
3141
3141
3142
3140
3138
3137
3132
3131
3136
3134
3132
3129
3127
3129
3129
3129
3127
3121
3124
3124
3125
3124
3126
3124
3122
3122
3121
3119
3119
3114
3114
3120
3119
3118
3115
3115
3121
3120
3116
3116
3122
3124
3121
3121
3122
3121
3120
3118
3118
3118
3117
3116
3114
3115
3115
3115
3115
3109
3109
3114
3113
3110
3110
3110
3109
3110
3108
3109
3110
3106
3108
3110
3109
3109
3110
3104
3106
3113
3111
3109
3106
3107
3110
3110
3106
3107
3110
3113
3114
3112
3112
3107
3105
3110
3108
3108
3105
3105
3105
3103
3101
3103
3102
3101
3102
3102
3101
3101
3101
3098
3098
3099
3096
3099
3092
3092
3098
3095
3093
3095
3093
3088
3090
3094
3094
3095
3094
3096
3096
3098
3093
3094
3099
3098
3098
3098
3095
3096
3095
3090
3089
3089
3092
3091
3091
3090
3086
3086
3085
3089
3088
3086
3087
3081
3083
3085
3083
3085
3082
3081
3082
3080
3080
3079
3079
3079
3078
3078
3078
3078
3077
3079
3079
3078
3081
3079
3081
3080
3076
3076
3075
3081
3079
3079
3080
3079
3081
3080
3074
3076
3079
3079
3078
3078
3075
3073
3076
3079
3079
3080
3079
3079
3080
3079
3076
3076
3081
3080
3082
3081
3078
3076
3078
3081
3079
3075
3073
3075
3076
3074
3074
3072
3073
3071
3073
3073
3072
3074
3072
3072
3074
3074
3075
3074
3069
3072
3075
3075
3074
3071
3072
3067
3069
3072
3071
3070
3069
3070
3067
3068
3068
3067
3067
3065
3066
3064
3065
3064
3063
3062
3062
3057
3058
3060
3061
3061
3055
3057
3058
3059
3056
3056
3057
3052
3053
3056
3056
3053
3055
3055
3054
3055
3049
3052
3059
3057
3059
3059
3059
3055
3055
3063
3059
3060
3057
3057
3056
3058
3057
3059
3060
3060
3063
3062
3063
3058
3059
3065
3061
3062
3061
3061
3057
3058
3061
3059
3054
3053
3054
3057
3056
3054
3055
3052
3053
3052
3050
3049
3050
3048
3050
3050
3050
3049
3051
3046
3048
3052
3053
3051
3054
3051
3050
3047
3054
3051
3051
3048
3049
3050
3049
3048
3049
3044
3046
3047
3051
3049
3050
3048
3051
3048
3050
3047
3048
3046
3048
3047
3048
3047
3046
3045
3046
3044
3041
3041
3048
3047
3047
3046
3048
3043
3043
3050
3046
3042
3041
3041
3045
3045
3043
3044
3037
3037
3037
3041
3042
3036
3036
3040
3039
3038
3037
3036
3035
3036
3034
3036
3034
3035
3035
3036
3036
3031
3032
3037
3037
3034
3031
3029
3037
3032
3034
3034
3034
3033
3033
3031
3033
3034
3034
3033
3035
3035
3041
3041
3039
3041
3039
3040
3038
3038
3038
3037
3038
3031
3033
3033
3037
3035
3034
3031
3032
3028
3029
3028
3029
3027
3030
3028
3030
3026
3028
3027
3031
3031
3024
3025
3029
3030
3026
3027
3025
3022
3021
3026
3023
3020
3018
3018
3020
3020
3021
3019
3022
3019
3020
3017
3020
3019
3020
3019
3020
3018
3020
3019
3020
3018
3022
3021
3019
3016
3018
3020
3021
3016
3015
3020
3020
3018
3020
3019
3015
3016
3019
3018
3014
3017
3015
3015
3014
3014
3014
3013
3013
3013
3013
3012
3009
3007
3014
3012
3012
3012
3010
3012
3011
3012
3010
3012
3011
3012
3007
3010
3013
3015
3011
3014
3013
3014
3016
3011
3013
3017
3016
3014
3011
3011
3016
3014
3009
3009
3014
3013
3014
3011
3012
3010
3011
3009
3009
3008
3009
3007
3008
3005
3006
3004
3005
3003
3003
3002
3004
2997
3001
3000
3004
3005
3007
3007
3004
3002
3008
3007
3008
3002
3005
3009
3010
3010
3009
3011
3006
3008
3013
3013
3009
3010
3014
3016
3018
3016
3017
3018
3019
3015
3014
3015
3016
3016
3014
3014
3011
3011
3009
3010
3007
3005
3006
3004
3006
3003
2999
2999
3003
3002
3002
3002
3001
3001
3001
2999
3002
3001
3003
3001
3002
3004
3000
3001
3005
3005
3002
3004
3004
3007
3009
3008
3009
3009
3010
3008
3010
3007
3008
3006
3008
3008
3007
3008
3007
3003
3002
3008
3006
3001
3001
3002
3005
3005
3000
3001
3005
3006
2999
3001
2998
3003
3000
3001
2999
2998
2996
2998
2995
2996
2994
2994
2994
2994
2992
2994
2991
2988
2987
2991
2991
2989
2990
2990
2986
2985
2990
2989
2989
2988
2990
2987
2988
2987
2988
2986
2987
2985
2985
2984
2980
2979
2985
2983
2980
2978
2981
2983
2984
2982
2983
2982
2982
2982
2983
2983
2983
2982
2983
2980
2981
2980
2981
2980
2981
2976
2978
2980
2982
2980
2982
2981
2979
2979
2985
2984
2984
2983
2982
2982
2981
2978
2978
2982
2985
2985
2983
2984
2978
2980
2983
2984
2982
2983
2982
2977
2979
2983
2984
2980
2982
2981
2981
2981
2978
2978
2979
2981
2982
2982
2981
2981
2979
2982
2979
2981
2979
2981
2980
2981
2979
2980
2978
2979
2977
2973
2976
2981
2982
2980
2981
2980
2980
2979
2981
2977
2976
2974
2973
2977
2978
2978
2978
2972
2972
2974
2975
2976
2971
2973
2977
2976
2975
2972
2971
2976
2975
2971
2974
2980
2980
2983
2981
2983
2980
2982
2981
2982
2981
2982
2979
2981
2981
2981
2982
2980
2980
2977
2977
2976
2977
2976
2975
2972
2971
2975
2973
2974
2973
2972
2969
2971
2971
2970
2972
2970
2970
2971
2969
2969
2969
2965
2967
2971
2971
2969
2969
2970
2970
2972
2968
2971
2975
2975
2975
2972
2973
2980
2978
2980
2984
2985
2989
2991
2991
2995
3005
3008
3011
3014
3020
3030
3036
3037
3045
3054
3061
3064
3067
3073
3082
3088
3091
3098
3102
3108
3112
3118
3122
3127
3130
3136
3140
3144
3145
3147
3158
3160
3161
3163
3165
3167
3170
3165
3169
