3174
3172
3172
3171
3171
3164
3166
3169
3166
3165
3162
3161
3156
3156
3153
3150
3143
3143
3138
3141
3137
3134
3131
3128
3125
3123
3116
3114
3115
3112
3110
3106
3104
3100
3100
3096
3096
3088
3087
3089
3088
3083
3082
3080
3079
3078
3075
3074
3072
3070
3069
3062
3061
3063
3060
3057
3054
3053
3054
3055
3051
3052
3048
3049
3046
3046
3043
3041
3040
3035
3033
3033
3033
3033
3031
3031
3024
3025
3026
3027
3026
3024
3026
3024
3025
3023
3024
3023
3020
3019
3024
3021
3020
3018
3018
3016
3014
3013
3011
3004
3007
3009
3008
3007
3003
3001
3005
3005
3002
3004
3001
3000
3000
2997
3000
2997
2998
2998
2992
2994
2998
2999
2999
2997
2999
2998
2997
2992
2994
2995
2993
2989
2986
2988
2990
2988
2984
2983
2985
2985
2983
2983
2983
2984
2985
2984
2988
2986
2987
2988
2986
2989
2988
2987
2987
2986
2986
2982
2982
2987
2984
2984
2982
2982
2977
2978
2979
2979
2978
2978
2978
2977
2977
2976
2978
2976
2978
2972
2974
2974
2978
2977
2970
2972
2975
2975
2972
2973
2971
2972
2969
2968
2968
2968
2968
2967
2964
2962
2968
2965
2962
2961
2963
2965
2965
2959
2960
2966
2965
2966
2964
2964
2965
2965
2966
2965
2964
2965
2964
2965
2963
2965
2964
2962
2963
2961
2959
2957
2962
2961
2957
2956
2957
2961
2960
2961
2960
2956
2957
2960
2958
2960
2957
2956
2960
2960
2957
2958
2958
2955
2956
2953
2956
2954
2955
2956
2955
2955
2956
2956
2957
2957
2955
2956
2958
2966
2966
2964
2965
2971
2972
2970
2973
2973
2974
2976
2970
2974
2972
2976
2975
2975
2976
2975
2975
2976
2976
2977
2979
2979
2979
2980
2980
2980
2978
2973
2972
2977
2974
2969
2969
2970
2971
2971
2966
2964
2969
2967
2966
2966
2965
2963
2963
2962
2963
2958
2962
2960
2965
2965
2964
2966
2966
2967
2966
2967
2967
2964
2964
2969
2968
2966
2966
2965
2971
2970
2972
2972
2974
2974
2974
2975
2974
2975
2976
2977
2975
2975
2977
2975
2970
2972
2980
2978
2976
2977
2977
2982
2980
2982
2981
2983
2981
2983
2984
2984
2985
2984
2988
2985
2988
2988
2990
2990
2990
2987
2990
2992
2996
2996
2998
2998
2995
2998
3004
3007
3007
3006
3008
3016
3014
3017
3018
3019
3020
3022
3019
3022
3028
3030
3032
3034
3037
3040
3044
3043
3047
3047
3052
3051
3055
3054
3053
3054
3062
3062
3064
3065
3066
3069
3069
3072
3073
3076
3077
3081
3077
3081
3086
3089
3089
3094
3095
3099
3100
3097
3103
3110
3113
3115
3114
3119
3125
3129
3127
3133
3140
3144
3148
3150
3154
3157
3160
3164
3170
3172
3177
3179
3184
3188
3186
3191
3194
3204
3206
3211
3216
3221
3224
3228
3232
3236
3241
3243
3244
3247
3257
3262
3264
3269
3273
3279
3282
3285
3289
3292
3294
3298
3310
3313
3311
3319
3325
3333
3337
3340
3345
3353
3359
3362
3369
3372
3378
3384
3387
3395
3399
3405
3409
3412
3419
3424
3431
3437
3440
3444
3450
3454
3466
3473
3472
3482
3493
3500
3506
3511
3519
3530
3537
3545
3551
3558
3563
3571
3574
3581
3594
3597
3603
3609
3616
3621
3628
3636
3641
3649
3656
3663
3671
3679
3684
3691
3699
3705
3713
3717
3724
3735
3744
3745
3751
3761
3770
3776
3779
3784
3798
3802
3808
3815
3820
3828
3835
3841
3848
3858
3863
3871
3876
3884
3896
3901
3911
3917
3927
3935
3942
3947
3955
3967
3973
3982
3987
3999
3999
4009
4022
4029
4037
4044
4051
4062
4067
4074
4081
4100
4105
4113
4118
4130
4142
4153
4158
4168
4174
4182
4187
4195
4201
4206
4212
4217
4223
4230
4237
4244
4251
4257
4267
4272
4283
4287
4296
4299
4307
4322
4327
4335
4342
4348
4357
4366
4368
4380
4393
4398
4404
4409
4419
4433
4440
4443
4453
4464
4475
4483
4492
4497
4508
4514
4523
4528
4537
4544
4551
4552
4561
4575
4577
4583
4589
4595
4600
4602
4605
4612
4623
4628
4635
4639
4648
4654
4661
4669
4674
4683
4689
4697
4706
4714
4714
4721
4732
4742
4749
4752
4760
4774
4779
4786
4791
4797
4804
4812
4815
4822
4828
4835
4837
4845
4851
4858
4863
4861
4870
4877
4885
4891
4889
4894
4904
4904
4901
4902
4902
4908
4912
4912
4913
4916
4917
4923
4928
4929
4937
4940
4944
4950
4955
4958
4968
4971
4975
4991
4995
4998
5005
5014
5021
5027
5034
5035
5036
5042
5046
5058
5061
5063
5070
5075
5079
5082
5083
5090
5097
5104
5108
5110
5112
5116
5117
5122
5127
5124
5131
5143
5143
5146
5151
5151
5151
5154
5161
5162
5164
5165
5165
5167
5169
5170
5174
5179
5181
5182
5184
5186
5196
5200
5202
5205
5210
5215
5222
5227
5234
5233
5241
5246
5259
5264
5266
5273
5286
5292
5298
5305
5311
5317
5321
5326
5334
5339
5341
5344
5349
5353
5350
5350
5365
5367
5367
5372
5377
5372
5376
5387
5384
5379
5379
5379
5383
5384
5384
5382
5384
5383
5381
5381
5381
5374
5373
5380
5376
5373
5366
5364
5369
5366
5363
5362
5358
5353
5354
5362
5360
5359
5362
5358
5361
5362
5363
5362
5359
5363
5369
5367
5364
5363
5365
5369
5369
5369
5368
5369
5372
5375
5375
5377
5383
5384
5386
5390
5394
5396
5399
5402
5405
5407
5406
5411
5408
5412
5417
5419
5418
5420
5417
5416
5420
5427
5427
5425
5429
5438
5437
5438
5441
5441
5443
5445
5448
5449
5454
5456
5460
5461
5463
5460
5461
5462
5462
5459
5451
5447
5449
5445
5439
5431
5425
5423
5419
5411
5408
5400
5399
5397
5400
5397
5398
5395
5395
5394
5392
5389
5390
5390
5391
5389
5388
5397
5398
5397
5395
5398
5400
5400
5400
5403
5403
5401
5401
5401
5404
5404
5406
5408
5409
5411
5410
5410
5409
5411
5403
5404
5407
5410
5406
5408
5406
5407
5409
5406
5403
5404
5407
5407
5400
5402
5405
5406
5406
5407
5406
5408
5407
5408
5407
5411
5412
5411
5412
5413
5415
5418
5416
5416
5417
5411
5412
5417
5415
5410
5409
5407
5410
5405
5399
5396
5402
5398
5398
5391
5388
5395
5391
5382
5382
5381
5385
5382
5380
5378
5375
5375
5374
5374
5370
5367
5366
5362
5358
5353
5350
5347
5343
5336
5333
5330
5327
5326
5322
5321
5320
5316
5309
5305
5304
5305
5304
5306
5302
5301
5295
5293
5298
5295
5294
5289
5288
5281
5280
5284
5281
5280
5274
5274
5277
5278
5276
5276
5276
5277
5274
5275
5278
5277
5275
5275
5276
5274
5268
5269
5271
5263
5259
5253
5244
5240
5237
5226
5222
5213
5209
5206
5203
5199
5194
5189
5179
5176
5179
5173
5169
5166
5162
5153
5153
5158
5156
5152
5149
5149
5150
5147
5148
5146
5144
5145
5144
5141
5143
5140
5141
5134
5134
5130
5138
5137
5137
5133
5127
5127
5125
5128
5124
5120
5116
5112
5107
5101
5095
5090
5082
5077
5079
5076
5070
5068
5062
5052
5051
5057
5051
5049
5046
5042
5035
5036
5039
5037
5036
5032
5030
5030
5028
5023
5024
5025
5021
5013
5015
5011
5012
5008
5003
4998
4996
4995
4991
4987
4985
4983
4976
4974
4972
4966
4963
4963
4954
4952
4955
4952
4941
4939
4938
4943
4938
4938
4935
4925
4926
4927
4930
4928
4926
4923
4921
4922
4919
4917
4917
4910
4910
4916
4912
4907
4906
4906
4900
4900
4899
4896
4892
4888
4885
4879
4878
4874
4868
4866
4863
4857
4857
4853
4842
4841
4845
4837
4828
4827
4824
4824
4822
4817
4812
4810
4805
4801
4798
4796
4788
4786
4791
4786
4778
4775
4774
4779
4775
4771
4770
4766
4764
4764
4755
4755
4756
4755
4754
4749
4748
4744
4742
4739
4736
4729
4729
4728
4728
4724
4721
4719
4718
4713
4710
4710
4707
4706
4701
4690
4691
4694
4685
4684
4678
4672
4669
4661
4661
4656
4648
4645
4641
4644
4642
4637
4634
4633
4628
4625
4624
4619
4611
4610
4617
4609
4608
4605
4602
4593
4595
4598
4595
4592
4585
4585
4592
4588
4588
4586
4576
4578
4578
4579
4577
4576
4572
4570
4567
4560
4560
4556
4554
4552
4548
4547
4543
4543
4540
4532
4531
4534
4530
4526
4522
4521
4511
4510
4516
4512
4507
4505
4505
4501
4497
4496
4495
4491
4492
4488
4484
4480
4486
4484
4481
4480
4471
4470
4469
4472
4470
4467
4463
4457
4458
4454
4456
4454
4450
4447
4446
4443
4437
4431
4431
4435
4430
4427
4425
4422
4422
4421
4417
4416
4415
4412
4413
4412
4409
4402
4403
4407
4403
4401
4397
4391
4387
4385
4385
4383
4381
4377
4375
4373
4370
4368
4367
4362
4361
4353
4352
4353
4354
4351
4345
4342
4345
4345
4341
4339
4340
4332
4329
4332
4328
4326
4324
4322
4312
4309
4314
4308
4307
4306
4302
4298
4298
4292
4288
4287
4282
4277
4273
4273
4267
4266
4265
4259
4259
4254
4251
4249
4247
4238
4240
4245
4241
4240
4234
4232
4236
4234
4230
4227
4227
4223
4220
4220
4217
4209
4208
4210
4208
4206
4201
4200
4197
4193
4190
4188
4185
4180
4176
4179
4176
4174
4170
4164
4160
4158
4160
4160
4156
4154
4153
4149
4149
4146
4143
4138
4135
4140
4139
4131
4132
4130
4126
4123
4118
4118
4122
4121
4121
4117
4114
4120
4116
4115
4112
4107
4106
4103
4103
4100
4096
4095
4091
4086
4085
4087
4087
4083
4084
4078
4074
4074
4076
4074
4073
4069
4069
4067
4066
4058
4055
4061
4058
4050
4051
4050
4053
4051
4048
4048
4044
4043
4041
4040
4038
4034
4034
4030
4027
4029
4024
4024
4020
4021
4021
4020
4014
4013
4014
4015
4013
4005
4002
4009
4006
4002
4001
3998
3997
3996
3994
3993
3989
3987
3984
3976
3976
3978
3975
3971
3970
3967
3965
3963
3958
3957
3965
3960
3959
3956
3953
3951
3949
3944
3944
3934
3934
3931
3935
3933
3928
3926
3917
3917
3914
3916
3913
3910
3905
3906
3904
3901
3900
3899
3891
3892
3894
3891
3892
3891
3887
3883
3882
3888
3884
3883
3884
3879
3876
3875
3879
3876
3876
3872
3874
3871
3870
3870
3868
3867
3866
3867
3863
3864
3861
3862
3854
3855
3856
3855
3851
3852
3848
3842
3840
3843
3839
3835
3829
3827
3830
3829
3820
3821
3825
3823
3820
3814
3812
3818
3813
3812
3810
3808
3808
3805
3799
3798
3803
3800
3799
3796
3796
3792
3792
3790
3789
3786
3782
3783
3779
3780
3772
3774
3776
3772
3770
3764
3764
3767
3763
3764
3760
3760
3757
3758
3754
3754
3746
3747
3750
3749
3746
3742
3741
3746
3743
3741
3740
3737
3736
3734
3729
3727
3734
3729
3729
3724
3727
3723
3723
3720
3719
3713
3713
3713
3715
3714
3711
3710
3702
3705
3704
3707
3705
3703
3703
3700
3700
3695
3694
3693
3697
3694
3688
3687
3693
3689
3687
3686
3683
3681
3679
3678
3677
3675
3672
3669
3668
3669
3667
3669
3664
3663
3664
3667
3665
3657
3659
3661
3662
3659
3655
3654
3659
3657
3655
3655
3652
3651
3648
3647
3644
3643
3640
3636
3632
3634
3637
3637
3634
3633
3630
3630
3629
3626
3624
3623
3621
3621
3619
3619
3614
3612
3617
3617
3609
3609
3612
3612
3610
3608
3607
3604
3604
3595
3597
3595
3600
3596
3592
3589
3597
3594
3591
3591
3588
3590
3589
3588
3587
3586
3586
3586
3582
3582
3582
3581
3580
3580
3577
3579
3575
3571
3570
3577
3573
3574
3569
3568
3572
3571
3571
3570
3566
3562
3565
3568
3568
3564
3566
3563
3563
3561
3561
3561
3561
3560
3559
3557
3555
3552
3550
3544
3542
3545
3541
3539
3538
3536
3536
3536
3530
3531
3537
3534
3533
3527
3527
3530
3529
3525
3525
3522
3518
3516
3521
3518
3517
3516
3515
3513
3512
3510
3510
3507
3506
3506
3506
3503
3498
3499
3502
3499
3499
3498
3495
3495
3493
3494
3494
3489
3490
3491
3493
3493
3489
3489
3492
3493
3486
3490
3488
3492
3489
3487
3485
3483
3481
3480
3479
3477
3477
3475
3474
3475
3470
3469
3468
3473
3470
3471
3469
3466
3466
3465
3462
3462
3459
3460
3452
3454
3453
3455
3453
3455
3452
3453
3452
3450
3450
3448
3445
3444
3448
3447
3445
3445
3443
3443
3444
3441
3440
3434
3436
3435
3438
3438
3431
3433
3435
3433
3432
3430
3431
3424
3424
3429
3426
3426
3425
3423
3420
3416
3424
3420
3419
3418
3416
3416
3415
3414
3415
3413
3414
3412
3412
3411
3409
3411
3409
3410
3412
3411
3411
3410
3409
3405
3403
3409
3406
3404
3399
3397
3402
3398
3399
3398
3395
3396
3398
3391
3392
3396
3394
3393
3391
3391
3391
3389
3390
3391
3390
3390
3392
3389
3389
3396
3394
3386
3387
3389
3388
3386
3386
3383
3383
3380
3378
3378
3377
3376
3375
3374
3372
3370
3371
3369
3371
3372
3366
3368
3370
3369
3364
3362
3363
3366
3366
3360
3359
3362
3361
3361
3353
3355
3357
3355
3354
3352
3353
3350
3349
3352
3349
3348
3347
3347
3345
3347
3347
3345
3344
3345
3351
3348
3346
3346
3346
3341
3340
3344
3343
3341
3340
3337
3337
3336
3335
3332
3331
3328
3329
3335
3332
3331
3332
3330
3328
3330
3323
3323
3328
3325
3324
3323
3321
3316
3318
3321
3319
3312
3313
3317
3315
3314
3316
3314
3314
3316
3308
3310
3310
3311
3311
3313
3309
3310
3311
3309
3307
3307
3306
3305
3306
3305
3304
3305
3304
3302
3302
3303
3302
3300
3300
3300
3301
3299
3298
3299
3292
3294
3295
3297
3296
3296
3294
3296
3297
3292
3291
3293
3296
3298
3292
3292
3299
3295
3294
3294
3293
3286
3288
3292
3290
3289
3283
3284
3289
3288
3286
3286
3286
3284
3283
3283
3282
3280
3281
3280
3277
3277
3272
3271
3275
3274
3273
3273
3271
3266
3267
3271
3269
3269
3266
3267
3265
3265
3266
3266
3260
3263
3265
3264
3266
3264
3265
3260
3262
3266
3266
3266
3263
3264
3264
3263
3261
3262
3260
3258
3257
3257
3255
3255
3255
3255
3253
3253
3253
3250
3246
3247
3251
3251
3249
3243
3246
3249
3248
3249
3249
3248
3249
3248
3247
3249
3245
3244
3249
3248
3245
3242
3243
3246
3245
3241
3241
3240
3243
3242
3235
3236
3240
3237
3235
3234
3232
3231
3232
3227
3226
3231
3230
3228
3228
3230
3228
3227
3228
3227
3224
3224
3225
3224
3223
3224
3224
3222
3221
3221
3220
3220
3216
3214
3219
3219
3217
3212
3213
3216
3214
3215
3213
3210
3211
3212
3210
3209
3206
3207
3209
3211
3208
3204
3205
3208
3208
3208
3206
3207
3207
3208
3207
3208
3209
3208
3208
3207
3208
3213
3213
3214
3212
3214
3215
3213
3215
3213
3214
3212
3206
3207
3206
3207
3205
3205
3202
3197
3198
3196
3198
3198
3197
3195
3195
3195
3193
3194
3193
3189
3190
3190
3188
3189
3188
3187
3189
3188
3182
3185
3192
3191
3189
3188
3189
3192
3193
3188
3186
3190
3190
3188
3188
3185
3185
3186
3185
3186
3185
3180
3179
3183
3181
3176
3176
3175
3180
3180
3180
3179
3179
3178
3177
3177
3177
3179
3178
3177
3177
3178
3179
3177
3176
3175
3171
3171
3176
3172
3171
3169
3167
3172
3169
3168
3166
3167
3164
3166
3161
3161
3166
3166
3168
3170
3171
3171
3171
3172
3174
3174
3174
3172
3169
3169
3174
3171
3173
3171
3171
3168
3170
3166
3166
3169
3170
3164
3165
3164
3168
3168
3169
3167
3167
3169
3170
3171
3169
3164
3164
3169
3166
3165
3167
3167
3167
3166
3165
3164
3158
3158
3156
3159
3157
3156
3154
3153
3150
3148
3144
3145
3147
3143
3143
3141
3139
3136
3135
3140
3139
3136
3136
3132
3129
3128
3135
3133
3132
3131
3125
3127
3127
3131
3129
3132
3130
3133
3131
3131
3132
3131
3130
3131
3131
3131
3130
3128
3128
3130
3129
3129
3128
3129
3128
3127
3125
3127
3132
3133
3130
3130
3137
3138
3138
3138
3138
3138
3138
3130
3132
3133
3136
3135
3134
3132
3130
3131
3131
3129
3129
3126
3124
3128
3127
3122
3119
3120
3124
3123
3117
3118
3122
3121
3120
3120
3121
3118
3118
3118
3117
3116
3113
3113
3117
3116
3113
3112
3110
3107
3109
3112
3109
3108
3110
3108
3105
3106
3106
3105
3103
3106
3106
3105
3104
3105
3105
3106
3105
3106
3106
3105
3104
3103
3105
3106
3101
3104
3111
3110
3110
3110
3110
3103
3105
3112
3110
3111
3108
3108
3112
3113
3107
3107
3109
3109
3108
3107
3107
3104
3104
3102
3101
3100
3100
3099
3097
3098
3100
3099
3100
3102
3103
3098
3100
3105
3105
3101
3102
3101
3096
3095
3101
3096
3095
3096
3096
3095
3095
3091
3091
3097
3094
3095
3096
3097
3097
3099
3101
3101
3102
3104
3105
3100
3103
3107
3107
3105
3105
3101
3098
3098
3102
3102
3096
3096
3095
3100
3099
3097
3097
3095
3094
3093
3092
3092
3091
3091
3087
3087
3092
3091
3091
3087
3087
3093
3089
3083
3085
3085
3086
3086
3084
3084
3082
3080
3080
3079
3076
3077
3076
3075
3075
3075
3073
3073
3072
3072
3073
3071
3064
3066
3068
3069
3067
3068
3068
3062
3063
3067
3068
3067
3064
3063
3070
3069
3068
3067
3068
3066
3065
3064
3064
3060
3061
3060
3065
3063
3064
3062
3058
3060
3061
3063
3063
3063
3061
3060
3060
3061
3059
3058
3056
3056
3057
3056
3057
3057
3056
3053
3054
3058
3056
3058
3058
3056
3057
3058
3054
3054
3059
3059
3052
3054
3053
3058
3058
3057
3055
3056
3057
3055
3055
3056
3056
3055
3050
3052
3054
3053
3053
3053
3051
3052
3052
3053
3053
3052
3049
3051
3054
3053
3054
3055
3053
3051
3051
3048
3050
3053
3051
3050
3051
3047
3044
3045
3048
3046
3046
3048
3048
3044
3045
3051
3050
3050
3049
3048
3046
3044
3045
3048
3046
3047
3047
3048
3048
3044
3046
3051
3049
3048
3049
3048
3047
3045
3047
3046
3041
3042
3044
3048
3046
3042
3043
3047
3046
3043
3040
3040
3045
3045
3043
3041
3041
3041
3040
3039
3038
3039
3036
3030
3031
3033
3036
3035
3032
3032
3037
3036
3035
3033
3033
3031
3031
3035
3033
3033
3032
3031
3031
3032
3031
3030
3030
3029
3029
3028
3027
3026
3026
3027
3029
3029
3028
3028
3025
3026
3033
3031
3026
3025
3027
3032
3033
3033
3033
3027
3030
3032
3034
3034
3033
3033
3027
3029
3030
3031
3030
3030
3030
3028
3027
3026
3025
3025
3025
3027
3022
3022
3027
3027
3026
3022
3022
3026
3024
3025
3026
3027
3026
3025
3027
3028
3028
3027
3022
3024
3022
3025
3023
3020
3018
3025
3024
3022
3024
3023
3025
3024
3023
3024
3021
3018
3021
3025
3024
3024
3025
3021
3022
3023
3027
3028
3026
3027
3027
3027
3024
3022
3023
3022
3022
3021
3022
3020
3017
3018
3023
3021
3020
3019
3019
3019
3017
3016
3015
3016
3016
3009
3010
3012
3016
3016
3014
3015
3014
3014
3014
3014
3012
3010
3010
3006
3007
3012
3011
3010
3007
3004
3010
3008
3007
3007
3007
3008
3008
3003
3002
3007
3008
3006
3005
3006
3005
3005
3007
3008
3008
3008
3010
3009
3010
3013
3011
3007
3010
3008
3011
3010
3006
3008
3011
3009
3009
3009
3010
3010
3010
3009
3008
3009
3010
3009
3008
3010
3004
3006
3010
3010
3006
3005
3005
3006
3004
3002
3003
3003
3003
3004
2999
3001
3006
3005
3001
3003
3005
3010
3008
3009
3009
3003
3002
3003
3007
3006
3005
3005
3005
3004
3002
3001
3002
3001
3001
2997
2996
3002
3000
3000
2998
2997
2997
2997
2996
2994
2994
2991
2992
2996
2995
2992
2995
2999
2999
2997
2998
2998
2997
2996
2995
2995
2996
2996
2994
2992
2991
2986
2988
2987
2988
2989
2989
2988
2984
2985
2988
2988
2988
2988
2989
2988
2988
2987
2989
2988
2985
2987
2991
2991
2989
2989
2989
2990
2989
2984
2985
2992
2989
2989
2987
2987
2989
2988
2987
2985
2986
2983
2984
2979
2978
2983
2983
2981
2981
2979
2977
2976
2981
2980
2980
2979
2978
2977
2978
2978
2978
2972
2973
2980
2979
2977
2973
2975
2981
2980
2980
2982
2983
2983
2982
2979
2980
2984
2981
2981
2981
2980
2978
2976
2977
2977
2977
2976
2975
2970
2972
2976
2974
2974
2975
2973
2971
2971
2971
2972
2972
2969
2968
2968
2969
2967
2967
2970
2970
2966
2966
2966
2972
2970
2967
2966
2974
2974
2973
2972
2972
2971
2972
2972
2976
2976
2978
2978
2976
2976
2982
2981
2980
2980
2981
2982
2982
2981
2980
2980
2980
2980
2980
2978
2978
2977
2977
2978
2976
2975
2975
2978
2979
2974
2976
2980
2977
2978
2975
2975
2978
2976
2976
2973
2975
2973
2972
2972
2974
2968
2968
2973
2974
2974
2975
2974
2975
2976
2977
2979
2979
2979
2978
2975
2975
2971
2972
2971
2974
2972
2966
2968
2972
2970
2966
2963
2962
2966
2965
2964
2962
2963
2962
2963
2964
2965
2965
2966
2962
2964
2965
2971
2970
2971
2971
2971
2972
2972
2972
2971
2973
2974
2974
2974
2972
2974
2975
2978
2976
2972
2975
2981
2979
2978
2974
2976
2980
2979
2978
2980
2979
2979
2975
2976
2975
2976
2975
2968
2969
2969
2970
2969
2963
2964
2969
2965
2964
2962
2962
2962
2961
2961
2960
2960
2959
2960
2959
2959
2960
2960
2960
2961
2961
2962
2962
2962
2962
2964
2963
2963
2961
2962
2959
2960
2960
2958
2958
2956
2957
2960
2959
2957
2958
2965
2964
2966
2963
2966
2972
2971
2971
2970
2970
2968
2970
2977
2976
2974
2977
2981
2987
2991
2990
2993
3004
3007
3009
3014
3018
3028
3033
3033
3039
3048
3053
3058
3063
3068
3068
3074
3086
3090
3095
3098
3103
3107
3113
3117
3121
3125
3130
3135
3138
3141
3144
3146
3150
3151
3153
3153
3155
3156
