3157
3157
3156
3154
3155
3155
3149
3147
3152
3149
3145
3142
3141
3140
3139
3130
3130
3133
3129
3126
3119
3117
3118
3115
3108
3108
3105
3104
3101
3097
3096
3088
3085
3089
3086
3082
3078
3076
3074
3073
3069
3067
3065
3065
3064
3063
3061
3058
3056
3052
3053
3051
3049
3048
3041
3040
3044
3044
3042
3035
3036
3036
3037
3033
3033
3031
3030
3028
3028
3026
3020
3021
3022
3022
3020
3020
3019
3016
3016
3011
3010
3009
3011
3009
3008
3007
3000
3000
2998
3001
3002
3001
3001
2997
2996
2999
3003
3000
2995
2995
3000
2999
2999
2996
2995
2994
2994
2992
2990
2989
2988
2988
2988
2988
2986
2984
2985
2987
2986
2986
2987
2983
2982
2988
2988
2983
2984
2983
2986
2983
2984
2984
2984
2986
2984
2978
2979
2983
2982
2982
2982
2981
2978
2978
2977
2977
2976
2975
2975
2974
2973
2968
2970
2976
2976
2970
2972
2972
2976
2975
2975
2975
2974
2974
2973
2972
2971
2970
2970
2968
2970
2968
2967
2967
2963
2964
2967
2967
2961
2962
2963
2967
2966
2962
2963
2968
2966
2965
2965
2965
2966
2965
2965
2965
2964
2964
2963
2962
2959
2958
2958
2954
2954
2955
2957
2956
2955
2953
2946
2949
2950
2952
2952
2946
2947
2953
2952
2947
2949
2950
2954
2954
2956
2954
2956
2955
2956
2957
2958
2957
2955
2954
2954
2954
2954
2954
2954
2955
2955
2956
2957
2957
2956
2953
2953
2958
2957
2952
2952
2954
2957
2954
2953
2952
2947
2948
2949
2951
2949
2948
2947
2946
2946
2946
2946
2945
2946
2947
2945
2946
2946
2945
2944
2942
2945
2949
2947
2945
2944
2944
2944
2943
2944
2944
2939
2941
2944
2943
2942
2942
2944
2944
2946
2941
2942
2942
2947
2947
2942
2943
2949
2950
2949
2946
2946
2951
2950
2950
2949
2948
2948
2949
2948
2949
2947
2947
2942
2943
2945
2950
2950
2946
2946
2951
2949
2950
2949
2950
2948
2949
2949
2949
2945
2946
2947
2952
2952
2951
2951
2950
2952
2952
2953
2953
2952
2954
2954
2954
2954
2955
2954
2955
2956
2952
2953
2958
2958
2957
2955
2956
2961
2959
2960
2963
2962
2960
2963
2969
2970
2971
2972
2972
2970
2972
2977
2978
2978
2979
2981
2983
2984
2985
2987
2987
2988
2989
2989
2991
2992
2991
2991
2992
2990
2992
2996
3000
2999
3000
3003
3004
3005
3007
3007
3008
3006
3008
3016
3015
3018
3018
3018
3022
3025
3023
3026
3033
3033
3034
3037
3039
3042
3045
3042
3044
3050
3054
3055
3057
3060
3058
3062
3070
3072
3074
3071
3074
3082
3083
3081
3087
3090
3093
3097
3098
3101
3105
3107
3110
3112
3113
3116
3120
3120
3125
3134
3136
3139
3140
3146
3154
3157
3162
3165
3167
3171
3175
3180
3183
3187
3190
3194
3197
3200
3206
3211
3211
3215
3225
3228
3233
3237
3240
3244
3247
3251
3257
3259
3263
3267
3272
3274
3276
3278
3290
3295
3298
3300
3306
3317
3323
3323
3331
3338
3347
3352
3357
3361
3365
3369
3375
3382
3387
3392
3397
3405
3409
3416
3421
3424
3425
3432
3442
3446
3446
3454
3460
3467
3475
3479
3486
3493
3500
3501
3508
3513
3526
3532
3533
3542
3554
3559
3567
3575
3581
3588
3595
3602
3611
3617
3626
3631
3639
3642
3650
3657
3663
3670
3679
3678
3688
3702
3706
3711
3717
3725
3739
3743
3754
3758
3766
3775
3778
3784
3790
3803
3809
3816
3823
3831
3838
3843
3854
3858
3867
3876
3879
3890
3896
3903
3910
3917
3927
3926
3939
3944
3955
3961
3964
3973
3986
3992
3997
4002
4009
4022
4028
4034
4044
4049
4058
4069
4071
4081
4095
4103
4108
4119
4125
4133
4142
4149
4157
4164
4173
4177
4186
4192
4201
4207
4215
4221
4227
4235
4244
4245
4253
4264
4272
4271
4280
4288
4299
4308
4313
4323
4326
4331
4338
4342
4349
4348
4358
4368
4375
4373
4383
4389
4404
4407
4414
4422
4429
4434
4441
4453
4458
4466
4475
4486
4492
4498
4502
4511
4524
4531
4533
4542
4555
4562
4567
4570
4575
4589
4591
4592
4595
4604
4616
4623
4631
4637
4638
4644
4655
4663
4670
4675
4682
4689
4697
4705
4712
4718
4727
4735
4744
4751
4759
4768
4776
4786
4794
4804
4810
4819
4827
4833
4841
4850
4851
4859
4873
4880
4886
4894
4898
4903
4913
4920
4926
4928
4936
4945
4957
4960
4965
4970
4971
4976
4984
4994
4998
5003
5007
5014
5020
5024
5032
5035
5040
5044
5045
5049
5060
5064
5068
5068
5073
5083
5085
5089
5095
5097
5102
5104
5114
5118
5123
5128
5128
5134
5139
5149
5152
5152
5155
5169
5169
5173
5174
5178
5182
5184
5189
5190
5196
5199
5205
5209
5215
5221
5225
5232
5237
5243
5243
5247
5262
5264
5271
5274
5280
5282
5286
5298
5300
5306
5310
5315
5319
5321
5323
5326
5336
5340
5344
5343
5345
5350
5352
5355
5358
5350
5359
5360
5368
5370
5366
5370
5379
5378
5381
5385
5383
5388
5391
5387
5392
5399
5403
5403
5402
5405
5411
5410
5413
5413
5417
5418
5420
5418
5421
5428
5427
5430
5429
5433
5433
5435
5433
5434
5433
5431
5434
5431
5432
5431
5432
5434
5435
5438
5439
5438
5440
5441
5440
5443
5443
5446
5445
5447
5448
5450
5451
5447
5447
5450
5449
5453
5446
5445
5454
5453
5451
5447
5449
5453
5453
5446
5449
5457
5459
5459
5457
5461
5468
5470
5469
5466
5468
5466
5465
5460
5462
5468
5466
5468
5461
5462
5472
5467
5462
5465
5464
5465
5462
5456
5457
5447
5446
5453
5452
5446
5447
5447
5445
5448
5450
5445
5447
5449
5448
5447
5445
5441
5441
5439
5436
5436
5432
5428
5428
5427
5422
5423
5420
5413
5415
5422
5416
5413
5416
5418
5427
5426
5426
5429
5430
5434
5434
5433
5433
