3141
3140
3141
3141
3141
3138
3132
3135
3137
3134
3128
3128
3127
3129
3126
3123
3119
3117
3115
3112
3109
3108
3104
3102
3100
3096
3094
3092
3090
3088
3086
3078
3076
3080
3076
3074
3071
3069
3061
3060
3063
3059
3055
3050
3050
3053
3050
3050
3048
3046
3043
3042
3042
3040
3038
3036
3030
3029
3029
3031
3028
3026
3024
3022
3020
3016
3015
3014
3012
3011
3007
3008
3010
3009
3008
3007
3007
3005
3006
3006
3006
3005
3004
3003
3003
3001
2995
2996
2997
2999
2998
2993
2993
2995
2993
2992
2992
2990
2988
2988
2982
2981
2987
2984
2982
2980
2979
2979
2978
2972
2973
2973
2976
2975
2974
2972
2970
2969
2964
2965
2965
2968
2966
2967
2966
2966
2966
2964
2964
2963
2961
2962
2961
2961
2959
2956
2955
2960
2959
2954
2956
2957
2955
2954
2953
2950
2951
2950
2951
2951
2951
2947
2949
2955
2954
2956
2957
2955
2953
2953
2957
2956
2951
2951
2955
2956
2953
2949
2951
2955
2954
2954
2953
2954
2954
2954
2955
2954
2953
2952
2951
2950
2949
2948
2945
2945
2944
2944
2944
2943
2939
2939
2945
2944
2938
2939
2940
2942
2942
2941
2941
2941
2941
2940
2940
2939
2939
2939
2938
2939
2939
2939
2939
2935
2935
2940
2940
2935
2937
2939
2945
2943
2945
2946
2944
2947
2947
2946
2948
2944
2945
2950
2949
2948
2946
2945
2945
2944
2940
2941
2946
2945
2943
2943
2942
2942
2941
2941
2941
2939
2939
2940
2935
2936
2942
2940
2936
2935
2935
2940
2938
2935
2936
2940
2937
2937
2936
2935
2931
2931
2936
2935
2935
2933
2934
2929
2930
2934
2932
2932
2931
2932
2932
2932
2932
2931
2931
2931
2931
2930
2929
2928
2928
2930
2930
2930
2929
2929
2930
2929
2929
2929
2925
2926
2925
2930
2930
2928
2929
2925
2925
2926
2929
2930
2925
2926
2930
2928
2928
2928
2928
2929
2928
2929
2930
2930
2930
2928
2930
2930
2925
2926
2932
2929
2930
2931
2933
2932
2933
2933
2934
2934
2932
2932
2939
2940
2940
2942
2940
2941
2941
2946
2944
2940
2942
2947
2946
2947
2943
2944
2949
2950
2949
2948
2949
2950
2950
2951
2951
2952
2953
2951
2952
2954
2960
2960
2961
2962
2962
2964
2964
2960
2962
2968
2970
2971
2974
2976
2975
2976
2983
2985
2987
2988
2989
2989
2990
2991
2991
2992
2992
2993
2993
2995
2996
2996
2998
2998
2996
2999
3002
3006
3008
3005
3007
3015
3015
3015
3016
3018
3019
3020
3019
3022
3028
3030
3030
3034
3035
3034
3037
3045
3048
3050
3051
3054
3055
3057
3059
3063
3066
3068
3071
3072
3077
3075
3081
3087
3089
3092
3089
3093
3101
3104
3108
3110
3113
3116
3119
3119
3124
3133
3135
3136
3140
3142
3147
3149
3150
3153
3163
3164
3167
3171
3174
3178
3182
3185
3190
3193
3196
3200
3209
3213
3215
3218
3223
3227
3231
3233
3237
3248
3252
3256
3261
3266
3266
3272
3281
3284
3289
3294
3295
3300
3306
3310
3316
3314
3320
3330
3335
3342
3346
3353
3360
3365
3371
3375
3381
3386
3394
3399
3404
3409
3415
3420
3422
3428
3440
3444
3443
3450
3459
3464
3470
3475
3480
3480
3486
3499
3503
3507
3511
3517
3523
3527
3529
3539
3546
3555
3561
3568
3575
3575
3583
3595
3602
3608
3614
3620
3626
3632
3637
3644
3650
3655
3663
3670
3676
3682
3691
3697
3701
3708
3721
3730
3732
3740
3754
3762
3769
3774
3783
3789
3798
3808
3814
3819
3821
3829
3840
3842
3844
3852
3858
3869
3875
3882
3887
3890
3895
3910
3915
3924
3930
3935
3943
3949
3957
3964
3969
3977
3987
3994
4002
4010
4017
4024
4034
4042
4045
4056
4068
4076
4085
4093
4102
4108
4116
4128
4136
4137
4145
4154
4164
4171
4171
4177
4191
4193
4200
4205
4211
4219
4226
4231
4240
4245
4249
4257
4263
4271
4279
4286
4292
4300
4306
4315
4323
4329
4336
4335
4346
4357
4368
4373
4376
4383
4395
4399
4405
4414
4418
4422
4428
4441
4448
4454
4460
4466
4474
4481
4487
4496
4496
4508
4515
4530
4535
4543
4551
4565
4570
4576
4582
4585
4588
4595
4604
4606
4605
4611
4617
4630
4633
4642
4645
4645
4652
4662
4669
4674
4681
4683
4691
4697
4703
4710
4714
4722
4727
4735
4744
4751
4758
4766
4775
4782
4787
4796
4811
4816
4822
4831
4837
4847
4855
4863
4873
4881
4890
4894
4907
4914
4923
4931
4931
4938
4947
4957
4960
4962
4968
4978
4981
4984
4990
4991
4991
4995
5003
5006
5008
5013
5016
5020
5021
5021
5026
5035
5036
5037
5041
5038
5041
5043
5042
5043
5041
5041
5041
5038
5038
5038
5039
5033
5036
5038
5047
5047
5046
5050
5062
5063
5065
5061
5066
5072
5071
5076
5075
5078
5079
5084
5089
5092
5097
5100
5106
5109
5111
5116
5120
5124
5125
5125
5129
5135
5143
5148
5143
5151
5162
5165
5170
5170
5177
5186
5191
5194
5197
5201
5200
5206
5206
5208
5203
5207
5216
5214
5218
5221
5224
5225
5227
5227
5228
5227
5230
5229
5231
5230
5232
5234
5231
5235
5237
5247
5247
5244
5246
5257
5259
5261
5264
5266
5265
5268
5279
5281
5285
5288
5292
5295
5299
5303
5308
5312
5318
5320
5329
5330
5331
5337
5346
5350
5348
5352
5351
5347
5350
5357
5356
5354
5353
5354
5348
5347
5343
5342
5338
5335
5335
5334
5332
5329
5328
5337
5336
5334
5331
5330
5336
5337
5334
5336
5336
5332
5336
5341
5340
5336
5337
5344
5347
5345
5348
5349
5351
5353
5355
5359
5358
5361
5364
5364
5365
5367
5370
5370
5370
5372
5375
5373
5371
5372
5380
5383
5384
5378
5378
5386
5384
5384
5386
5387
5382
5384
5390
5390
5389
5389
5390
5387
5388
5388
5391
5392
5394
5398
5400
5400
5396
5402
5409
5411
5403
5408
5407
5413
5415
5417
5417
5417
5417
5416
5417
5415
5423
5421
5421
5419
5419
5419
5415
5414
5409
5410
5405
5402
5397
5393
5389
5383
5381
5377
5375
5371
5369
5363
5362
5367
5364
5359
5360
5366
5365
5363
5356
5354
5357
5357
5352
5354
5347
5341
5338
5342
5336
5336
5333
5333
5329
5329
5327
5328
5323
5321
5318
5315
5314
5312
5310
5308
5308
5303
5304
5304
5309
5309
5306
5306
5305
5303
5299
5297
5296
5302
5296
5293
5291
5285
5283
5281
5272
5269
5273
5269
5259
5256
5257
5255
5254
5249
5248
5243
5241
5237
5233
5229
5224
5222
5216
5214
5204
5200
5196
5198
5194
5189
5183
5172
5168
5164
5165
5161
5160
5156
5154
5149
5146
5143
5141
5136
5137
5139
5138
5132
5132
5130
5122
5120
5124
5118
5117
5115
5110
5105
5103
5106
5103
5095
5094
5100
5102
5098
5100
5099
5100
5098
5099
5096
5096
5093
5092
5085
5084
5090
5082
5081
5075
5075
5072
5069
5058
5060
5056
5060
5056
5053
5049
5044
5044
5037
5035
5032
5025
5024
5027
5024
5022
5023
5017
5019
5014
5013
5015
5015
5014
5011
5010
5008
5006
5004
4996
4997
4998
4997
4993
4992
4992
4990
4990
4979
4980
4978
4983
4980
4981
4977
4970
4970
4972
4973
4973
4965
4967
4972
4970
4968
4967
4967
4967
4965
4963
4960
4959
4957
4956
4954
4948
4948
4942
4942
4938
4935
4930
4929
4930
4927
4922
4921
4914
4910
4907
4910
4904
4898
4896
4901
4895
4892
4885
4884
4888
4885
4875
4874
4874
4874
4871
4866
4863
4857
4856
4852
4849
4845
4841
4836
4826
4825
4828
4826
4821
4812
4808
4811
4807
4804
4801
4798
4793
4790
4782
4781
4783
4779
4774
4771
4767
4763
4760
4752
4750
4752
4747
4743
4739
4735
4733
4729
4727
4723
4720
4716
4714
4711
4709
4701
4701
4703
4700
4698
4692
4690
4692
4688
4685
4686
4681
4679
4680
4669
4670
4674
4672
4666
4661
4660
4663
4661
4651
4654
4655
4654
4651
4648
4646
4638
4638
4641
4640
4636
4637
4630
4632
4628
4627
4626
4624
4620
4620
4615
4614
4612
4609
4604
4601
4600
4595
4594
4585
4583
4587
4582
4579
4576
4572
4566
4562
4566
4563
4556
4552
4548
4551
4548
4546
4545
4540
4536
4534
4528
4531
4518
4520
4524
4521
4518
4510
4510
4513
4509
4505
4503
4500
4495
4496
4494
4492
4485
4482
4486
4484
4482
4479
4475
4475
4469
4469
4463
4464
4460
4458
4453
4451
4450
4448
4442
4438
4434
4436
4435
4426
4425
4427
4427
4421
4416
4414
4415
4414
4409
4408
4403
4404
4400
4398
4396
4392
4392
4387
4384
4383
4386
4383
4381
4377
4368
4366
4362
4368
4360
4360
4355
4354
4349
4349
4346
4343
4342
4339
4338
4335
4332
4328
4330
4332
4329
4320
4323
4324
4324
4321
4321
4315
4316
4312
4310
4310
4307
4299
4296
4300
4293
4285
4282
4279
4281
4275
4274
4269
4267
4263
4262
4256
4254
4249
4247
4243
4241
4235
4233
4228
4227
4223
4221
4218
4218
4212
4209
4203
4204
4205
4202
4197
4197
4194
4194
4192
4186
4184
4189
4185
4177
4175
4174
4176
4174
4166
4164
4169
4165
4163
4158
4158
4153
4152
4151
4149
4148
4148
4145
4140
4139
4145
4142
4140
4137
4134
4131
4130
4122
4120
4124
4120
4116
4113
4112
4106
4103
4108
4104
4102
4099
4098
4094
4093
4092
4090
4087
4086
4084
4078
4076
4079
4078
4076
4072
4070
4071
4069
4066
4065
4065
4063
4061
4060
4059
4057
4053
4048
4047
4051
4049
4045
4042
4042
4037
4038
4031
4029
4030
4027
4026
4024
4022
4020
4017
4016
4014
4012
4007
4006
4012
4009
4008
4008
4005
4002
4001
4006
4003
4000
4001
3998
3994
3994
3984
3983
3989
3984
3981
3981
3974
3975
3973
3969
3968
3960
3959
3957
3960
3957
3956
3953
3949
3948
3945
3940
3939
3928
3926
3931
3926
3921
3918
3917
3920
3917
3914
3912
3910
3905
3905
3905
3902
3899
3899
3899
3894
3896
3896
3893
3885
3886
3891
3889
3885
3880
3882
3885
3883
3883
3879
3879
3877
3876
3877
3876
3875
3876
3873
3871
3869
3863
3863
3865
3862
3854
3850
3855
3852
3850
3843
3841
3843
3841
3837
3835
3832
3828
3826
3825
3820
3819
3817
3812
3813
3810
3804
3805
3808
3807
3805
3804
3804
3802
3802
3799
3798
3796
3796
3794
3792
3792
3789
3790
3781
3780
3782
3783
3783
3774
3774
3779
3776
3771
3766
3766
3770
3765
3764
3761
3761
3759
3757
3757
3754
3749
3749
3752
3751
3750
3747
3746
3744
3743
3742
3740
3741
3738
3737
3736
3736
3731
3731
3737
3734
3734
3732
3729
3728
3727
3724
3724
3724
3720
3719
3715
3713
3720
3716
3713
3714
3711
3712
3710
3705
3705
3710
3708
3706
3700
3700
3702
3701
3694
3693
3696
3696
3695
3693
3690
3689
3686
3685
3684
3681
3682
3679
3677
3676
3674
3670
3670
3664
3663
3668
3665
3658
3658
3659
3657
3657
3655
3652
3647
3646
3650
3648
3644
3644
3641
3640
3639
3636
3636
3633
3634
3632
3629
3630
3626
3625
3623
3621
3620
3619
3618
3610
3612
3613
3613
3611
3609
3610
3609
3607
3607
3605
3605
3599
3596
3603
3600
3599
3597
3593
3591
3591
3593
3593
3589
3587
3583
3579
3582
3585
3582
3581
3579
3573
3575
3572
3578
3576
3574
3575
3572
3571
3570
3569
3568
3567
3565
3559
3558
3562
3562
3561
3554
3556
3560
3558
3559
3561
3558
3555
3553
3557
3555
3552
3551
3551
3549
3550
3547
3546
3546
3543
3544
3541
3541
3540
3538
3538
3536
3535
3534
3533
3532
3532
3526
3525
3531
3528
3526
3526
3523
3523
3522
3520
3519
3517
3518
3517
3512
3511
3517
3514
3506
3508
3507
3511
3510
3509
3506
3505
3505
3504
3502
3503
3499
3498
3504
3501
3501
3499
3498
3491
3492
3493
3492
3486
3485
3486
3489
3488
3487
3486
3486
3481
3481
3478
3479
3479
3475
3472
3471
3473
3473
3473
3466
3466
3472
3469
3466
3466
3465
3459
3459
3463
3461
3455
3455
3455
3460
3458
3456
3456
3456
3454
3452
3452
3450
3447
3448
3446
3443
3443
3443
3440
3439
3439
3435
3438
3431
3431
3433
3435
3433
3433
3430
3429
3428
3422
3420
3422
3423
3424
3419
3418
3423
3423
3420
3419
3418
3417
3415
3416
3416
3414
3414
3414
3411
3410
3410
3407
3408
3405
3403
3403
3402
3400
3401
3396
3395
3397
3400
3398
3395
3393
3399
3398
3395
3396
3394
3389
3391
3396
3392
3388
3386
3386
3391
3388
3385
3383
3391
3386
3386
3385
3383
3383
3382
3379
3381
3379
3379
3377
3373
3374
3374
3372
3370
3370
3368
3372
3372
3368
3368
3369
3367
3369
3364
3366
3370
3373
3373
3372
3373
3374
3374
3375
3373
3376
3373
3370
3368
3365
3369
3367
3360
3361
3364
3362
3362
3359
3357
3358
3354
3353
3353
3351
3349
3350
3344
3344
3350
3347
3346
3347
3346
3345
3344
3341
3339
3345
3343
3342
3336
3337
3341
3338
3337
3335
3334
3331
3332
3332
3330
3324
3326
3330
3329
3329
3328
3326
3326
3324
3322
3324
3324
3323
3325
3320
3319
3325
3322
3323
3323
3322
3321
3322
3321
3319
3316
3315
3314
3319
3316
3314
3313
3311
3308
3309
3306
3304
3306
3305
3298
3301
3301
3305
3304
3300
3298
3304
3302
3299
3298
3298
3297
3296
3292
3290
3293
3293
3291
3289
3290
3286
3286
3293
3289
3288
3290
3288
3286
3285
3284
3281
3279
3281
3279
3276
3276
3276
3273
3268
3270
3268
3274
3272
3272
3271
3272
3270
3268
3265
3267
3271
3270
3272
3270
3263
3264
3262
3269
3267
3262
3264
3268
3268
3268
3267
3265
3266
3264
3257
3258
3258
3260
3260
3254
3253
3259
3256
3253
3253
3253
3250
3249
3250
3248
3247
3247
3244
3243
3243
3241
3240
3241
3241
3238
3235
3235
3237
3236
3237
3235
3234
3235
3236
3236
3234
3229
3232
3237
3234
3234
3234
3235
3227
3230
3235
3233
3233
3234
3234
3231
3232
3228
3227
3232
3233
3232
3231
3231
3230
3229
3228
3229
3229
3223
3223
3229
3226
3219
3221
3221
3223
3222
3221
3219
3218
3218
3218
3217
3217
3218
3220
3220
3220
3222
3222
3222
3220
3222
3218
3219
3222
3221
3220
3216
3216
3221
3220
3213
3215
3218
3217
3219
3213
3213
3216
3215
3207
3205
3206
3209
3206
3204
3203
3203
3202
3200
3199
3198
3198
3196
3197
3195
3193
3192
3193
3199
3195
3195
3195
3194
3192
3191
3188
3189
3192
3190
3186
3186
3186
3189
3189
3190
3188
3182
3183
3189
3187
3187
3187
3188
3188
3188
3187
3187
3186
3184
3183
3184
3183
3177
3179
3180
3183
3180
3179
3179
3181
3180
3173
3174
3175
3178
3177
3178
3180
3180
3179
3180
3182
3183
3181
3183
3180
3179
3179
3181
3181
3180
3179
3178
3177
3177
3175
3175
3172
3171
3175
3174
3174
3173
3172
3172
3172
3165
3165
3171
3169
3166
3162
3163
3167
3165
3162
3164
3168
3168
3170
3170
3169
3170
3170
3166
3167
3167
3171
3171
3168
3167
3167
3168
3165
3163
3162
3160
3158
3159
3157
3157
3155
3157
3153
3156
3153
3154
3156
3155
3154
3154
3154
3149
3148
3152
3150
3149
3150
3148
3147
3146
3147
3145
3145
3144
3145
3140
3139
3143
3142
3135
3136
3137
3139
3138
3138
3137
3131
3133
3134
3138
3135
3132
3132
3137
3135
3130
3131
3130
3135
3133
3133
3133
3133
3132
3131
3129
3131
3127
3126
3132
3132
3132
3130
3131
3128
3128
3131
3131
3130
3129
3128
3129
3129
3128
3126
3128
3126
3127
3126
3124
3120
3120
3126
3123
3122
3117
3119
3121
3123
3119
3121
3122
3122
3124
3125
3126
3126
3127
3128
3130
3129
3130
3132
3127
3126
3131
3131
3128
3128
3128
3123
3123
3127
3126
3124
3124
3124
3124
3121
3122
3122
3120
3118
3119
3118
3117
3112
3113
3118
3114
3113
3110
3110
3113
3111
3107
3108
3111
3109
3110
3109
3108
3103
3103
3109
3108
3106
3108
3104
3105
3104
3103
3105
3103
3102
3102
3103
3102
3101
3102
3098
3096
3096
3102
3101
3095
3096
3100
3098
3097
3094
3094
3098
3096
3091
3093
3092
3094
3094
3092
3093
3092
3093
3089
3087
3087
3091
3091
3090
3088
3082
3085
3084
3088
3087
3083
3084
3091
3088
3085
3086
3088
3086
3085
3087
3085
3086
3085
3083
3084
3085
3082
3083
3077
3079
3078
3082
3079
3080
3079
3078
3079
3078
3073
3075
3079
3078
3074
3075
3078
3078
3078
3078
3075
3072
3073
3078
3075
3076
3075
3073
3073
3072
3073
3072
3072
3072
3072
3072
3071
3071
3071
3066
3067
3066
3070
3071
3068
3066
3068
3068
3066
3064
3063
3067
3067
3061
3059
3063
3066
3063
3058
3060
3064
3063
3064
3063
3062
3063
3063
3064
3063
3062
3062
3063
3062
3062
3062
3063
3062
3063
3062
3057
3059
3063
3061
3059
3059
3059
3058
3058
3059
3058
3053
3054
3058
3057
3058
3056
3056
3053
3051
3058
3057
3055
3053
3054
3058
3057
3051
3051
3057
3055
3055
3050
3050
3056
3054
3049
3051
3050
3052
3051
3051
3050
3049
3050
3050
3049
3049
3048
3049
3045
3043
3049
3050
3048
3042
3045
3049
3047
3048
3048
3046
3046
3048
3047
3045
3045
3046
3045
3043
3043
3043
3042
3042
3043
3043
3042
3044
3041
3042
3047
3049
3043
3045
3043
3049
3047
3047
3048
3042
3042
3043
3047
3046
3044
3045
3045
3043
3042
3041
3042
3037
3037
3042
3041
3040
3039
3038
3039
3039
3039
3038
3033
3035
3034
3038
3037
3036
3034
3034
3034
3032
3032
3033
3030
3030
3031
3030
3027
3027
3027
3032
3032
3025
3026
3032
3029
3029
3027
3026
3030
3030
3029
3029
3029
3028
3028
3029
3028
3027
3027
3027
3026
3027
3026
3024
3022
3022
3027
3027
3024
3021
3023
3027
3025
3026
3026
3025
3026
3025
3021
3021
3026
3025
3018
3019
3021
3023
3022
3018
3018
3023
3023
3021
3020
3021
3017
3017
3024
3021
3022
3018
3019
3016
3016
3022
3021
3023
3023
3022
3023
3024
3024
3024
3024
3023
3024
3023
3023
3018
3019
3022
3022
3018
3015
3017
3020
3019
3014
3016
3020
3019
3019
3017
3015
3017
3016
3015
3016
3013
3014
3013
3012
3014
3012
3011
3012
3010
3008
3010
3008
3009
3009
3006
3007
3008
3007
3007
3003
3003
3010
3009
3007
3005
3005
3010
3011
3004
3006
3010
3008
3008
3004
3002
3007
3007
2999
3002
3000
3004
3004
3003
3002
3002
3000
2999
2998
2996
3002
2999
2999
3000
2999
2998
2999
2997
2997
2995
2994
2998
2999
2999
2994
2996
2998
2997
3000
2998
2997
2998
2997
2995
2996
2996
2996
2996
2997
2996
2993
2996
3000
3001
2996
2995
2998
3001
3000
3000
3001
2994
2995
2998
2998
2997
2998
2998
2997
2999
2994
2991
2994
2998
2996
2994
2995
2994
2993
2992
2992
2990
2991
2989
2990
2989
2988
2990
2988
2989
2987
2982
2985
2988
2987
2988
2982
2985
2989
2988
2982
2984
2981
2988
2985
2984
2986
2985
2984
2985
2981
2981
2987
2985
2986
2984
2983
2984
2984
2978
2979
2985
2983
2983
2983
2982
2981
2982
2984
2982
2983
2984
2982
2978
2980
2983
2983
2978
2979
2983
2983
2983
2980
2983
2980
2980
2980
2981
2982
2978
2979
2982
2980
2981
2979
2979
2979
2979
2980
2977
2976
2978
2975
2977
2977
2975
2977
2977
2976
2973
2974
2974
2979
2976
2978
2977
2972
2972
2975
2977
2976
2973
2973
2977
2977
2976
2976
2975
2975
2975
2971
2969
2975
2974
2973
2972
2972
2972
2971
2974
2973
2974
2976
2974
2977
2977
2976
2977
2975
2976
2977
2976
2976
2971
2970
2976
2975
2973
2968
2969
2971
2972
2971
2970
2970
2968
2968
2967
2969
2963
2965
2969
2967
2967
2963
2963
2968
2964
2960
2961
2961
2966
2964
2961
2962
2964
2964
2964
2962
2965
2963
2963
2963
2962
2962
2962
2961
2962
2961
2961
2961
2956
2957
2957
2964
2962
2962
2963
2956
2959
2961
2962
2964
2959
2959
2965
2962
2960
2957
2959
2962
2961
2961
2961
2962
2960
2961
2960
2959
2960
2958
2959
2959
2958
2959
2959
2958
2959
2958
2958
2959
2958
2957
2958
2957
2959
2959
2953
2956
2955
2960
2959
2958
2959
2952
2955
2956
2960
2959
2954
2956
2960
2959
2953
2953
2955
2958
2958
2956
2956
2957
2954
2955
2956
2955
2954
2955
2954
2955
2955
2954
2955
2951
2951
2958
2955
2956
2956
2955
2952
2953
2958
2957
2951
2950
2953
2955
2955
2955
2955
2955
2954
2954
2953
2952
2949
2949
2954
2953
2951
2952
2950
2950
2950
2944
2947
2950
2949
2949
2948
2948
2949
2946
2947
2947
2947
2948
2948
2945
2946
2949
2949
2945
2945
2947
2950
2949
2949
2948
2949
2948
2948
2943
2945
2948
2946
2942
2942
2943
2946
2945
2941
2941
2947
2943
2944
2943
2943
2944
2942
2941
2941
2938
2939
2941
2939
2940
2936
2936
2940
2941
2940
2938
2940
2939
2938
2939
2938
2937
2939
2938
2938
2940
2939
2937
2939
2938
2939
2940
2940
2938
2940
2939
2939
2939
2938
2939
2935
2935
2942
2940
2935
2935
2936
2940
2941
2939
2939
2935
2935
2935
2941
2939
2939
2941
2934
2936
2937
2938
2938
2934
2934
2940
2938
2932
2935
2933
2939
2938
2938
2938
2935
2936
2937
2936
2937
2937
2936
2937
2938
2936
2938
2937
2936
2938
2936
2937
2934
2933
2933
2940
2938
2938
2936
2938
2937
2936
2937
2937
2937
2937
2935
2935
2936
2934
2934
2935
2933
2934
2935
2934
2937
2937
2935
2938
2945
2948
2946
2950
2956
2962
2965
2970
2972
2977
2984
2987
2989
2994
3004
3008
3009
3014
3023
3028
3034
3036
3041
3051
3055
3054
3061
3066
3077
3079
3081
3085
3095
3098
3100
3105
3107
3108
3109
3119
3119
3121
3123
3123
3126
3127
3121
3123
