4797
4796
4795
4796
4793
4790
4788
4784
4784
4779
4775
4768
4763
4764
4760
4755
4750
4746
4735
4733
4735
4727
4722
4714
4711
4703
4698
4695
4689
4682
4677
4670
4668
4665
4660
4655
4649
4645
4638
4635
4631
4625
4622
4620
4615
4610
4603
4600
4601
4598
4590
4586
4589
4587
4584
4582
4579
4570
4570
4573
4569
4567
4561
4559
4564
4558
4557
4556
4553
4552
4550
4541
4540
4542
4540
4537
4535
4534
4531
4529
4528
4527
4526
4524
4522
4523
4522
4520
4521
4519
4518
4516
4518
4515
4513
4512
4510
4508
4507
4506
4504
4496
4495
4500
4496
4492
4494
4491
4491
4491
4484
4486
4492
4486
4487
4487
4484
4480
4479
4484
4483
4484
4484
4482
4480
4481
4483
4483
4477
4476
4477
4477
4477
4470
4470
4475
4471
4469
4469
4467
4465
4466
4464
4462
4459
4461
4458
4458
4460
4453
4455
4460
4458
4457
4458
4459
4453
4455
4460
4460
4460
4455
4457
4462
4462
4461
4459
4459
4459
4459
4457
4454
4453
4453
4452
4450
4450
4447
4448
4441
4440
4447
4442
4439
4434
4435
4437
4436
4434
4434
4436
4439
4439
4439
4439
4437
4437
4438
4439
4440
4442
4441
4443
4442
4442
4441
4440
4441
4439
4438
4436
4437
4435
4432
4432
4433
4435
4434
4432
4433
4437
4437
4439
4433
4431
4439
4436
4433
4433
4433
4428
4430
4435
4435
4434
4435
4436
4436
4436
4436
4434
4435
4435
4429
4430
4429
4433
4433
4427
4427
4434
4431
4430
4433
4430
4429
4430
4429
4427
4426
4429
4428
4427
4426
4427
4427
4427
4427
4429
4425
4424
4429
4428
4421
4424
4424
4428
4427
4427
4428
4422
4424
4427
4429
4427
4429
4429
4427
4429
4425
4424
4426
4431
4431
4432
4432
4432
4433
4432
4433
4436
4435
4435
4434
4435
4434
4436
4437
4435
4437
4440
4442
4440
4440
4442
4436
4438
4443
4440
4440
4439
4437
4434
4436
4440
4440
4439
4438
4437
4439
4439
4440
4441
4440
4441
4439
4440
4442
4447
4446
4443
4446
4452
4450
4452
4454
4454
4455
4458
4453
4456
4459
4465
4463
4467
4467
4468
4472
4472
4474
4479
4477
4478
4487
4488
4489
4494
4495
4496
4502
4503
4505
4501
4504
4506
4512
4513
4516
4519
4520
4523
4531
4537
4539
4541
4545
4547
4549
4546
4551
4551
4555
4560
4561
4560
4564
4568
4568
4565
4570
4578
4580
4581
4585
4590
4592
4597
4602
4606
4609
4616
4618
4621
4625
4624
4629
4637
4641
4637
4643
4649
4656
4660
4663
4667
4673
4679
4680
4688
4697
4707
4713
4722
4730
4736
4741
4751
4758
4764
4770
4778
4785
4793
4798
4804
4812
4825
4831
4832
4842
4855
4862
4866
4875
4884
4886
4894
4909
4916
4923
4931
4942
4944
4956
4970
4978
4988
4993
5002
5017
5027
5035
5045
5053
5065
5076
5085
5095
5108
5117
5127
5140
5150
5160
5174
5181
5193
5211
5221
5230
5244
5255
5261
5274
5291
5303
5315
5329
5343
5354
5366
5381
5391
5403
5418
5431
5440
5453
5460
5472
5490
5500
5512
5526
5538
5545
5558
5577
5588
5600
5614
5627
5639
5655
5671
5685
5697
5714
5728
5739
5755
5777
5791
5807
5823
5840
5856
5870
5883
5901
5920
5933
5946
5959
5974
5990
6007
6016
6032
6054
6068
6081
6091
6108
6130
6145
6158
6177
6193
6211
6227
6241
6255
6270
6283
6297
6314
6330
6344
6361
6379
6397
6416
6434
6455
6474
6491
6508
6529
6547
6562
6579
6597
6614
6631
6650
6661
6679
6700
6717
6732
6740
6757
6779
6795
6800
6820
6837
6859
6870
6884
6897
6902
6918
6931
6944
6956
6966
6980
6997
7008
7023
7036
7050
7066
7081
7096
7110
7127
7144
7162
7176
7196
7213
7230
7246
7256
7268
7283
7297
7315
7332
7343
7357
7379
7395
7411
7422
7440
7464
7476
7489
7507
7521
7533
7548
7568
7580
7593
7608
7621
7635
7653
7671
7687
7704
7719
7735
7750
7766
7777
7790
7806
7816
7830
7847
7861
7874
7892
7914
7930
7944
7962
7981
7997
8014
8030
8044
8054
8071
8088
8099
8110
8116
8125
8128
8132
8141
8147
8155
8160
8171
8188
8194
8193
8204
8214
8224
8233
8242
8252
8265
8277
8288
8304
8317
8324
8339
8358
8367
8380
8392
8406
8420
8434
8448
8463
8475
8489
8496
8508
8518
8520
8529
8542
8544
8546
8549
8549
8548
8548
8557
8559
8566
8571
8582
8591
8605
8618
8629
8641
8654
8668
8678
8696
8705
8722
8743
8754
8761
8772
8782
8797
8807
8807
8816
8830
8838
8846
8856
8867
8872
8883
8904
8911
8921
8934
8943
8958
8967
8982
8992
9002
9017
9031
9045
9054
9057
9070
9085
9085
9094
9099
9104
9113
9118
9119
9128
9133
9139
9144
9151
9159
9162
9169
9179
9187
9195
9203
9214
9218
9229
9246
9253
9263
9269
9277
9290
9291
9290
9295
9296
9305
9308
9310
9316
9320
9317
9315
9315
9313
9312
9310
9307
9305
9295
9292
9298
9300
9302
9301
9304
9301
9306
9316
9323
9327
9338
9342
9352
9363
9369
9381
9390
9403
9414
9423
9432
9442
9450
9456
9463
9470
9477
9480
9470
9473
9474
9474
9466
9465
9460
9459
9457
9449
9451
9451
9456
9455
9452
9454
9463
9466
9463
9468
9467
9474
9473
9477
9478
9479
9484
9489
9486
9493
9504
9510
9507
9512
9516
9526
9526
9533
9538
9543
9552
9557
9558
9555
9551
9550
9546
9544
9540
9539
9532
9526
9523
9523
9522
9511
9514
9515
9523
9524
9524
9530
9542
9545
9548
9548
9549
9547
9551
9552
9556
9553
9555
9554
9550
9548
9546
9547
9548
9548
9554
9554
9559
9566
9565
9571
9575
9572
9576
9574
9573
9566
9571
9560
9556
9551
9547
9541
9538
9531
9527
9517
9516
9513
9516
9511
9502
9495
9499
9489
9481
9472
9464
9452
9441
9434
9430
9423
9419
9418
9419
9420
9422
9421
9426
9425
9420
9421
9420
9418
9423
9438
9443
9445
9439
9440
9445
9442
9438
9437
9438
9444
9448
9448
9452
9451
9457
9466
9464
9467
9469
9472
9470
9475
9484
9482
9478
9472
9476
9483
9481
9478
9476
9470
9466
9459
9453
9445
9435
9434
9433
9422
9415
9410
9405
9397
9388
9377
9369
9363
9359
9357
9356
9355
9351
9350
9350
9349
9342
9341
9337
9336
9334
9334
9330
9326
9319
9317
9315
9312
9300
9299
9301
9302
9300
9299
9297
9297
9297
9293
9292
9292
9298
9294
9286
9285
9285
9279
9274
9260
9252
9250
9243
9232
9222
9212
9201
9194
9185
9183
9179
9172
9165
9154
9146
9138
9133
9125
9121
9128
9127
9123
9114
9109
9116
9110
9108
9109
9109
9103
9101
9109
9104
9104
9103
9102
9104
9102
9105
9103
9105
9107
9105
9104
9099
9093
9084
9073
9067
9069
9057
9051
9047
9040
9037
9032
9027
9027
9022
9017
9014
9012
9006
9001
8991
8983
8972
8964
8948
8936
8933
8921
8904
8898
8889
8887
8879
8868
8865
8865
8858
8851
8850
8851
8844
8841
8839
8839
8838
8838
8838
8839
8841
8835
8842
8844
8840
8837
8834
8827
8823
8822
8819
8812
8814
8811
8808
8804
8802
8793
8795
8799
8795
8794
8790
8788
8795
8793
8786
8786
8790
8793
8792
8784
8784
8786
8780
8774
8768
8764
8756
8751
8747
8744
8740
8736
8734
8732
8729
8722
8717
8706
8708
8705
8705
8702
8697
8693
8678
8674
8668
8662
8649
8636
8623
8612
8595
8579
8566
8554
8543
8530
8516
8507
8505
8496
8486
8476
8473
8472
8464
8458
8454
8449
8446
8443
8439
8437
8434
8432
8432
8430
8427
8428
8427
8427
8429
8417
8420
8420
8423
8423
8415
8411
8415
8411
8402
8393
8385
8382
8367
8350
8339
8331
8318
8305
8290
8278
8278
8269
8264
8258
8253
8247
8246
8242
8235
8234
8231
8225
8220
8217
8210
8207
8206
8201
8191
8191
8185
8185
8183
8179
8175
8174
8172
8170
8167
8167
8163
8164
8158
8161
8160
8156
8157
8162
8158
8161
8157
8147
8148
8146
8149
8144
8139
8133
8125
8120
8112
8105
8098
8086
8081
8081
8071
8067
8062
8054
8042
8038
8043
8036
8025
8025
8018
8018
8012
8005
8001
7997
7988
7979
7964
7948
7942
7929
7919
7910
7900
7887
7886
7883
7876
7866
7859
7863
7855
7849
7843
7839
7833
7830
7823
7819
7813
7809
7804
7795
7792
7795
7790
7784
7781
7776
7770
7768
7764
7758
7754
7747
7743
7737
7729
7723
7719
7709
7702
7698
7686
7684
7683
7677
7671
7664
7659
7653
7647
7636
7630
7626
7616
7604
7597
7585
7577
7566
7552
7547
7545
7538
7529
7521
7514
7516
7513
7510
7506
7504
7497
7499
7494
7492
7482
7483
7484
7479
7475
7466
7459
7456
7454
7448
7445
7441
7434
7428
7432
7426
7422
7419
7414
7413
7409
7408
7408
7405
7400
7392
7393
7388
7396
7394
7385
7386
7389
7385
7379
7378
7376
7369
7366
7356
7357
7352
7349
7344
7339
7331
7319
7316
7316
7313
7306
7303
7297
7293
7290
7286
7281
7280
7272
7269
7272
7268
7264
7260
7255
7247
7244
7244
7235
7230
7225
7216
7211
7205
7198
7192
7187
7179
7170
7163
7158
7150
7146
7140
7132
7121
7115
7109
7106
7101
7094
7089
7077
7072
7074
7065
7060
7055
7049
7051
7048
7043
7038
7035
7027
7026
7026
7024
7021
7016
7013
7011
7005
7000
6999
7005
7002
7001
6999
6996
6992
6991
6987
6980
6979
6975
6970
6965
6961
6957
6953
6945
6941
6940
6940
6936
6932
6930
6915
6917
6918
6915
6911
6899
6894
6893
6883
6878
6873
6866
6859
6853
6849
6844
6838
6835
6829
6829
6824
6821
6819
6817
6814
6805
6804
6800
6802
6801
6792
6790
6799
6790
6786
6776
6772
6763
6755
6750
6741
6738
6733
6726
6721
6716
6704
6702
6706
6700
6696
6692
6691
6686
6682
6673
6671
6665
6664
6659
6649
6644
6645
6641
6636
6630
6626
6616
6611
6610
6602
6596
6588
6583
6576
6568
6564
6559
6553
6550
6547
6543
6540
6537
6536
6525
6525
6524
6524
6520
6517
6515
6505
6502
6503
6501
6498
6494
6491
6482
6483
6486
6481
6478
6474
6469
6470
6465
6461
6461
6455
6451
6451
6453
6448
6445
6438
6437
6433
6430
6427
6424
6422
6422
6411
6410
6412
6412
6408
6402
6402
6404
6402
6399
6393
6392
6387
6382
6378
6378
6367
6365
6362
6364
6362
6357
6354
6345
6342
6339
6341
6335
6331
6326
6323
6318
6314
6309
6302
6293
6291
6285
6278
6273
6266
6259
6248
6243
6244
6238
6227
6224
6219
6216
6211
6200
6194
6193
6188
6183
6178
6175
6167
6166
6169
6167
6164
6161
6161
6161
6159
6157
6155
6152
6150
6148
6146
6142
6137
6133
6129
6124
6121
6117
6112
6103
6102
6106
6097
6086
6085
6081
6078
6073
6066
6065
6065
6061
6057
6057
6055
6047
6045
6050
6046
6042
6038
6036
6030
6026
6022
6018
6011
6007
6002
5997
5992
5988
5985
5979
5976
5978
5976
5972
5968
5964
5966
5962
5957
5952
5948
5953
5945
5938
5938
5941
5935
5931
5929
5925
5922
5920
5910
5909
5907
5913
5910
5901
5901
5903
5901
5899
5893
5894
5893
5887
5879
5877
5881
5876
5874
5872
5872
5865
5864
5869
5867
5865
5864
5864
5861
5863
5861
5858
5858
5857
5857
5856
5855
5854
5854
5849
5850
5847
5851
5847
5848
5847
5845
5844
5844
5846
5843
5839
5839
5836
5835
5831
5826
5826
5826
5822
5821
5818
5811
5809
5811
5812
5811
5806
5805
5807
5803
5800
5798
5794
5788
5786
5791
5785
5777
5772
5771
5772
5770
5765
5762
5757
5753
5749
5747
5743
5738
5733
5727
5723
5719
5712
5704
5707
5704
5701
5696
5690
5684
5683
5686
5682
5674
5674
5678
5673
5671
5668
5665
5667
5665
5656
5656
5657
5662
5660
5655
5656
5659
5660
5657
5655
5656
5660
5658
5657
5652
5650
5650
5651
5647
5645
5644
5642
5641
5637
5635
5631
5629
5632
5627
5624
5621
5619
5618
5615
5611
5611
5609
5610
5609
5609
5605
5601
5598
5593
5592
5596
5590
5585
5581
5578
5573
5573
5569
5569
5564
5557
5556
5559
5558
5554
5550
5549
5544
5542
5535
5533
5535
5533
5525
5527
5525
5527
5523
5521
5520
5521
5518
5517
5514
5512
5511
5511
5512
5510
5509
5508
5509
5508
5509
5512
5511
5503
5502
5502
5506
5505
5503
5500
5497
5494
5494
5493
5491
5489
5485
5478
5479
5480
5478
5475
5467
5462
5462
5457
5447
5445
5443
5444
5440
5436
5433
5433
5430
5427
5424
5423
5423
5421
5417
5416
5412
5412
5412
5413
5411
5408
5407
5407
5408
5404
5406
5406
5403
5403
5397
5397
5396
5396
5395
5390
5390
5394
5389
5384
5384
5383
5392
5388
5388
5386
5382
5381
5381
5381
5378
5379
5380
5383
5383
5383
5384
5381
5383
5383
5377
5377
5381
5380
5379
5374
5374
5379
5378
5372
5373
5374
5378
5375
5372
5368
5370
5368
5367
5363
5360
5352
5352
5354
5349
5347
5348
5345
5342
5339
5332
5331
5335
5331
5329
5326
5325
5329
5322
5320
5318
5316
5314
5310
5308
5305
5300
5300
5298
5299
5296
5290
5288
5292
5286
5277
5280
5277
5279
5278
5275
5274
5272
5270
5271
5268
5264
5263
5262
5256
5255
5260
5260
5257
5256
5253
5254
5255
5250
5252
5253
5255
5252
5250
5247
5251
5250
5251
5250
5249
5243
5245
5248
5244
5243
5241
5239
5237
5235
5234
5233
5230
5230
5228
5227
5226
5224
5221
5220
5219
5215
5211
5208
5210
5210
5208
5207
5200
5201
5200
5204
5204
5196
5195
5196
5194
5191
5186
5186
5184
5184
5187
5183
5180
5181
5178
5177
5176
5174
5170
5168
5165
5164
5164
5163
5163
5160
5160
5156
5156
5155
5151
5150
5147
5146
5146
5146
5143
5141
5141
5137
5132
5135
5142
5139
5138
5138
5138
5134
5136
5142
5140
5139
5134
5133
5136
5137
5131
5134
5135
5135
5135
5135
5134
5130
5130
5131
5131
5129
5128
5126
5124
5124
5120
5121
5120
5123
5122
5123
5124
5122
5118
5119
5116
5117
5121
5119
5120
5118
5113
5113
5113
5116
5115
5109
5108
5113
5112
5112
5112
5110
5110
5111
5112
5111
5107
5106
5103
5102
5101
5097
5095
5089
5087
5086
5087
5080
5070
5071
5074
5073
5070
5069
5068
5065
5063
5063
5063
5061
5059
5059
5059
5056
5046
5045
5050
5048
5048
5040
5039
5040
5036
5036
5036
5033
5031
5028
5026
5026
5024
5024
5021
5019
5018
5019
5019
5014
5014
5017
5018
5018
5013
5014
5016
5017
5018
5018
5018
5011
5010
5015
5016
5013
5012
5011
5008
5009
5010
5010
5007
5004
5004
5004
5003
5001
4998
4994
4997
5002
4998
4996
4994
4996
5003
5000
4998
4997
4996
4996
4993
4990
4989
4985
4982
4986
4982
4982
4983
4983
4975
4975
4979
4978
4978
4976
4973
4970
4971
4977
4974
4972
4970
4971
4969
4969
4969
4966
4959
4960
4960
4964
4961
4962
4960
4959
4958
4960
4961
4960
4953
4956
4962
4962
4961
4961
4958
4956
4957
4952
4952
4954
4950
4949
4948
4947
4944
4942
4934
4938
4937
4939
4936
4937
4937
4935
4933
4930
4927
4928
4930
4927
4927
4926
4920
4922
4919
4920
4918
4916
4913
4910
4912
4911
4910
4911
4912
4913
4905
4905
4905
4905
4904
4898
4897
4901
4899
4900
4898
4898
4897
4898
4897
4896
4895
4896
4897
4896
4897
4891
4892
4895
4893
4888
4886
4887
4890
4887
4885
4885
4881
4881
4881
4881
4880
4880
4880
4872
4873
4877
4881
4880
4878
4880
4881
4878
4880
4879
4876
4874
4874
4875
4871
4869
4869
4865
4864
4862
4863
4861
4861
4860
4859
4859
4861
4855
4854
4858
4856
4855
4853
4850
4856
4853
4852
4851
4853
4854
4853
4847
4850
4855
4852
4846
4849
4852
4855
4852
4847
4846
4849
4847
4848
4843
4839
4840
4839
4838
4836
4834
4835
4832
4833
4830
4829
4828
4827
4827
4827
4825
4824
4828
4829
4829
4829
4827
4831
4832
4825
4827
4832
4831
4826
4828
4829
4830
4830
4824
4825
4828
4825
4827
4825
4824
4822
4822
4824
4821
4820
4821
4820
4819
4817
4819
4820
4818
4819
4820
4817
4816
4812
4814
4817
4813
4813
4811
4810
4805
4807
4811
4807
4807
4804
4801
4805
4803
4803
4802
4802
4801
4801
4798
4801
4805
4800
4800
4800
4798
4794
4796
4797
4794
4788
4790
4789
4789
4789
4786
4785
4787
4787
4788
4783
4784
4785
4784
4785
4788
4786
4788
4788
4792
4791
4789
4786
4786
4784
4782
4781
4780
4780
4778
4778
4779
4777
4776
4779
4778
4775
4774
4776
4777
4776
4776
4776
4774
4776
4775
4773
4776
4772
4769
4769
4772
4775
4779
4783
4777
4780
4779
4784
4783
4776
4777
4779
4776
4776
4774
4773
4771
4768
4763
4764
4762
4764
4762
4760
4762
4756
4756
4759
4757
4758
4755
4754
4749
4748
4751
4751
4749
4748
4747
4747
4748
4747
4745
4745
4741
4743
4749
4748
4752
4754
4754
4755
4754
4748
4749
4751
4749
4746
4746
4745
4742
4742
4742
4742
4741
4742
4739
4739
4740
4737
4737
4736
4733
4728
4729
4727
4732
4730
4724
4724
4729
4731
4730
4727
4729
4731
4732
4723
4726
4726
4727
4727
4725
4724
4725
4722
4723
4720
4718
4717
4717
4713
4712
4714
4709
4709
4707
4707
4706
4703
4698
4698
4700
4703
4701
4697
4697
4701
4696
4696
4696
4697
4696
4698
4691
4693
4695
4695
4692
4687
4691
4689
4690
4688
4687
4686
4684
4685
4684
4685
4682
4684
4682
4683
4683
4684
4682
4680
4679
4685
4683
4682
4678
4676
4682
4680
4682
4679
4678
4678
4678
4679
4678
4674
4674
4682
4682
4682
4683
4682
4682
4683
4676
4676
4675
4678
4676
4668
4669
4673
4672
4674
4671
4673
4668
4669
4673
4669
4669
4666
4664
4666
4664
4663
4663
4662
4664
4663
4660
4659
4660
4661
4656
4658
4658
4659
4658
4656
4655
4648
4649
4654
4650
4651
4649
4649
4648
4649
4643
4646
4647
4650
4651
4648
4650
4641
4644
4645
4646
4647
4644
4645
4643
4644
4643
4643
4642
4638
4641
4644
4645
4643
4644
4640
4638
4635
4636
4635
4633
4631
4632
4631
4630
4630
4629
4628
4628
4622
4627
4627
4631
4631
4629
4632
4630
4634
4633
4634
4634
4632
4634
4633
4633
4633
4632
4633
4626
4625
4631
4628
4628
4625
4624
4618
4621
4624
4621
4617
4615
4616
4618
4619
4617
4617
4609
4612
4612
4616
4612
4612
4610
4611
4610
4604
4607
4605
4610
4607
4609
4607
4601
4605
4603
4609
4606
4607
4608
4608
4609
4611
4609
4611
4605
4608
4611
4611
4609
4609
4607
4607
4606
4605
4606
4604
4604
4603
4603
4601
4602
4601
4597
4599
4600
4602
4599
4596
4596
4601
4600
4592
4594
4593
4597
4597
4589
4592
4596
4595
4594
4593
4594
4587
4589
4593
4592
4588
4587
4587
4589
4589
4587
4590
4588
4589
4589
4591
4593
4593
4593
4592
4595
4593
4597
4596
4599
4598
4599
4597
4596
4597
4598
4597
4594
4595
4591
4592
4588
4587
4588
4585
4587
4583
4577
4576
4577
4579
4578
4571
4570
4577
4571
4572
4569
4570
4573
4573
4569
4569
4578
4577
4575
4578
4575
4576
4574
4568
4571
4569
4573
4571
4569
4570
4567
4566
4563
4561
4557
4565
4561
4559
4560
4557
4556
4556
4557
4556
4557
4554
4554
4554
4553
4553
4551
4547
4546
4542
4544
4545
4548
4547
4544
4547
4551
4550
4551
4549
4550
4546
4547
4553
4549
4550
4547
4547
4545
4544
4545
4543
4543
4541
4545
4541
4543
4546
4546
4547
4547
4547
4548
4549
4546
4547
4551
4552
4550
4552
4550
4550
4547
4547
4544
4541
4543
4547
4547
4545
4546
4549
4546
4544
4546
4544
4546
4542
4544
4542
4540
4539
4540
4541
4540
4539
4533
4534
4541
4542
4539
4539
4540
4547
4545
4542
4541
4549
4546
4546
4542
4542
4546
4547
4546
4547
4549
4550
4549
4546
4544
4550
4546
4542
4540
4537
4537
4536
4531
4529
4527
4525
4525
4525
4526
4519
4519
4527
4526
4523
4523
4523
4523
4520
4520
4519
4517
4518
4515
4511
4510
4516
4515
4514
4513
4515
4509
4511
4515
4513
4512
4510
4512
4512
4513
4511
4510
4506
4505
4507
4509
4509
4507
4505
4503
4503
4509
4507
4507
4504
4503
4509
4508
4505
4506
4505
4505
4504
4504
4504
4506
4505
4506
4502
4504
4509
4505
4507
4505
4506
4508
4506
4509
4510
4512
4515
4510
4515
4513
4517
4514
4512
4511
4504
4505
4507
4509
4509
4502
4504
4508
4505
4506
4504
4503
4503
4502
4497
4495
4503
4501
4500
4497
4495
4500
4498
4497
4497
4495
4494
4492
4493
4492
4491
4489
4490
4488
4489
4490
4488
4489
4488
4488
4489
4489
4485
4485
4490
4488
4485
4485
4488
4490
4489
4486
4483
4490
4488
4489
4486
4489
4486
4487
4487
4485
4487
4485
4485
4484
4484
4484
4483
4484
4481
4482
4482
4481
4479
4479
4486
4483
4485
4485
4483
4481
4479
4484
4485
4477
4480
4481
4486
4483
4484
4482
4484
4484
4483
4484
4481
4482
4481
4479
4480
4473
4475
4474
4478
4477
4471
4474
4479
4478
4477
4478
4479
4475
4477
4481
4481
4482
4482
4485
4479
4481
4483
4484
4484
4482
4483
4482
4482
4483
4481
4475
4477
4478
4482
4480
4480
4480
4480
4480
4476
4475
4476
4479
4477
4478
4475
4476
4473
4477
4476
4476
4478
4476
4477
4475
4479
4480
4477
4479
4477
4469
4472
4469
4471
4469
4466
4468
4465
4466
4465
4466
4467
4466
4468
4464
4465
4465
4463
4464
4463
4464
4465
4464
4462
4464
4469
4476
4476
4480
4484
4488
4494
4498
4505
4513
4520
4528
4535
4547
4548
4561
4568
4582
4592
4599
4607
4617
4624
4633
4644
4650
4657
4666
4673
4681
4687
4697
4703
4706
4713
4724
4729
4732
4738
4745
4753
4758
4763
4766
4771
4773
4775
4774
4776
4780
4780
