3077
3075
3077
3076
3076
3075
3074
3072
3071
3070
3067
3062
3063
3065
3064
3059
3054
3051
3055
3050
3049
3045
3043
3040
3038
3034
3034
3031
3028
3022
3019
3019
3018
3017
3014
3010
3003
3001
3000
3000
2998
2996
2996
2991
2991
2987
2983
2983
2987
2982
2980
2980
2976
2975
2973
2966
2965
2968
2967
2963
2963
2959
2958
2956
2951
2950
2955
2955
2952
2952
2951
2948
2947
2951
2947
2949
2947
2946
2946
2944
2944
2945
2939
2940
2941
2942
2941
2938
2937
2937
2935
2935
2932
2933
2932
2931
2931
2928
2929
2928
2928
2928
2927
2922
2921
2926
2925
2924
2924
2923
2918
2917
2922
2918
2919
2916
2917
2912
2912
2916
2914
2915
2912
2913
2911
2911
2911
2909
2911
2909
2909
2908
2907
2908
2905
2902
2902
2905
2906
2903
2901
2898
2905
2903
2894
2897
2895
2901
2899
2895
2897
2901
2900
2898
2899
2899
2898
2899
2897
2899
2897
2898
2897
2898
2899
2898
2900
2898
2900
2898
2897
2896
2894
2896
2893
2894
2892
2893
2890
2889
2887
2894
2893
2889
2886
2886
2890
2887
2889
2887
2880
2882
2880
2885
2884
2879
2880
2885
2885
2884
2885
2884
2881
2880
2887
2886
2885
2885
2886
2886
2885
2887
2885
2887
2885
2887
2887
2887
2882
2883
2888
2886
2887
2885
2885
2883
2884
2882
2884
2882
2879
2880
2884
2885
2883
2883
2879
2878
2880
2881
2880
2880
2879
2877
2878
2875
2876
2873
2873
2874
2872
2875
2874
2876
2874
2873
2872
2878
2877
2871
2872
2873
2875
2877
2875
2876
2875
2876
2877
2875
2876
2880
2881
2876
2878
2879
2882
2882
2880
2882
2881
2879
2880
2879
2879
2877
2878
2878
2876
2878
2877
2878
2874
2875
2882
2882
2881
2880
2877
2876
2878
2881
2881
2878
2879
2878
2877
2877
2871
2872
2876
2876
2870
2872
2873
2875
2875
2876
2875
2876
2877
2876
2876
2877
2876
2877
2876
2876
2877
2878
2879
2875
2877
2881
2882
2883
2883
2884
2879
2882
2886
2885
2886
2883
2885
2886
2885
2886
2885
2883
2883
2888
2886
2887
2884
2884
2887
2889
2888
2889
2888
2888
2890
2890
2889
2890
2891
2891
2888
2891
2895
2897
2895
2894
2901
2900
2901
2902
2901
2905
2905
2903
2906
2906
2913
2912
2913
2915
2909
2912
2914
2918
2918
2915
2918
2923
2925
2928
2927
2928
2930
2932
2932
2935
2935
2937
2939
2939
2941
2942
2943
2946
2945
2946
2948
2948
2947
2948
2955
2955
2955
2957
2958
2960
2961
2963
2967
2967
2968
2973
2978
2979
2979
2981
2988
2988
2991
2992
2995
2996
2999
3000
3004
3001
3005
3008
3013
3016
3017
3020
3022
3024
3025
3028
3031
3028
3033
3039
3041
3042
3045
3048
3044
3050
3057
3060
3064
3067
3070
3068
3073
3080
3082
3082
3085
3090
3096
3100
3102
3108
3110
3114
3116
3122
3125
3129
3133
3136
3143
3145
3151
3155
3160
3165
3168
3174
3178
3183
3188
3188
3191
3202
3203
3207
3213
3217
3223
3227
3230
3233
3246
3247
3251
3254
3262
3270
3277
3281
3287
3294
3298
3306
3310
3317
3322
3330
3333
3339
3341
3344
3352
3359
3365
3370
3374
3375
3380
3388
3396
3403
3408
3414
3420
3425
3432
3437
3444
3446
3452
3465
3470
3475
3481
3485
3493
3498
3504
3511
3516
3523
3528
3532
3541
3551
3559
3560
3568
3578
3588
3592
3596
3601
3613
3618
3624
3630
3635
3640
3645
3644
3650
3665
3668
3673
3681
3687
3690
3698
3710
3717
3722
3727
3734
3741
3746
3751
3758
3764
3771
3777
3781
3788
3796
3800
3804
3811
3815
3816
3824
3835
3840
3845
3853
3858
3864
3870
3873
3878
3889
3896
3904
3905
3915
3922
3928
3936
3944
3946
3954
3963
3973
3981
3984
3994
4006
4014
4024
4031
4037
4044
4053
4060
4065
4070
4076
4084
4098
4104
4108
4115
4124
4130
4137
4144
4147
4154
4161
4163
4170
4176
4186
4187
4197
4205
4212
4218
4219
4226
4234
4246
4253
4260
4266
4274
4281
4290
4294
4302
4314
4320
4329
4337
4346
4352
4356
4366
4373
4382
4389
4391
4399
4408
4422
4428
4434
4440
4441
4450
4458
4468
4474
4478
4483
4492
4497
4503
4504
4510
4522
4529
4531
4541
4549
4557
4563
4565
4573
4577
4584
4590
4595
4600
4606
4613
4614
4621
4632
4637
4641
4644
4649
4652
4657
4661
4664
4666
4668
4675
4686
4691
4695
4697
4702
4709
4715
4716
4721
4733
4734
4733
4738
4744
4756
4761
4765
4769
4777
4778
4782
4787
4791
4798
4804
4807
4813
4819
4824
4828
4832
4838
4845
4848
4847
4852
4858
4868
4871
4876
4880
4882
4886
4896
4902
4903
4905
4908
4905
4910
4918
4919
4921
4922
4928
4929
4930
4929
4935
4941
4948
4954
4958
4964
4966
4974
4978
4982
4984
4989
4991
4992
4993
4995
4997
5004
5005
5009
5005
5010
5023
5024
5023
5028
5030
5034
5037
5034
5041
5051
5055
5059
5056
5061
5070
5070
5067
5070
5073
5080
5083
5084
5084
5087
5090
5097
5101
5106
5109
5115
5117
5119
5120
5121
5124
5132
5136
5132
5136
5145
5145
5148
5140
5145
5151
5152
5148
5152
5155
5162
5161
5165
5165
5168
5168
5172
5174
5177
5182
5181
5184
5188
5191
5192
5193
5195
5197
5197
5197
5197
5200
5197
5196
5197
5199
5202
5205
5206
5204
5205
5209
5215
5216
5216
5218
5221
5225
5227
5223
5226
5232
5233
5228
5232
5234
5240
5240
5236
5240
5245
5245
5245
5241
5242
5241
5241
5240
5240
5239
5237
5238
5237
5236
5237
5239
5238
5238
5241
5238
5240
5241
5235
5236
5233
5231
5231
5228
5220
5219
5226
5223
5218
5220
5220
5226
5224
5220
5223
5232
5234
5237
5232
5234
5241
5236
5235
5233
5227
5222
5224
5226
5221
5215
5216
5221
5222
5219
5218
5218
5218
5219
5216
5218
5219
5217
5222
5216
5217
5227
5226
5222
5219
5219
5225
5221
5220
5217
5213
5211
5209
5206
5204
5202
5202
5199
5199
5200
5201
5200
5198
5198
5196
5195
5192
5189
5187
5192
5190
5187
5185
5182
5180
5180
5178
5178
5170
5171
5178
5176
5177
5176
5178
5177
5178
5171
5173
5180
5180
5180
5173
5174
5179
5179
5170
5171
5169
5171
5166
5164
5162
5158
5155
5155
5152
5147
5144
5139
5134
5129
5121
5114
5107
5111
5106
5101
5099
5089
5087
5089
5091
5088
5081
5078
5084
5079
5075
5074
5072
5070
5070
5068
5066
5067
5065
5067
5064
5062
5059
5061
5067
5065
5064
5064
5065
5065
5065
5066
5066
5066
5066
5064
5066
5066
5066
5065
5061
5059
5059
5062
5061
5060
5060
5059
5057
5056
5054
5052
5047
5048
5052
5051
5050
5042
5045
5049
5044
5034
5035
5035
5033
5030
5029
5025
5018
5016
5014
5011
5008
5006
5003
5000
4998
4995
4993
4991
4983
4981
4985
4983
4979
4979
4973
4968
4967
4972
4965
4963
4961
4951
4947
4945
4949
4944
4940
4938
4939
4933
4932
4929
4925
4921
4920
4925
4921
4918
4916
4913
4915
4911
4909
4908
4908
4907
4906
4906
4904
4898
4898
4903
4901
4899
4892
4889
4893
4891
4886
4882
4876
4870
4866
4870
4866
4859
4857
4856
4853
4851
4846
4843
4842
4838
4836
4833
4830
4826
4826
4815
4812
4817
4812
4806
4801
4798
4794
4792
4782
4778
4780
4778
4771
4765
4763
4759
4756
4747
4747
4746
4747
4744
4735
4733
4736
4732
4727
4723
4724
4727
4722
4722
4720
4719
4717
4714
4713
4711
4710
4707
4705
4702
4695
4693
4689
4686
4683
4675
4676
4675
4674
4671
4663
4661
4662
4658
4655
4651
4648
4638
4638
4640
4636
4626
4627
4625
4630
4626
4623
4620
4616
4613
4613
4610
4606
4605
4601
4597
4593
4591
4588
4586
4582
4579
4576
4572
4565
4564
4565
4567
4564
4557
4558
4563
4559
4557
4554
4551
4549
4549
4548
4545
4538
4536
4535
4540
4539
4532
4532
4536
4532
4529
4527
4523
4523
4521
4520
4517
4513
4512
4511
4503
4501
4505
4503
4500
4500
4499
4487
4488
4492
4488
4479
4477
4474
4476
4472
4469
4465
4463
4460
4458
4456
4453
4450
4448
4446
4444
4441
4440
4439
4436
4432
4431
4429
4421
4421
4419
4424
4420
4411
4409
4413
4411
4408
4405
4403
4396
4396
4400
4397
4394
4392
4389
4381
4379
4383
4380
4377
4372
4370
4366
4363
4362
4359
4357
4354
4351
4348
4346
4336
4334
4336
4332
4327
4323
4319
4314
4309
4312
4308
4296
4296
4295
4295
4291
4283
4282
4288
4281
4278
4276
4273
4268
4268
4267
4263
4262
4259
4255
4252
4250
4246
4243
4241
4238
4235
4235
4232
4230
4228
4226
4224
4222
4221
4219
4213
4210
4214
4211
4209
4205
4203
4204
4200
4199
4197
4187
4187
4186
4191
4188
4179
4180
4186
4182
4180
4178
4175
4170
4169
4172
4172
4168
4168
4167
4162
4163
4160
4158
4152
4152
4151
4155
4154
4150
4151
4147
4145
4145
4142
4140
4138
4134
4132
4129
4118
4117
4113
4115
4110
4102
4100
4102
4099
4096
4091
4090
4081
4079
4083
4079
4077
4076
4072
4070
4068
4066
4063
4056
4055
4051
4054
4051
4047
4046
4040
4038
4038
4038
4038
4033
4033
4032
4029
4027
4022
4020
4027
4022
4020
4020
4015
4014
4012
4010
4010
4007
4007
4005
4003
4002
4000
4001
3998
3994
3989
3990
3992
3992
3992
3985
3983
3988
3985
3983
3980
3980
3978
3975
3968
3968
3973
3970
3970
3963
3961
3965
3965
3961
3959
3957
3955
3951
3951
3949
3946
3946
3941
3940
3940
3936
3937
3933
3931
3929
3926
3926
3922
3922
3919
3916
3911
3911
3909
3911
3909
3907
3906
3898
3896
3900
3898
3895
3894
3893
3885
3883
3890
3885
3882
3877
3872
3876
3875
3871
3870
3867
3865
3861
3860
3861
3857
3857
3855
3853
3850
3850
3848
3842
3840
3845
3844
3840
3835
3835
3839
3837
3831
3831
3831
3831
3830
3827
3825
3819
3819
3823
3821
3819
3816
3816
3813
3811
3811
3808
3808
3804
3803
3802
3799
3799
3797
3795
3795
3794
3787
3788
3791
3787
3787
3786
3786
3784
3783
3780
3776
3780
3779
3775
3774
3773
3770
3771
3765
3764
3767
3768
3764
3766
3763
3761
3760
3755
3755
3752
3753
3750
3748
3748
3745
3742
3741
3734
3735
3738
3735
3735
3733
3727
3724
3724
3728
3725
3721
3719
3711
3712
3711
3708
3711
3708
3705
3705
3704
3703
3697
3696
3702
3698
3691
3691
3691
3694
3689
3687
3685
3688
3686
3680
3680
3679
3683
3680
3679
3677
3677
3674
3674
3674
3672
3673
3672
3674
3673
3675
3674
3675
3671
3671
3668
3666
3664
3661
3660
3651
3652
3656
3652
3643
3641
3641
3640
3639
3639
3636
3636
3633
3629
3628
3626
3632
3629
3630
3629
3627
3626
3622
3621
3619
3618
3615
3615
3612
3611
3607
3606
3600
3599
3604
3598
3596
3595
3593
3588
3587
3591
3588
3586
3585
3582
3582
3578
3579
3576
3570
3572
3571
3576
3574
3573
3572
3570
3570
3564
3563
3562
3566
3564
3559
3560
3553
3553
3553
3555
3556
3553
3551
3546
3545
3543
3548
3546
3541
3542
3544
3544
3541
3540
3539
3536
3539
3536
3535
3533
3534
3531
3532
3529
3529
3529
3528
3526
3524
3519
3519
3525
3523
3521
3518
3513
3510
3511
3516
3513
3514
3512
3506
3503
3506
3508
3508
3506
3507
3499
3500
3498
3500
3499
3497
3497
3494
3494
3491
3492
3489
3490
3488
3489
3489
3488
3489
3488
3488
3486
3481
3479
3486
3483
3482
3476
3477
3480
3478
3476
3475
3472
3471
3469
3467
3466
3465
3464
3456
3459
3459
3463
3463
3460
3461
3455
3459
3458
3464
3462
3463
3462
3457
3457
3461
3460
3459
3456
3456
3450
3449
3450
3448
3445
3443
3439
3439
3435
3434
3433
3429
3429
3426
3424
3423
3421
3419
3417
3413
3412
3415
3414
3413
3411
3411
3408
3408
3402
3404
3405
3406
3403
3404
3402
3404
3400
3397
3396
3404
3401
3399
3395
3396
3399
3397
3392
3389
3395
3392
3393
3389
3388
3385
3384
3383
3382
3381
3378
3377
3380
3380
3378
3379
3376
3377
3374
3374
3372
3371
3371
3371
3370
3370
3364
3365
3369
3370
3362
3367
3366
3371
3370
3370
3367
3364
3365
3367
3371
3371
3370
3368
3367
3364
3365
3364
3364
3364
3362
3359
3359
3362
3360
3358
3355
3355
3352
3352
3350
3349
3347
3343
3344
3346
3346
3343
3344
3339
3340
3336
3333
3331
3336
3332
3334
3330
3331
3328
3327
3325
3326
3323
3321
3320
3320
3320
3317
3317
3311
3309
3316
3314
3313
3307
3307
3312
3310
3307
3306
3307
3305
3304
3303
3303
3298
3298
3301
3301
3300
3298
3298
3291
3294
3298
3296
3297
3292
3292
3295
3296
3294
3294
3293
3293
3292
3294
3291
3287
3287
3289
3292
3288
3289
3286
3286
3285
3284
3284
3282
3283
3280
3281
3280
3278
3277
3277
3274
3273
3278
3278
3272
3273
3275
3279
3276
3276
3275
3274
3273
3271
3272
3272
3269
3270
3268
3268
3265
3267
3265
3258
3258
3263
3261
3254
3256
3256
3258
3257
3250
3253
3255
3254
3247
3249
3248
3252
3252
3249
3250
3248
3249
3248
3248
3247
3246
3246
3244
3244
3242
3242
3241
3240
3237
3239
3238
3236
3236
3236
3229
3231
3234
3233
3226
3227
3226
3231
3229
3224
3223
3231
3228
3228
3226
3226
3219
3223
3225
3225
3223
3223
3221
3222
3221
3218
3219
3217
3217
3218
3215
3217
3210
3211
3212
3212
3210
3212
3212
3207
3207
3210
3210
3203
3205
3205
3208
3207
3202
3204
3209
3208
3207
3206
3207
3205
3206
3204
3203
3204
3203
3202
3202
3200
3200
3199
3199
3198
3196
3192
3190
3195
3193
3190
3190
3187
3188
3187
3181
3183
3187
3185
3184
3179
3181
3184
3183
3183
3181
3180
3181
3180
3179
3178
3177
3176
3170
3171
3175
3179
3180
3183
3184
3183
3186
3186
3187
3189
3186
3189
3193
3194
3194
3191
3193
3193
3192
3191
3189
3182
3182
3179
3183
3179
3173
3172
3176
3173
3170
3169
3167
3166
3164
3162
3162
3158
3160
3158
3157
3156
3148
3150
3156
3152
3152
3151
3151
3147
3147
3153
3152
3150
3146
3146
3153
3151
3152
3152
3144
3148
3146
3149
3149
3142
3142
3148
3146
3143
3144
3142
3141
3140
3140
3137
3139
3138
3135
3137
3137
3135
3137
3136
3134
3135
3136
3134
3135
3136
3135
3133
3134
3129
3127
3130
3130
3131
3128
3126
3126
3124
3128
3129
3128
3126
3122
3122
3124
3131
3130
3130
3130
3128
3129
3129
3126
3127
3124
3124
3128
3128
3126
3124
3122
3123
3120
3118
3119
3119
3116
3118
3117
3117
3114
3115
3120
3119
3119
3117
3117
3113
3113
3117
3115
3112
3109
3112
3115
3113
3107
3107
3111
3109
3109
3109
3107
3106
3107
3105
3106
3105
3102
3104
3104
3103
3097
3099
3101
3101
3100
3101
3102
3099
3098
3098
3098
3099
3098
3097
3092
3092
3097
3093
3094
3089
3087
3092
3092
3091
3091
3091
3091
3089
3090
3089
3084
3083
3089
3090
3088
3086
3088
3083
3085
3091
3090
3089
3090
3088
3088
3086
3087
3087
3084
3085
3084
3086
3085
3081
3081
3088
3087
3086
3082
3083
3086
3086
3079
3082
3083
3088
3086
3085
3085
3084
3084
3083
3083
3081
3083
3082
3083
3081
3082
3078
3079
3072
3075
3077
3078
3071
3072
3072
3075
3073
3073
3073
3066
3068
3069
3071
3070
3070
3068
3069
3067
3066
3066
3065
3067
3066
3068
3067
3068
3069
3068
3065
3066
3070
3070
3068
3069
3069
3068
3069
3068
3068
3064
3065
3069
3069
3065
3064
3060
3067
3063
3064
3065
3064
3060
3059
3062
3062
3062
3059
3061
3061
3064
3064
3066
3060
3063
3066
3065
3065
3064
3063
3060
3058
3057
3056
3055
3055
3053
3054
3051
3052
3050
3050
3047
3046
3042
3040
3046
3043
3044
3046
3045
3042
3043
3047
3045
3040
3041
3041
3044
3044
3038
3039
3043
3042
3038
3037
3036
3042
3040
3040
3039
3037
3037
3035
3037
3035
3037
3035
3035
3037
3034
3036
3033
3034
3031
3030
3030
3031
3030
3031
3026
3025
3030
3028
3029
3027
3028
3027
3026
3027
3028
3025
3027
3029
3036
3037
3033
3036
3040
3040
3036
3036
3034
3039
3039
3039
3036
3036
3034
3032
3032
3031
3030
3029
3029
3026
3027
3025
3027
3026
3028
3021
3024
3025
3026
3025
3020
3018
3024
3022
3017
3016
3017
3020
3020
3018
3018
3017
3017
3015
3015
3016
3016
3015
3011
3014
3017
3018
3016
3016
3015
3010
3010
3015
3013
3010
3009
3010
3010
3010
3007
3006
3006
3010
3009
3004
3005
3009
3008
3008
3006
3007
3007
3007
3008
3006
3008
3007
3006
3009
3007
3006
3007
3001
3002
3004
3006
3006
3005
3003
2999
2998
3002
3003
2999
3000
3000
3001
3004
2999
3002
3002
3007
3007
3005
3005
3003
3002
3003
3002
3003
2999
2999
3005
3003
3004
3003
3001
3002
2999
2999
3002
2995
2999
2999
3004
3004
3001
3001
3000
2999
2999
3000
2997
2996
2999
2998
2999
2994
2993
2993
2998
2998
2989
2994
2996
2996
2996
2994
2995
2992
2993
3000
2998
2998
2999
2996
2997
2997
2994
2994
2993
2991
2991
2989
2989
2984
2983
2989
2987
2986
2985
2986
2983
2983
2982
2983
2984
2982
2983
2977
2976
2982
2982
2979
2979
2979
2985
2982
2984
2985
2984
2983
2984
2985
2985
2980
2983
2986
2985
2984
2984
2981
2978
2977
2982
2980
2977
2976
2973
2979
2980
2977
2978
2975
2975
2976
2974
2975
2970
2971
2975
2975
2974
2977
2974
2976
2976
2977
2978
2977
2978
2980
2979
2977
2974
2974
2978
2977
2975
2970
2969
2973
2974
2971
2971
2971
2971
2972
2971
2973
2973
2973
2972
2973
2973
2971
2973
2967
2969
2973
2972
2972
2967
2968
2971
2972
2970
2971
2971
2966
2967
2969
2970
2968
2968
2966
2966
2966
2965
2967
2961
2964
2966
2967
2966
2964
2965
2962
2963
2960
2961
2960
2953
2955
2958
2958
2953
2956
2958
2959
2961
2956
2959
2963
2964
2963
2964
2965
2964
2966
2963
2965
2964
2964
2965
2964
2965
2963
2962
2959
2958
2961
2964
2961
2957
2955
2961
2960
2956
2957
2955
2954
2953
2952
2952
2950
2951
2951
2946
2948
2950
2952
2944
2946
2948
2950
2948
2946
2947
2948
2946
2943
2944
2946
2949
2951
2946
2946
2954
2951
2951
2950
2951
2950
2949
2951
2949
2950
2951
2951
2951
2950
2949
2948
2948
2947
2946
2944
2943
2948
2948
2942
2946
2945
2950
2949
2945
2945
2948
2948
2947
2948
2945
2946
2946
2941
2943
2946
2946
2943
2941
2939
2943
2942
2939
2940
2938
2940
2939
2935
2934
2939
2938
2939
2937
2939
2934
2937
2942
2943
2943
2941
2942
2941
2942
2936
2939
2943
2941
2942
2941
2940
2940
2938
2938
2938
2936
2936
2934
2935
2934
2927
2929
2933
2932
2934
2935
2935
2938
2940
2941
2939
2941
2941
2938
2940
2939
2932
2934
2935
2936
2935
2929
2929
2935
2933
2932
2933
2931
2931
2932
2930
2931
2932
2931
2934
2934
2932
2933
2934
2928
2930
2932
2934
2933
2930
2928
2933
2931
2925
2929
2926
2933
2930
2932
2932
2927
2929
2930
2933
2933
2932
2932
2930
2930
2930
2929
2930
2928
2930
2930
2929
2930
2927
2928
2926
2926
2926
2925
2925
2924
2925
2920
2922
2927
2924
2925
2923
2925
2923
2924
2921
2924
2922
2924
2920
2920
2922
2925
2926
2920
2921
2926
2927
2926
2927
2927
2923
2926
2930
2931
2928
2929
2929
2921
2922
2928
2925
2926
2925
2924
2924
2923
2922
2920
2920
2920
2920
2920
2919
2917
2917
2918
2919
2916
2914
2914
2918
2916
2911
2912
2917
2917
2914
2912
2913
2918
2917
2912
2913
2913
2919
2916
2917
2915
2915
2914
2915
2913
2915
2915
2913
2918
2916
2918
2917
2918
2919
2921
2922
2920
2923
2923
2924
2924
2924
2919
2920
2924
2923
2918
2916
2915
2920
2917
2917
2915
2915
2914
2915
2909
2910
2912
2912
2910
2911
2911
2909
2908
2904
2904
2909
2908
2908
2908
2906
2907
2906
2907
2905
2905
2904
2905
2905
2905
2900
2900
2905
2904
2903
2900
2900
2903
2905
2904
2901
2901
2900
2899
2906
2904
2906
2904
2905
2904
2905
2900
2901
2905
2904
2902
2903
2902
2902
2901
2900
2901
2901
2901
2899
2899
2898
2899
2900
2895
2897
2901
2901
2900
2899
2899
2893
2895
2899
2898
2898
2895
2898
2897
2896
2891
2890
2894
2894
2895
2893
2894
2893
2892
2889
2888
2891
2893
2893
2892
2890
2891
2891
2890
2887
2890
2889
2890
2891
2891
2890
2888
2891
2893
2893
2892
2890
2893
2892
2892
2893
2892
2893
2893
2894
2892
2894
2889
2889
2893
2891
2887
2887
2890
2890
2890
2890
2888
2888
2887
2887
2886
2887
2887
2886
2885
2886
2885
2886
2883
2882
2882
2887
2886
2882
2884
2886
2889
2890
2887
2886
2892
2889
2891
2887
2889
2888
2888
2884
2885
2892
2889
2889
2890
2889
2887
2885
2886
2884
2884
2886
2884
2884
2883
2882
2882
2881
2883
2881
2878
2879
2883
2883
2880
2880
2882
2886
2886
2888
2890
2890
2890
2889
2889
2889
2884
2885
2891
2889
2885
2886
2883
2889
2887
2886
2888
2884
2885
2885
2883
2885
2883
2883
2885
2884
2885
2886
2885
2883
2884
2888
2887
2886
2886
2885
2884
2884
2884
2883
2879
2881
2879
2883
2884
2882
2883
2883
2883
2882
2879
2882
2887
2888
2883
2886
2894
2894
2897
2894
2900
2907
2908
2909
2911
2918
2925
2932
2935
2940
2939
2946
2954
2960
2966
2971
2975
2980
2986
2990
2996
3000
3002
3010
3013
3018
3019
3023
3029
3038
3040
3040
3046
3054
3054
3056
3056
3059
3065
3065
3066
3067
3066
