3069
3067
3066
3068
3067
3065
3060
3062
3060
3063
3060
3058
3055
3054
3052
3049
3047
3046
3041
3041
3038
3034
3031
3030
3027
3023
3020
3018
3015
3008
3008
3004
3006
3004
3000
2998
2991
2991
2990
2990
2987
2981
2980
2981
2980
2973
2971
2972
2972
2972
2968
2965
2965
2962
2961
2959
2956
2956
2953
2951
2951
2949
2947
2947
2944
2945
2938
2937
2942
2941
2938
2939
2936
2934
2934
2928
2927
2928
2929
2930
2928
2926
2927
2926
2923
2924
2924
2918
2918
2922
2922
2918
2917
2916
2918
2917
2916
2916
2915
2912
2912
2908
2908
2913
2909
2911
2908
2908
2907
2905
2902
2902
2905
2904
2899
2897
2899
2903
2899
2900
2897
2897
2897
2894
2897
2893
2889
2891
2894
2895
2891
2889
2890
2892
2893
2891
2890
2891
2889
2890
2888
2887
2889
2887
2887
2889
2886
2886
2885
2881
2882
2886
2885
2884
2883
2882
2882
2883
2882
2881
2881
2880
2880
2880
2880
2879
2883
2890
2889
2889
2886
2886
2891
2890
2888
2890
2888
2884
2886
2889
2889
2889
2888
2890
2889
2887
2889
2886
2885
2886
2883
2884
2882
2881
2880
2873
2875
2879
2877
2878
2875
2878
2877
2877
2874
2873
2881
2881
2882
2881
2883
2880
2883
2889
2888
2889
2889
2887
2885
2884
2883
2884
2882
2879
2877
2880
2877
2876
2876
2873
2873
2873
2867
2869
2873
2872
2868
2868
2868
2873
2871
2870
2870
2870
2868
2868
2864
2865
2871
2868
2865
2865
2869
2870
2869
2867
2866
2869
2868
2866
2867
2865
2865
2863
2863
2863
2861
2862
2861
2860
2861
2862
2861
2860
2861
2859
2861
2862
2861
2861
2861
2863
2861
2863
2862
2858
2859
2862
2862
2855
2857
2859
2860
2860
2857
2856
2862
2860
2862
2861
2860
2862
2861
2863
2863
2862
2863
2861
2859
2858
2863
2862
2861
2862
2859
2861
2858
2860
2858
2858
2859
2858
2860
2860
2856
2858
2862
2862
2858
2860
2863
2867
2868
2864
2867
2874
2874
2876
2877
2879
2879
2879
2880
2879
2873
2874
2874
2878
2877
2875
2876
2875
2873
2875
2869
2870
2874
2872
2872
2872
2871
2871
2872
2868
2870
2874
2875
2874
2873
2876
2874
2876
2876
2877
2878
2877
2880
2879
2882
2883
2883
2885
2884
2887
2884
2886
2892
2891
2888
2889
2893
2894
2894
2895
2896
2897
2896
2899
2899
2898
2901
2901
2904
2904
2901
2905
2907
2912
2913
2913
2916
2911
2914
2922
2923
2925
2926
2928
2925
2927
2937
2936
2938
2940
2940
2943
2944
2948
2949
2950
2951
2952
2957
2961
2961
2964
2960
2964
2964
2974
2974
2977
2980
2976
2981
2984
2990
2994
2996
2998
3001
3003
3006
3007
3011
3011
3014
3010
3016
3020
3024
3027
3029
3032
3032
3035
3039
3042
3042
3048
3049
3052
3057
3052
3058
3063
3068
3072
3072
3080
3081
3086
3083
3089
3093
3100
3105
3109
3111
3111
3116
3119
3129
3132
3133
3136
3149
3151
3156
3156
3163
3169
3173
3177
3181
3186
3189
3195
3197
3203
3207
3213
3215
3220
3224
3228
3233
3237
3239
3246
3251
3256
3260
3265
3265
3270
3282
3286
3286
3292
3296
3308
3312
3310
3319
3331
3336
3338
3341
3346
3355
3361
3365
3369
3376
3380
3387
3392
3396
3403
3407
3414
3419
3423
3431
3434
3435
3443
3453
3458
3465
3471
3476
3479
3487
3499
3505
3509
3516
3525
3530
3537
3546
3552
3558
3568
3574
3576
3585
3599
3603
3605
3615
3622
3633
3643
3649
3657
3666
3671
3677
3680
3685
3697
3701
3707
3711
3712
3717
3725
3729
3733
3735
3745
3754
3762
3768
3769
3776
3788
3793
3798
3805
3813
3818
3826
3833
3840
3841
3850
3862
3869
3873
3879
3886
3893
3899
3904
3911
3917
3923
3929
3937
3944
3945
3952
3962
3970
3976
3983
3992
3996
4003
4015
4022
4029
4037
4044
4049
4056
4070
4078
4085
4087
4097
4107
4113
4121
4129
4134
4140
4149
4163
4167
4174
4183
4185
4190
4198
4212
4217
4222
4229
4236
4243
4250
4256
4262
4269
4274
4282
4288
4291
4294
4298
4311
4315
4322
4327
4331
4337
4345
4350
4358
4365
4371
4374
4382
4389
4400
4405
4406
4411
4426
4430
4435
4439
4444
4452
4458
4463
4468
4475
4481
4485
4491
4498
4504
4508
4512
4519
4528
4526
4533
4543
4548
4548
4555
4561
4565
4568
4572
4576
4573
4576
4587
4591
4591
4590
4593
4603
4603
4607
4609
4614
4620
4624
4629
4634
4639
4647
4654
4661
4668
4675
4683
4681
4690
4702
4708
4716
4717
4723
4733
4737
4745
4749
4753
4756
4763
4768
4775
4779
4781
4784
4787
4792
4803
4807
4813
4818
4817
4822
4829
4837
4837
4833
4836
4840
4842
4843
4844
4845
4846
4850
4856
4857
4860
4863
4866
4872
4876
4875
4880
4890
4893
4893
4897
4901
4905
4910
4913
4919
4922
4924
4931
4940
4945
4943
4952
4960
4969
4972
4976
4981
4987
4992
4997
5002
5008
5013
5017
5016
5022
5033
5037
5039
5043
5046
5049
5049
5045
5050
5054
5062
5062
5058
5060
5069
5069
5068
5070
5071
5075
5077
5078
5081
5083
5083
5085
5086
5090
5094
5094
5096
5095
5094
5092
5096
5105
5105
5100
5104
5114
5116
5118
5120
5125
5130
5131
5130
5133
5137
5146
5146
5149
5151
5154
5154
5155
5157
5158
5161
5161
5155
5157
5163
5161
5159
5154
5157
5165
5164
5166
5164
5165
5166
5168
5168
5171
5173
5174
5177
5180
5180
5180
5182
5185
5187
5183
5185
5185
5190
5189
5189
5190
5184
5186
5187
5191
5188
5188
5186
5186
5185
5187
5186
5185
5180
5183
5189
5188
5190
5190
5193
5194
5195
5191
5193
5200
5201
5200
5200
5201
5197
5198
5208
5207
5209
5212
5211
5208
5210
5218
5218
5215
5216
5217
5217
5215
5217
5217
5218
5217
5215
5216
5213
5209
5207
5205
5205
5201
5197
5196
5196
5194
5186
5184
5189
5186
5185
5179
5180
5185
5183
5180
5179
5178
5179
5179
5173
5177
5187
5188
5189
5191
5192
5193
5195
5197
5196
5196
5196
5196
5196
5193
5195
5195
5189
5190
5191
5196
5195
5195
5194
5193
5192
5190
5189
5188
5194
5194
5192
5191
5189
5190
5190
5189
5186
5178
5177
5184
5180
5178
5177
5175
5175
5174
5166
5167
5165
5166
5163
5157
5156
5162
5159
5157
5155
5154
5147
5147
5151
5146
5143
5141
5137
5136
5134
5132
5128
5127
5126
5121
5113
5114
5119
5114
5115
5114
5107
5106
5106
5110
5108
5108
5106
5107
5107
5105
5105
5106
5107
5104
5104
5103
5101
5101
5101
5093
5093
5098
5099
5099
5095
5093
5091
5090
5089
5087
5085
5083
5081
5080
5077
5077
5075
5073
5071
5068
5062
5058
5064
5057
5048
5047
5049
5047
5042
5034
5033
5036
5036
5031
5027
5027
5027
5025
5018
5019
5026
5023
5021
5020
5014
5014
5013
5005
5002
5006
5000
4997
4992
4990
4985
4982
4983
4981
4978
4969
4970
4974
4968
4958
4961
4961
4963
4960
4953
4952
4957
4954
4953
4951
4948
4947
4943
4940
4935
4931
4925
4924
4921
4920
4918
4915
4909
4907
4902
4896
4895
4897
4895
4890
4890
4885
4884
4881
4874
4874
4876
4873
4863
4864
4863
4864
4858
4854
4849
4838
4837
4834
4837
4834
4830
4826
4826
4820
4819
4816
4813
4811
4809
4807
4804
4801
4797
4796
4791
4787
4792
4788
4785
4780
4777
4775
4772
4771
4769
4758
4757
4759
4755
4752
4746
4745
4748
4744
4742
4740
4739
4737
4735
4732
4728
4724
4721
4717
4717
4715
4711
4708
4700
4701
4702
4701
4698
4689
4690
4690
4690
4686
4685
4680
4677
4675
4669
4667
4659
4659
4658
4659
4657
4650
4646
4651
4647
4642
4641
4638
4636
4632
4630
4629
4621
4623
4625
4628
4627
4624
4624
4616
4617
4617
4618
4615
4614
4614
4612
4610
4601
4599
4596
4597
4596
4595
4593
4584
4584
4582
4585
4581
4577
4574
4572
4570
4567
4562
4560
4556
4554
4551
4549
4544
4542
4539
4536
4532
4531
4530
4520
4519
4518
4521
4516
4509
4507
4512
4508
4505
4498
4495
4496
4492
4491
4486
4486
4485
4481
4472
4472
4474
4469
4467
4464
4463
4463
4460
4459
4455
4452
4451
4451
4450
4450
4443
4443
4448
4444
4435
4433
4430
4434
4429
4425
4421
4416
4410
4408
4403
4399
4395
4389
4387
4385
4381
4378
4377
4370
4369
4371
4367
4364
4358
4355
4346
4343
4346
4343
4339
4335
4333
4332
4330
4327
4324
4321
4319
4315
4312
4311
4310
4306
4300
4300
4302
4300
4299
4297
4292
4286
4284
4288
4286
4282
4279
4280
4271
4271
4273
4271
4269
4267
4266
4258
4259
4261
4257
4254
4253
4250
4243
4242
4245
4243
4240
4237
4233
4230
4227
4224
4220
4213
4213
4212
4213
4208
4205
4200
4198
4195
4194
4192
4190
4186
4184
4176
4177
4182
4180
4178
4176
4174
4171
4171
4170
4168
4165
4162
4159
4162
4158
4154
4153
4150
4149
4147
4138
4138
4140
4136
4133
4129
4128
4125
4124
4118
4116
4121
4115
4113
4109
4107
4105
4103
4099
4096
4089
4089
4088
4091
4089
4086
4085
4076
4074
4071
4075
4071
4069
4066
4061
4060
4058
4056
4051
4049
4047
4047
4046
4045
4041
4039
4035
4037
4040
4037
4028
4029
4028
4029
4025
4024
4022
4019
4019
4014
4010
4009
4012
4009
4001
3999
4003
3999
3997
3996
3996
3992
3989
3986
3984
3984
3980
3978
3982
3979
3978
3977
3978
3976
3972
3966
3967
3972
3970
3964
3962
3960
3953
3953
3957
3954
3952
3949
3947
3943
3943
3946
3942
3939
3936
3934
3934
3929
3927
3923
3922
3920
3914
3912
3912
3914
3912
3909
3906
3904
3900
3900
3898
3897
3894
3890
3889
3887
3881
3879
3877
3880
3878
3876
3872
3872
3870
3869
3863
3862
3866
3863
3860
3857
3858
3857
3856
3854
3853
3850
3849
3844
3841
3843
3846
3844
3837
3838
3842
3844
3841
3840
3837
3835
3833
3831
3831
3828
3823
3824
3828
3823
3821
3815
3816
3813
3812
3811
3809
3804
3802
3807
3803
3802
3800
3799
3798
3797
3789
3789
3787
3790
3789
3787
3785
3777
3777
3777
3778
3779
3777
3775
3771
3771
3769
3768
3764
3761
3761
3755
3754
3758
3755
3751
3752
3753
3750
3748
3745
3743
3743
3746
3744
3736
3734
3739
3735
3731
3728
3725
3724
3723
3720
3716
3715
3714
3712
3710
3708
3704
3704
3708
3704
3703
3700
3699
3702
3700
3699
3699
3696
3694
3694
3693
3691
3691
3689
3682
3682
3683
3685
3681
3675
3676
3680
3677
3672
3669
3669
3670
3668
3666
3667
3664
3663
3660
3661
3658
3651
3651
3655
3653
3652
3649
3648
3648
3646
3644
3641
3641
3637
3635
3637
3635
3634
3633
3631
3629
3628
3625
3625
3627
3625
3624
3624
3622
3620
3620
3620
3617
3616
3615
3613
3611
3609
3607
3608
3601
3600
3602
3601
3600
3599
3597
3589
3589
3595
3593
3591
3588
3586
3587
3584
3582
3580
3579
3580
3577
3571
3570
3575
3574
3573
3571
3569
3568
3566
3563
3566
3564
3560
3561
3557
3557
3560
3556
3555
3554
3552
3550
3549
3549
3549
3542
3543
3548
3547
3545
3545
3545
3538
3536
3539
3540
3540
3537
3535
3529
3527
3532
3530
3525
3521
3520
3525
3522
3520
3519
3518
3515
3513
3514
3514
3510
3510
3512
3510
3508
3507
3506
3501
3504
3509
3505
3502
3502
3502
3502
3501
3501
3500
3497
3496
3496
3494
3493
3490
3488
3492
3489
3487
3486
3484
3478
3475
3481
3477
3476
3473
3473
3478
3477
3473
3474
3478
3476
3476
3474
3473
3473
3469
3469
3467
3466
3461
3461
3464
3463
3462
3463
3458
3458
3455
3455
3453
3452
3450
3445
3445
3445
3450
3447
3440
3440
3444
3442
3441
3438
3436
3429
3430
3434
3432
3431
3427
3426
3425
3425
3423
3420
3415
3416
3417
3420
3418
3416
3415
3415
3414
3412
3412
3408
3410
3409
3408
3408
3406
3402
3402
3406
3407
3400
3399
3402
3403
3400
3398
3399
3399
3397
3394
3396
3396
3394
3391
3391
3392
3385
3385
3389
3390
3387
3383
3384
3389
3387
3382
3380
3380
3386
3384
3379
3380
3380
3378
3378
3373
3372
3375
3374
3375
3375
3373
3371
3373
3371
3370
3369
3369
3370
3368
3368
3367
3367
3366
3362
3359
3360
3356
3354
3354
3348
3348
3353
3352
3350
3346
3345
3350
3351
3348
3347
3347
3346
3347
3345
3344
3338
3337
3341
3341
3340
3333
3333
3339
3339
3335
3336
3334
3331
3330
3329
3326
3322
3323
3326
3324
3325
3322
3321
3322
3320
3313
3314
3315
3316
3314
3314
3312
3304
3303
3303
3307
3306
3304
3302
3295
3296
3302
3297
3296
3296
3294
3292
3291
3292
3290
3288
3288
3287
3286
3283
3284
3284
3283
3282
3280
3274
3277
3280
3277
3277
3277
3276
3275
3277
3270
3271
3277
3275
3271
3273
3272
3270
3272
3267
3266
3266
3268
3267
3263
3264
3267
3268
3264
3264
3265
3271
3269
3270
3267
3266
3266
3265
3265
3264
3263
3261
3262
3259
3258
3258
3256
3255
3256
3252
3251
3256
3259
3258
3258
3261
3262
3264
3262
3262
3260
3262
3261
3256
3255
3258
3258
3255
3248
3248
3251
3250
3247
3247
3244
3243
3242
3239
3238
3239
3236
3236
3236
3235
3235
3234
3232
3233
3233
3231
3230
3227
3225
3230
3229
3227
3229
3228
3228
3231
3226
3224
3230
3228
3220
3220
3221
3224
3222
3220
3218
3217
3215
3214
3211
3211
3210
3209
3209
3208
3208
3207
3207
3202
3202
3206
3203
3200
3201
3199
3206
3206
3200
3204
3208
3207
3207
3209
3209
3204
3205
3211
3209
3209
3208
3206
3208
3205
3204
3204
3203
3203
3201
3195
3196
3202
3198
3193
3193
3192
3194
3193
3190
3191
3190
3187
3188
3187
3186
3182
3183
3184
3185
3181
3182
3181
3180
3183
3177
3176
3182
3181
3178
3180
3178
3177
3179
3177
3176
3176
3174
3174
3174
3173
3172
3174
3166
3168
3169
3171
3169
3169
3166
3163
3163
3165
3166
3166
3165
3163
3163
3163
3160
3157
3161
3158
3157
3160
3160
3154
3155
3156
3160
3158
3154
3155
3160
3158
3156
3157
3156
3155
3153
3155
3154
3147
3149
3149
3152
3150
3146
3145
3150
3148
3147
3147
3147
3149
3147
3146
3147
3148
3144
3143
3145
3144
3141
3143
3140
3138
3138
3143
3143
3138
3140
3145
3146
3145
3143
3141
3143
3141
3141
3141
3140
3138
3137
3133
3131
3137
3133
3129
3127
3128
3130
3131
3127
3127
3121
3123
3122
3125
3126
3122
3123
3121
3122
3121
3118
3119
3122
3123
3122
3124
3122
3124
3124
3124
3123
3125
3123
3125
3122
3123
3123
3122
3117
3119
3123
3123
3121
3121
3120
3115
3116
3118
3119
3115
3116
3113
3114
3117
3114
3113
3114
3112
3114
3110
3112
3117
3116
3118
3117
3118
3114
3115
3117
3116
3109
3110
3116
3112
3111
3105
3107
3109
3107
3108
3105
3106
3105
3105
3101
3102
3099
3099
3097
3098
3096
3090
3092
3093
3093
3091
3094
3091
3092
3091
3086
3087
3095
3092
3092
3093
3092
3092
3091
3091
3091
3090
3092
3091
3091
3090
3090
3089
3088
3085
3085
3084
3083
3080
3081
3085
3085
3082
3077
3077
3081
3080
3078
3078
3077
3075
3076
3074
3076
3070
3070
3075
3071
3074
3073
3073
3068
3070
3073
3074
3071
3072
3071
3067
3069
3073
3073
3071
3072
3071
3070
3069
3062
3063
3070
3069
3069
3069
3067
3070
3067
3064
3065
3063
3067
3068
3066
3064
3060
3061
3064
3068
3066
3067
3066
3068
3068
3068
3069
3068
3068
3068
3060
3060
3065
3063
3063
3060
3061
3060
3060
3059
3057
3056
3058
3060
3058
3056
3054
3054
3057
3059
3056
3050
3052
3057
3057
3055
3054
3052
3048
3048
3053
3051
3046
3046
3046
3050
3047
3047
3047
3044
3046
3045
3045
3047
3046
3046
3046
3045
3045
3044
3042
3039
3037
3044
3040
3040
3040
3038
3039
3036
3033
3031
3038
3037
3036
3039
3036
3034
3034
3037
3039
3032
3036
3034
3039
3039
3037
3037
3036
3036
3033
3034
3032
3033
3031
3030
3029
3028
3028
3027
3028
3026
3026
3027
3034
3035
3035
3033
3034
3037
3037
3035
3035
3035
3033
3035
3030
3031
3036
3034
3032
3034
3032
3033
3031
3029
3028
3028
3029
3030
3026
3025
3025
3024
3026
3022
3022
3018
3017
3023
3020
3015
3016
3018
3018
3015
3013
3012
3017
3016
3009
3010
3008
3013
3013
3007
3009
3014
3012
3013
3012
3012
3012
3013
3012
3012
3013
3011
3011
3009
3010
3008
3010
3007
3008
3005
3006
3003
2999
3001
3003
3003
3000
2998
2999
3002
3001
2996
2995
3001
2996
2999
2997
2998
2997
2997
2992
2992
2994
2997
2996
2995
2996
2996
2995
2994
2994
2994
2993
2993
2993
2991
2992
2990
2992
2991
2990
2986
2987
2991
2989
2991
2985
2987
2989
2990
2984
2986
2987
2990
2990
2990
2991
2992
2993
2990
2992
2991
2997
2997
2994
2995
2994
2995
2993
2994
2992
2988
2988
2993
2991
2989
2990
2989
2990
2989
2989
2990
2987
2989
2988
2989
2989
2984
2984
2988
2988
2986
2987
2985
2984
2982
2984
2981
2982
2977
2979
2982
2982
2982
2981
2976
2975
2976
2979
2980
2978
2980
2979
2981
2979
2977
2976
2981
2978
2979
2977
2978
2974
2975
2970
2972
2978
2975
2976
2976
2976
2975
2974
2982
2978
2980
2978
2978
2977
2977
2974
2973
2980
2977
2978
2977
2975
2975
2972
2973
2970
2969
2969
2967
2965
2964
2971
2968
2963
2965
2965
2971
2969
2970
2969
2972
2970
2973
2971
2975
2974
2977
2971
2971
2977
2977
2976
2977
2974
2970
2969
2973
2971
2970
2970
2968
2963
2961
2968
2966
2966
2965
2964
2965
2965
2967
2967
2964
2964
2966
2970
2969
2969
2968
2965
2964
2965
2966
2967
2965
2965
2963
2961
2961
2959
2959
2958
2959
2954
2953
2959
2956
2956
2951
2953
2955
2955
2952
2953
2951
2951
2950
2952
2950
2948
2948
2949
2952
2952
2951
2950
2952
2949
2950
2949
2950
2948
2949
2944
2944
2949
2949
2950
2943
2944
2948
2946
2944
2945
2947
2949
2948
2942
2944
2949
2947
2945
2946
2945
2946
2945
2946
2945
2946
2944
2945
2944
2942
2943
2942
2942
2941
2940
2941
2939
2939
2938
2934
2934
2940
2939
2941
2937
2938
2942
2942
2940
2941
2941
2937
2937
2942
2941
2935
2936
2939
2941
2941
2938
2937
2943
2941
2937
2936
2936
2940
2938
2937
2936
2936
2936
2937
2936
2936
2938
2937
2938
2937
2938
2937
2936
2936
2935
2935
2937
2935
2937
2936
2932
2934
2939
2937
2937
2935
2936
2933
2934
2933
2934
2926
2929
2929
2932
2929
2926
2925
2932
2930
2930
2930
2930
2928
2928
2927
2928
2922
2922
2924
2928
2928
2924
2924
2929
2927
2927
2923
2926
2924
2924
2929
2928
2927
2927
2926
2926
2927
2926
2927
2927
2926
2928
2927
2928
2928
2928
2928
2929
2928
2929
2928
2929
2929
2928
2928
2927
2926
2925
2924
2924
2923
2921
2921
2920
2919
2919
2917
2914
2914
2920
2917
2919
2917
2919
2913
2917
2921
2923
2921
2925
2925
2927
2926
2927
2926
2928
2927
2929
2925
2927
2929
2930
2922
2925
2925
2928
2926
2924
2924
2922
2922
2920
2920
2917
2918
2916
2917
2915
2909
2912
2910
2915
2912
2908
2907
2913
2911
2911
2910
2910
2910
2909
2906
2906
2912
2912
2912
2914
2911
2914
2912
2912
2911
2912
2910
2908
2909
2909
2907
2907
2906
2907
2903
2905
2904
2904
2905
2901
2902
2904
2907
2905
2901
2902
2906
2905
2904
2899
2901
2905
2902
2903
2903
2902
2902
2902
2899
2899
2905
2903
2902
2899
2900
2898
2899
2894
2893
2900
2897
2897
2896
2896
2894
2895
2896
2894
2895
2892
2893
2897
2897
2894
2894
2889
2890
2888
2894
2892
2889
2887
2893
2891
2891
2891
2889
2885
2884
2891
2889
2889
2889
2888
2888
2887
2885
2885
2885
2886
2886
2888
2886
2888
2886
2887
2889
2888
2890
2889
2886
2885
2892
2890
2890
2889
2888
2889
2887
2888
2888
2889
2889
2889
2889
2888
2890
2887
2883
2883
2885
2887
2887
2883
2882
2888
2886
2886
2884
2885
2880
2881
2887
2886
2884
2884
2883
2886
2886
2884
2886
2891
2893
2892
2894
2895
2894
2895
2890
2891
2893
2895
2893
2895
2893
2890
2890
2896
2894
2895
2894
2894
2894
2893
2894
2893
2894
2892
2893
2894
2894
2896
2895
2894
2895
2895
2895
2894
2890
2889
2895
2893
2894
2892
2892
2900
2899
2896
2896
2897
2900
2901
2901
2899
2895
2897
2897
2901
2898
2898
2897
2896
2897
2891
2892
2891
2896
2897
2894
2896
2891
2893
2892
2894
2894
2892
2893
2887
2887
2888
2892
2888
2889
2889
2885
2886
2883
2884
2883
2881
2882
2880
2880
2879
2878
2880
2877
2879
2879
2878
2880
2879
2881
2882
2881
2883
2880
2877
2876
2880
2879
2876
2874
2872
2878
2875
2877
2875
2876
2871
2872
2876
2876
2876
2872
2874
2873
2872
2868
2868
2873
2871
2870
2871
2870
2866
2865
2871
2870
2869
2870
2869
2870
2870
2870
2870
2868
2870
2868
2864
2866
2869
2870
2868
2871
2869
2869
2870
2864
2867
2868
2869
2863
2865
2867
2872
2875
2874
2876
2875
2876
2876
2876
2876
2877
2877
2878
2879
2878
2879
2878
2878
2879
2878
2879
2879
2879
2879
2878
2878
2873
2875
2878
2877
2877
2876
2877
2871
2872
2875
2875
2873
2870
2873
2878
2879
2875
2878
2884
2884
2886
2886
2889
2897
2899
2903
2906
2912
2916
2921
2927
2931
2931
2936
2948
2952
2956
2960
2963
2975
2977
2983
2984
2992
2995
3000
3007
3008
3009
3014
3021
3028
3030
3033
3037
3039
3044
3043
3047
3048
3050
3050
3052
3052
3049
3050
3051
