3048
3047
3048
3047
3047
3047
3046
3044
3042
3042
3038
3038
3036
3035
3031
3029
3022
3021
3018
3022
3017
3016
3011
3011
3007
3005
3002
3000
2996
2996
2991
2991
2984
2982
2977
2981
2979
2976
2976
2967
2966
2965
2968
2967
2959
2959
2961
2958
2956
2956
2954
2953
2953
2951
2950
2950
2947
2948
2945
2945
2942
2940
2940
2937
2935
2933
2932
2926
2924
2929
2929
2925
2921
2919
2923
2921
2920
2917
2916
2913
2912
2916
2913
2913
2911
2910
2910
2908
2907
2906
2901
2901
2906
2904
2901
2899
2896
2900
2897
2892
2891
2892
2895
2892
2892
2891
2889
2890
2884
2886
2884
2888
2886
2883
2885
2882
2884
2883
2878
2878
2881
2881
2878
2879
2877
2877
2876
2871
2873
2875
2876
2875
2874
2874
2872
2872
2873
2870
2871
2870
2869
2870
2869
2871
2870
2869
2870
2868
2869
2869
2865
2864
2872
2868
2870
2870
2870
2872
2869
2866
2866
2870
2868
2868
2866
2866
2862
2862
2869
2867
2868
2868
2867
2869
2868
2868
2868
2867
2867
2869
2869
2871
2872
2871
2868
2869
2869
2873
2872
2866
2866
2869
2869
2868
2867
2869
2868
2867
2864
2865
2870
2872
2869
2866
2867
2869
2869
2863
2862
2863
2866
2863
2864
2862
2864
2863
2862
2863
2861
2862
2860
2862
2859
2860
2859
2858
2858
2856
2851
2853
2856
2857
2853
2852
2852
2851
2852
2847
2848
2853
2854
2856
2856
2857
2860
2861
2862
2865
2863
2860
2861
2866
2867
2860
2863
2862
2867
2864
2862
2860
2866
2863
2861
2858
2858
2862
2860
2860
2857
2857
2855
2857
2855
2856
2857
2857
2852
2852
2855
2856
2857
2856
2856
2854
2854
2854
2853
2855
2853
2853
2852
2851
2852
2852
2852
2853
2852
2850
2849
2854
2854
2852
2849
2848
2853
2850
2850
2849
2847
2848
2845
2847
2845
2845
2846
2847
2846
2847
2842
2843
2847
2845
2841
2841
2843
2845
2846
2845
2846
2843
2845
2844
2844
2843
2842
2844
2843
2842
2839
2838
2840
2843
2842
2842
2840
2842
2841
2841
2841
2840
2843
2841
2843
2842
2843
2843
2843
2840
2840
2846
2844
2845
2845
2845
2842
2842
2848
2846
2842
2842
2845
2848
2848
2850
2849
2851
2850
2850
2848
2850
2855
2855
2856
2854
2851
2852
2853
2857
2860
2857
2861
2859
2861
2862
2865
2866
2864
2866
2872
2871
2873
2872
2872
2873
2873
2870
2872
2880
2880
2882
2882
2883
2884
2885
2883
2883
2887
2891
2892
2892
2894
2891
2892
2897
2901
2899
2901
2901
2903
2905
2905
2904
2908
2907
2909
2913
2913
2910
2911
2916
2920
2921
2925
2925
2924
2927
2932
2935
2937
2937
2940
2936
2940
2947
2948
2950
2948
2951
2957
2961
2960
2963
2966
2968
2969
2974
2974
2974
2976
2983
2986
2989
2991
2995
2998
3001
3000
3005
3008
3017
3017
3021
3024
3027
3030
3033
3036
3041
3043
3047
3050
3055
3058
3060
3065
3063
3069
3076
3079
3078
3083
3086
3094
3096
3099
3103
3105
3111
3113
3117
3120
3124
3127
3132
3135
3138
3140
3146
3153
3159
3159
3162
3175
3177
3182
3183
3186
3196
3201
3203
3210
3212
3219
3223
3228
3232
3240
3244
3248
3254
3256
3257
3261
3272
3275
3274
3280
3285
3295
3299
3304
3310
3315
3321
3326
3331
3336
3348
3351
3356
3363
3367
3373
3377
3383
3388
3394
3400
3405
3411
3417
3427
3432
3439
3442
3444
3451
3457
3467
3469
3474
3478
3477
3482
3488
3494
3498
3496
3502
3510
3513
3520
3525
3530
3538
3542
3543
3551
3561
3565
3569
3570
3579
3589
3593
3601
3607
3614
3619
3628
3634
3639
3649
3652
3659
3666
3671
3679
3687
3693
3701
3702
3709
3720
3729
3735
3740
3747
3758
3764
3771
3777
3782
3788
3795
3798
3807
3817
3820
3827
3833
3838
3844
3850
3857
3865
3870
3874
3883
3891
3896
3904
3911
3916
3922
3929
3943
3950
3952
3960
3973
3982
3988
3993
4000
4010
4016
4018
4025
4033
4045
4053
4059
4065
4065
4076
4087
4095
4100
4105
4112
4119
4124
4131
4137
4145
4150
4159
4170
4173
4181
4189
4194
4198
4203
4211
4217
4222
4226
4228
4232
4240
4250
4252
4248
4255
4267
4271
4274
4277
4281
4288
4290
4295
4302
4310
4310
4316
4325
4329
4333
4339
4344
4349
4355
4360
4366
4370
4375
4380
4385
4391
4392
4397
4410
4415
4416
4424
4430
4440
4444
4445
4453
4466
4471
4474
4479
4487
4499
4501
4508
4514
4519
4525
4531
4533
4539
4551
4557
4562
4569
4573
4580
4585
4591
4595
4603
4609
4609
4613
4618
4630
4635
4643
4647
4645
4652
4659
4669
4673
4673
4680
4691
4696
4701
4704
4709
4718
4724
4727
4733
4738
4742
4748
4748
4753
4764
4765
4769
4773
4778
4781
4785
4784
4789
4799
4802
4806
4809
4813
4816
4820
4820
4824
4831
4837
4842
4842
4847
4859
4862
4864
4868
4872
4875
4880
4877
4885
4897
4899
4901
4905
4909
4908
4915
4922
4925
4929
4932
4936
4937
4943
4946
4948
4950
4955
4957
4961
4965
4968
4971
4973
4976
4979
4982
4985
4988
4992
4990
4994
5002
5007
5010
5007
5011
5020
5021
5017
5019
5022
5032
5035
5038
5038
5034
5039
5042
5050
5051
5051
5053
5050
5055
5060
5065
5064
5066
5066
5069
5071
5069
5070
5072
5075
5074
5075
5077
5078
5081
5082
5083
5082
5079
5085
5092
5091
5091
5092
5092
5100
5102
5101
5103
5098
5102
5104
5109
5109
5107
5111
5118
5117
5116
5119
5118
5119
5120
5122
5122
5124
5126
5126
5126
5124
5122
5122
5116
5118
5120
5126
5125
5127
5127
5120
5124
5124
5127
5126
5125
5125
5123
5123
5118
5116
5116
5120
5118
5117
5116
5116
5113
5111
5109
5110
5109
5108
5100
5102
5102
5106
5105
5102
5100
5100
5099
5097
5101
5099
5099
5101
5095
5096
5103
5101
5102
5095
5097
5103
5101
5100
5101
5102
5105
5105
5104
5103
5112
5111
5112
5112
5115
5117
5118
5116
5118
5120
5121
5120
5118
5120
5124
5122
5122
5121
5121
5123
5123
5126
5125
5124
5127
5127
5127
5125
5126
5126
5126
5125
5126
5126
5124
5125
5123
5112
5113
5116
5112
5109
5104
5102
5105
5104
5101
5097
5095
5092
5090
5088
5087
5078
5076
5081
5077
5074
5065
5064
5068
5063
5051
5051
5049
5052
5046
5044
5043
5032
5034
5032
5036
5033
5033
5032
5023
5025
5030
5030
5029
5030
5027
5028
5029
5030
5029
5029
5029
5027
5026
5025
5020
5016
5013
5010
5006
4998
4995
4997
4994
4994
4991
4986
4984
4980
4979
4974
4964
4963
4962
4965
4963
4961
4958
4952
4951
4954
4956
4954
4948
4949
4953
4952
4952
4954
4955
4956
4956
4953
4954
4953
4950
4949
4947
4946
4944
4942
4934
4934
4935
4934
4932
4928
4928
4921
4919
4923
4919
4917
4915
4913
4911
4912
4912
4911
4910
4906
4906
4911
4910
4908
4906
4903
4902
4902
4905
4904
4901
4899
4892
4891
4890
4894
4891
4889
4885
4874
4873
4873
4872
4869
4865
4859
4856
4851
4847
4839
4834
4828
4822
4820
4815
4812
4811
4808
4801
4799
4803
4801
4799
4799
4796
4790
4790
4792
4789
4788
4784
4785
4781
4777
4775
4772
4769
4766
4756
4755
4755
4758
4755
4751
4748
4745
4743
4741
4737
4734
4729
4728
4724
4719
4715
4712
4709
4701
4697
4703
4700
4691
4688
4685
4688
4683
4674
4677
4683
4680
4677
4673
4671
4668
4665
4660
4658
4654
4652
4653
4650
4647
4645
4641
4632
4632
4633
4637
4636
4634
4631
4624
4623
4625
4627
4626
4619
4619
4622
4620
4618
4615
4612
4611
4607
4606
4601
4598
4596
4594
4586
4584
4586
4583
4576
4576
4575
4579
4576
4575
4575
4573
4570
4569
4567
4565
4562
4557
4554
4551
4548
4547
4542
4539
4534
4531
4527
4517
4517
4512
4513
4510
4505
4502
4497
4494
4489
4484
4483
4486
4484
4477
4475
4481
4479
4475
4471
4468
4462
4462
4467
4464
4463
4460
4458
4457
4455
4451
4450
4446
4444
4442
4440
4438
4435
4432
4422
4419
4419
4422
4418
4417
4414
4413
4411
4406
4404
4402
4393
4393
4396
4393
4385
4377
4377
4377
4373
4363
4362
4367
4364
4360
4357
4352
4349
4346
4344
4341
4340
4335
4333
4329
4328
4327
4327
4322
4319
4317
4321
4319
4313
4311
4302
4302
4300
4301
4297
4296
4293
4293
4289
4287
4283
4282
4279
4275
4266
4265
4269
4271
4268
4263
4261
4254
4254
4259
4254
4250
4241
4239
4242
4239
4237
4232
4230
4227
4222
4214
4213
4216
4212
4211
4207
4203
4200
4196
4195
4192
4189
4185
4184
4182
4180
4178
4176
4176
4175
4169
4169
4168
4162
4160
4166
4164
4157
4155
4155
4158
4153
4150
4148
4144
4141
4140
4137
4136
4127
4127
4130
4128
4127
4120
4118
4121
4120
4119
4115
4112
4110
4109
4112
4110
4107
4108
4100
4099
4100
4104
4104
4103
4101
4098
4100
4097
4094
4092
4091
4089
4085
4080
4077
4075
4073
4070
4069
4063
4064
4068
4065
4061
4059
4058
4058
4054
4052
4051
4051
4045
4042
4041
4039
4031
4031
4034
4032
4031
4024
4023
4027
4025
4015
4014
4015
4019
4017
4013
4011
4005
4005
4004
4002
4003
4001
3998
3994
3995
3994
3995
3991
3989
3986
3986
3984
3978
3977
3976
3972
3970
3969
3967
3965
3963
3961
3960
3959
3950
3951
3956
3952
3950
3947
3945
3946
3944
3942
3943
3934
3934
3935
3937
3932
3929
3926
3926
3921
3919
3912
3907
3911
3907
3903
3902
3898
3895
3894
3890
3890
3882
3879
3886
3884
3880
3880
3878
3872
3872
3875
3870
3868
3866
3865
3863
3862
3855
3854
3855
3856
3852
3852
3848
3844
3842
3841
3839
3836
3828
3828
3830
3829
3828
3825
3824
3818
3815
3820
3820
3815
3815
3815
3812
3812
3810
3807
3805
3804
3801
3799
3798
3789
3789
3792
3788
3782
3782
3781
3782
3780
3778
3777
3772
3771
3773
3773
3772
3766
3766
3769
3767
3763
3762
3760
3757
3757
3753
3753
3749
3748
3747
3741
3743
3747
3743
3737
3737
3738
3740
3736
3735
3730
3727
3725
3717
3714
3715
3716
3714
3713
3710
3709
3704
3704
3703
3698
3700
3697
3692
3690
3692
3693
3691
3691
3688
3683
3680
3688
3684
3683
3682
3681
3678
3679
3672
3672
3674
3674
3674
3671
3669
3668
3664
3660
3657
3654
3659
3656
3655
3654
3647
3647
3644
3649
3646
3645
3644
3637
3638
3636
3642
3637
3637
3637
3634
3631
3629
3627
3628
3618
3621
3624
3621
3621
3617
3617
3613
3614
3613
3614
3611
3609
3609
3606
3609
3605
3605
3603
3601
3598
3595
3598
3598
3601
3596
3597
3589
3591
3590
3591
3591
3584
3587
3589
3589
3587
3584
3586
3579
3579
3582
3582
3578
3576
3575
3574
3573
3571
3570
3563
3564
3561
3566
3564
3564
3560
3560
3557
3557
3554
3555
3544
3546
3552
3549
3546
3543
3541
3546
3546
3542
3540
3533
3535
3534
3538
3536
3534
3534
3532
3532
3530
3529
3528
3527
3525
3524
3523
3522
3520
3520
3517
3516
3508
3511
3513
3514
3510
3508
3507
3512
3508
3507
3507
3504
3505
3503
3499
3497
3505
3499
3502
3498
3499
3498
3499
3496
3496
3489
3490
3491
3495
3493
3485
3488
3490
3492
3487
3483
3480
3486
3481
3481
3476
3476
3474
3472
3471
3469
3467
3464
3460
3462
3458
3458
3457
3450
3450
3456
3452
3452
3449
3447
3447
3446
3445
3445
3443
3442
3440
3440
3438
3439
3437
3431
3433
3432
3436
3434
3428
3431
3433
3431
3431
3423
3425
3427
3426
3426
3423
3422
3420
3419
3419
3416
3413
3412
3416
3415
3412
3411
3411
3409
3409
3408
3408
3408
3405
3408
3401
3402
3408
3404
3405
3402
3404
3401
3403
3400
3398
3394
3391
3393
3397
3394
3388
3389
3392
3390
3389
3382
3385
3382
3380
3382
3381
3377
3376
3374
3379
3377
3377
3376
3368
3371
3368
3375
3373
3374
3372
3372
3370
3371
3367
3367
3367
3366
3364
3365
3362
3363
3360
3360
3358
3354
3356
3360
3359
3357
3352
3347
3353
3349
3350
3347
3348
3340
3339
3343
3340
3340
3338
3337
3337
3338
3333
3332
3340
3338
3338
3338
3337
3338
3337
3338
3336
3337
3335
3336
3333
3333
3325
3325
3330
3326
3325
3323
3322
3321
3321
3318
3319
3316
3315
3313
3309
3307
3311
3308
3301
3304
3302
3307
3305
3302
3303
3308
3305
3306
3305
3305
3303
3304
3304
3303
3301
3302
3300
3299
3297
3292
3291
3295
3295
3291
3290
3287
3283
3284
3291
3289
3291
3291
3294
3288
3289
3293
3289
3288
3287
3284
3282
3282
3281
3278
3277
3275
3272
3272
3271
3271
3268
3269
3266
3263
3259
3261
3262
3263
3259
3259
3254
3253
3254
3257
3256
3253
3255
3251
3250
3249
3251
3248
3250
3247
3243
3244
3248
3248
3248
3248
3247
3241
3240
3245
3242
3241
3240
3239
3236
3236
3228
3231
3229
3235
3233
3232
3231
3225
3226
3228
3230
3227
3227
3225
3227
3224
3225
3224
3224
3226
3225
3225
3225
3220
3220
3222
3225
3225
3217
3219
3223
3222
3220
3220
3220
3216
3214
3221
3219
3220
3221
3219
3217
3218
3218
3217
3216
3213
3214
3207
3208
3210
3209
3208
3205
3202
3201
3202
3206
3205
3203
3202
3198
3199
3200
3204
3203
3203
3201
3202
3199
3201
3197
3199
3195
3196
3194
3196
3189
3189
3187
3193
3189
3189
3188
3188
3185
3183
3183
3183
3182
3181
3181
3180
3179
3175
3176
3179
3178
3177
3177
3174
3175
3172
3171
3170
3173
3171
3173
3173
3174
3171
3172
3165
3168
3171
3174
3172
3172
3171
3167
3167
3174
3170
3170
3168
3167
3167
3165
3166
3163
3163
3162
3161
3162
3159
3161
3160
3160
3160
3158
3160
3161
3154
3157
3160
3161
3155
3152
3152
3153
3153
3146
3147
3150
3148
3148
3147
3146
3145
3145
3145
3145
3143
3139
3139
3144
3141
3137
3136
3140
3140
3140
3138
3136
3136
3136
3134
3133
3135
3133
3133
3128
3129
3133
3132
3131
3129
3129
3122
3123
3129
3125
3122
3121
3123
3126
3126
3125
3125
3124
3123
3123
3122
3122
3119
3121
3118
3118
3116
3117
3115
3115
3113
3114
3115
3114
3112
3113
3115
3116
3110
3112
3116
3115
3113
3109
3107
3112
3114
3106
3105
3107
3110
3109
3108
3109
3107
3109
3104
3103
3102
3108
3107
3105
3106
3103
3104
3103
3098
3099
3102
3102
3099
3100
3098
3098
3096
3096
3096
3095
3096
3091
3090
3093
3096
3097
3095
3095
3090
3090
3091
3094
3095
3087
3089
3092
3093
3091
3091
3092
3090
3089
3086
3087
3086
3084
3086
3083
3085
3082
3083
3082
3080
3081
3075
3074
3079
3079
3077
3078
3078
3072
3075
3076
3077
3074
3075
3073
3074
3073
3074
3074
3068
3071
3074
3076
3074
3074
3072
3070
3070
3076
3073
3073
3068
3069
3072
3072
3066
3067
3070
3070
3069
3067
3068
3066
3067
3065
3065
3064
3061
3060
3069
3065
3066
3065
3063
3063
3063
3064
3062
3061
3059
3060
3058
3059
3058
3057
3056
3056
3056
3058
3057
3059
3058
3058
3057
3057
3057
3057
3053
3053
3056
3057
3056
3053
3052
3051
3050
3045
3046
3049
3049
3044
3045
3047
3049
3051
3045
3046
3050
3050
3048
3050
3047
3049
3047
3042
3042
3045
3045
3044
3041
3041
3035
3038
3043
3043
3042
3040
3041
3041
3042
3040
3039
3039
3038
3037
3037
3038
3030
3033
3034
3037
3034
3036
3034
3035
3034
3033
3035
3033
3030
3029
3034
3033
3027
3027
3027
3030
3028
3025
3023
3029
3026
3026
3026
3024
3024
3024
3022
3022
3020
3021
3018
3019
3018
3021
3021
3016
3019
3020
3024
3025
3025
3025
3023
3022
3019
3017
3016
3021
3019
3020
3016
3018
3016
3016
3011
3014
3017
3016
3010
3010
3012
3015
3015
3014
3014
3013
3013
3014
3014
3014
3011
3012
3013
3013
3009
3011
3009
3015
3014
3011
3010
3017
3013
3015
3011
3013
3011
3011
3010
3014
3012
3014
3013
3013
3014
3013
3014
3011
3011
3013
3018
3017
3013
3014
3020
3018
3016
3014
3012
3015
3014
3010
3011
3009
3006
3007
3001
3002
3004
3005
3002
3001
3000
2999
3001
2997
2999
2997
2998
2997
2997
2995
2997
2994
2991
2990
2994
2994
2994
2990
2991
2994
2994
2989
2989
2989
2991
2991
2987
2986
2991
2989
2990
2988
2988
2984
2982
2988
2985
2985
2984
2984
2985
2986
2985
2986
2986
2987
2989
2987
2987
2990
2988
2990
2992
2990
2991
2989
2988
2990
2988
2988
2986
2981
2984
2989
2985
2980
2981
2983
2984
2982
2980
2982
2977
2975
2982
2979
2978
2980
2979
2978
2980
2979
2978
2979
2980
2980
2980
2980
2975
2977
2980
2981
2977
2978
2978
2977
2976
2977
2975
2974
2974
2972
2968
2966
2972
2969
2965
2963
2965
2968
2968
2961
2963
2966
2967
2964
2965
2964
2964
2965
2963
2964
2965
2963
2964
2964
2965
2964
2965
2962
2965
2964
2961
2961
2967
2968
2962
2962
2963
2966
2965
2963
2964
2962
2963
2962
2961
2961
2958
2960
2958
2960
2957
2957
2956
2962
2961
2960
2960
2954
2956
2955
2961
2960
2958
2959
2951
2955
2953
2956
2955
2955
2953
2952
2953
2953
2952
2951
2951
2953
2946
2951
2954
2956
2956
2952
2954
2958
2959
2962
2962
2963
2960
2959
2964
2962
2961
2958
2958
2956
2957
2957
2955
2955
2952
2954
2950
2951
2947
2947
2951
2951
2943
2945
2944
2948
2946
2943
2941
2945
2945
2944
2946
2944
2946
2945
2944
2946
2945
2946
2945
2943
2942
2946
2948
2941
2942
2941
2945
2945
2943
2942
2943
2942
2942
2942
2941
2941
2942
2940
2942
2941
2941
2940
2938
2939
2943
2943
2942
2941
2939
2938
2939
2936
2937
2931
2931
2934
2935
2936
2934
2935
2928
2930
2935
2933
2934
2934
2934
2935
2934
2934
2935
2934
2930
2928
2933
2933
2930
2930
2931
2929
2928
2923
2923
2930
2928
2924
2925
2926
2929
2928
2925
2925
2931
2928
2929
2928
2927
2927
2926
2922
2921
2924
2926
2923
2925
2922
2923
2922
2922
2923
2920
2923
2921
2922
2922
2921
2924
2922
2922
2923
2922
2924
2919
2920
2923
2922
2924
2921
2922
2921
2920
2922
2920
2919
2920
2919
2920
2919
2915
2914
2915
2919
2916
2918
2916
2913
2916
2919
2920
2922
2918
2919
2926
2923
2920
2922
2922
2924
2926
2926
2924
2924
2923
2921
2923
2922
2919
2922
2926
2926
2926
2924
2925
2920
2923
2921
2921
2917
2916
2917
2920
2920
2913
2913
2919
2917
2914
2915
2913
2914
2913
2912
2913
2911
2912
2911
2910
2910
2911
2911
2905
2906
2906
2910
2911
2907
2909
2907
2907
2908
2905
2906
2900
2900
2906
2904
2903
2903
2901
2899
2898
2903
2904
2897
2898
2898
2903
2903
2897
2901
2905
2905
2907
2907
2907
2907
2907
2907
2908
2906
2907
2906
2904
2905
2904
2903
2904
2903
2904
2905
2903
2904
2904
2901
2902
2901
2900
2901
2896
2897
2900
2902
2898
2898
2898
2902
2901
2893
2895
2898
2899
2897
2896
2897
2891
2893
2896
2895
2893
2894
2894
2893
2894
2895
2897
2896
2896
2896
2896
2896
2893
2893
2892
2891
2891
2890
2890
2887
2885
2891
2889
2888
2885
2883
2889
2887
2882
2883
2884
2886
2884
2880
2879
2885
2885
2884
2885
2883
2884
2881
2883
2882
2882
2884
2881
2880
2878
2884
2883
2878
2880
2881
2881
2881
2881
2882
2881
2881
2877
2877
2879
2882
2881
2882
2880
2881
2879
2879
2878
2880
2879
2881
2879
2882
2881
2880
2881
2880
2881
2880
2879
2880
2880
2881
2881
2880
2881
2878
2875
2875
2876
2881
2880
2879
2878
2880
2880
2877
2874
2875
2879
2877
2872
2873
2878
2878
2877
2879
2879
2874
2877
2882
2882
2884
2883
2883
2881
2881
2888
2887
2883
2883
2884
2887
2886
2884
2886
2883
2884
2883
2881
2882
2880
2879
2879
2878
2879
2876
2876
2880
2879
2880
2879
2878
2878
2876
2882
2882
2880
2881
2880
2879
2879
2879
2878
2877
2878
2877
2877
2879
2877
2878
2876
2876
2870
2871
2874
2874
2874
2868
2870
2874
2872
2873
2871
2871
2868
2866
2870
2870
2869
2868
2869
2869
2868
2869
2870
2870
2870
2869
2867
2868
2873
2873
2865
2868
2872
2870
2871
2869
2868
2869
2867
2866
2866
2865
2863
2864
2864
2863
2857
2858
2860
2862
2863
2862
2862
2857
2859
2863
2861
2862
2863
2861
2861
2862
2863
2861
2862
2859
2858
2863
2865
2864
2863
2864
2865
2865
2864
2865
2865
2863
2864
2863
2862
2858
2860
2862
2861
2858
2859
2857
2863
2860
2860
2861
2853
2855
2858
2859
2858
2856
2856
2860
2860
2857
2858
2857
2857
2857
2857
2855
2856
2857
2856
2857
2857
2856
2854
2856
2855
2850
2850
2851
2853
2852
2848
2847
2850
2851
2851
2848
2849
2850
2850
2848
2850
2849
2854
2854
2851
2853
2849
2849
2851
2854
2853
2851
2852
2856
2856
2857
2856
2856
2855
2855
2854
2853
2853
2852
2851
2853
2854
2852
2853
2848
2849
2852
2853
2854
2847
2850
2855
2853
2854
2852
2852
2849
2847
2853
2851
2846
2848
2847
2853
2853
2854
2854
2856
2857
2855
2856
2856
2855
2857
2856
2854
2855
2857
2857
2856
2857
2857
2857
2859
2859
2858
2858
2860
2859
2856
2856
2858
2855
2858
2855
2851
2852
2854
2853
2853
2852
2849
2846
2846
2849
2848
2850
2850
2852
2853
2855
2862
2864
2863
2866
2872
2877
2880
2880
2884
2892
2896
2901
2904
2908
2915
2918
2923
2928
2931
2935
2941
2945
2949
2951
2955
2966
2971
2972
2975
2980
2988
2993
2991
2996
3004
3006
3011
3014
3018
3018
3021
3023
3026
3026
3028
3030
3030
