3005
3003
3005
3004
3005
3005
3003
3003
3002
3001
3001
2999
2995
2992
2997
2994
2992
2986
2985
2989
2984
2978
2979
2979
2976
2975
2971
2967
2962
2959
2961
2959
2955
2951
2950
2947
2943
2942
2939
2936
2936
2934
2931
2930
2923
2921
2921
2920
2920
2916
2916
2910
2907
2913
2910
2907
2903
2903
2903
2899
2894
2895
2895
2897
2896
2894
2893
2894
2893
2891
2890
2889
2888
2887
2886
2884
2882
2881
2880
2874
2875
2879
2877
2876
2874
2872
2870
2869
2868
2867
2862
2863
2863
2865
2864
2859
2857
2862
2862
2857
2858
2855
2852
2852
2855
2854
2849
2849
2851
2854
2853
2854
2853
2852
2853
2852
2848
2849
2852
2849
2850
2849
2847
2848
2844
2844
2842
2843
2841
2839
2841
2840
2834
2836
2839
2838
2837
2838
2835
2835
2835
2832
2830
2837
2837
2836
2835
2835
2831
2829
2835
2833
2826
2827
2827
2829
2830
2830
2827
2828
2829
2829
2828
2829
2829
2827
2829
2829
2830
2830
2829
2826
2827
2832
2831
2832
2832
2830
2830
2830
2827
2825
2830
2828
2825
2823
2824
2823
2820
2821
2820
2818
2819
2819
2813
2815
2818
2817
2812
2811
2812
2814
2814
2811
2809
2813
2811
2811
2812
2812
2807
2809
2813
2811
2810
2810
2809
2808
2808
2809
2808
2806
2808
2808
2802
2804
2808
2807
2805
2806
2807
2806
2806
2807
2809
2809
2807
2806
2807
2807
2807
2805
2805
2805
2804
2802
2803
2802
2801
2801
2802
2798
2797
2800
2801
2800
2795
2797
2802
2799
2794
2795
2794
2799
2799
2795
2795
2801
2799
2798
2794
2794
2799
2798
2797
2799
2798
2795
2796
2798
2798
2798
2799
2802
2800
2798
2801
2800
2801
2801
2797
2798
2798
2803
2804
2802
2802
2802
2802
2802
2801
2802
2804
2804
2800
2801
2807
2808
2808
2808
2810
2805
2805
2813
2811
2812
2809
2809
2813
2812
2807
2808
2809
2810
2809
2808
2806
2806
2807
2801
2801
2801
2805
2804
2804
2805
2806
2807
2806
2807
2808
2808
2808
2806
2809
2808
2807
2809
2810
2809
2809
2810
2806
2808
2808
2811
2812
2814
2813
2812
2813
2814
2811
2811
2815
2818
2818
2817
2816
2817
2818
2823
2823
2825
2826
2826
2828
2830
2829
2830
2832
2833
2833
2835
2836
2837
2837
2833
2836
2842
2841
2840
2840
2840
2845
2847
2841
2841
2850
2850
2850
2847
2850
2855
2854
2855
2856
2856
2857
2860
2855
2859
2865
2864
2865
2867
2867
2869
2870
2872
2874
2876
2876
2879
2881
2881
2879
2883
2890
2890
2895
2894
2894
2898
2899
2901
2903
2905
2909
2907
2910
2915
2915
2918
2920
2922
2926
2927
2929
2929
2930
2938
2940
2941
2940
2943
2949
2953
2948
2952
2958
2961
2966
2962
2968
2975
2974
2974
2977
2982
2988
2990
2993
2995
3000
3003
3005
3009
3011
3013
3015
3024
3027
3029
3032
3036
3038
3042
3042
3046
3055
3059
3061
3061
3065
3074
3076
3082
3083
3090
3093
3098
3098
3102
3111
3114
3119
3123
3128
3129
3135
3145
3148
3149
3154
3162
3169
3175
3179
3182
3189
3192
3199
3200
3208
3212
3218
3223
3227
3230
3235
3240
3249
3254
3253
3259
3268
3273
3275
3280
3284
3289
3293
3297
3300
3306
3312
3318
3322
3326
3333
3336
3344
3347
3354
3355
3363
3371
3378
3382
3389
3393
3398
3403
3414
3419
3424
3432
3437
3440
3445
3455
3461
3459
3469
3477
3483
3488
3493
3499
3505
3509
3518
3521
3527
3534
3539
3548
3553
3553
3565
3571
3582
3589
3593
3601
3608
3614
3621
3628
3637
3644
3649
3655
3664
3669
3677
3686
3689
3696
3708
3713
3713
3722
3731
3742
3748
3755
3763
3763
3772
3784
3791
3798
3805
3813
3818
3826
3834
3839
3848
3854
3859
3860
3869
3880
3882
3888
3893
3896
3903
3909
3911
3919
3926
3931
3936
3936
3945
3956
3961
3965
3973
3982
3982
3990
4004
4010
4010
4019
4027
4042
4049
4055
4063
4065
4072
4082
4091
4096
4097
4106
4117
4121
4127
4132
4135
4140
4147
4151
4154
4159
4163
4168
4173
4177
4184
4188
4185
4191
4201
4209
4212
4215
4224
4229
4234
4239
4248
4254
4260
4266
4267
4278
4290
4295
4300
4302
4307
4316
4322
4321
4327
4334
4341
4348
4352
4359
4365
4373
4379
4385
4390
4401
4408
4415
4420
4423
4433
4441
4454
4459
4467
4475
4480
4487
4494
4502
4509
4514
4518
4520
4528
4540
4542
4547
4552
4556
4562
4568
4575
4579
4584
4588
4595
4607
4610
4608
4618
4628
4633
4636
4639
4644
4651
4652
4650
4658
4661
4668
4670
4673
4677
4677
4679
4682
4682
4683
4678
4682
4692
4693
4692
4694
4699
4695
4700
4707
4708
4712
4715
4718
4714
4719
4728
4728
4731
4735
4735
4734
4738
4740
4743
4745
4747
4748
4750
4754
4760
4762
4762
4767
4778
4780
4780
4784
4789
4792
4792
4798
4806
4809
4810
4812
4815
4818
4820
4821
4822
4826
4829
4836
4839
4837
4841
4850
4853
4858
4859
4860
4865
4866
4871
4874
4876
4882
4885
4882
4885
4894
4895
4894
4897
4903
4911
4913
4918
4923
4923
4928
4931
4935
4935
4937
4940
4939
4938
4938
4942
4938
4938
4939
4935
4938
4944
4947
4950
4945
4947
4955
4955
4952
4951
4955
4957
4954
4950
4953
4959
4958
4956
4957
4961
4957
4957
4958
4959
4954
4952
4952
4958
4957
4956
4954
4954
4955
4955
4955
4956
4955
4956
4950
4956
4959
4966
4968
4965
4968
4977
4980
4983
4982
4984
4985
4988
4983
4985
4996
4997
4998
4999
5000
4998
5003
5012
5010
5010
5012
5015
5018
5016
5017
5022
5023
5024
5028
5032
5034
5035
5040
5044
5045
5046
5049
5054
5055
5055
5050
5056
5060
5065
5066
5068
5070
5073
5071
5068
5068
5070
5075
5075
5072
5073
5068
5068
5067
5072
5073
5069
5071
5077
5073
5071
5069
5072
5065
5066
5072
5070
5069
5066
5063
5064
5064
5063
5061
5053
5054
5055
5058
5054
5053
5054
5054
5054
5051
5048
5049
5053
5052
5049
5050
5049
5048
5046
5043
5044
5044
5043
5039
5037
5034
5032
5029
5020
5019
5022
5020
5019
5012
5010
5002
5001
5001
4998
4994
4992
4991
4991
4989
4987
4983
4982
4982
4980
4973
4970
4973
4970
4964
4965
4965
4967
4964
4957
4960
4966
4963
4959
4955
4956
4962
4958
4958
4956
4957
4955
4954
4951
4953
4953
4947
4946
4943
4941
4940
4941
4938
4935
4932
4927
4926
4923
4921
4910
4909
4914
4909
4906
4901
4899
4893
4893
4889
4889
4880
4882
4881
4883
4879
4878
4878
4876
4873
4867
4866
4866
4872
4871
4870
4869
4862
4862
4863
4868
4870
4862
4863
4868
4863
4867
4865
4864
4861
4860
4854
4856
4856
4854
4853
4852
4850
4847
4844
4842
4843
4840
4838
4836
4837
4838
4830
4829
4828
4831
4829
4827
4825
4817
4818
4821
4820
4815
4817
4816
4816
4813
4811
4810
4808
4807
4804
4800
4803
4794
4794
4793
4797
4794
4786
4784
4785
4781
4780
4772
4769
4764
4763
4753
4751
4754
4747
4745
4742
4736
4731
4729
4724
4722
4717
4712
4709
4708
4707
4705
4701
4697
4696
4694
4696
4694
4691
4689
4680
4676
4673
4675
4672
4661
4657
4662
4660
4657
4648
4648
4649
4647
4646
4645
4643
4639
4639
4635
4635
4635
4634
4633
4629
4628
4630
4626
4624
4621
4622
4619
4618
4617
4615
4614
4612
4612
4610
4607
4606
4605
4598
4597
4601
4599
4589
4590
4588
4589
4586
4578
4575
4581
4575
4573
4565
4563
4564
4560
4555
4553
4549
4543
4541
4539
4534
4529
4525
4524
4521
4519
4509
4507
4512
4508
4507
4504
4501
4501
4499
4493
4491
4494
4492
4487
4485
4484
4486
4483
4482
4479
4473
4471
4468
4467
4464
4463
4458
4454
4448
4447
4446
4444
4439
4438
4435
4435
4431
4429
4427
4425
4423
4414
4413
4417
4415
4411
4410
4407
4401
4402
4406
4404
4401
4398
4397
4391
4391
4395
4392
4389
4386
4386
4385
4385
4382
4380
4379
4376
4373
4370
4369
4366
4365
4363
4360
4357
4350
4350
4353
4349
4340
4340
4342
4340
4338
4336
4334
4326
4325
4329
4329
4327
4320
4320
4322
4317
4315
4312
4310
4308
4309
4306
4303
4302
4299
4295
4290
4288
4291
4290
4287
4283
4274
4273
4271
4274
4269
4266
4266
4263
4260
4257
4253
4252
4248
4245
4243
4240
4236
4231
4231
4232
4228
4225
4223
4215
4213
4210
4213
4211
4207
4203
4201
4200
4195
4187
4185
4189
4185
4181
4177
4172
4169
4166
4167
4162
4161
4159
4157
4154
4151
4150
4147
4144
4142
4141
4141
4137
4129
4126
4132
4126
4125
4122
4117
4114
4113
4114
4111
4108
4108
4105
4101
4100
4099
4093
4089
4086
4083
4080
4076
4075
4073
4069
4065
4058
4059
4060
4060
4057
4052
4051
4053
4050
4050
4049
4048
4041
4043
4045
4042
4038
4037
4033
4031
4028
4022
4019
4026
4021
4020
4017
4015
4015
4012
4012
4009
4008
4004
4004
3996
3997
3998
3996
3987
3988
3984
3989
3985
3979
3978
3982
3978
3977
3975
3975
3975
3975
3967
3970
3971
3970
3967
3966
3964
3964
3960
3961
3957
3955
3951
3947
3945
3942
3938
3936
3931
3929
3925
3925
3921
3914
3913
3917
3914
3913
3906
3904
3906
3903
3900
3899
3893
3894
3889
3891
3887
3879
3881
3883
3881
3880
3877
3877
3869
3871
3873
3872
3869
3869
3864
3864
3862
3857
3855
3856
3859
3858
3851
3851
3854
3852
3851
3847
3847
3845
3844
3841
3844
3842
3842
3843
3840
3842
3839
3837
3831
3827
3827
3828
3823
3822
3819
3816
3813
3807
3803
3800
3804
3801
3790
3791
3795
3792
3788
3786
3784
3784
3779
3778
3779
3775
3777
3774
3774
3770
3765
3764
3766
3765
3764
3756
3757
3761
3756
3752
3750
3747
3752
3751
3748
3749
3746
3747
3745
3742
3740
3737
3737
3733
3732
3728
3726
3725
3718
3718
3721
3719
3715
3714
3711
3710
3708
3707
3704
3703
3700
3698
3696
3694
3690
3684
3693
3689
3688
3687
3684
3680
3678
3684
3678
3674
3672
3673
3676
3674
3672
3670
3672
3669
3669
3670
3668
3669
3668
3668
3666
3660
3660
3656
3660
3657
3650
3650
3653
3651
3647
3644
3644
3640
3638
3637
3634
3635
3632
3630
3624
3622
3629
3624
3624
3621
3619
3620
3614
3615
3613
3611
3610
3606
3607
3604
3603
3603
3594
3596
3594
3599
3597
3590
3590
3594
3590
3587
3582
3582
3588
3584
3579
3580
3582
3583
3580
3579
3576
3571
3569
3571
3570
3566
3565
3563
3559
3560
3558
3559
3557
3555
3554
3550
3550
3548
3545
3545
3543
3541
3541
3538
3538
3535
3528
3528
3527
3530
3526
3521
3520
3524
3523
3516
3513
3513
3518
3515
3509
3511
3513
3513
3510
3508
3507
3504
3504
3504
3500
3500
3500
3497
3498
3496
3494
3495
3492
3493
3491
3490
3489
3487
3487
3486
3484
3485
3479
3480
3486
3486
3480
3480
3481
3484
3482
3479
3479
3477
3477
3473
3470
3471
3471
3472
3469
3469
3466
3465
3465
3462
3463
3460
3460
3455
3454
3457
3459
3458
3456
3456
3449
3449
3454
3450
3450
3448
3448
3447
3444
3446
3444
3442
3442
3441
3437
3437
3435
3433
3434
3428
3428
3431
3429
3430
3426
3423
3423
3420
3416
3412
3417
3415
3407
3409
3409
3410
3410
3403
3403
3409
3405
3405
3405
3402
3402
3401
3401
3399
3397
3398
3396
3393
3396
3384
3385
3391
3387
3388
3383
3380
3385
3384
3382
3382
3381
3380
3379
3381
3378
3379
3380
3378
3382
3380
3375
3377
3381
3378
3373
3373
3371
3375
3371
3364
3365
3368
3366
3366
3363
3364
3362
3360
3359
3354
3353
3353
3349
3351
3348
3342
3342
3348
3345
3344
3343
3340
3341
3340
3338
3338
3336
3330
3332
3335
3333
3331
3331
3331
3330
3328
3328
3328
3321
3320
3324
3325
3322
3319
3320
3319
3316
3311
3312
3311
3313
3312
3310
3310
3302
3304
3310
3308
3306
3301
3303
3307
3303
3301
3302
3301
3298
3296
3295
3296
3295
3293
3293
3293
3292
3290
3288
3289
3287
3284
3283
3284
3283
3281
3277
3279
3283
3282
3281
3281
3280
3278
3279
3273
3273
3273
3274
3273
3274
3274
3267
3268
3273
3275
3272
3267
3268
3273
3271
3265
3265
3265
3269
3268
3265
3264
3262
3262
3260
3258
3257
3256
3258
3260
3259
3258
3257
3255
3254
3253
3255
3253
3248
3247
3245
3248
3248
3243
3243
3246
3245
3245
3243
3241
3235
3235
3241
3238
3234
3231
3232
3238
3236
3234
3232
3231
3231
3232
3230
3229
3226
3226
3228
3227
3224
3223
3223
3218
3218
3221
3219
3219
3220
3219
3215
3215
3220
3218
3217
3218
3215
3214
3215
3210
3209
3214
3212
3212
3210
3207
3207
3208
3202
3200
3204
3205
3204
3202
3201
3195
3196
3201
3200
3200
3194
3193
3197
3196
3195
3196
3195
3192
3192
3186
3188
3195
3193
3191
3190
3191
3192
3190
3190
3188
3189
3190
3188
3186
3184
3185
3186
3184
3184
3182
3183
3183
3183
3181
3175
3174
3178
3178
3176
3171
3173
3177
3176
3172
3172
3174
3174
3174
3170
3171
3177
3176
3175
3175
3176
3173
3172
3166
3167
3170
3173
3172
3170
3167
3167
3168
3166
3164
3161
3156
3158
3160
3158
3151
3152
3153
3157
3155
3155
3153
3151
3151
3148
3148
3148
3149
3148
3148
3150
3142
3143
3145
3145
3148
3140
3139
3145
3142
3143
3139
3139
3137
3136
3135
3136
3134
3135
3133
3129
3131
3133
3135
3134
3134
3132
3133
3135
3132
3133
3127
3127
3127
3129
3131
3128
3130
3129
3131
3126
3126
3126
3129
3127
3126
3124
3124
3123
3121
3121
3119
3120
3118
3112
3113
3114
3115
3115
3110
3109
3115
3111
3108
3106
3107
3109
3110
3108
3109
3108
3109
3109
3105
3108
3111
3111
3111
3111
3109
3106
3104
3109
3106
3102
3101
3106
3104
3104
3102
3101
3099
3100
3097
3099
3098
3099
3097
3100
3098
3101
3099
3100
3098
3100
3099
3100
3098
3099
3096
3096
3094
3101
3098
3093
3093
3099
3096
3096
3092
3092
3097
3096
3095
3094
3095
3090
3091
3094
3094
3091
3090
3087
3087
3084
3083
3081
3082
3079
3079
3079
3078
3076
3078
3075
3076
3075
3075
3074
3072
3072
3069
3070
3063
3063
3065
3068
3066
3068
3067
3061
3062
3067
3065
3065
3061
3061
3064
3064
3062
3063
3060
3059
3057
3061
3060
3053
3054
3058
3059
3060
3059
3062
3060
3061
3062
3063
3062
3063
3062
3062
3060
3061
3060
3060
3057
3057
3058
3056
3052
3052
3056
3057
3056
3049
3050
3055
3053
3046
3047
3046
3050
3048
3046
3046
3044
3045
3043
3042
3042
3040
3040
3033
3033
3037
3037
3037
3036
3035
3033
3032
3032
3029
3030
3028
3029
3029
3028
3022
3022
3025
3026
3028
3026
3027
3020
3022
3025
3027
3027
3026
3027
3026
3025
3026
3024
3025
3019
3021
3025
3024
3023
3022
3021
3020
3020
3019
3019
3018
3019
3018
3018
3017
3014
3016
3014
3015
3014
3015
3013
3010
3012
3015
3014
3011
3012
3014
3015
3018
3011
3014
3017
3017
3012
3012
3010
3015
3013
3013
3010
3011
3009
3008
3004
3005
3011
3008
3010
3006
3006
3005
3005
3004
3003
3002
3003
3002
3003
3005
3001
3002
3007
3005
3001
3001
3002
3005
3004
2999
3000
3004
3005
3003
3004
3002
3004
3004
3004
3002
3003
3002
3002
3000
3001
3000
2999
3000
2998
2998
2997
2998
2997
2996
2994
2995
2996
2995
2995
2991
2991
2997
2994
2991
2989
2990
2993
2994
2987
2989
2993
2993
2991
2987
2988
2992
2989
2990
2988
2988
2983
2984
2987
2988
2985
2985
2982
2979
2982
2985
2983
2984
2984
2985
2983
2982
2983
2982
2979
2979
2982
2983
2981
2976
2977
2982
2982
2979
2981
2981
2978
2980
2980
2981
2979
2979
2981
2979
2978
2977
2977
2976
2976
2972
2973
2974
2980
2978
2976
2976
2985
2983
2982
2980
2982
2986
2985
2987
2985
2981
2980
2981
2986
2982
2982
2981
2978
2978
2979
2976
2974
2973
2972
2966
2966
2967
2968
2966
2966
2962
2964
2961
2958
2956
2957
2962
2961
2959
2957
2955
2952
2954
2957
2956
2957
2955
2957
2956
2955
2953
2954
2959
2957
2958
2957
2958
2957
2959
2960
2961
2961
2961
2957
2959
2959
2963
2962
2959
2959
2958
2958
2957
2956
2956
2953
2952
2957
2956
2957
2957
2955
2956
2954
2953
2953
2953
2951
2951
2947
2949
2951
2952
2945
2948
2950
2952
2951
2946
2946
2951
2951
2943
2945
2943
2948
2946
2945
2944
2943
2941
2942
2940
2941
2939
2939
2937
2938
2937
2936
2936
2935
2935
2936
2934
2933
2932
2933
2930
2929
2933
2933
2927
2930
2929
2932
2933
2931
2931
2928
2928
2931
2931
2932
2932
2930
2930
2931
2929
2929
2928
2928
2928
2927
2927
2926
2928
2924
2923
2922
2928
2925
2925
2923
2922
2922
2924
2924
2924
2919
2919
2925
2923
2924
2922
2925
2923
2923
2920
2919
2922
2924
2926
2920
2921
2928
2926
2921
2922
2923
2925
2926
2926
2926
2926
2925
2926
2925
2926
2925
2925
2923
2923
2922
2922
2921
2921
2920
2915
2916
2919
2920
2919
2917
2916
2922
2921
2916
2917
2917
2922
2920
2916
2917
2920
2918
2918
2918
2916
2914
2914
2913
2913
2912
2911
2910
2910
2907
2908
2906
2907
2905
2905
2903
2905
2904
2904
2901
2900
2901
2903
2904
2904
2901
2904
2901
2901
2899
2899
2900
2898
2896
2895
2901
2898
2899
2898
2897
2894
2893
2901
2899
2896
2897
2896
2893
2893
2898
2897
2894
2893
2892
2897
2896
2894
2895
2897
2897
2894
2890
2891
2896
2894
2895
2894
2897
2897
2901
2899
2900
2901
2902
2901
2902
2902
2901
2903
2901
2902
2901
2903
2901
2901
2902
2896
2897
2902
2900
2900
2896
2897
2902
2898
2899
2899
2899
2901
2899
2896
2896
2900
2899
2899
2896
2895
2891
2892
2897
2895
2890
2891
2892
2897
2897
2895
2896
2894
2894
2894
2894
2892
2893
2891
2887
2888
2893
2892
2891
2887
2887
2890
2889
2886
2886
2887
2886
2886
2883
2883
2887
2887
2885
2886
2887
2886
2886
2888
2887
2887
2889
2887
2887
2887
2882
2883
2887
2885
2886
2881
2881
2885
2884
2885
2885
2885
2883
2885
2885
2883
2885
2883
2881
2880
2880
2882
2881
2877
2879
2883
2882
2882
2876
2877
2881
2881
2881
2880
2880
2881
2880
2876
2878
2881
2881
2881
2880
2879
2876
2877
2881
2881
2876
2876
2878
2881
2880
2880
2880
2880
2878
2878
2879
2877
2878
2877
2878
2879
2873
2874
2874
2878
2877
2874
2874
2874
2873
2871
2869
2868
2871
2872
2865
2865
2870
2869
2869
2865
2864
2869
2869
2869
2866
2868
2866
2865
2864
2864
2864
2865
2863
2864
2860
2863
2863
2862
2865
2863
2861
2863
2869
2868
2864
2864
2868
2868
2870
2866
2866
2872
2871
2870
2872
2872
2867
2869
2872
2872
2872
2869
2871
2871
2869
2868
2869
2867
2868
2868
2867
2869
2866
2865
2860
2860
2866
2864
2863
2859
2859
2864
2864
2864
2864
2862
2861
2863
2861
2861
2860
2861
2859
2859
2860
2855
2855
2863
2861
2862
2861
2862
2864
2864
2864
2866
2866
2866
2864
2863
2863
2868
2866
2860
2860
2865
2864
2862
2861
2863
2856
2858
2862
2860
2861
2860
2860
2859
2857
2857
2859
2855
2856
2858
2862
2863
2863
2864
2864
2865
2867
2868
2871
2869
2870
2871
2871
2868
2867
2866
2869
2869
2867
2866
2866
2866
2867
2866
2864
2861
2862
2867
2867
2864
2864
2863
2856
2856
2861
2858
2858
2858
2857
2857
2858
2858
2856
2857
2857
2855
2856
2857
2857
2853
2853
2854
2854
2851
2852
2847
2846
2852
2851
2848
2849
2848
2848
2851
2847
2847
2852
2853
2851
2850
2850
2853
2852
2847
2845
2847
2850
2847
2847
2847
2845
2845
2844
2844
2843
2844
2843
2841
2841
2840
2839
2840
2836
2838
2846
2845
2841
2843
2842
2845
2847
2846
2844
2841
2840
2842
2844
2843
2844
2843
2843
2844
2843
2843
2844
2844
2843
2841
2842
2846
2846
2844
2844
2844
2838
2838
2845
2841
2842
2841
2840
2841
2841
2840
2840
2841
2839
2839
2838
2838
2837
2837
2835
2836
2834
2831
2830
2834
2835
2828
2830
2834
2837
2838
2838
2839
2845
2845
2843
2844
2844
2850
2849
2843
2846
2850
2850
2848
2848
2848
2845
2846
2846
2845
2845
2842
2841
2841
2839
2839
2839
2837
2837
2835
2830
2832
2833
2833
2826
2827
2826
2829
2829
2827
2827
2827
2827
2826
2827
2826
2825
2827
2826
2823
2825
2822
2823
2821
2820
2824
2825
2819
2818
2822
2824
2823
2819
2820
2822
2824
2822
2822
2824
2818
2820
2824
2822
2824
2822
2822
2822
2820
2822
2820
2820
2818
2820
2819
2819
2817
2818
2819
2816
2817
2817
2816
2817
2816
2816
2817
2813
2813
2813
2818
2818
2818
2818
2819
2817
2818
2819
2818
2818
2819
2813
2812
2815
2816
2815
2812
2811
2816
2816
2814
2816
2817
2812
2815
2819
2819
2818
2819
2818
2817
2818
2817
2816
2813
2814
2814
2817
2816
2815
2814
2811
2811
2814
2816
2813
2814
2813
2812
2812
2808
2808
2809
2814
2810
2811
2811
2810
2811
2811
2810
2809
2809
2810
2808
2809
2809
2809
2811
2809
2809
2808
2810
2809
2808
2810
2808
2807
2808
2807
2803
2805
2806
2811
2808
2811
2811
2812
2814
2811
2810
2811
2814
2814
2812
2812
2821
2821
2821
2820
2825
2831
2834
2839
2842
2848
2846
2853
2861
2864
2864
2869
2877
2883
2888
2890
2893
2905
2907
2912
2916
2920
2926
2929
2932
2938
2943
2947
2954
2952
2960
2967
2972
2974
2978
2983
2985
2987
2991
2994
2994
2996
2993
2994
2995
