3000
3000
2998
2998
2998
2996
2995
2991
2989
2993
2990
2988
2986
2983
2983
2980
2977
2976
2967
2967
2968
2967
2963
2962
2960
2951
2952
2953
2949
2947
2945
2943
2938
2938
2930
2929
2931
2930
2928
2921
2921
2924
2921
2919
2918
2917
2915
2914
2912
2909
2909
2906
2906
2901
2899
2903
2899
2898
2895
2892
2892
2890
2889
2887
2882
2879
2883
2881
2879
2874
2874
2878
2875
2868
2869
2868
2872
2872
2871
2872
2871
2870
2868
2865
2864
2868
2866
2864
2864
2861
2860
2860
2858
2858
2858
2856
2854
2854
2851
2852
2851
2850
2850
2845
2846
2846
2849
2848
2842
2843
2847
2844
2844
2844
2841
2838
2838
2842
2839
2839
2837
2836
2837
2836
2835
2835
2834
2833
2832
2831
2832
2831
2830
2831
2830
2829
2830
2830
2827
2829
2830
2830
2829
2830
2831
2836
2836
2831
2833
2836
2837
2834
2829
2829
2832
2832
2826
2825
2831
2828
2827
2828
2827
2821
2823
2827
2827
2827
2822
2823
2828
2826
2826
2826
2823
2823
2824
2821
2820
2818
2818
2818
2818
2817
2811
2812
2815
2815
2815
2812
2813
2812
2812
2812
2812
2813
2814
2813
2812
2813
2810
2809
2815
2813
2812
2812
2813
2810
2810
2806
2805
2810
2810
2808
2808
2811
2810
2811
2812
2812
2811
2814
2813
2809
2810
2814
2812
2809
2807
2809
2811
2810
2810
2810
2809
2809
2808
2807
2807
2806
2806
2806
2806
2803
2805
2802
2802
2802
2796
2799
2802
2803
2802
2798
2799
2804
2802
2800
2802
2802
2801
2802
2799
2799
2804
2805
2804
2802
2803
2800
2802
2806
2805
2805
2804
2804
2799
2799
2805
2803
2803
2802
2802
2801
2800
2798
2798
2798
2795
2796
2795
2793
2793
2794
2794
2793
2791
2789
2792
2792
2792
2792
2791
2788
2790
2790
2793
2793
2789
2790
2795
2792
2790
2788
2790
2792
2792
2793
2792
2792
2790
2792
2790
2792
2792
2791
2786
2789
2789
2794
2793
2788
2789
2796
2795
2793
2792
2793
2794
2794
2795
2795
2791
2790
2793
2799
2797
2798
2799
2798
2797
2798
2799
2798
2800
2799
2800
2801
2801
2800
2800
2797
2798
2804
2802
2800
2800
2803
2807
2806
2802
2804
2810
2810
2809
2811
2812
2814
2816
2818
2819
2821
2822
2823
2829
2830
2831
2833
2828
2828
2830
2835
2837
2836
2836
2838
2838
2837
2838
2838
2840
2840
2839
2840
2841
2842
2844
2847
2850
2853
2854
2853
2856
2858
2863
2865
2860
2862
2870
2871
2870
2869
2872
2877
2877
2879
2879
2879
2880
2881
2877
2878
2885
2883
2885
2886
2888
2888
2889
2892
2893
2894
2896
2899
2899
2900
2899
2903
2909
2910
2912
2911
2914
2920
2922
2925
2925
2928
2929
2933
2935
2938
2935
2938
2947
2949
2950
2950
2953
2960
2964
2966
2968
2972
2974
2977
2979
2982
2981
2984
2993
2995
2996
3000
3005
3007
3012
3014
3018
3021
3024
3027
3025
3030
3039
3042
3043
3049
3053
3054
3060
3059
3063
3073
3075
3078
3077
3081
3091
3094
3096
3103
3105
3105
3111
3118
3122
3127
3131
3138
3141
3145
3151
3155
3159
3163
3166
3169
3174
3178
3181
3181
3187
3196
3199
3203
3207
3209
3215
3220
3219
3225
3233
3239
3242
3248
3251
3252
3259
3269
3275
3279
3285
3291
3291
3297
3310
3314
3320
3320
3327
3334
3340
3343
3349
3354
3358
3365
3370
3377
3383
3387
3394
3401
3406
3412
3420
3429
3436
3443
3451
3455
3459
3466
3478
3484
3491
3498
3501
3507
3513
3526
3529
3533
3536
3550
3553
3560
3560
3567
3577
3585
3590
3596
3604
3604
3612
3623
3629
3634
3641
3646
3654
3658
3665
3669
3674
3682
3688
3695
3701
3703
3711
3722
3728
3734
3738
3746
3752
3759
3760
3768
3779
3786
3792
3799
3804
3812
3817
3819
3825
3838
3839
3847
3850
3856
3856
3864
3875
3877
3885
3884
3891
3902
3906
3910
3915
3923
3925
3934
3932
3942
3952
3959
3964
3971
3974
3983
3985
3994
4000
4008
4013
4020
4026
4033
4040
4046
4048
4054
4065
4075
4081
4086
4093
4101
4107
4115
4120
4127
4132
4140
4140
4150
4163
4165
4172
4178
4186
4185
4192
4204
4209
4213
4221
4224
4230
4234
4238
4243
4242
4243
4251
4258
4259
4263
4267
4270
4279
4282
4284
4291
4304
4309
4310
4318
4325
4337
4343
4346
4354
4368
4374
4383
4387
4395
4402
4409
4417
4423
4425
4435
4441
4454
4459
4463
4467
4475
4479
4485
4491
4494
4499
4504
4510
4515
4520
4522
4529
4533
4538
4538
4544
4552
4553
4559
4559
4562
4572
4575
4578
4582
4584
4588
4590
4595
4600
4605
4610
4609
4618
4624
4633
4636
4639
4645
4643
4648
4654
4661
4663
4665
4668
4667
4669
4677
4682
4684
4687
4690
4688
4691
4700
4704
4704
4705
4706
4708
4708
4710
4710
4713
4709
4711
4715
4718
4718
4717
4718
4719
4721
4726
4730
4732
4733
4736
4738
4742
4745
4748
4753
4754
4759
4763
4766
4769
4775
4774
4780
4791
4796
4800
4804
4810
4815
4819
4817
4826
4836
4841
4842
4845
4851
4848
4851
4863
4863
4869
4867
4871
4879
4883
4887
4888
4892
4895
4900
4903
4905
4910
4916
4918
4920
4925
4924
4929
4937
4940
4944
4946
4950
4950
4953
4963
4965
4964
4970
4970
4969
4970
4978
4979
4978
4977
4978
4981
4981
4982
4981
4975
4976
4981
4979
4976
4977
4979
4977
4979
4980
4983
4985
4987
4987
4980
4985
4995
4995
4995
4996
4997
4994
4997
5000
5001
5001
5001
5002
4999
4999
4994
4995
5002
5002
5001
5001
5001
5003
5007
4999
5001
5010
5009
5004
4999
5001
5006
5003
5002
5004
5002
4999
4997
4993
4993
4996
4995
4996
4995
4995
4994
4996
4996
4995
4996
4997
4998
4995
4995
4996
4995
4994
4993
4992
4992
4995
4994
4993
4988
4990
4993
4995
4992
4986
4985
4989
4989
4989
4988
4985
4985
4984
4978
4978
4985
4982
4984
4984
4982
4977
4978
4989
4988
4984
4983
4984
4991
4995
4995
4993
4992
4995
4995
4996
4993
4993
4992
4993
4990
4986
4981
4980
4983
4980
4978
4977
4968
4965
4964
4964
4960
4959
4956
4954
4949
4948
4947
4943
4942
4939
4930
4934
4932
4934
4931
4931
4928
4920
4919
4918
4916
4914
4914
4908
4906
4903
4903
4900
4899
4889
4889
4896
4891
4885
4885
4882
4880
4877
4875
4876
4876
4875
4869
4867
4868
4874
4872
4864
4863
4871
4870
4870
4868
4867
4870
4870
4863
4864
4865
4873
4872
4872
4872
4869
4871
4874
4873
4873
4867
4869
4875
4875
4868
4868
4868
4873
4874
4872
4870
4868
4868
4867
4864
4863
4860
4855
4850
4847
4845
4843
4837
4830
4829
4834
4832
4829
4827
4826
4820
4820
4823
4816
4816
4815
4815
4812
4809
4804
4805
4811
4808
4804
4800
4798
4794
4790
4779
4777
4781
4777
4775
4769
4768
4771
4766
4762
4762
4763
4761
4759
4758
4755
4754
4754
4750
4746
4745
4752
4751
4750
4750
4750
4747
4744
4746
4747
4745
4741
4733
4734
4735
4740
4739
4736
4735
4725
4726
4729
4729
4727
4719
4720
4725
4722
4718
4717
4716
4715
4712
4710
4706
4705
4705
4704
4702
4699
4695
4695
4690
4690
4690
4690
4683
4681
4681
4679
4676
4666
4665
4664
4668
4666
4662
4661
4656
4654
4652
4651
4645
4644
4641
4639
4634
4630
4627
4626
4616
4613
4616
4611
4604
4603
4599
4602
4598
4595
4594
4593
4589
4589
4584
4583
4583
4579
4578
4575
4570
4566
4564
4565
4563
4557
4553
4553
4550
4547
4543
4541
4540
4537
4533
4528
4525
4517
4516
4519
4516
4507
4506
4506
4506
4503
4498
4495
4491
4489
4486
4483
4482
4479
4476
4471
4467
4464
4462
4458
4455
4451
4445
4444
4450
4446
4439
4435
4433
4438
4435
4424
4424
4429
4427
4425
4421
4417
4416
4415
4412
4408
4405
4404
4399
4397
4394
4388
4387
4387
4387
4385
4381
4381
4385
4380
4376
4376
4374
4373
4370
4361
4361
4365
4361
4360
4358
4355
4351
4347
4346
4344
4340
4336
4334
4334
4332
4322
4322
4327
4325
4321
4317
4317
4311
4309
4311
4308
4307
4303
4300
4297
4293
4289
4286
4283
4282
4280
4280
4277
4268
4269
4274
4271
4269
4267
4265
4259
4259
4264
4261
4259
4257
4257
4256
4252
4248
4247
4248
4249
4245
4237
4238
4241
4236
4232
4231
4230
4228
4226
4223
4221
4220
4217
4215
4205
4203
4205
4200
4193
4191
4193
4191
4185
4182
4181
4178
4175
4171
4168
4164
4161
4159
4155
4155
4152
4148
4145
4138
4138
4142
4139
4130
4130
4129
4129
4125
4119
4117
4115
4110
4103
4101
4101
4102
4095
4094
4092
4091
4089
4087
4081
4080
4087
4083
4079
4076
4074
4073
4070
4066
4064
4063
4060
4056
4054
4053
4050
4046
4041
4039
4037
4034
4030
4021
4021
4025
4021
4012
4012
4015
4015
4010
4008
4004
4006
4003
4000
4002
4001
3993
3992
3997
3994
3987
3986
3985
3989
3987
3988
3984
3984
3984
3982
3980
3980
3973
3971
3976
3973
3966
3964
3963
3966
3966
3963
3958
3953
3954
3953
3956
3956
3952
3949
3946
3946
3942
3943
3943
3936
3934
3937
3936
3934
3931
3928
3925
3924
3920
3918
3911
3910
3911
3914
3910
3907
3906
3903
3902
3899
3898
3898
3896
3894
3891
3888
3887
3883
3882
3881
3878
3874
3872
3870
3867
3866
3863
3864
3864
3862
3856
3857
3859
3861
3858
3851
3850
3855
3851
3843
3842
3840
3840
3835
3829
3829
3830
3826
3825
3820
3817
3819
3818
3818
3815
3810
3811
3808
3805
3802
3804
3801
3797
3796
3795
3793
3791
3789
3789
3781
3780
3780
3785
3782
3775
3773
3779
3775
3770
3769
3769
3764
3763
3762
3759
3757
3758
3755
3752
3752
3746
3746
3749
3746
3745
3744
3742
3741
3740
3731
3733
3736
3737
3732
3733
3732
3730
3729
3723
3722
3721
3725
3725
3724
3721
3720
3717
3714
3707
3708
3711
3707
3703
3700
3697
3691
3690
3691
3686
3680
3679
3681
3678
3677
3667
3667
3672
3668
3667
3666
3666
3663
3661
3659
3658
3657
3656
3654
3649
3649
3653
3650
3647
3646
3637
3636
3635
3638
3635
3634
3631
3629
3627
3624
3623
3622
3621
3619
3619
3617
3614
3614
3613
3605
3605
3612
3608
3608
3608
3606
3603
3602
3599
3597
3599
3598
3597
3600
3599
3592
3593
3598
3597
3591
3590
3587
3591
3589
3585
3585
3578
3576
3575
3578
3575
3575
3572
3564
3565
3563
3565
3562
3557
3555
3558
3558
3554
3553
3552
3549
3547
3547
3543
3543
3542
3540
3540
3540
3533
3535
3538
3537
3537
3535
3536
3534
3533
3533
3532
3530
3531
3528
3522
3521
3526
3524
3521
3521
3518
3513
3514
3519
3515
3516
3513
3511
3505
3504
3507
3506
3504
3500
3499
3497
3496
3496
3494
3490
3487
3491
3491
3489
3486
3486
3484
3483
3481
3481
3478
3473
3473
3476
3477
3470
3468
3470
3472
3470
3464
3465
3466
3466
3462
3462
3461
3459
3458
3457
3455
3454
3452
3450
3448
3447
3448
3447
3440
3443
3445
3445
3446
3444
3442
3438
3437
3441
3442
3439
3439
3436
3435
3435
3426
3427
3427
3430
3431
3423
3423
3430
3426
3425
3426
3423
3425
3422
3421
3420
3418
3418
3418
3417
3417
3414
3415
3414
3413
3413
3406
3407
3411
3409
3404
3402
3404
3406
3401
3398
3398
3399
3399
3396
3395
3395
3392
3392
3391
3389
3391
3388
3390
3384
3385
3388
3386
3386
3383
3381
3382
3380
3381
3378
3378
3376
3374
3372
3372
3364
3366
3369
3366
3367
3363
3363
3360
3359
3354
3352
3359
3357
3356
3355
3353
3354
3351
3352
3348
3344
3342
3342
3345
3342
3340
3336
3342
3339
3338
3334
3336
3341
3338
3334
3333
3334
3333
3335
3329
3328
3333
3333
3331
3331
3329
3330
3328
3327
3326
3325
3324
3323
3321
3318
3318
3316
3310
3311
3310
3312
3310
3310
3311
3309
3308
3307
3307
3306
3304
3304
3302
3303
3297
3295
3298
3300
3299
3300
3299
3292
3292
3295
3296
3295
3291
3289
3296
3294
3292
3292
3289
3290
3287
3288
3288
3288
3289
3288
3283
3282
3287
3283
3284
3281
3282
3279
3279
3272
3272
3279
3276
3271
3271
3270
3275
3273
3272
3272
3264
3267
3263
3268
3268
3266
3266
3266
3265
3264
3265
3264
3258
3261
3264
3262
3260
3259
3258
3257
3257
3249
3252
3258
3255
3256
3254
3255
3252
3254
3252
3252
3249
3251
3249
3246
3245
3242
3243
3236
3238
3238
3241
3243
3236
3238
3241
3240
3238
3235
3234
3231
3230
3228
3226
3226
3224
3225
3217
3219
3224
3221
3223
3222
3220
3221
3218
3219
3216
3218
3215
3215
3211
3211
3213
3212
3211
3212
3209
3207
3206
3209
3209
3202
3204
3209
3207
3208
3206
3204
3205
3202
3197
3197
3199
3201
3201
3199
3199
3198
3198
3194
3192
3192
3196
3194
3194
3194
3192
3192
3190
3190
3188
3187
3183
3186
3184
3184
3182
3183
3177
3179
3183
3181
3178
3174
3176
3179
3179
3176
3177
3169
3171
3170
3173
3173
3170
3169
3169
3169
3169
3166
3167
3167
3167
3162
3162
3168
3169
3170
3164
3165
3169
3167
3164
3163
3163
3160
3162
3155
3156
3161
3157
3157
3156
3156
3155
3153
3155
3153
3153
3152
3153
3147
3147
3151
3150
3149
3148
3148
3147
3146
3145
3144
3144
3145
3143
3142
3141
3142
3139
3136
3136
3138
3139
3139
3136
3136
3133
3132
3136
3136
3134
3130
3130
3134
3133
3132
3133
3131
3134
3131
3134
3132
3129
3128
3131
3132
3133
3131
3132
3130
3131
3129
3128
3127
3121
3123
3125
3124
3120
3122
3119
3114
3114
3120
3117
3119
3116
3115
3112
3112
3117
3119
3118
3118
3117
3117
3116
3116
3115
3109
3110
3113
3112
3107
3102
3104
3106
3105
3104
3103
3100
3100
3098
3099
3098
3097
3097
3095
3097
3096
3094
3093
3100
3098
3099
3099
3097
3093
3091
3095
3093
3092
3091
3086
3086
3085
3089
3089
3089
3088
3086
3087
3085
3085
3083
3084
3082
3084
3082
3081
3078
3076
3083
3079
3080
3078
3078
3074
3075
3078
3076
3076
3075
3076
3075
3076
3074
3074
3081
3080
3079
3080
3080
3076
3077
3080
3081
3075
3076
3077
3081
3079
3079
3077
3077
3077
3074
3076
3072
3074
3071
3072
3069
3066
3065
3065
3070
3066
3068
3067
3066
3064
3065
3066
3064
3063
3062
3067
3065
3064
3064
3062
3058
3055
3060
3058
3057
3054
3055
3052
3052
3045
3045
3049
3047
3046
3046
3044
3045
3044
3042
3044
3041
3040
3040
3039
3037
3036
3037
3030
3030
3030
3035
3035
3034
3034
3029
3029
3033
3033
3036
3031
3034
3038
3039
3038
3039
3038
3037
3038
3031
3033
3037
3034
3033
3032
3033
3031
3030
3030
3031
3028
3028
3027
3027
3027
3019
3022
3025
3025
3024
3022
3024
3023
3021
3018
3017
3019
3022
3023
3022
3021
3020
3020
3021
3018
3020
3013
3013
3020
3018
3017
3015
3017
3016
3018
3013
3016
3020
3020
3021
3018
3020
3013
3014
3019
3016
3013
3010
3010
3014
3012
3013
3013
3008
3010
3010
3014
3013
3013
3011
3010
3011
3010
3009
3011
3007
3007
3009
3006
3006
3005
3004
3002
3001
3001
3000
3000
2999
2997
2995
2993
2997
2996
2992
2991
2992
2997
2995
2988
2991
2996
2994
2996
2996
2995
2994
2993
2999
2999
2993
2993
2993
2998
2994
2994
2994
2992
2993
2991
2990
2991
2989
2989
2987
2988
2985
2987
2986
2987
2986
2985
2985
2985
2985
2984
2983
2985
2984
2983
2984
2984
2986
2988
2985
2981
2983
2986
2986
2984
2979
2981
2986
2984
2980
2981
2983
2985
2982
2979
2977
2982
2982
2975
2975
2975
2981
2977
2979
2978
2977
2976
2976
2977
2977
2978
2979
2976
2978
2977
2976
2977
2977
2977
2973
2975
2978
2977
2977
2971
2971
2973
2972
2967
2965
2968
2971
2968
2968
2971
2970
2972
2972
2972
2973
2971
2972
2968
2966
2971
2971
2968
2968
2967
2966
2966
2965
2965
2965
2964
2964
2961
2963
2957
2958
2962
2962
2961
2960
2958
2954
2955
2960
2957
2958
2958
2957
2957
2957
2951
2952
2953
2956
2954
2951
2952
2957
2957
2952
2954
2956
2960
2961
2959
2959
2960
2956
2957
2955
2952
2953
2952
2951
2952
2949
2948
2950
2953
2955
2954
2955
2956
2954
2955
2954
2953
2954
2951
2951
2953
2951
2951
2949
2946
2945
2949
2949
2946
2946
2945
2943
2944
2942
2943
2943
2942
2941
2939
2937
2943
2941
2943
2943
2939
2936
2934
2939
2939
2932
2934
2934
2936
2936
2930
2932
2935
2933
2934
2932
2932
2929
2929
2934
2932
2932
2932
2931
2931
2931
2931
2933
2932
2931
2932
2932
2933
2929
2930
2934
2933
2931
2928
2930
2929
2929
2933
2930
2931
2929
2928
2928
2925
2926
2925
2925
2926
2924
2925
2924
2923
2924
2924
2925
2924
2926
2926
2926
2927
2925
2928
2927
2927
2928
2922
2923
2926
2925
2922
2919
2923
2922
2922
2917
2916
2922
2919
2920
2920
2918
2921
2917
2919
2919
2916
2918
2919
2917
2919
2920
2918
2919
2918
2915
2916
2915
2920
2920
2918
2920
2914
2917
2917
2920
2920
2914
2916
2920
2918
2917
2915
2916
2916
2916
2912
2911
2915
2917
2916
2911
2911
2917
2915
2915
2915
2914
2915
2914
2914
2912
2911
2911
2908
2907
2908
2906
2906
2900
2900
2903
2904
2903
2901
2902
2901
2900
2894
2895
2894
2897
2899
2898
2900
2894
2898
2899
2901
2902
2899
2898
2904
2903
2899
2899
2901
2903
2904
2902
2902
2903
2902
2904
2906
2905
2908
2908
2908
2911
2908
2908
2908
2907
2908
2908
2906
2907
2906
2907
2901
2904
2908
2907
2906
2906
2908
2912
2910
2910
2909
2907
2906
2906
2904
2902
2903
2902
2898
2900
2899
2902
2901
2896
2897
2902
2901
2897
2896
2896
2900
2899
2898
2899
2898
2899
2899
2899
2898
2900
2897
2897
2898
2895
2895
2895
2889
2889
2895
2892
2885
2886
2884
2889
2887
2879
2882
2884
2884
2883
2881
2880
2877
2878
2882
2880
2880
2878
2879
2880
2879
2880
2881
2881
2880
2881
2880
2880
2880
2877
2879
2880
2879
2881
2880
2876
2878
2881
2882
2876
2875
2876
2879
2878
2878
2876
2873
2872
2876
2878
2878
2874
2873
2877
2877
2876
2874
2875
2876
2874
2874
2873
2873
2874
2873
2871
2872
2868
2867
2870
2870
2871
2870
2870
2866
2865
2870
2869
2868
2869
2868
2867
2869
2864
2863
2867
2868
2867
2865
2864
2870
2869
2869
2869
2870
2870
2869
2868
2868
2869
2868
2870
2869
2870
2865
2866
2871
2872
2869
2867
2869
2872
2872
2870
2868
2874
2872
2871
2871
2868
2868
2868
2866
2866
2866
2864
2866
2864
2866
2866
2864
2862
2862
2860
2867
2865
2864
2865
2865
2864
2865
2864
2862
2859
2860
2863
2864
2863
2858
2859
2863
2862
2860
2862
2858
2856
2855
2860
2859
2857
2858
2858
2858
2858
2858
2857
2857
2857
2855
2855
2855
2853
2853
2853
2852
2848
2850
2850
2851
2851
2849
2848
2854
2853
2853
2854
2854
2854
2852
2854
2852
2853
2854
2853
2849
2850
2853
2853
2853
2853
2852
2855
2854
2853
2854
2855
2853
2853
2854
2854
2854
2855
2850
2851
2855
2854
2853
2849
2849
2853
2853
2846
2848
2850
2850
2851
2851
2850
2847
2848
2852
2853
2851
2849
2850
2853
2853
2851
2850
2851
2850
2848
2848
2848
2846
2847
2847
2846
2846
2846
2843
2844
2843
2844
2841
2842
2842
2840
2836
2836
2840
2840
2839
2838
2840
2839
2839
2836
2836
2841
2846
2846
2848
2850
2845
2847
2853
2852
2852
2850
2849
2851
2852
2849
2849
2849
2847
2847
2846
2846
2844
2842
2843
2841
2841
2839
2839
2846
2844
2840
2841
2841
2846
2845
2840
2841
2847
2844
2842
2844
2843
2844
2844
2838
2841
2842
2844
2844
2843
2842
2844
2843
2837
2840
2840
2843
2843
2840
2841
2841
2840
2842
2841
2842
2842
2841
2842
2841
2839
2840
2839
2833
2835
2841
2839
2839
2839
2836
2835
2836
2835
2835
2829
2830
2831
2832
2832
2829
2827
2833
2833
2830
2830
2830
2826
2825
2830
2830
2828
2827
2829
2828
2829
2828
2829
2828
2828
2829
2824
2827
2831
2829
2825
2825
2826
2830
2830
2825
2826
2827
2827
2821
2822
2823
2827
2825
2827
2826
2825
2826
2826
2824
2825
2821
2822
2828
2828
2827
2828
2829
2828
2827
2829
2829
2829
2828
2829
2825
2824
2828
2827
2827
2826
2827
2824
2823
2829
2828
2828
2826
2828
2829
2827
2823
2825
2828
2827
2822
2823
2823
2827
2827
2820
2820
2826
2824
2822
2824
2825
2823
2825
2825
2825
2827
2826
2827
2829
2828
2829
2830
2828
2828
2828
2826
2825
2826
2823
2823
2824
2822
2824
2825
2820
2822
2826
2825
2822
2821
2821
2824
2824
2820
2819
2824
2824
2821
2822
2823
2821
2820
2817
2818
2817
2822
2821
2820
2818
2819
2818
2818
2816
2816
2815
2815
2815
2816
2809
2812
2812
2815
2817
2811
2813
2819
2817
2817
2817
2815
2817
2816
2815
2816
2816
2814
2815
2815
2816
2815
2815
2811
2811
2811
2816
2814
2815
2814
2808
2810
2811
2814
2812
2813
2812
2812
2813
2812
2810
2811
2810
2809
2812
2810
2807
2809
2810
2813
2815
2813
2813
2811
2812
2813
2812
2812
2814
2813
2813
2814
2814
2812
2813
2812
2812
2813
2812
2808
2808
2809
2812
2814
2812
2813
2822
2822
2822
2821
2823
2830
2833
2837
2841
2844
2846
2850
2860
2866
2865
2871
2881
2885
2889
2890
2897
2906
2910
2910
2916
2921
2931
2934
2940
2944
2943
2950
2955
2962
2968
2965
2971
2980
2981
2986
2987
2991
2990
2994
2995
2994
2996
2998
2999
2996
2994
