3001
2997
2998
2997
2996
2994
2993
2990
2990
2987
2987
2983
2980
2979
2976
2974
2971
2968
2967
2965
2961
2958
2957
2954
2951
2945
2943
2942
2944
2940
2937
2937
2932
2930
2928
2927
2925
2919
2917
2921
2918
2911
2910
2909
2912
2908
2908
2907
2905
2903
2902
2901
2897
2897
2894
2892
2891
2887
2884
2883
2887
2886
2883
2882
2876
2874
2875
2878
2877
2874
2875
2873
2869
2871
2868
2866
2867
2864
2860
2860
2862
2862
2860
2854
2856
2858
2856
2852
2852
2851
2853
2852
2852
2850
2851
2850
2850
2848
2848
2846
2847
2842
2842
2845
2845
2843
2845
2843
2841
2843
2835
2836
2836
2838
2837
2837
2838
2833
2836
2836
2839
2839
2838
2836
2834
2834
2828
2826
2828
2830
2828
2827
2827
2825
2825
2825
2823
2825
2823
2823
2822
2822
2822
2818
2818
2824
2821
2822
2822
2817
2818
2818
2819
2820
2820
2819
2816
2815
2816
2821
2819
2818
2819
2812
2812
2814
2815
2816
2814
2815
2809
2809
2814
2815
2814
2814
2814
2812
2813
2812
2810
2811
2811
2808
2807
2806
2811
2811
2808
2810
2810
2806
2808
2806
2806
2804
2801
2803
2806
2804
2800
2801
2804
2805
2804
2803
2802
2802
2804
2803
2802
2803
2802
2802
2802
2801
2802
2802
2797
2798
2801
2803
2804
2805
2804
2802
2803
2801
2802
2802
2795
2796
2802
2799
2800
2799
2797
2795
2793
2798
2798
2797
2798
2800
2799
2801
2800
2800
2802
2801
2804
2806
2807
2809
2811
2812
2813
2815
2811
2813
2815
2814
2810
2809
2812
2812
2812
2805
2806
2809
2807
2806
2805
2804
2805
2804
2799
2802
2805
2805
2804
2802
2804
2800
2800
2805
2804
2800
2798
2799
2803
2800
2800
2799
2799
2801
2801
2803
2806
2805
2808
2805
2806
2809
2811
2811
2812
2810
2811
2810
2809
2808
2808
2804
2805
2801
2800
2806
2804
2802
2799
2799
2801
2802
2801
2800
2801
2799
2799
2801
2800
2795
2796
2799
2802
2799
2801
2801
2800
2800
2800
2800
2801
2800
2800
2802
2800
2797
2800
2800
2803
2805
2806
2806
2807
2806
2804
2804
2805
2812
2810
2811
2812
2807
2811
2811
2818
2815
2814
2813
2822
2821
2821
2823
2824
2820
2822
2830
2829
2831
2831
2833
2833
2834
2835
2835
2836
2837
2838
2840
2838
2841
2843
2843
2845
2844
2841
2843
2847
2849
2845
2848
2853
2854
2856
2856
2857
2859
2859
2861
2861
2862
2859
2859
2867
2864
2863
2865
2867
2873
2873
2876
2875
2876
2877
2880
2880
2882
2884
2884
2888
2887
2891
2891
2894
2895
2896
2903
2905
2906
2909
2913
2913
2916
2918
2920
2925
2925
2925
2927
2932
2938
2941
2942
2945
2946
2951
2953
2956
2959
2958
2960
2969
2970
2973
2975
2978
2980
2984
2984
2984
2994
2996
2999
2999
3003
3012
3013
3011
3016
3019
3029
3030
3035
3039
3043
3049
3050
3055
3057
3063
3066
3068
3073
3075
3079
3083
3087
3092
3089
3096
3104
3106
3111
3112
3117
3124
3131
3128
3134
3141
3150
3152
3160
3163
3164
3169
3180
3183
3189
3193
3199
3203
3209
3212
3218
3223
3228
3233
3237
3243
3247
3254
3256
3263
3268
3274
3281
3285
3292
3295
3303
3306
3313
3317
3320
3326
3337
3345
3346
3356
3358
3366
3371
3372
3381
3387
3398
3403
3405
3412
3423
3430
3431
3437
3444
3455
3460
3461
3468
3482
3487
3492
3499
3505
3506
3515
3526
3533
3538
3543
3551
3557
3561
3571
3575
3580
3586
3590
3597
3602
3610
3616
3616
3625
3633
3643
3648
3655
3660
3660
3671
3677
3686
3694
3700
3706
3714
3720
3725
3732
3737
3745
3753
3755
3762
3773
3780
3787
3790
3795
3802
3809
3809
3818
3826
3832
3839
3841
3847
3858
3862
3870
3876
3882
3883
3890
3902
3909
3916
3920
3927
3934
3940
3946
3954
3963
3968
3974
3981
3988
3994
4002
4009
4015
4022
4029
4037
4041
4047
4055
4062
4060
4069
4078
4089
4092
4095
4100
4115
4121
4124
4128
4133
4131
4136
4150
4153
4159
4165
4168
4175
4177
4174
4178
4189
4192
4194
4193
4197
4208
4212
4209
4213
4220
4229
4233
4237
4240
4244
4248
4255
4258
4262
4262
4268
4280
4282
4282
4286
4290
4296
4300
4298
4303
4315
4320
4322
4326
4329
4339
4347
4352
4358
4363
4370
4373
4380
4389
4390
4397
4410
4414
4422
4429
4434
4439
4444
4449
4455
4461
4466
4473
4483
4487
4494
4501
4508
4510
4519
4526
4534
4533
4540
4553
4558
4564
4572
4577
4579
4584
4581
4588
4593
4601
4603
4605
4606
4610
4613
4616
4619
4620
4623
4626
4630
4635
4639
4642
4645
4647
4654
4664
4669
4668
4674
4681
4689
4693
4699
4704
4708
4712
4710
4714
4719
4726
4728
4723
4727
4738
4739
4742
4746
4748
4751
4754
4751
4757
4763
4769
4773
4770
4774
4785
4785
4789
4794
4799
4801
4802
4806
4812
4813
4817
4817
4822
4823
4830
4833
4834
4836
4836
4835
4836
4845
4846
4846
4846
4847
4849
4852
4855
4857
4858
4860
4853
4857
4862
4869
4867
4867
4865
4858
4862
4862
4866
4866
4860
4861
4868
4868
4870
4872
4876
4877
4880
4880
4886
4892
4897
4900
4897
4898
4904
4908
4909
4908
4911
4913
4916
4920
4923
4925
4927
4927
4934
4937
4940
4939
4935
4937
4945
4946
4947
4943
4945
4952
4948
4942
4945
4948
4954
4953
4956
4953
4955
4954
4954
4957
4958
4961
4963
4957
4960
4968
4967
4964
4965
4966
4961
4966
4971
4971
4972
4974
4975
4976
4977
4978
4979
4974
4974
4976
4982
4981
4973
4973
4980
4978
4976
4975
4973
4972
4971
4961
4963
4966
4972
4974
4974
4976
4969
4971
4976
4978
4976
4977
4976
4975
4974
4974
4970
4967
4965
4964
4963
4961
4960
4957
4955
4952
4953
4961
4959
4961
4963
4960
4962
4962
4966
4967
4965
4965
4963
4961
4959
4959
4959
4959
4958
4950
4949
4947
4951
4949
4947
4946
4944
4942
4936
4937
4936
4938
4934
4927
4927
4933
4932
4931
4927
4928
4931
4925
4922
4919
4917
4913
4910
4910
4907
4900
4899
4903
4901
4898
4895
4893
4893
4893
4888
4888
4889
4894
4893
4891
4890
4882
4884
4886
4890
4890
4887
4890
4887
4888
4883
4885
4884
4891
4887
4887
4885
4883
4883
4882
4883
4882
4881
4877
4868
4868
4868
4873
4870
4871
4868
4868
4867
4863
4865
4861
4856
4856
4863
4859
4852
4851
4852
4857
4857
4856
4853
4853
4851
4849
4847
4847
4850
4848
4842
4843
4848
4847
4846
4844
4842
4843
4842
4837
4837
4840
4842
4842
4841
4840
4840
4838
4836
4837
4836
4827
4828
4832
4828
4822
4823
4820
4819
4815
4806
4806
4808
4807
4803
4802
4801
4800
4798
4796
4795
4793
4793
4792
4791
4790
4781
4778
4783
4779
4776
4769
4766
4772
4768
4763
4761
4759
4756
4755
4748
4746
4751
4748
4746
4742
4738
4736
4732
4730
4725
4724
4725
4723
4720
4716
4709
4709
4714
4714
4710
4703
4702
4706
4703
4696
4698
4698
4700
4696
4694
4692
4690
4689
4688
4687
4686
4683
4681
4677
4675
4681
4678
4675
4672
4668
4667
4665
4664
4662
4660
4656
4655
4654
4654
4650
4648
4641
4638
4639
4643
4642
4641
4638
4628
4629
4628
4632
4631
4628
4626
4625
4622
4619
4615
4613
4614
4612
4607
4606
4597
4594
4593
4598
4595
4584
4582
4588
4585
4583
4578
4576
4567
4565
4569
4568
4564
4561
4556
4554
4551
4550
4549
4544
4540
4539
4532
4529
4532
4528
4526
4524
4520
4515
4513
4511
4508
4503
4502
4497
4494
4492
4493
4489
4481
4481
4485
4482
4476
4475
4473
4465
4464
4467
4462
4459
4458
4455
4452
4451
4447
4444
4442
4438
4435
4437
4434
4432
4430
4428
4425
4424
4422
4421
4416
4415
4413
4410
4410
4403
4402
4405
4401
4394
4393
4394
4393
4388
4385
4385
4376
4374
4377
4374
4372
4365
4362
4365
4362
4358
4356
4355
4355
4351
4348
4345
4344
4344
4341
4337
4337
4337
4335
4332
4328
4330
4326
4323
4320
4317
4309
4308
4313
4306
4299
4294
4289
4283
4282
4285
4279
4273
4266
4264
4267
4261
4252
4251
4255
4250
4244
4243
4241
4239
4236
4234
4231
4230
4227
4226
4223
4220
4220
4219
4217
4215
4212
4209
4210
4204
4202
4205
4202
4199
4190
4190
4195
4191
4182
4180
4178
4181
4176
4168
4166
4168
4164
4161
4158
4153
4149
4146
4145
4140
4137
4133
4132
4130
4126
4117
4118
4124
4120
4115
4112
4110
4108
4106
4097
4097
4098
4100
4098
4095
4094
4093
4090
4087
4087
4085
4083
4083
4082
4081
4071
4070
4071
4076
4073
4067
4066
4071
4068
4069
4069
4067
4063
4060
4057
4055
4059
4054
4052
4043
4041
4042
4038
4030
4029
4026
4028
4025
4023
4018
4016
4015
4011
4009
4007
4007
4005
4000
4000
3998
3995
3993
3991
3989
3985
3982
3983
3980
3977
3973
3974
3977
3973
3974
3973
3971
3970
3969
3960
3959
3963
3959
3955
3953
3952
3944
3941
3945
3945
3936
3935
3934
3940
3937
3934
3932
3924
3924
3922
3926
3923
3920
3918
3916
3913
3909
3909
3907
3902
3899
3899
3896
3891
3890
3890
3883
3880
3885
3884
3878
3876
3877
3874
3871
3866
3866
3870
3864
3859
3857
3858
3861
3858
3858
3855
3847
3848
3848
3852
3848
3846
3846
3842
3843
3840
3839
3839
3835
3833
3833
3832
3823
3822
3820
3825
3822
3820
3817
3812
3812
3809
3806
3807
3800
3797
3803
3801
3799
3797
3794
3788
3788
3793
3789
3782
3781
3779
3784
3779
3779
3776
3775
3774
3771
3768
3768
3766
3762
3762
3762
3759
3755
3756
3748
3746
3752
3750
3742
3739
3739
3744
3741
3740
3739
3731
3730
3731
3734
3732
3731
3730
3728
3726
3727
3724
3722
3722
3718
3716
3716
3714
3710
3709
3706
3703
3698
3698
3701
3700
3699
3696
3694
3693
3692
3682
3684
3682
3683
3680
3680
3678
3674
3675
3670
3667
3666
3672
3668
3666
3666
3657
3657
3658
3659
3659
3658
3654
3651
3652
3651
3644
3646
3650
3647
3646
3645
3644
3642
3639
3640
3637
3629
3630
3633
3630
3629
3625
3624
3626
3626
3626
3624
3623
3621
3620
3622
3623
3622
3618
3618
3614
3614
3613
3609
3609
3605
3605
3603
3600
3600
3596
3595
3592
3585
3586
3586
3590
3587
3580
3580
3586
3582
3576
3576
3574
3576
3575
3571
3570
3570
3568
3568
3563
3562
3566
3562
3561
3560
3556
3557
3555
3552
3552
3547
3548
3546
3544
3545
3536
3538
3543
3540
3534
3536
3533
3539
3537
3538
3534
3528
3529
3527
3531
3528
3522
3522
3526
3521
3522
3520
3521
3520
3518
3510
3510
3515
3512
3511
3509
3508
3506
3503
3503
3501
3499
3496
3495
3494
3492
3492
3491
3489
3488
3486
3484
3482
3477
3477
3483
3483
3482
3480
3481
3480
3482
3482
3480
3480
3478
3478
3477
3475
3470
3467
3473
3469
3468
3463
3460
3465
3460
3454
3455
3451
3456
3451
3451
3449
3446
3447
3442
3441
3439
3442
3442
3436
3436
3440
3440
3438
3436
3434
3433
3433
3430
3428
3428
3420
3424
3427
3426
3422
3421
3423
3427
3424
3425
3422
3422
3419
3416
3412
3413
3415
3412
3411
3407
3408
3406
3404
3403
3398
3398
3396
3395
3395
3392
3393
3392
3390
3388
3388
3389
3388
3387
3387
3379
3381
3388
3383
3387
3385
3384
3378
3378
3386
3381
3383
3380
3381
3379
3378
3372
3370
3377
3373
3370
3368
3367
3372
3368
3369
3367
3365
3363
3359
3360
3357
3352
3352
3355
3356
3352
3348
3348
3350
3349
3349
3349
3348
3347
3348
3342
3341
3346
3344
3341
3340
3338
3338
3336
3333
3332
3330
3329
3328
3327
3325
3326
3324
3324
3323
3317
3317
3316
3322
3318
3315
3314
3318
3317
3316
3313
3313
3305
3306
3309
3308
3307
3305
3304
3298
3300
3304
3304
3301
3302
3300
3300
3298
3297
3297
3296
3297
3296
3297
3293
3294
3292
3286
3288
3288
3289
3289
3286
3286
3285
3283
3278
3279
3277
3282
3280
3280
3278
3274
3272
3272
3277
3275
3270
3269
3274
3271
3269
3265
3265
3268
3267
3266
3264
3260
3258
3259
3261
3262
3260
3261
3259
3260
3258
3257
3257
3255
3255
3252
3252
3251
3248
3248
3246
3246
3243
3245
3242
3241
3239
3239
3239
3239
3238
3231
3231
3232
3235
3235
3229
3230
3234
3233
3230
3227
3226
3231
3229
3222
3224
3227
3229
3226
3227
3225
3225
3224
3222
3221
3220
3221
3219
3220
3218
3220
3218
3217
3216
3215
3214
3214
3213
3214
3207
3206
3206
3210
3209
3203
3203
3208
3206
3204
3204
3204
3201
3202
3199
3200
3198
3200
3197
3199
3196
3196
3196
3194
3193
3194
3190
3188
3194
3190
3186
3184
3187
3190
3188
3186
3186
3185
3185
3183
3180
3180
3185
3185
3182
3182
3180
3180
3179
3180
3178
3178
3177
3171
3171
3173
3173
3175
3169
3170
3174
3174
3169
3167
3167
3171
3170
3164
3165
3167
3168
3166
3166
3163
3164
3161
3161
3161
3160
3162
3159
3154
3154
3159
3158
3156
3157
3154
3155
3154
3153
3153
3152
3153
3151
3151
3148
3149
3149
3149
3151
3151
3149
3150
3146
3146
3149
3146
3147
3145
3145
3138
3139
3143
3139
3141
3139
3139
3139
3136
3134
3132
3139
3137
3136
3133
3133
3138
3136
3130
3130
3133
3134
3134
3132
3131
3131
3130
3131
3128
3128
3127
3126
3126
3123
3123
3123
3124
3121
3121
3123
3121
3118
3117
3118
3119
3120
3120
3119
3115
3115
3123
3122
3121
3119
3117
3112
3114
3118
3116
3117
3110
3111
3116
3113
3108
3110
3110
3114
3112
3111
3111
3110
3109
3108
3107
3105
3102
3099
3105
3103
3102
3102
3102
3101
3103
3101
3101
3097
3095
3096
3100
3099
3099
3100
3100
3098
3100
3099
3100
3098
3098
3096
3097
3092
3092
3093
3098
3096
3094
3094
3093
3090
3089
3088
3085
3091
3090
3084
3083
3089
3087
3084
3083
3082
3079
3078
3078
3077
3076
3073
3073
3075
3075
3073
3075
3072
3074
3075
3069
3071
3075
3072
3071
3072
3068
3069
3068
3063
3064
3070
3069
3067
3066
3067
3065
3063
3062
3062
3060
3060
3058
3053
3051
3057
3056
3055
3055
3056
3051
3051
3057
3056
3054
3054
3054
3050
3049
3054
3054
3052
3052
3052
3049
3050
3051
3049
3043
3046
3049
3047
3047
3046
3043
3042
3042
3035
3037
3036
3039
3038
3038
3037
3036
3037
3036
3035
3037
3033
3033
3038
3038
3035
3037
3034
3035
3035
3029
3030
3036
3034
3033
3033
3031
3030
3029
3030
3028
3029
3027
3026
3028
3025
3024
3026
3020
3020
3019
3025
3025
3018
3020
3024
3021
3021
3023
3021
3016
3019
3023
3022
3021
3021
3021
3019
3020
3019
3021
3020
3018
3019
3018
3016
3012
3013
3018
3014
3015
3015
3014
3012
3012
3007
3007
3009
3013
3011
3005
3007
3013
3010
3004
3005
3005
3008
3008
3009
3008
3002
3003
3004
3007
3006
3006
3005
3005
3004
3004
3004
3003
3002
3002
3002
3002
3001
3000
3000
3000
2998
2994
2995
2999
2996
2997
2995
2995
2992
2993
2997
2999
2998
2998
2997
2998
2997
2996
2998
2992
2992
2990
2994
2994
2994
2991
2987
2989
2987
2991
2991
2989
2989
2988
2987
2984
2986
2986
2986
2984
2984
2986
2985
2985
2983
2980
2981
2986
2984
2980
2980
2980
2985
2984
2977
2977
2982
2982
2981
2977
2976
2980
2979
2979
2978
2978
2976
2978
2975
2975
2976
2975
2970
2969
2970
2975
2973
2972
2972
2971
2972
2971
2970
2969
2971
2970
2969
2969
2967
2967
2966
2970
2970
2969
2967
2966
2967
2967
2967
2964
2960
2961
2966
2964
2963
2962
2963
2962
2960
2961
2962
2958
2959
2960
2967
2968
2970
2970
2967
2969
2972
2977
2976
2977
2976
2976
2975
2974
2975
2977
2976
2975
2970
2971
2974
2974
2972
2972
2973
2967
2967
2970
2968
2968
2967
2963
2960
2959
2963
2962
2964
2961
2962
2962
2961
2956
2956
2962
2960
2958
2957
2957
2958
2957
2956
2956
2957
2956
2955
2959
2960
2960
2960
2958
2959
2959
2960
2961
2955
2953
2957
2957
2955
2950
2949
2952
2951
2951
2950
2948
2948
2947
2947
2944
2943
2943
2943
2943
2942
2938
2938
2944
2943
2939
2937
2938
2943
2941
2941
2940
2940
2939
2938
2937
2937
2938
2936
2931
2932
2933
2936
2936
2934
2933
2934
2935
2933
2932
2931
2930
2930
2930
2929
2927
2927
2928
2923
2924
2928
2926
2921
2924
2926
2930
2929
2925
2928
2934
2934
2935
2932
2933
2929
2928
2935
2932
2931
2931
2930
2926
2924
2928
2928
2928
2928
2927
2926
2925
2927
2928
2928
2928
2926
2926
2926
2926
2924
2923
2922
2921
2921
2919
2915
2917
2920
2919
2918
2917
2916
2914
2915
2917
2915
2915
2915
2915
2914
2914
2910
2909
2914
2914
2913
2914
2915
2916
2916
2913
2914
2919
2918
2919
2918
2918
2913
2914
2917
2916
2912
2911
2910
2913
2912
2910
2911
2910
2910
2908
2907
2908
2907
2907
2903
2906
2905
2907
2905
2903
2903
2908
2906
2902
2901
2901
2906
2904
2905
2904
2905
2905
2906
2905
2904
2904
2903
2905
2903
2903
2904
2903
2898
2898
2902
2901
2897
2897
2897
2900
2899
2894
2894
2897
2896
2897
2897
2895
2895
2895
2893
2895
2896
2899
2900
2899
2900
2899
2899
2899
2898
2897
2894
2895
2900
2899
2898
2897
2898
2897
2897
2897
2897
2889
2890
2892
2895
2894
2893
2893
2893
2893
2894
2895
2895
2897
2897
2898
2900
2895
2896
2895
2898
2897
2897
2897
2896
2896
2893
2888
2890
2892
2893
2885
2888
2891
2893
2891
2891
2891
2886
2887
2893
2893
2893
2888
2890
2895
2894
2894
2894
2890
2889
2888
2886
2886
2887
2887
2884
2883
2882
2887
2886
2885
2885
2884
2882
2882
2881
2880
2879
2879
2877
2879
2878
2877
2876
2871
2872
2877
2875
2875
2876
2875
2874
2873
2872
2873
2869
2871
2870
2875
2874
2867
2870
2874
2873
2872
2868
2867
2872
2870
2870
2870
2870
2869
2868
2867
2867
2869
2869
2869
2868
2870
2870
2868
2867
2866
2862
2864
2866
2868
2868
2862
2864
2868
2867
2863
2865
2864
2868
2869
2867
2867
2868
2868
2866
2866
2866
2861
2863
2869
2868
2868
2867
2866
2867
2867
2867
2867
2863
2861
2862
2866
2866
2866
2864
2866
2864
2865
2865
2865
2861
2862
2868
2867
2868
2867
2867
2864
2863
2868
2867
2867
2867
2866
2866
2865
2860
2860
2864
2862
2862
2861
2861
2861
2862
2858
2860
2861
2864
2862
2864
2863
2863
2862
2862
2861
2861
2857
2855
2861
2859
2853
2854
2855
2858
2858
2856
2854
2854
2853
2852
2852
2851
2851
2851
2847
2848
2851
2850
2849
2848
2848
2848
2850
2850
2849
2850
2850
2849
2848
2848
2843
2845
2848
2850
2850
2849
2848
2845
2846
2850
2850
2850
2844
2846
2849
2849
2849
2848
2847
2840
2844
2849
2850
2852
2850
2848
2845
2846
2849
2848
2849
2848
2847
2847
2847
2847
2847
2846
2847
2847
2846
2846
2846
2847
2848
2847
2848
2848
2848
2848
2847
2844
2843
2848
2846
2841
2842
2840
2843
2841
2841
2841
2841
2841
2839
2835
2834
2839
2837
2837
2836
2836
2836
2837
2836
2836
2831
2832
2837
2836
2836
2836
2837
2836
2836
2836
2837
2839
2835
2837
2842
2841
2840
2839
2838
2834
2835
2839
2839
2838
2838
2838
2837
2837
2833
2834
2838
2836
2829
2832
2830
2834
2836
2836
2835
2836
2836
2836
2837
2837
2836
2837
2837
2837
2837
2836
2835
2830
2831
2835
2834
2834
2832
2833
2830
2830
2833
2832
2826
2828
2830
2833
2835
2831
2831
2837
2836
2835
2835
2834
2835
2835
2833
2833
2832
2830
2829
2830
2829
2828
2828
2827
2826
2825
2826
2826
2824
2824
2826
2826
2821
2821
2823
2828
2829
2831
2832
2828
2827
2829
2832
2832
2833
2832
2827
2828
2830
2831
2830
2828
2827
2823
2824
2829
2830
2830
2830
2832
2831
2831
2831
2830
2830
2831
2831
2826
2826
2831
2830
2828
2826
2829
2833
2832
2826
2827
2831
2831
2829
2830
2829
2829
2829
2824
2826
2827
2830
2829
2830
2830
2828
2830
2830
2829
2829
2829
2828
2828
2828
2828
2827
2826
2827
2825
2822
2823
2827
2828
2827
2827
2826
2826
2825
2825
2827
2826
2827
2827
2826
2826
2827
2827
2824
2823
2823
2827
2826
2820
2820
2824
2825
2825
2820
2822
2826
2824
2818
2819
2820
2823
2821
2816
2817
2821
2819
2819
2820
2820
2820
2822
2822
2823
2817
2819
2820
2822
2822
2823
2822
2823
2823
2822
2819
2819
2823
2822
2820
2820
2820
2821
2819
2818
2818
2816
2816
2815
2815
2813
2810
2810
2814
2813
2812
2812
2811
2811
2811
2810
2809
2810
2810
2810
2809
2809
2810
2809
2804
2804
2810
2810
2809
2809
2809
2804
2805
2810
2809
2807
2804
2805
2808
2809
2804
2804
2807
2807
2808
2807
2806
2806
2807
2805
2805
2805
2805
2804
2804
2803
2804
2804
2803
2805
2803
2799
2799
2803
2801
2800
2801
2801
2801
2801
2797
2798
2803
2801
2801
2800
2801
2796
2799
2804
2804
2803
2799
2801
2805
2803
2803
2802
2802
2800
2799
2798
2798
2796
2797
2798
2798
2799
2798
2798
2797
2797
2797
2796
2796
2794
2795
2794
2793
2789
2790
2792
2793
2793
2792
2793
2792
2791
2787
2789
2790
2796
2798
2797
2799
2806
2806
2808
2808
2811
2819
2822
2821
2827
2835
2840
2844
2844
2848
2858
2863
2868
2872
2877
2880
2885
2892
2896
2901
2906
2910
2914
2919
2929
2932
2935
2940
2945
2949
2953
2956
2960
2964
2967
2970
2972
2974
2978
2979
2981
2980
2977
2981
2980
