2986
2985
2985
2983
2978
2976
2981
2979
2977
2976
2972
2969
2967
2965
2963
2961
2955
2954
2954
2951
2948
2947
2945
2938
2935
2937
2935
2929
2928
2928
2927
2924
2921
2920
2917
2915
2913
2910
2908
2907
2906
2900
2898
2902
2900
2899
2896
2894
2893
2892
2890
2889
2888
2887
2889
2884
2884
2886
2884
2883
2882
2880
2874
2873
2876
2874
2872
2869
2868
2863
2864
2867
2864
2864
2862
2859
2857
2858
2862
2860
2859
2859
2858
2858
2856
2855
2853
2852
2851
2848
2848
2848
2851
2849
2845
2846
2851
2848
2845
2844
2843
2842
2841
2837
2836
2841
2840
2840
2838
2839
2837
2837
2832
2833
2832
2836
2835
2833
2831
2830
2830
2832
2831
2831
2826
2825
2831
2830
2829
2827
2826
2824
2824
2823
2823
2817
2818
2818
2820
2819
2818
2818
2813
2814
2814
2815
2814
2814
2814
2814
2814
2813
2813
2811
2810
2810
2809
2809
2810
2809
2809
2809
2808
2805
2806
2804
2803
2803
2802
2800
2801
2800
2800
2800
2795
2796
2797
2801
2800
2795
2797
2799
2800
2799
2796
2797
2801
2801
2796
2796
2801
2801
2801
2800
2800
2794
2794
2800
2798
2797
2796
2795
2796
2796
2796
2795
2794
2790
2791
2794
2795
2792
2795
2791
2791
2792
2796
2797
2797
2796
2796
2796
2795
2794
2793
2794
2794
2794
2792
2791
2792
2790
2787
2788
2792
2791
2791
2791
2789
2789
2789
2784
2786
2790
2787
2786
2782
2783
2788
2785
2784
2785
2784
2785
2783
2780
2780
2785
2784
2781
2780
2779
2783
2783
2783
2783
2783
2783
2781
2781
2782
2781
2782
2781
2782
2783
2782
2782
2782
2782
2783
2782
2783
2784
2783
2783
2783
2782
2781
2782
2783
2784
2782
2782
2778
2781
2786
2785
2784
2781
2782
2788
2786
2780
2781
2785
2786
2786
2785
2784
2779
2781
2786
2786
2785
2783
2786
2785
2785
2786
2787
2788
2784
2784
2789
2789
2790
2790
2787
2789
2788
2789
2791
2786
2787
2790
2789
2790
2788
2789
2793
2792
2786
2788
2791
2794
2793
2793
2793
2794
2795
2795
2795
2795
2792
2796
2801
2799
2795
2796
2799
2803
2801
2801
2802
2803
2803
2804
2803
2803
2804
2805
2803
2805
2808
2809
2809
2808
2809
2814
2813
2810
2813
2815
2818
2820
2816
2817
2823
2824
2826
2825
2825
2826
2828
2829
2829
2829
2831
2833
2833
2833
2833
2835
2834
2836
2837
2842
2843
2846
2846
2847
2849
2850
2849
2851
2856
2856
2854
2856
2859
2862
2864
2866
2868
2863
2867
2873
2875
2877
2874
2877
2884
2884
2883
2885
2889
2890
2892
2895
2897
2893
2896
2902
2905
2907
2910
2910
2914
2916
2918
2922
2924
2922
2925
2933
2936
2937
2939
2940
2944
2945
2950
2952
2954
2958
2961
2962
2966
2966
2970
2976
2980
2978
2983
2985
2994
2997
2998
3003
3006
3009
3012
3011
3016
3024
3026
3024
3028
3037
3039
3046
3045
3049
3057
3060
3063
3068
3071
3074
3079
3082
3086
3090
3094
3099
3103
3105
3109
3114
3116
3122
3126
3131
3134
3137
3141
3151
3154
3154
3161
3164
3175
3179
3182
3189
3191
3196
3202
3206
3212
3216
3221
3223
3228
3238
3244
3249
3253
3257
3263
3268
3274
3279
3283
3285
3291
3302
3307
3305
3314
3319
3330
3334
3339
3346
3350
3356
3358
3365
3370
3382
3385
3393
3396
3405
3408
3415
3419
3427
3431
3439
3438
3447
3453
3464
3468
3471
3477
3488
3494
3496
3502
3508
3521
3523
3527
3531
3546
3551
3556
3562
3568
3574
3580
3587
3593
3599
3605
3611
3617
3624
3625
3632
3644
3649
3655
3662
3669
3673
3682
3680
3691
3698
3708
3715
3715
3725
3736
3743
3747
3749
3758
3767
3774
3782
3788
3795
3804
3808
3816
3821
3823
3831
3842
3848
3853
3859
3864
3867
3875
3887
3894
3898
3903
3908
3915
3921
3930
3935
3939
3945
3950
3963
3969
3975
3982
3982
3993
4000
4009
4017
4023
4031
4037
4041
4049
4053
4061
4066
4070
4079
4086
4090
4099
4103
4104
4112
4123
4129
4130
4139
4143
4155
4161
4161
4164
4178
4184
4192
4197
4199
4204
4211
4222
4228
4228
4234
4241
4251
4257
4257
4262
4275
4280
4283
4290
4297
4301
4307
4315
4317
4325
4330
4335
4335
4343
4354
4355
4364
4368
4373
4373
4379
4392
4396
4398
4405
4412
4416
4423
4423
4430
4441
4444
4447
4455
4456
4463
4468
4467
4471
4482
4488
4491
4496
4500
4497
4505
4514
4518
4523
4527
4532
4534
4537
4542
4546
4547
4552
4556
4560
4562
4567
4571
4571
4575
4581
4584
4588
4586
4593
4605
4605
4608
4609
4616
4623
4626
4624
4631
4637
4645
4648
4647
4653
4663
4664
4667
4673
4676
4678
4684
4686
4690
4693
4698
4704
4705
4709
4715
4718
4721
4724
4730
4730
4732
4737
4743
4741
4746
4752
4758
4760
4758
4761
4771
4773
4776
4780
4779
4780
4785
4792
4793
4797
4798
4801
4806
4810
4815
4818
4820
4823
4828
4831
4834
4838
4839
4836
4843
4850
4851
4853
4855
4859
4861
4863
4863
4868
4869
4867
4870
4878
4878
4876
4877
4885
4886
4885
4883
4886
4894
4895
4895
4896
4898
4901
4903
4906
4909
4912
4914
4916
4918
4919
4916
4921
4930
4932
4932
4931
4934
4932
4936
4942
4944
4944
4944
4946
4942
4946
4952
4949
4951
4952
4953
4955
4954
4954
4956
4959
4959
4959
4959
4960
4959
4960
4962
4961
4962
4961
4961
4959
4962
4956
4960
4965
4966
4965
4967
4967
4961
4963
4968
4971
4971
4969
4974
4969
4970
4975
4973
4970
4972
4974
4979
4977
4978
4978
4973
4977
4977
4982
4981
4975
4975
4982
4981
4982
4983
4982
4981
4981
4982
4982
4983
4983
4980
4973
4974
4981
4980
4978
4973
4973
4972
4973
4972
4969
4964
4965
4969
4970
4971
4971
4970
4968
4968
4968
4967
4967
4968
4970
4971
4970
4970
4969
4968
4968
4966
4963
4965
4974
4972
4970
4969
4969
4969
4967
4961
4961
4967
4965
4965
4966
4962
4963
4961
4955
4957
4956
4962
4962
4956
4956
4962
4959
4960
4960
4957
4957
4955
4956
4956
4948
4949
4948
4951
4949
4942
4943
4949
4944
4942
4939
4938
4934
4931
4931
4929
4925
4924
4922
4925
4921
4922
4922
4913
4913
4913
4917
4915
4916
4913
4911
4910
4910
4909
4908
4907
4903
4902
4901
4901
4899
4895
4892
4890
4884
4885
4891
4886
4887
4880
4879
4884
4882
4875
4876
4879
4880
4878
4876
4874
4874
4873
4871
4866
4865
4869
4866
4860
4861
4867
4860
4859
4852
4851
4853
4850
4849
4849
4844
4844
4839
4839
4836
4833
4830
4828
4828
4827
4826
4826
4826
4824
4820
4818
4818
4816
4813
4809
4808
4808
4806
4804
4801
4802
4795
4793
4797
4792
4786
4784
4783
4785
4782
4773
4773
4779
4775
4771
4764
4760
4764
4761
4758
4756
4752
4747
4745
4744
4740
4740
4735
4728
4725
4725
4727
4725
4722
4721
4714
4712
4712
4708
4707
4700
4699
4701
4697
4695
4693
4693
4689
4685
4676
4677
4680
4680
4676
4671
4669
4665
4664
4663
4662
4660
4657
4655
4645
4644
4650
4647
4644
4638
4636
4637
4634
4624
4624
4626
4626
4623
4621
4618
4610
4608
4614
4609
4606
4601
4598
4596
4596
4592
4589
4584
4582
4580
4579
4577
4569
4568
4568
4568
4566
4565
4561
4557
4554
4551
4549
4547
4546
4544
4542
4538
4536
4534
4533
4527
4524
4524
4521
4520
4518
4510
4506
4505
4506
4504
4494
4493
4497
4496
4494
4484
4483
4488
4482
4474
4475
4473
4476
4473
4470
4466
4461
4457
4457
4454
4450
4447
4444
4440
4436
4428
4427
4424
4423
4417
4413
4412
4408
4405
4401
4395
4393
4398
4397
4393
4390
4387
4386
4386
4383
4379
4379
4379
4377
4374
4372
4369
4370
4363
4361
4365
4362
4360
4355
4353
4357
4350
4350
4349
4345
4342
4340
4338
4336
4332
4332
4332
4332
4329
4323
4324
4328
4326
4323
4318
4315
4309
4307
4307
4301
4296
4296
4292
4289
4285
4283
4280
4278
4277
4274
4270
4267
4260
4258
4261
4258
4253
4252
4252
4246
4244
4241
4242
4235
4235
4236
4234
4231
4225
4224
4227
4223
4217
4213
4212
4208
4206
4200
4197
4193
4191
4191
4189
4184
4183
4182
4181
4177
4174
4175
4173
4168
4165
4168
4169
4161
4161
4161
4164
4162
4156
4155
4158
4151
4150
4148
4147
4145
4141
4133
4133
4133
4130
4127
4124
4120
4115
4114
4109
4106
4105
4103
4099
4097
4094
4093
4090
4089
4088
4084
4083
4082
4079
4077
4071
4070
4067
4071
4068
4060
4061
4064
4060
4056
4056
4051
4050
4050
4042
4039
4040
4045
4039
4037
4035
4035
4032
4028
4026
4025
4022
4019
4013
4014
4017
4013
4011
4009
4008
4000
4000
4005
4003
3998
3997
3996
3993
3992
3991
3990
3983
3980
3981
3985
3982
3979
3977
3971
3968
3966
3970
3968
3963
3962
3960
3956
3953
3953
3949
3948
3947
3942
3941
3943
3943
3943
3939
3936
3935
3931
3927
3925
3923
3921
3920
3917
3915
3908
3903
3904
3906
3904
3899
3898
3897
3896
3893
3892
3889
3883
3883
3885
3883
3881
3881
3878
3871
3873
3875
3870
3869
3868
3864
3861
3861
3852
3852
3855
3852
3849
3848
3846
3838
3836
3842
3838
3834
3834
3832
3827
3826
3826
3821
3820
3819
3818
3816
3815
3810
3807
3811
3809
3803
3800
3799
3803
3798
3797
3797
3793
3792
3792
3786
3782
3788
3786
3783
3782
3780
3777
3777
3770
3767
3775
3770
3769
3767
3764
3758
3757
3760
3759
3756
3752
3752
3751
3751
3743
3743
3749
3747
3743
3737
3738
3741
3739
3730
3730
3733
3729
3728
3727
3723
3724
3721
3718
3719
3716
3712
3712
3709
3709
3706
3705
3704
3702
3701
3695
3694
3698
3696
3689
3686
3687
3691
3686
3682
3680
3683
3682
3679
3679
3677
3668
3670
3675
3670
3669
3664
3661
3666
3664
3661
3660
3658
3655
3655
3651
3649
3647
3646
3644
3643
3641
3636
3635
3638
3635
3628
3631
3628
3630
3628
3625
3624
3623
3619
3616
3613
3610
3616
3613
3611
3610
3607
3606
3604
3602
3602
3598
3599
3591
3592
3593
3594
3595
3592
3589
3584
3583
3587
3585
3584
3584
3579
3580
3578
3571
3573
3572
3575
3571
3570
3568
3568
3567
3566
3562
3560
3564
3563
3560
3559
3557
3554
3553
3554
3551
3552
3549
3549
3548
3544
3540
3538
3543
3540
3538
3539
3535
3535
3533
3527
3528
3532
3530
3529
3526
3525
3520
3519
3520
3521
3513
3513
3514
3515
3515
3512
3511
3509
3506
3505
3504
3501
3503
3500
3498
3498
3495
3496
3494
3488
3490
3492
3493
3489
3490
3487
3486
3484
3483
3484
3481
3481
3479
3479
3477
3471
3473
3476
3475
3473
3472
3471
3466
3467
3468
3468
3465
3465
3460
3458
3455
3458
3457
3454
3454
3451
3452
3448
3449
3447
3446
3444
3442
3441
3440
3435
3434
3440
3435
3430
3430
3431
3433
3433
3426
3425
3432
3427
3428
3425
3427
3426
3428
3421
3423
3424
3426
3423
3422
3421
3420
3417
3417
3413
3414
3410
3409
3401
3402
3405
3403
3401
3402
3403
3403
3401
3402
3400
3398
3398
3395
3395
3395
3396
3393
3394
3391
3389
3389
3388
3387
3386
3380
3380
3380
3383
3382
3376
3376
3380
3378
3374
3371
3371
3372
3371
3363
3362
3365
3362
3360
3357
3358
3349
3352
3355
3353
3353
3352
3349
3347
3344
3345
3341
3342
3337
3338
3334
3334
3333
3330
3327
3326
3327
3328
3329
3325
3324
3324
3323
3322
3318
3318
3323
3321
3321
3319
3317
3314
3314
3318
3317
3311
3310
3317
3314
3314
3312
3312
3312
3309
3311
3308
3309
3307
3305
3306
3303
3303
3302
3300
3299
3299
3295
3295
3297
3295
3295
3294
3292
3291
3291
3290
3288
3288
3285
3284
3280
3280
3283
3282
3281
3281
3278
3275
3275
3279
3276
3275
3273
3273
3269
3269
3269
3268
3261
3261
3264
3265
3263
3263
3262
3256
3257
3261
3259
3258
3257
3257
3253
3253
3254
3251
3252
3250
3249
3249
3246
3246
3246
3239
3240
3241
3242
3241
3243
3240
3240
3240
3238
3237
3238
3235
3234
3236
3233
3232
3233
3231
3233
3232
3227
3226
3232
3230
3228
3225
3225
3229
3227
3223
3222
3226
3225
3225
3225
3224
3218
3217
3224
3221
3219
3216
3217
3221
3219
3218
3218
3218
3216
3216
3214
3215
3211
3211
3208
3208
3206
3205
3205
3200
3201
3205
3203
3202
3203
3200
3202
3200
3200
3201
3198
3201
3198
3195
3194
3200
3195
3194
3193
3191
3193
3190
3188
3190
3196
3196
3196
3197
3195
3192
3192
3196
3193
3193
3190
3190
3188
3187
3185
3186
3180
3178
3179
3181
3180
3176
3176
3175
3173
3172
3170
3170
3169
3168
3168
3169
3168
3165
3166
3169
3167
3161
3159
3165
3164
3165
3164
3163
3163
3163
3162
3162
3162
3162
3159
3160
3159
3160
3159
3157
3154
3152
3157
3155
3148
3148
3151
3149
3149
3142
3144
3146
3144
3136
3138
3138
3144
3142
3142
3141
3139
3139
3140
3139
3138
3140
3138
3141
3137
3139
3137
3134
3130
3128
3132
3130
3128
3130
3128
3123
3124
3127
3126
3124
3123
3124
3122
3124
3124
3123
3122
3124
3122
3120
3123
3123
3123
3122
3121
3114
3116
3116
3118
3117
3109
3112
3115
3114
3112
3109
3109
3106
3104
3110
3104
3104
3104
3102
3104
3101
3096
3096
3103
3100
3101
3103
3101
3103
3102
3096
3098
3096
3100
3100
3097
3098
3098
3096
3095
3095
3095
3092
3092
3092
3090
3085
3084
3084
3086
3086
3079
3081
3084
3084
3080
3081
3081
3080
3081
3077
3079
3079
3082
3078
3078
3078
3074
3075
3076
3074
3073
3075
3075
3075
3075
3070
3070
3072
3076
3073
3074
3075
3068
3069
3074
3073
3073
3074
3072
3074
3073
3067
3069
3067
3071
3071
3071
3069
3063
3063
3063
3066
3065
3064
3064
3065
3065
3065
3067
3066
3064
3065
3063
3063
3062
3060
3061
3055
3054
3057
3055
3054
3053
3052
3049
3050
3047
3048
3041
3042
3045
3046
3042
3041
3042
3040
3041
3036
3036
3037
3040
3041
3036
3036
3042
3040
3038
3039
3038
3036
3037
3034
3035
3036
3032
3032
3031
3031
3031
3029
3029
3029
3028
3028
3026
3026
3026
3025
3024
3025
3024
3023
3020
3022
3026
3027
3026
3025
3027
3021
3023
3028
3024
3021
3021
3022
3025
3026
3025
3024
3018
3019
3020
3022
3022
3017
3015
3022
3020
3019
3020
3019
3019
3019
3019
3017
3018
3016
3016
3016
3014
3010
3011
3013
3013
3013
3011
3014
3008
3011
3015
3015
3015
3017
3018
3017
3018
3013
3013
3019
3016
3016
3016
3014
3015
3016
3015
3013
3015
3015
3014
3012
3011
3009
3008
3004
3001
3002
3006
3005
3001
3001
3004
3005
3002
3002
3002
2996
2996
3002
3001
2999
2999
2999
2997
2994
2996
2992
2993
2991
2991
2988
2986
2992
2991
2988
2987
2989
2989
2987
2987
2987
2981
2981
2983
2986
2983
2983
2984
2983
2982
2981
2980
2980
2979
2980
2980
2980
2975
2975
2975
2980
2979
2974
2975
2979
2977
2978
2973
2972
2977
2976
2975
2975
2975
2974
2972
2972
2972
2967
2966
2972
2972
2970
2971
2970
2965
2965
2972
2971
2969
2970
2969
2970
2969
2968
2970
2966
2964
2965
2968
2968
2969
2967
2969
2968
2970
2963
2965
2970
2967
2965
2965
2965
2961
2960
2967
2964
2964
2964
2964
2962
2963
2964
2964
2964
2963
2963
2965
2964
2963
2962
2961
2962
2960
2959
2961
2957
2956
2959
2960
2955
2955
2957
2959
2958
2952
2954
2960
2956
2955
2955
2955
2953
2950
2946
2948
2950
2949
2949
2945
2945
2952
2953
2952
2951
2952
2952
2951
2951
2951
2947
2948
2947
2947
2947
2943
2945
2948
2947
2943
2945
2945
2949
2949
2949
2949
2948
2949
2948
2946
2946
2947
2945
2946
2945
2940
2941
2940
2944
2942
2940
2942
2941
2939
2939
2939
2938
2936
2938
2935
2933
2940
2942
2939
2940
2941
2938
2939
2946
2946
2945
2940
2943
2945
2943
2943
2943
2941
2942
2941
2940
2941
2939
2938
2935
2935
2934
2937
2936
2936
2933
2927
2928
2929
2932
2932
2932
2930
2925
2926
2926
2929
2927
2928
2928
2923
2921
2924
2925
2924
2923
2921
2921
2922
2920
2920
2921
2921
2920
2921
2922
2925
2925
2924
2924
2926
2922
2921
2927
2927
2926
2925
2923
2922
2923
2917
2916
2922
2919
2918
2917
2915
2914
2914
2909
2909
2909
2912
2911
2911
2911
2910
2909
2906
2905
2905
2910
2908
2901
2903
2909
2906
2907
2905
2905
2905
2905
2899
2900
2903
2906
2906
2905
2904
2902
2903
2905
2907
2907
2906
2906
2905
2905
2902
2902
2901
2905
2905
2906
2905
2904
2905
2905
2904
2903
2903
2903
2903
2904
2903
2903
2903
2904
2904
2904
2903
2903
2902
2902
2903
2903
2899
2901
2905
2905
2903
2901
2903
2907
2903
2904
2905
2904
2906
2904
2899
2900
2905
2905
2900
2900
2898
2903
2901
2901
2901
2900
2899
2898
2898
2898
2896
2893
2894
2894
2892
2892
2892
2890
2889
2887
2887
2892
2890
2891
2886
2888
2892
2890
2889
2889
2889
2889
2887
2883
2884
2887
2886
2886
2886
2885
2883
2882
2877
2879
2883
2882
2880
2880
2881
2881
2880
2880
2881
2877
2878
2877
2877
2876
2872
2874
2876
2876
2876
2876
2876
2875
2873
2869
2870
2870
2874
2874
2870
2870
2875
2872
2872
2870
2868
2873
2872
2871
2871
2870
2872
2872
2871
2870
2871
2873
2873
2870
2871
2871
2870
2872
2870
2869
2869
2869
2869
2868
2867
2868
2862
2863
2867
2866
2865
2865
2865
2867
2867
2861
2860
2860
2866
2863
2862
2862
2862
2862
2861
2856
2857
2863
2861
2855
2857
2861
2861
2859
2854
2858
2860
2860
2857
2857
2857
2857
2857
2857
2855
2855
2856
2857
2855
2853
2854
2854
2855
2855
2851
2851
2853
2858
2857
2852
2856
2863
2863
2863
2858
2861
2863
2861
2861
2862
2863
2864
2866
2863
2865
2872
2871
2872
2871
2871
2869
2867
2866
2866
2865
2863
2862
2863
2864
2865
2866
2866
2868
2868
2866
2864
2869
2868
2864
2862
2865
2867
2865
2860
2859
2865
2864
2864
2862
2862
2862
2860
2860
2858
2857
2856
2855
2853
2852
2850
2850
2845
2846
2850
2849
2849
2848
2848
2843
2846
2853
2851
2848
2844
2846
2851
2851
2851
2850
2849
2850
2849
2849
2848
2846
2846
2845
2845
2846
2846
2845
2840
2841
2846
2845
2843
2838
2839
2844
2844
2843
2843
2844
2844
2845
2840
2839
2844
2842
2844
2844
2843
2842
2842
2837
2838
2842
2842
2842
2840
2840
2837
2839
2844
2843
2841
2840
2839
2840
2840
2835
2836
2839
2841
2839
2838
2837
2837
2838
2838
2836
2837
2835
2834
2835
2836
2836
2835
2833
2835
2835
2837
2837
2832
2833
2836
2838
2837
2835
2836
2841
2840
2840
2841
2840
2836
2838
2841
2842
2836
2841
2842
2845
2846
2842
2844
2850
2849
2848
2848
2848
2849
2849
2850
2848
2849
2846
2847
2844
2845
2843
2842
2838
2838
2836
2838
2837
2832
2832
2837
2836
2834
2833
2831
2832
2832
2832
2832
2831
2831
2831
2825
2826
2829
2828
2827
2827
2827
2825
2825
2825
2824
2818
2819
2823
2824
2822
2821
2822
2824
2826
2826
2828
2828
2825
2825
2832
2830
2828
2830
2832
2837
2838
2836
2836
2834
2834
2832
2830
2829
2829
2827
2826
2826
2821
2822
2822
2826
2824
2823
2821
2820
2821
2821
2819
2819
2826
2824
2824
2825
2825
2828
2828
2825
2825
2828
2828
2829
2830
2829
2829
2828
2828
2827
2821
2821
2822
2825
2825
2820
2819
2823
2822
2818
2816
2817
2822
2822
2821
2821
2820
2821
2820
2820
2821
2821
2820
2819
2819
2818
2818
2817
2812
2813
2817
2816
2814
2813
2812
2812
2811
2811
2809
2808
2807
2807
2807
2808
2807
2806
2801
2803
2802
2807
2806
2802
2803
2808
2808
2805
2804
2803
2807
2806
2801
2803
2807
2805
2804
2806
2806
2802
2805
2809
2809
2808
2809
2810
2811
2813
2813
2814
2816
2816
2816
2817
2817
2813
2815
2822
2822
2821
2821
2821
2822
2821
2820
2820
2818
2818
2817
2815
2814
2808
2808
2812
2811
2809
2809
2809
2811
2809
2801
2804
2803
2805
2805
2800
2800
2805
2803
2801
2799
2799
2802
2802
2802
2802
2800
2799
2801
2800
2802
2796
2796
2801
2801
2801
2800
2801
2802
2802
2797
2799
2799
2802
2801
2802
2801
2800
2800
2798
2796
2795
2800
2799
2798
2795
2796
2796
2794
2795
2793
2795
2794
2794
2795
2796
2792
2792
2797
2797
2797
2797
2799
2802
2803
2799
2802
2808
2806
2804
2803
2805
2808
2808
2806
2807
2807
2805
2805
2801
2801
2807
2805
2804
2805
2806
2806
2804
2805
2804
2804
2804
2804
2801
2801
2796
2796
2798
2799
2796
2796
2796
2795
2793
2790
2790
2795
2793
2793
2793
2793
2788
2789
2794
2792
2791
2792
2791
2792
2789
2785
2787
2791
2788
2790
2791
2790
2791
2791
2791
2792
2788
2787
2790
2793
2793
2791
2793
2792
2790
2790
2792
2790
2788
2787
2787
2787
2787
2784
2784
2780
2781
2784
2781
2781
2781
2779
2779
2780
2776
2778
2780
2780
2781
2781
2780
2779
2780
2776
2775
2774
2779
2779
2777
2779
2779
2779
2780
2781
2782
2781
2780
2781
2781
2780
2780
2779
2774
2775
2780
2779
2778
2779
2778
2780
2782
2781
2784
2781
2785
2786
2792
2794
2792
2795
2804
2806
2805
2810
2816
2824
2826
2828
2835
2845
2849
2854
2859
2866
2871
2876
2876
2884
2889
2896
2900
2901
2907
2917
2920
2925
2929
2931
2931
2936
2945
2948
2947
2950
2952
2959
2961
2962
2964
