2964
2964
2964
2963
2964
2964
2963
2963
2961
2959
2956
2956
2956
2954
2952
2949
2948
2946
2944
2937
2936
2938
2935
2930
2929
2928
2927
2924
2922
2918
2917
2915
2912
2909
2907
2902
2902
2903
2901
2893
2893
2891
2894
2892
2886
2885
2887
2884
2882
2880
2879
2877
2876
2873
2870
2866
2864
2864
2867
2865
2857
2856
2861
2859
2857
2854
2853
2852
2849
2847
2846
2845
2844
2844
2840
2841
2844
2842
2840
2840
2839
2836
2834
2838
2837
2837
2835
2834
2833
2833
2831
2832
2832
2830
2827
2823
2823
2827
2826
2825
2824
2823
2823
2824
2823
2822
2821
2820
2819
2819
2819
2817
2818
2813
2813
2818
2817
2814
2812
2812
2816
2814
2809
2810
2813
2813
2813
2811
2809
2809
2807
2801
2802
2802
2805
2804
2804
2803
2801
2801
2800
2800
2799
2800
2798
2797
2796
2792
2792
2793
2797
2794
2791
2792
2796
2793
2792
2788
2788
2791
2792
2791
2788
2788
2787
2788
2789
2788
2787
2788
2787
2789
2789
2791
2791
2791
2790
2790
2790
2790
2791
2791
2790
2789
2787
2787
2784
2783
2785
2788
2788
2788
2788
2784
2786
2785
2789
2786
2785
2786
2780
2780
2781
2786
2785
2784
2785
2783
2785
2788
2790
2790
2786
2785
2789
2788
2789
2788
2788
2786
2784
2778
2780
2785
2784
2784
2783
2780
2783
2782
2783
2783
2780
2778
2778
2783
2782
2782
2782
2781
2781
2779
2778
2778
2777
2776
2777
2778
2778
2776
2777
2776
2775
2773
2773
2773
2773
2773
2769
2770
2774
2772
2772
2771
2771
2768
2768
2769
2769
2768
2769
2768
2763
2765
2768
2768
2763
2764
2767
2769
2771
2767
2770
2775
2775
2776
2777
2776
2777
2777
2777
2777
2777
2777
2777
2777
2776
2776
2775
2774
2772
2773
2773
2772
2773
2774
2774
2772
2773
2772
2774
2775
2777
2774
2776
2781
2780
2779
2775
2776
2781
2780
2774
2775
2776
2777
2777
2772
2773
2778
2777
2776
2775
2774
2769
2769
2773
2773
2772
2773
2772
2772
2773
2772
2771
2772
2772
2771
2773
2771
2773
2775
2769
2771
2775
2776
2775
2776
2775
2776
2776
2776
2778
2777
2778
2779
2778
2779
2779
2779
2780
2782
2782
2779
2780
2785
2783
2784
2785
2786
2783
2784
2789
2791
2792
2793
2793
2795
2797
2799
2801
2798
2799
2804
2806
2807
2806
2806
2806
2807
2808
2808
2809
2805
2808
2810
2811
2806
2808
2809
2815
2815
2816
2815
2818
2818
2816
2814
2816
2822
2824
2822
2824
2831
2831
2833
2830
2832
2838
2839
2836
2839
2842
2847
2847
2848
2850
2853
2854
2855
2855
2856
2860
2861
2863
2864
2865
2866
2868
2869
2868
2870
2871
2874
2875
2875
2875
2876
2883
2885
2887
2890
2892
2891
2894
2902
2905
2906
2909
2911
2912
2914
2914
2917
2923
2923
2925
2928
2931
2933
2935
2936
2939
2941
2944
2945
2945
2948
2956
2956
2956
2961
2967
2969
2973
2978
2978
2982
2985
2986
2989
2995
3000
3006
3007
3011
3014
3017
3021
3025
3030
3027
3031
3042
3044
3047
3052
3056
3059
3063
3063
3069
3078
3082
3085
3089
3091
3092
3098
3105
3109
3112
3112
3120
3127
3130
3136
3141
3145
3148
3154
3160
3162
3168
3172
3175
3181
3186
3191
3196
3197
3203
3215
3217
3220
3226
3229
3239
3245
3245
3251
3262
3267
3270
3277
3282
3286
3293
3298
3302
3309
3313
3319
3324
3327
3329
3335
3342
3350
3355
3359
3365
3371
3374
3379
3384
3391
3396
3404
3410
3415
3417
3425
3431
3442
3447
3454
3461
3468
3473
3481
3486
3492
3495
3501
3513
3520
3520
3528
3535
3547
3551
3558
3566
3572
3579
3585
3587
3594
3604
3612
3616
3623
3628
3636
3640
3646
3654
3658
3664
3667
3672
3677
3689
3692
3699
3704
3712
3716
3721
3728
3733
3742
3745
3748
3753
3764
3771
3778
3780
3788
3799
3806
3807
3816
3823
3833
3840
3846
3850
3857
3864
3869
3868
3877
3885
3891
3897
3902
3906
3909
3915
3924
3930
3933
3940
3942
3949
3954
3958
3963
3968
3974
3978
3984
3988
3993
3997
4004
4009
4015
4019
4025
4028
4036
4036
4044
4056
4061
4062
4068
4073
4087
4088
4088
4092
4104
4106
4112
4110
4117
4127
4128
4133
4136
4143
4146
4152
4154
4161
4167
4172
4178
4182
4190
4191
4199
4211
4217
4215
4224
4231
4243
4249
4250
4259
4271
4275
4281
4285
4294
4300
4305
4312
4314
4324
4330
4334
4342
4346
4343
4351
4362
4368
4371
4377
4383
4388
4394
4398
4404
4412
4421
4425
4428
4437
4447
4453
4459
4463
4469
4473
4479
4486
4491
4497
4502
4507
4513
4520
4523
4528
4529
4534
4541
4549
4553
4557
4562
4563
4569
4577
4579
4583
4585
4589
4592
4595
4595
4602
4604
4602
4606
4613
4615
4618
4621
4622
4625
4626
4623
4628
4637
4640
4644
4646
4650
4649
4654
4662
4663
4667
4668
4668
4670
4675
4678
4679
4675
4679
4686
4691
4693
4698
4700
4701
4706
4709
4707
4711
4716
4717
4712
4716
4721
4719
4721
4716
4720
4723
4725
4725
4726
4727
4729
4731
4731
4730
4734
4738
4738
4742
4746
4744
4749
4754
4754
4761
4764
4766
4764
4770
4776
4775
4774
4780
4786
4789
4793
4789
4792
4798
4796
4791
4793
4796
4800
4801
4804
4805
4803
4805
4807
4806
4803
4803
4805
4805
4803
4804
4804
4808
4813
4813
4816
4817
4817
4823
4822
4820
4825
4835
4834
4837
4840
4843
4843
4847
4848
4849
4852
4852
4857
4854
4859
4861
4859
4855
4859
4867
4868
4867
4865
4867
4875
4874
4877
4879
4881
4877
4877
4883
4886
4885
4884
4887
4888
4888
4884
4887
4895
4892
4895
4895
4896
4898
4901
4903
4906
4906
4909
4908
4909
4914
4913
4912
4909
4913
4915
4918
4921
4914
4916
4923
4923
4915
4916
4919
4925
4924
4924
4926
4919
4920
4922
4928
4926
4923
4924
4929
4925
4922
4921
4919
4922
4923
4920
4917
4913
4913
4910
4906
4906
4901
4899
4896
4894
4889
4889
4886
4881
4879
4879
4877
4874
4872
4872
4867
4863
4861
4859
4856
4849
4848
4848
4845
4843
4840
4832
4831
4829
4833
4830
4827
4826
4817
4818
4820
4821
4821
4815
4816
4821
4817
4811
4811
4810
4817
4816
4814
4814
4817
4815
4815
4815
4815
4815
4812
4813
4814
4813
4812
4810
4811
4811
4807
4807
4802
4803
4803
4808
4804
4800
4800
4806
4806
4805
4804
4801
4799
4801
4801
4800
4800
4801
4800
4797
4798
4793
4793
4799
4800
4797
4791
4793
4798
4793
4783
4785
4785
4785
4781
4780
4776
4774
4772
4768
4764
4763
4767
4765
4763
4760
4759
4758
4758
4755
4757
4756
4756
4755
4755
4756
4751
4750
4755
4753
4748
4747
4748
4751
4748
4746
4745
4743
4742
4740
4739
4735
4734
4733
4725
4723
4730
4728
4727
4721
4721
4725
4722
4719
4717
4713
4711
4708
4706
4703
4701
4698
4688
4688
4688
4688
4684
4680
4678
4676
4670
4667
4659
4658
4664
4661
4657
4656
4654
4652
4648
4647
4647
4638
4635
4644
4644
4642
4641
4642
4636
4636
4641
4640
4640
4635
4634
4639
4641
4636
4634
4634
4633
4631
4628
4629
4625
4624
4624
4620
4619
4620
4614
4607
4608
4613
4611
4609
4601
4599
4603
4602
4600
4596
4593
4594
4592
4588
4587
4582
4581
4584
4580
4576
4578
4574
4571
4571
4568
4564
4564
4558
4556
4557
4556
4556
4550
4544
4541
4543
4545
4543
4542
4536
4533
4534
4530
4528
4523
4522
4522
4517
4515
4513
4511
4509
4506
4505
4496
4497
4496
4499
4495
4487
4485
4490
4488
4479
4476
4477
4479
4477
4472
4471
4469
4466
4462
4458
4457
4453
4448
4445
4443
4435
4429
4428
4430
4422
4413
4414
4416
4411
4409
4409
4402
4403
4400
4399
4396
4394
4386
4381
4383
4382
4379
4373
4373
4369
4368
4361
4359
4351
4352
4355
4350
4347
4345
4343
4339
4335
4336
4332
4330
4324
4323
4325
4324
4323
4319
4316
4316
4313
4306
4304
4310
4307
4303
4302
4299
4294
4294
4296
4293
4290
4287
4285
4283
4283
4280
4279
4274
4272
4272
4272
4273
4269
4266
4264
4263
4253
4251
4251
4252
4248
4244
4240
4230
4228
4226
4229
4224
4214
4214
4217
4212
4209
4207
4203
4195
4195
4197
4191
4188
4187
4182
4180
4180
4176
4175
4173
4169
4171
4167
4164
4166
4162
4159
4159
4154
4154
4154
4149
4150
4149
4147
4141
4140
4138
4143
4140
4136
4136
4127
4124
4124
4126
4123
4118
4116
4119
4117
4115
4112
4111
4108
4108
4106
4104
4101
4097
4097
4089
4085
4090
4085
4083
4079
4076
4071
4068
4063
4063
4065
4062
4059
4057
4058
4054
4053
4047
4045
4048
4049
4044
4041
4042
4039
4039
4032
4031
4031
4036
4031
4033
4030
4028
4028
4027
4024
4020
4015
4014
4016
4015
4003
4003
4000
4003
4000
3998
3995
3993
3991
3988
3985
3984
3975
3974
3980
3976
3969
3967
3960
3963
3963
3958
3957
3949
3946
3943
3948
3943
3941
3938
3930
3930
3927
3931
3927
3925
3922
3921
3917
3917
3914
3912
3911
3908
3909
3906
3904
3903
3902
3898
3898
3897
3893
3893
3893
3891
3888
3888
3880
3880
3887
3883
3879
3874
3877
3879
3877
3869
3867
3871
3869
3866
3861
3860
3858
3855
3852
3851
3852
3844
3842
3848
3846
3842
3840
3838
3835
3831
3826
3827
3827
3823
3823
3819
3815
3816
3813
3812
3811
3808
3809
3807
3805
3803
3795
3794
3801
3796
3794
3791
3789
3783
3781
3787
3781
3781
3779
3776
3769
3768
3770
3767
3765
3763
3759
3756
3754
3748
3747
3751
3747
3743
3744
3740
3740
3738
3737
3733
3731
3730
3729
3729
3726
3723
3721
3727
3723
3724
3718
3717
3721
3717
3717
3713
3712
3709
3710
3706
3705
3702
3703
3698
3697
3696
3693
3692
3688
3690
3679
3682
3679
3683
3680
3673
3677
3679
3679
3674
3676
3676
3673
3675
3666
3669
3672
3670
3669
3662
3661
3665
3662
3660
3655
3655
3651
3649
3646
3647
3644
3643
3641
3640
3639
3636
3637
3629
3629
3633
3633
3628
3625
3623
3627
3622
3622
3620
3617
3615
3614
3613
3612
3607
3609
3610
3612
3609
3609
3606
3605
3603
3601
3600
3598
3589
3588
3591
3589
3586
3583
3583
3574
3575
3578
3576
3569
3568
3569
3572
3568
3569
3565
3565
3561
3562
3559
3559
3553
3553
3557
3555
3552
3550
3550
3545
3545
3548
3546
3547
3545
3544
3541
3541
3538
3539
3536
3538
3535
3535
3532
3532
3529
3530
3529
3530
3527
3527
3522
3521
3526
3523
3517
3517
3517
3519
3516
3516
3512
3511
3510
3509
3508
3505
3501
3497
3504
3500
3493
3492
3492
3495
3493
3493
3489
3490
3486
3484
3480
3482
3483
3483
3481
3481
3478
3477
3475
3471
3471
3476
3474
3474
3473
3470
3471
3469
3467
3467
3464
3466
3466
3464
3464
3457
3458
3461
3459
3457
3456
3455
3452
3450
3447
3446
3438
3439
3437
3443
3438
3438
3438
3431
3430
3432
3431
3429
3429
3427
3428
3427
3419
3419
3419
3422
3419
3413
3412
3419
3414
3414
3412
3411
3410
3411
3405
3405
3405
3409
3406
3406
3404
3405
3403
3403
3401
3400
3399
3398
3393
3393
3395
3393
3390
3386
3385
3389
3386
3386
3382
3383
3379
3380
3377
3379
3376
3376
3374
3375
3373
3372
3372
3372
3371
3364
3365
3367
3369
3369
3362
3363
3367
3367
3365
3361
3360
3358
3358
3355
3355
3351
3352
3349
3345
3345
3348
3346
3342
3341
3342
3345
3343
3338
3337
3340
3339
3336
3332
3330
3334
3333
3330
3331
3325
3325
3325
3327
3326
3324
3321
3321
3319
3317
3315
3314
3314
3313
3311
3311
3308
3309
3309
3308
3308
3308
3307
3300
3301
3302
3304
3303
3302
3303
3296
3298
3298
3302
3303
3298
3300
3297
3298
3294
3290
3290
3292
3291
3288
3287
3286
3282
3281
3279
3278
3277
3275
3275
3272
3272
3270
3270
3265
3264
3267
3268
3264
3261
3262
3265
3264
3257
3258
3262
3262
3258
3256
3257
3259
3259
3260
3257
3257
3257
3254
3250
3249
3255
3253
3251
3252
3252
3249
3249
3249
3245
3245
3244
3243
3242
3240
3238
3238
3238
3235
3236
3233
3232
3229
3228
3232
3231
3229
3226
3227
3226
3223
3220
3220
3224
3225
3223
3224
3224
3219
3220
3223
3222
3221
3215
3216
3218
3218
3217
3216
3216
3214
3213
3209
3207
3212
3209
3209
3207
3207
3204
3203
3204
3201
3202
3200
3199
3201
3199
3197
3197
3196
3195
3193
3193
3192
3193
3193
3187
3189
3193
3192
3193
3188
3188
3194
3191
3184
3187
3185
3190
3188
3186
3186
3179
3181
3181
3182
3181
3179
3180
3170
3172
3177
3175
3175
3172
3171
3171
3171
3169
3168
3170
3166
3166
3165
3164
3158
3160
3161
3163
3162
3160
3160
3158
3159
3160
3159
3157
3155
3156
3160
3160
3160
3158
3158
3155
3152
3157
3156
3153
3153
3153
3151
3150
3150
3153
3152
3154
3154
3154
3153
3154
3152
3152
3152
3154
3157
3157
3154
3156
3158
3157
3153
3152
3152
3153
3150
3146
3144
3147
3145
3143
3141
3140
3135
3136
3138
3138
3130
3132
3132
3135
3134
3133
3130
3129
3129
3127
3125
3123
3125
3124
3122
3121
3121
3119
3120
3116
3114
3119
3118
3117
3115
3114
3114
3113
3105
3107
3111
3109
3106
3105
3106
3105
3104
3103
3103
3101
3101
3100
3098
3098
3097
3096
3091
3093
3093
3095
3095
3090
3091
3094
3094
3095
3094
3094
3090
3091
3095
3096
3094
3094
3093
3093
3093
3092
3091
3092
3090
3091
3086
3087
3092
3091
3087
3090
3091
3092
3093
3092
3090
3090
3090
3089
3088
3087
3087
3086
3083
3083
3091
3090
3091
3092
3094
3093
3093
3089
3088
3088
3089
3087
3079
3080
3083
3080
3077
3075
3075
3075
3073
3071
3070
3070
3068
3067
3066
3066
3066
3064
3063
3061
3060
3055
3055
3061
3059
3055
3055
3059
3057
3056
3056
3055
3053
3054
3050
3049
3048
3051
3051
3049
3047
3048
3048
3045
3045
3046
3044
3045
3039
3041
3045
3045
3042
3037
3037
3041
3038
3034
3033
3034
3037
3036
3035
3034
3033
3034
3033
3032
3031
3030
3030
3030
3028
3025
3024
3026
3030
3028
3027
3027
3027
3025
3026
3024
3023
3024
3025
3024
3024
3025
3025
3024
3019
3020
3025
3025
3023
3022
3022
3021
3020
3019
3020
3014
3015
3013
3019
3017
3015
3016
3017
3017
3014
3015
3015
3020
3021
3021
3020
3013
3014
3016
3019
3017
3013
3014
3018
3015
3015
3009
3008
3013
3010
3009
3007
3008
3008
3006
3004
3005
3007
3006
3005
3007
3008
3007
3006
3000
3000
3007
3004
3004
3004
3003
2997
2998
3003
3001
2999
2999
2999
2994
2993
2998
2998
2993
2993
2994
2998
2996
2995
2994
2995
2995
2993
2992
2992
2991
2992
2990
2989
2991
2991
2989
2987
2987
2987
2988
2986
2986
2984
2984
2985
2981
2981
2987
2986
2984
2980
2980
2985
2985
2977
2980
2981
2982
2981
2980
2980
2975
2975
2980
2979
2979
2979
2978
2977
2976
2977
2977
2977
2976
2976
2975
2976
2976
2976
2976
2973
2974
2975
2975
2969
2969
2974
2973
2969
2965
2967
2971
2968
2963
2965
2965
2968
2967
2962
2961
2965
2965
2965
2965
2964
2965
2964
2961
2962
2966
2966
2965
2965
2962
2962
2962
2962
2961
2959
2953
2955
2960
2960
2961
2960
2960
2959
2960
2965
2966
2968
2967
2967
2967
2968
2968
2969
2963
2965
2972
2970
2970
2969
2969
2968
2968
2967
2966
2967
2965
2966
2965
2962
2958
2958
2964
2963
2962
2956
2954
2962
2961
2960
2959
2958
2956
2954
2958
2957
2956
2954
2952
2951
2950
2946
2946
2949
2948
2942
2944
2943
2946
2948
2944
2945
2943
2945
2944
2945
2944
2944
2944
2944
2945
2945
2944
2942
2941
2942
2942
2942
2941
2941
2943
2939
2938
2945
2944
2940
2940
2940
2944
2942
2938
2936
2942
2942
2941
2940
2941
2942
2942
2940
2940
2940
2939
2938
2937
2937
2932
2932
2936
2935
2933
2932
2931
2931
2928
2928
2928
2927
2926
2926
2922
2922
2927
2924
2920
2922
2920
2925
2925
2923
2922
2922
2922
2920
2918
2920
2919
2917
2917
2918
2915
2912
2912
2916
2915
2916
2916
2910
2913
2915
2919
2919
2917
2917
2922
2919
2922
2922
2921
2922
2923
2917
2918
2920
2923
2922
2919
2920
2919
2918
2912
2911
2913
2915
2913
2911
2911
2911
2909
2908
2908
2909
2909
2907
2906
2907
2907
2907
2905
2905
2905
2905
2903
2902
2902
2901
2899
2899
2898
2901
2893
2895
2896
2898
2898
2894
2894
2899
2898
2896
2893
2892
2897
2897
2890
2891
2897
2896
2895
2890
2891
2894
2893
2893
2893
2893
2894
2892
2894
2893
2892
2893
2894
2893
2891
2891
2890
2890
2890
2886
2884
2884
2890
2888
2883
2883
2888
2887
2886
2885
2883
2883
2883
2883
2882
2881
2882
2883
2882
2881
2881
2881
2876
2876
2878
2882
2880
2880
2879
2875
2876
2879
2883
2882
2885
2883
2886
2885
2886
2887
2889
2885
2885
2890
2889
2888
2888
2886
2887
2888
2887
2886
2885
2886
2886
2882
2882
2886
2885
2887
2888
2887
2886
2886
2887
2887
2882
2883
2887
2887
2884
2881
2881
2884
2881
2882
2882
2882
2880
2880
2876
2876
2879
2879
2874
2873
2873
2880
2879
2879
2880
2881
2882
2883
2885
2883
2885
2886
2887
2887
2887
2884
2884
2884
2883
2881
2880
2878
2876
2875
2879
2877
2874
2874
2875
2875
2878
2876
2877
2874
2875
2881
2879
2880
2877
2877
2880
2880
2880
2878
2876
2876
2875
2869
2869
2872
2871
2871
2870
2868
2868
2868
2868
2868
2868
2868
2868
2870
2870
2869
2867
2864
2866
2867
2867
2867
2867
2868
2864
2864
2868
2867
2866
2861
2860
2865
2864
2864
2863
2863
2859
2860
2863
2861
2862
2861
2860
2860
2860
2860
2861
2854
2854
2859
2858
2857
2855
2853
2852
2853
2852
2851
2849
2849
2848
2849
2848
2848
2848
2847
2845
2844
2849
2849
2846
2846
2849
2848
2850
2849
2849
2849
2850
2846
2848
2846
2846
2845
2842
2844
2848
2846
2845
2843
2844
2846
2846
2846
2846
2846
2845
2844
2845
2844
2846
2846
2848
2848
2849
2844
2844
2850
2849
2847
2848
2846
2845
2846
2849
2850
2850
2851
2845
2846
2848
2851
2850
2847
2847
2846
2846
2845
2840
2840
2843
2843
2843
2842
2841
2840
2840
2840
2842
2840
2841
2843
2844
2845
2840
2840
2845
2844
2839
2839
2840
2844
2843
2840
2839
2843
2843
2842
2841
2840
2839
2838
2838
2839
2838
2838
2837
2836
2836
2838
2838
2838
2838
2837
2837
2837
2835
2835
2831
2830
2833
2835
2835
2836
2835
2830
2830
2835
2836
2835
2830
2831
2835
2834
2827
2827
2828
2830
2829
2829
2831
2832
2833
2833
2832
2833
2833
2833
2827
2827
2832
2829
2828
2828
2828
2827
2825
2824
2822
2820
2822
2820
2820
2820
2815
2819
2822
2824
2823
2821
2823
2830
2830
2828
2827
2827
2828
2830
2824
2824
2828
2827
2828
2827
2826
2822
2821
2827
2827
2826
2827
2826
2832
2831
2826
2827
2833
2832
2831
2832
2833
2831
2832
2825
2825
2823
2827
2825
2824
2823
2823
2823
2823
2824
2824
2824
2825
2825
2825
2822
2822
2822
2822
2822
2819
2820
2825
2822
2822
2820
2819
2824
2822
2818
2821
2822
2825
2823
2823
2821
2821
2819
2817
2817
2817
2820
2820
2818
2817
2818
2818
2818
2817
2817
2817
2815
2816
2816
2815
2816
2816
2816
2817
2819
2820
2822
2822
2823
2824
2825
2820
2822
2827
2826
2825
2824
2824
2823
2822
2823
2824
2823
2825
2825
2822
2823
2826
2824
2820
2820
2819
2823
2821
2814
2814
2818
2817
2816
2811
2811
2814
2812
2812
2812
2812
2812
2811
2810
2809
2808
2807
2804
2805
2806
2810
2810
2806
2806
2812
2814
2815
2815
2817
2815
2815
2821
2819
2819
2818
2817
2817
2818
2816
2815
2813
2812
2810
2809
2806
2805
2805
2804
2803
2803
2802
2801
2796
2797
2801
2800
2800
2800
2799
2798
2798
2793
2794
2797
2797
2798
2797
2797
2792
2792
2798
2797
2797
2797
2797
2796
2796
2795
2794
2794
2795
2795
2794
2793
2792
2791
2786
2787
2787
2791
2790
2791
2789
2788
2787
2788
2784
2785
2789
2789
2783
2784
2786
2786
2788
2786
2787
2783
2785
2788
2786
2786
2786
2786
2786
2787
2787
2787
2786
2786
2786
2787
2786
2787
2787
2786
2786
2785
2781
2782
2787
2788
2782
2782
2783
2786
2786
2781
2781
2785
2784
2784
2783
2782
2782
2783
2783
2784
2781
2779
2779
2783
2781
2781
2780
2781
2782
2781
2780
2781
2780
2780
2775
2778
2778
2783
2782
2777
2777
2782
2782
2779
2778
2778
2782
2782
2781
2779
2778
2780
2780
2779
2778
2776
2777
2776
2777
2777
2773
2774
2778
2777
2778
2776
2777
2776
2776
2772
2774
2778
2776
2771
2773
2773
2778
2776
2776
2775
2776
2776
2775
2776
2776
2771
2771
2775
2775
2774
2773
2773
2770
2770
2772
2772
2773
2772
2774
2770
2770
2773
2772
2773
2773
2771
2770
2769
2766
2767
2773
2772
2770
2769
2771
2771
2771
2766
2767
2769
2771
2770
2770
2768
2768
2769
2769
2767
2767
2768
2767
2769
2767
2766
2764
2765
2766
2765
2764
2765
2762
2763
2765
2765
2766
2761
2763
2768
2765
2765
2765
2765
2765
2765
2762
2764
2769
2767
2767
2766
2767
2773
2774
2771
2773
2780
2783
2786
2784
2787
2796
2800
2799
2802
2806
2815
2819
2824
2829
2828
2835
2842
2848
2854
2855
2860
2871
2874
2878
2883
2888
2892
2896
2900
2906
2911
2914
2918
2921
2925
2925
2929
2937
2939
2942
2943
2946
2947
2949
2949
2951
