2953
2952
2951
2952
2952
2950
2951
2945
2943
2944
2946
2943
2938
2936
2939
2937
2933
2929
2928
2929
2925
2919
2917
2919
2918
2916
2907
2906
2908
2904
2903
2899
2898
2896
2892
2891
2887
2885
2884
2882
2879
2878
2875
2873
2871
2871
2865
2862
2862
2865
2862
2861
2857
2852
2851
2850
2852
2850
2844
2843
2848
2847
2845
2841
2842
2839
2839
2838
2835
2835
2834
2833
2831
2831
2826
2824
2830
2827
2826
2822
2821
2824
2821
2820
2819
2817
2818
2818
2811
2812
2816
2814
2813
2812
2811
2807
2805
2810
2808
2804
2803
2803
2807
2805
2806
2802
2804
2803
2800
2797
2798
2800
2798
2798
2796
2798
2796
2796
2795
2795
2795
2793
2793
2793
2791
2792
2792
2787
2788
2792
2791
2790
2785
2787
2789
2789
2789
2787
2784
2783
2784
2789
2787
2784
2785
2788
2786
2787
2785
2785
2785
2783
2783
2783
2781
2782
2781
2776
2778
2781
2779
2778
2777
2778
2777
2776
2771
2773
2776
2776
2776
2773
2773
2773
2771
2768
2767
2770
2773
2770
2772
2770
2770
2770
2770
2769
2771
2769
2769
2769
2767
2769
2768
2768
2768
2768
2763
2765
2768
2768
2766
2762
2764
2766
2767
2767
2766
2763
2762
2762
2767
2765
2765
2766
2763
2765
2765
2763
2765
2762
2763
2759
2759
2762
2763
2763
2761
2762
2763
2764
2763
2763
2763
2761
2761
2761
2760
2762
2760
2760
2756
2755
2761
2760
2758
2759
2759
2755
2757
2760
2759
2755
2755
2761
2761
2760
2760
2761
2759
2759
2760
2760
2760
2760
2757
2759
2758
2757
2758
2756
2755
2757
2758
2759
2758
2757
2759
2757
2756
2754
2755
2759
2757
2757
2758
2758
2754
2755
2757
2758
2754
2753
2756
2757
2757
2753
2753
2757
2756
2756
2755
2756
2756
2755
2757
2755
2750
2753
2752
2757
2756
2755
2756
2755
2756
2754
2756
2756
2755
2756
2754
2754
2755
2754
2755
2751
2751
2757
2755
2756
2756
2756
2753
2754
2758
2759
2754
2754
2757
2758
2758
2756
2754
2760
2760
2759
2759
2759
2759
2760
2759
2759
2755
2757
2756
2762
2761
2763
2761
2763
2762
2762
2764
2762
2764
2765
2760
2763
2767
2766
2767
2764
2765
2770
2769
2771
2772
2771
2772
2771
2774
2773
2769
2772
2773
2777
2776
2776
2777
2776
2779
2778
2782
2781
2783
2782
2781
2781
2788
2786
2788
2787
2789
2790
2791
2786
2790
2792
2796
2796
2794
2794
2802
2801
2799
2802
2801
2808
2808
2810
2811
2811
2813
2815
2817
2817
2818
2822
2816
2821
2823
2829
2828
2827
2828
2836
2836
2837
2840
2841
2842
2844
2847
2849
2846
2849
2853
2859
2861
2862
2865
2861
2867
2870
2873
2877
2878
2882
2883
2886
2888
2890
2893
2895
2899
2901
2904
2905
2909
2910
2914
2916
2916
2918
2928
2929
2931
2934
2937
2934
2938
2948
2949
2950
2952
2956
2961
2967
2963
2970
2976
2980
2982
2984
2989
2992
2997
2995
3001
3004
3012
3014
3018
3020
3025
3028
3032
3036
3039
3044
3046
3050
3053
3056
3060
3064
3069
3073
3075
3080
3085
3089
3095
3098
3104
3102
3109
3117
3123
3121
3126
3133
3139
3144
3145
3150
3161
3164
3168
3169
3174
3183
3189
3192
3199
3203
3208
3214
3218
3222
3230
3233
3239
3244
3248
3250
3255
3267
3273
3275
3280
3286
3292
3296
3298
3306
3315
3320
3326
3331
3335
3342
3347
3347
3356
3365
3370
3376
3383
3386
3394
3401
3400
3408
3417
3427
3432
3435
3442
3454
3460
3464
3466
3473
3486
3490
3496
3502
3507
3513
3521
3526
3533
3536
3543
3555
3559
3567
3573
3578
3584
3591
3598
3603
3610
3618
3623
3630
3638
3646
3650
3652
3663
3670
3680
3687
3694
3697
3697
3705
3711
3720
3725
3731
3737
3741
3745
3751
3754
3761
3765
3772
3780
3784
3784
3792
3800
3811
3815
3824
3830
3835
3842
3849
3855
3862
3870
3877
3881
3889
3895
3897
3906
3917
3923
3926
3934
3943
3948
3955
3963
3967
3972
3976
3977
3987
3995
4005
4007
4013
4022
4029
4035
4038
4042
4050
4063
4068
4072
4078
4084
4092
4097
4101
4105
4112
4118
4124
4129
4136
4141
4147
4149
4157
4167
4171
4176
4180
4184
4187
4190
4187
4193
4202
4208
4212
4213
4218
4224
4228
4234
4240
4247
4248
4254
4265
4269
4270
4276
4285
4293
4301
4306
4313
4318
4324
4330
4340
4345
4350
4354
4358
4365
4372
4377
4382
4383
4390
4402
4407
4407
4411
4417
4426
4429
4435
4440
4444
4447
4451
4453
4457
4455
4463
4472
4477
4480
4485
4487
4489
4495
4498
4505
4500
4508
4515
4521
4523
4524
4529
4540
4544
4549
4553
4559
4564
4568
4568
4576
4587
4589
4593
4596
4601
4604
4610
4613
4615
4621
4624
4627
4628
4633
4631
4637
4645
4648
4650
4648
4650
4660
4661
4664
4668
4672
4670
4676
4685
4687
4690
4693
4695
4694
4699
4709
4710
4710
4712
4714
4717
4721
4722
4726
4727
4733
4731
4735
4735
4744
4747
4750
4752
4748
4750
4757
4761
4765
4766
4769
4766
4770
4777
4781
4782
4780
4784
4793
4793
4790
4794
4797
4805
4809
4809
4812
4815
4818
4819
4823
4824
4826
4827
4830
4830
4833
4834
4836
4833
4837
4845
4846
4844
4846
4849
4856
4854
4849
4853
4861
4860
4859
4855
4856
4860
4861
4860
4858
4859
4860
4861
4860
4861
4860
4859
4851
4854
4854
4862
4861
4862
4863
4867
4870
4870
4872
4873
4876
4876
4881
4882
4885
4886
4885
4881
4884
4891
4890
4888
4888
4889
4886
4885
4886
4886
4888
4889
4888
4888
4887
4888
4890
4885
4890
4897
4898
4898
4899
4900
4895
4898
4908
4906
4907
4902
4906
4911
4907
4908
4909
4909
4912
4914
4909
4910
4915
4915
4914
4915
4915
4915
4915
4914
4911
4909
4907
4906
4906
4903
4904
4902
4899
4897
4896
4896
4894
4888
4888
4895
4892
4894
4890
4889
4883
4883
4889
4889
4886
4887
4885
4886
4885
4880
4881
4889
4888
4890
4886
4886
4893
4890
4892
4893
4895
4895
4896
4897
4896
4894
4895
4895
4897
4894
4895
4893
4887
4887
4892
4889
4886
4879
4877
4878
4875
4875
4873
4871
4866
4864
4861
4857
4853
4854
4857
4856
4854
4854
4851
4850
4850
4849
4850
4846
4847
4845
4845
4844
4843
4839
4839
4839
4840
4837
4834
4833
4832
4823
4824
4822
4826
4826
4820
4816
4821
4817
4811
4805
4805
4807
4805
4801
4799
4791
4791
4789
4796
4791
4789
4786
4784
4784
4783
4781
4778
4773
4772
4781
4778
4776
4774
4773
4770
4769
4768
4765
4763
4761
4758
4755
4754
4752
4748
4745
4743
4742
4742
4734
4734
4730
4728
4727
4721
4717
4716
4721
4717
4708
4707
4711
4710
4707
4702
4702
4708
4704
4695
4693
4693
4699
4696
4693
4689
4687
4684
4684
4681
4678
4675
4674
4672
4670
4669
4664
4663
4663
4663
4660
4658
4657
4653
4655
4649
4650
4653
4650
4640
4643
4643
4648
4643
4636
4634
4640
4635
4631
4629
4628
4625
4623
4620
4619
4612
4612
4609
4612
4610
4607
4606
4603
4600
4597
4596
4592
4589
4588
4587
4585
4583
4581
4577
4580
4577
4568
4568
4573
4568
4567
4560
4559
4562
4557
4547
4548
4551
4548
4547
4545
4540
4540
4536
4534
4534
4530
4527
4525
4519
4517
4515
4512
4508
4499
4500
4504
4499
4492
4492
4492
4489
4488
4484
4481
4473
4473
4474
4473
4469
4459
4460
4464
4457
4457
4452
4451
4451
4448
4447
4444
4435
4434
4432
4435
4431
4427
4425
4420
4419
4414
4413
4409
4408
4404
4400
4396
4388
4388
4385
4388
4385
4383
4382
4373
4371
4371
4375
4370
4371
4366
4364
4361
4358
4358
4356
4356
4352
4351
4349
4346
4346
4341
4336
4335
4337
4335
4328
4326
4327
4329
4325
4325
4322
4324
4322
4315
4315
4313
4313
4312
4309
4307
4299
4296
4296
4298
4297
4287
4286
4291
4285
4282
4282
4277
4276
4270
4270
4267
4263
4262
4256
4251
4250
4252
4249
4245
4242
4240
4240
4236
4232
4230
4227
4227
4224
4224
4221
4215
4215
4217
4216
4213
4212
4211
4202
4203
4205
4203
4194
4192
4194
4192
4188
4178
4175
4180
4175
4171
4168
4165
4162
4156
4156
4152
4152
4149
4146
4143
4140
4133
4131
4136
4130
4129
4126
4125
4120
4120
4114
4113
4110
4110
4106
4101
4100
4102
4101
4093
4091
4091
4095
4093
4089
4086
4084
4083
4080
4076
4076
4073
4071
4068
4068
4063
4060
4057
4061
4058
4057
4053
4045
4046
4042
4048
4043
4042
4039
4034
4036
4033
4032
4029
4024
4021
4026
4021
4019
4011
4011
4016
4011
4005
4002
4008
4003
4004
4000
3998
3993
3993
3990
3988
3987
3984
3981
3980
3977
3975
3973
3973
3970
3969
3962
3962
3966
3964
3961
3957
3957
3954
3955
3951
3951
3942
3944
3944
3946
3944
3938
3936
3939
3936
3931
3929
3925
3923
3919
3915
3914
3909
3906
3902
3898
3897
3894
3891
3887
3885
3885
3877
3877
3879
3877
3866
3867
3867
3867
3865
3862
3862
3859
3857
3852
3850
3848
3852
3849
3847
3844
3837
3838
3836
3838
3836
3835
3831
3830
3830
3825
3822
3821
3823
3824
3820
3817
3817
3815
3814
3815
3811
3810
3808
3808
3805
3802
3796
3796
3798
3796
3794
3792
3789
3787
3785
3792
3790
3782
3783
3785
3784
3782
3780
3780
3777
3777
3773
3773
3771
3769
3766
3767
3767
3757
3758
3759
3758
3754
3748
3744
3747
3742
3734
3730
3729
3729
3726
3722
3720
3717
3716
3715
3707
3706
3710
3706
3705
3704
3701
3701
3699
3695
3695
3691
3690
3687
3688
3685
3682
3683
3679
3679
3673
3672
3672
3677
3675
3672
3671
3669
3667
3666
3666
3663
3662
3663
3653
3653
3656
3656
3655
3652
3652
3644
3644
3650
3647
3645
3640
3638
3643
3641
3638
3638
3634
3634
3632
3631
3630
3629
3626
3621
3620
3619
3622
3621
3621
3618
3617
3617
3616
3614
3615
3613
3611
3612
3610
3606
3605
3602
3600
3598
3592
3590
3593
3593
3587
3582
3582
3584
3585
3582
3584
3585
3580
3581
3585
3582
3575
3575
3574
3576
3574
3566
3568
3571
3569
3569
3566
3563
3563
3560
3557
3557
3554
3551
3549
3547
3544
3542
3540
3533
3534
3534
3534
3533
3529
3527
3531
3531
3531
3529
3529
3530
3529
3525
3524
3523
3521
3519
3519
3516
3513
3510
3510
3508
3506
3505
3505
3506
3502
3502
3500
3492
3493
3491
3494
3492
3491
3490
3484
3487
3484
3488
3486
3479
3478
3484
3479
3477
3478
3475
3469
3471
3473
3472
3470
3468
3468
3463
3460
3465
3464
3454
3454
3454
3456
3455
3453
3451
3451
3448
3449
3446
3444
3442
3440
3442
3438
3438
3437
3436
3431
3430
3434
3433
3429
3428
3427
3427
3425
3426
3424
3424
3423
3422
3421
3419
3420
3420
3417
3416
3411
3410
3411
3416
3412
3406
3407
3412
3409
3409
3402
3401
3405
3401
3399
3400
3397
3395
3397
3391
3389
3395
3392
3391
3388
3386
3386
3387
3384
3383
3382
3383
3380
3377
3379
3375
3373
3373
3371
3370
3367
3364
3367
3366
3365
3363
3364
3363
3361
3357
3356
3360
3359
3352
3351
3352
3355
3356
3351
3351
3357
3357
3355
3353
3352
3350
3349
3347
3345
3344
3344
3341
3335
3337
3342
3340
3338
3339
3339
3337
3334
3333
3331
3330
3327
3324
3321
3321
3325
3324
3324
3324
3322
3318
3318
3318
3317
3315
3315
3307
3309
3308
3311
3309
3302
3303
3306
3306
3303
3303
3301
3302
3299
3298
3297
3290
3292
3294
3299
3297
3291
3292
3298
3295
3293
3291
3291
3291
3291
3288
3286
3287
3286
3284
3283
3281
3281
3282
3277
3276
3275
3278
3274
3268
3269
3274
3271
3268
3264
3264
3267
3266
3266
3264
3263
3260
3261
3261
3258
3256
3257
3255
3252
3253
3252
3250
3248
3250
3247
3247
3246
3247
3246
3244
3245
3243
3241
3240
3236
3236
3239
3237
3233
3232
3235
3236
3236
3230
3229
3235
3232
3226
3229
3227
3230
3229
3228
3227
3219
3218
3220
3224
3223
3221
3220
3220
3220
3219
3218
3216
3210
3213
3214
3212
3212
3213
3213
3208
3207
3210
3209
3207
3207
3203
3202
3203
3201
3201
3199
3199
3198
3198
3196
3195
3195
3189
3189
3193
3191
3190
3191
3189
3183
3185
3190
3189
3188
3187
3186
3186
3186
3184
3181
3183
3180
3183
3180
3181
3174
3175
3181
3180
3179
3173
3174
3179
3177
3170
3173
3174
3177
3175
3173
3172
3171
3170
3168
3167
3164
3164
3163
3162
3162
3162
3162
3162
3163
3164
3164
3164
3165
3165
3162
3161
3161
3160
3159
3153
3153
3157
3154
3152
3148
3148
3152
3150
3143
3144
3144
3149
3146
3141
3140
3145
3145
3143
3141
3139
3138
3140
3137
3138
3135
3135
3136
3132
3134
3138
3137
3131
3133
3132
3132
3131
3130
3130
3125
3124
3125
3126
3125
3119
3119
3122
3119
3118
3117
3116
3114
3115
3112
3111
3110
3109
3108
3109
3107
3107
3106
3106
3106
3106
3107
3107
3106
3107
3103
3104
3109
3109
3108
3101
3104
3109
3109
3108
3110
3110
3106
3107
3112
3110
3108
3108
3107
3104
3104
3105
3104
3103
3103
3101
3099
3097
3095
3095
3095
3093
3091
3090
3089
3088
3086
3085
3083
3078
3080
3081
3081
3080
3075
3075
3080
3078
3076
3076
3076
3070
3071
3073
3073
3071
3072
3072
3070
3071
3070
3070
3071
3072
3071
3071
3070
3074
3073
3068
3069
3073
3071
3069
3066
3065
3070
3069
3068
3067
3067
3065
3065
3065
3064
3061
3063
3063
3062
3063
3057
3057
3063
3061
3060
3060
3058
3058
3057
3058
3058
3058
3059
3058
3059
3059
3059
3059
3058
3056
3054
3050
3050
3054
3052
3046
3046
3051
3050
3049
3044
3042
3045
3043
3040
3040
3040
3039
3037
3032
3033
3037
3037
3034
3031
3031
3035
3034
3035
3035
3036
3037
3036
3035
3036
3036
3035
3036
3035
3034
3034
3032
3033
3032
3034
3034
3032
3027
3026
3031
3030
3024
3024
3027
3025
3026
3026
3025
3025
3023
3017
3018
3018
3022
3020
3017
3017
3017
3016
3013
3010
3011
3014
3013
3013
3012
3012
3013
3012
3008
3009
3014
3013
3013
3012
3013
3009
3010
3012
3011
3004
3008
3007
3011
3006
3006
3005
3006
3006
3001
2999
2999
3003
3002
3002
3000
3000
2998
2999
2999
2998
2997
2996
2996
2996
2996
2993
2992
2997
2998
2997
2999
2997
2998
2998
2999
2998
3000
2999
2998
2997
2996
2996
2994
2989
2991
2997
2995
2992
2989
2989
2993
2994
2990
2991
2995
2993
2991
2986
2987
2992
2989
2988
2988
2988
2989
2989
2989
2989
2988
2988
2987
2985
2983
2977
2978
2983
2981
2980
2980
2979
2978
2976
2975
2974
2974
2975
2975
2975
2975
2970
2970
2974
2971
2971
2969
2968
2967
2967
2962
2963
2967
2965
2963
2963
2962
2962
2963
2957
2958
2958
2962
2960
2961
2960
2955
2955
2957
2960
2959
2959
2958
2955
2953
2958
2958
2957
2959
2958
2955
2955
2961
2961
2961
2960
2960
2958
2958
2957
2957
2957
2955
2956
2956
2956
2956
2956
2952
2952
2953
2957
2956
2955
2955
2949
2949
2949
2952
2950
2945
2944
2948
2946
2944
2944
2945
2944
2945
2941
2941
2947
2947
2947
2947
2946
2946
2945
2946
2945
2946
2946
2947
2947
2946
2947
2947
2947
2946
2943
2944
2942
2942
2942
2938
2938
2938
2943
2943
2939
2938
2943
2942
2941
2940
2939
2937
2937
2933
2934
2936
2938
2938
2938
2936
2936
2936
2932
2931
2932
2936
2935
2929
2928
2931
2930
2928
2926
2927
2925
2924
2924
2924
2924
2924
2924
2918
2919
2925
2922
2923
2922
2923
2923
2921
2922
2923
2922
2922
2923
2918
2918
2922
2920
2918
2917
2916
2914
2915
2919
2918
2918
2917
2913
2914
2915
2918
2917
2914
2915
2919
2919
2918
2917
2917
2917
2915
2916
2915
2914
2913
2914
2911
2910
2910
2910
2909
2909
2907
2904
2904
2908
2907
2901
2903
2904
2909
2908
2907
2907
2906
2907
2907
2908
2907
2901
2901
2905
2904
2903
2902
2903
2899
2898
2905
2902
2901
2901
2900
2900
2899
2899
2899
2896
2897
2896
2896
2896
2892
2891
2896
2896
2891
2891
2891
2894
2893
2892
2893
2886
2888
2888
2893
2892
2893
2892
2888
2889
2892
2894
2894
2893
2894
2893
2893
2894
2895
2894
2890
2890
2895
2894
2894
2891
2892
2893
2892
2888
2888
2893
2892
2892
2892
2891
2891
2891
2890
2890
2889
2889
2889
2884
2885
2890
2888
2889
2888
2887
2887
2887
2882
2882
2887
2886
2886
2885
2884
2884
2883
2882
2882
2881
2881
2880
2880
2881
2882
2883
2880
2883
2885
2889
2891
2888
2889
2894
2893
2892
2890
2892
2897
2897
2892
2895
2897
2897
2896
2895
2894
2893
2892
2890
2889
2888
2887
2886
2886
2884
2883
2882
2881
2878
2875
2881
2879
2878
2878
2872
2870
2872
2877
2876
2875
2877
2876
2876
2876
2876
2875
2870
2871
2875
2875
2874
2874
2875
2871
2871
2875
2874
2875
2874
2874
2869
2870
2873
2872
2871
2871
2870
2869
2868
2864
2866
2866
2864
2864
2863
2863
2868
2868
2868
2869
2866
2867
2869
2871
2871
2871
2870
2869
2868
2867
2862
2863
2868
2867
2867
2866
2866
2865
2864
2865
2865
2865
2864
2864
2863
2863
2859
2859
2862
2860
2860
2858
2857
2857
2857
2853
2853
2858
2857
2856
2855
2855
2855
2853
2847
2848
2854
2851
2849
2845
2846
2850
2849
2844
2845
2846
2852
2852
2853
2852
2853
2852
2853
2853
2853
2855
2855
2855
2855
2854
2854
2854
2855
2856
2851
2851
2857
2854
2854
2853
2851
2845
2846
2850
2848
2847
2846
2845
2844
2844
2837
2838
2844
2843
2843
2838
2839
2843
2843
2841
2842
2841
2839
2840
2845
2845
2845
2844
2843
2844
2844
2844
2845
2841
2842
2846
2846
2846
2845
2846
2847
2846
2846
2847
2846
2846
2845
2845
2846
2846
2845
2844
2843
2842
2838
2840
2845
2843
2842
2841
2840
2838
2838
2837
2838
2833
2834
2833
2836
2835
2835
2834
2828
2829
2832
2832
2832
2832
2833
2834
2834
2834
2833
2834
2834
2834
2830
2831
2837
2836
2836
2832
2832
2837
2836
2836
2836
2835
2835
2834
2834
2834
2833
2833
2833
2832
2832
2828
2827
2832
2832
2831
2831
2830
2827
2827
2832
2832
2827
2829
2831
2832
2832
2831
2832
2831
2830
2826
2826
2827
2831
2830
2830
2829
2829
2829
2828
2827
2827
2827
2827
2827
2826
2826
2826
2825
2822
2822
2825
2824
2824
2823
2823
2818
2818
2823
2822
2817
2817
2817
2822
2821
2820
2820
2815
2816
2817
2820
2821
2816
2816
2820
2818
2813
2815
2814
2818
2817
2816
2816
2816
2816
2815
2815
2814
2814
2813
2811
2813
2811
2811
2811
2806
2807
2811
2810
2809
2809
2808
2809
2808
2804
2804
2810
2808
2809
2808
2809
2804
2804
2809
2807
2806
2804
2804
2808
2808
2807
2806
2806
2804
2806
2805
2806
2806
2806
2806
2805
2805
2806
2806
2806
2806
2803
2804
2806
2809
2808
2804
2804
2809
2808
2803
2804
2804
2809
2808
2807
2807
2807
2806
2806
2803
2802
2808
2806
2806
2805
2805
2805
2805
2804
2804
2804
2803
2799
2799
2798
2803
2803
2803
2802
2799
2800
2800
2805
2804
2799
2800
2804
2804
2803
2803
2801
2802
2801
2801
2802
2801
2801
2801
2796
2798
2803
2802
2800
2800
2799
2797
2797
2797
2798
2792
2792
2795
2797
2796
2795
2795
2797
2797
2791
2793
2793
2798
2797
2793
2793
2797
2796
2796
2796
2796
2796
2795
2795
2795
2795
2793
2793
2797
2797
2796
2795
2792
2793
2793
2797
2798
2797
2798
2798
2798
2798
2798
2798
2796
2797
2796
2796
2795
2793
2793
2796
2795
2791
2791
2795
2794
2794
2789
2789
2793
2792
2787
2789
2789
2792
2792
2791
2791
2789
2791
2789
2789
2789
2790
2789
2788
2788
2784
2785
2786
2790
2789
2789
2787
2788
2788
2789
2789
2789
2784
2785
2789
2789
2788
2787
2787
2783
2783
2786
2785
2786
2785
2784
2784
2784
2784
2783
2779
2779
2780
2785
2784
2784
2783
2783
2783
2782
2779
2779
2784
2783
2783
2782
2782
2784
2783
2783
2784
2780
2780
2785
2784
2783
2780
2778
2783
2782
2776
2775
2779
2781
2780
2779
2779
2779
2777
2778
2777
2778
2773
2774
2778
2778
2777
2777
2778
2778
2778
2774
2774
2779
2779
2777
2773
2776
2779
2779
2774
2776
2780
2779
2778
2777
2777
2776
2773
2774
2775
2774
2775
2774
2774
2772
2773
2773
2771
2772
2772
2768
2770
2775
2774
2769
2770
2771
2775
2775
2775
2775
2774
2773
2773
2766
2769
2773
2773
2774
2772
2770
2769
2770
2773
2773
2769
2770
2773
2773
2773
2772
2772
2772
2771
2767
2768
2768
2772
2773
2770
2771
2771
2770
2768
2766
2765
2770
2767
2768
2766
2766
2766
2766
2766
2765
2766
2766
2766
2766
2766
2762
2763
2767
2766
2761
2763
2765
2766
2764
2765
2764
2759
2759
2764
2765
2765
2764
2763
2764
2764
2764
2763
2763
2762
2762
2762
2763
2763
2763
2761
2760
2760
2764
2763
2762
2762
2762
2764
2764
2759
2759
2762
2761
2761
2761
2762
2761
2763
2762
2762
2761
2761
2761
2763
2762
2763
2762
2764
2761
2759
2758
2758
2760
2760
2756
2757
2762
2760
2761
2756
2758
2760
2761
2760
2760
2760
2760
2760
2757
2758
2764
2763
2763
2763
2765
2771
2773
2771
2777
2783
2785
2789
2789
2794
2803
2807
2810
2813
2817
2824
2829
2834
2839
2844
2848
2853
2856
2862
2866
2871
2879
2884
2883
2888
2894
2903
2906
2910
2914
2914
2918
2923
2928
2931
2931
2933
2940
2942
2942
2943
2945
