2937
2934
2932
2929
2929
2930
2928
2924
2923
2923
2926
2922
2919
2916
2915
2913
2910
2907
2905
2903
2900
2898
2896
2895
2891
2889
2887
2887
2883
2880
2878
2876
2872
2869
2868
2870
2867
2865
2864
2857
2854
2854
2856
2851
2845
2846
2849
2846
2843
2840
2839
2837
2834
2834
2831
2831
2828
2828
2827
2824
2822
2822
2818
2817
2818
2820
2818
2818
2817
2813
2814
2814
2808
2806
2812
2809
2808
2808
2805
2800
2801
2804
2800
2800
2799
2797
2796
2795
2795
2793
2792
2792
2792
2789
2790
2788
2786
2787
2784
2782
2782
2785
2788
2788
2786
2788
2794
2794
2794
2794
2793
2788
2790
2792
2791
2790
2789
2789
2785
2783
2787
2786
2785
2783
2781
2783
2782
2780
2780
2780
2778
2776
2776
2775
2774
2773
2773
2773
2768
2768
2770
2772
2770
2765
2766
2770
2767
2765
2763
2761
2765
2764
2763
2761
2759
2760
2760
2759
2759
2754
2755
2760
2759
2757
2757
2756
2757
2757
2757
2757
2757
2757
2758
2757
2755
2755
2755
2755
2754
2752
2753
2753
2753
2752
2746
2747
2746
2750
2750
2746
2746
2749
2748
2748
2749
2749
2749
2749
2746
2748
2752
2750
2750
2750
2752
2751
2750
2748
2749
2748
2748
2747
2744
2743
2748
2747
2744
2743
2743
2748
2749
2749
2749
2747
2746
2746
2746
2746
2745
2745
2744
2744
2741
2744
2744
2743
2744
2738
2740
2743
2744
2745
2740
2740
2745
2744
2745
2744
2742
2737
2737
2743
2740
2739
2739
2740
2736
2735
2739
2737
2736
2737
2736
2736
2737
2737
2738
2737
2739
2736
2737
2738
2743
2744
2746
2748
2744
2747
2746
2752
2752
2753
2754
2754
2754
2752
2752
2751
2756
2754
2755
2753
2753
2752
2752
2747
2746
2751
2750
2749
2746
2746
2747
2744
2740
2742
2746
2742
2742
2743
2742
2741
2740
2738
2737
2738
2738
2739
2734
2736
2741
2740
2740
2740
2740
2741
2741
2738
2739
2744
2744
2744
2743
2742
2738
2739
2745
2744
2743
2742
2742
2741
2740
2737
2738
2743
2743
2741
2741
2739
2739
2738
2739
2741
2741
2743
2743
2739
2739
2744
2743
2742
2743
2741
2738
2737
2742
2742
2742
2743
2743
2740
2741
2746
2746
2746
2747
2748
2750
2751
2752
2754
2754
2754
2755
2756
2755
2755
2753
2749
2751
2756
2756
2756
2756
2756
2753
2753
2759
2759
2761
2760
2762
2762
2762
2763
2764
2760
2762
2764
2769
2769
2770
2770
2771
2772
2772
2771
2773
2779
2780
2777
2782
2787
2792
2793
2790
2794
2798
2799
2800
2799
2802
2802
2803
2801
2805
2810
2810
2810
2811
2812
2814
2814
2814
2815
2818
2818
2818
2821
2822
2825
2825
2828
2828
2831
2832
2833
2836
2839
2836
2839
2841
2847
2849
2847
2849
2857
2859
2860
2862
2863
2865
2869
2872
2874
2872
2876
2880
2886
2889
2887
2890
2898
2898
2900
2901
2903
2906
2909
2911
2915
2918
2920
2923
2926
2929
2926
2930
2939
2940
2943
2948
2952
2954
2956
2961
2964
2965
2967
2968
2976
2979
2983
2986
2986
2988
2992
2999
3003
3007
3008
3009
3014
3018
3029
3034
3038
3043
3049
3051
3054
3058
3061
3063
3068
3072
3076
3079
3083
3085
3083
3088
3097
3099
3097
3102
3106
3115
3117
3115
3121
3131
3132
3137
3138
3141
3151
3153
3153
3160
3166
3173
3177
3180
3185
3189
3193
3200
3202
3210
3213
3218
3226
3229
3236
3242
3247
3253
3260
3264
3272
3276
3282
3288
3292
3299
3305
3308
3314
3317
3322
3327
3331
3337
3340
3343
3347
3359
3362
3367
3368
3376
3383
3389
3389
3394
3404
3409
3415
3414
3422
3433
3437
3445
3449
3454
3460
3465
3470
3477
3476
3486
3490
3503
3507
3514
3519
3526
3534
3537
3545
3549
3557
3562
3565
3571
3581
3588
3592
3598
3603
3609
3615
3621
3626
3633
3635
3642
3653
3659
3664
3672
3676
3683
3689
3696
3702
3710
3714
3721
3726
3734
3737
3745
3754
3760
3760
3768
3772
3784
3792
3799
3804
3808
3814
3822
3833
3836
3835
3839
3852
3854
3854
3858
3863
3870
3872
3877
3877
3883
3886
3890
3895
3898
3901
3905
3910
3914
3919
3925
3930
3935
3938
3946
3950
3956
3962
3969
3969
3978
3990
3997
3998
4006
4017
4026
4036
4040
4047
4047
4057
4066
4075
4081
4088
4095
4096
4105
4116
4123
4128
4135
4139
4147
4150
4158
4160
4165
4172
4177
4181
4184
4187
4191
4195
4200
4204
4210
4212
4216
4218
4222
4227
4230
4230
4233
4244
4245
4249
4254
4258
4258
4262
4270
4274
4272
4279
4287
4292
4298
4303
4306
4307
4313
4323
4326
4333
4337
4344
4347
4353
4355
4362
4365
4376
4383
4389
4394
4396
4403
4409
4414
4419
4419
4423
4432
4439
4442
4446
4450
4452
4458
4466
4471
4477
4480
4482
4488
4487
4493
4498
4499
4503
4506
4508
4514
4515
4519
4516
4519
4530
4531
4530
4536
4537
4539
4543
4541
4543
4548
4550
4553
4546
4554
4561
4562
4562
4561
4565
4572
4575
4575
4576
4579
4577
4582
4583
4585
4583
4588
4597
4600
4602
4607
4610
4614
4617
4616
4622
4629
4633
4637
4642
4642
4646
4653
4647
4652
4658
4667
4671
4674
4677
4675
4678
4682
4691
4693
4694
4697
4700
4702
4701
4703
4705
4714
4714
4714
4718
4717
4718
4722
4724
4723
4719
4723
4733
4732
4730
4727
4730
4738
4735
4736
4738
4738
4739
4740
4741
4743
4745
4747
4742
4747
4751
4759
4758
4757
4760
4770
4768
4771
4773
4772
4776
4777
4776
4777
4775
4775
4775
4782
4782
4780
4780
4781
4780
4782
4784
4786
4786
4789
4791
4789
4793
4787
4789
4794
4797
4795
4797
4794
4792
4792
4797
4798
4798
4796
4798
4798
4798
4794
4795
4799
4797
4797
4794
4794
4791
4788
4780
4781
4784
4781
4779
4777
4776
4773
4771
4764
4763
4769
4768
4767
4767
4768
4765
4768
4769
4770
4772
4771
4773
4776
4779
4780
4781
4781
4785
4786
4787
4789
4784
4789
4799
4797
4796
4794
4795
4801
4800
4801
4797
4802
4800
4799
4803
4804
4804
4807
4808
4810
4809
4808
4809
4816
4814
4815
4818
4817
4818
4819
4815
4816
4821
4821
4821
4819
4820
4815
4815
4823
4819
4818
4819
4818
4819
4818
4816
4817
4809
4807
4809
4813
4807
4803
4803
4805
4802
4798
4793
4793
4791
4787
4787
4786
4781
4782
4780
4776
4777
4769
4770
4775
4771
4771
4763
4763
4770
4766
4759
4761
4760
4762
4761
4757
4758
4755
4754
4750
4744
4746
4751
4746
4747
4742
4739
4740
4734
4731
4729
4726
4723
4721
4718
4715
4709
4705
4704
4700
4691
4692
4691
4692
4688
4683
4681
4669
4669
4670
4666
4663
4659
4654
4652
4648
4642
4640
4640
4642
4641
4637
4634
4626
4627
4626
4628
4628
4625
4624
4623
4621
4621
4623
4619
4617
4621
4618
4618
4621
4618
4619
4617
4615
4623
4623
4615
4618
4621
4622
4623
4620
4619
4619
4617
4617
4617
4616
4612
4612
4616
4616
4613
4612
4612
4610
4608
4608
4607
4600
4602
4605
4608
4603
4598
4596
4601
4600
4598
4594
4593
4585
4585
4586
4583
4575
4571
4572
4571
4568
4568
4562
4562
4558
4555
4553
4549
4550
4546
4544
4543
4539
4538
4535
4536
4533
4532
4529
4525
4523
4523
4527
4525
4524
4522
4519
4518
4516
4516
4514
4508
4506
4510
4506
4495
4493
4489
4490
4487
4476
4477
4479
4474
4473
4468
4467
4464
4460
4459
4457
4453
4452
4450
4449
4448
4446
4446
4438
4438
4439
4440
4439
4431
4430
4436
4432
4428
4428
4426
4420
4419
4420
4418
4415
4416
4411
4411
4411
4407
4405
4396
4396
4397
4396
4396
4390
4389
4389
4384
4385
4381
4377
4375
4374
4372
4369
4364
4362
4360
4363
4361
4356
4354
4350
4346
4346
4342
4341
4337
4333
4325
4323
4322
4324
4323
4314
4312
4317
4313
4310
4308
4307
4304
4303
4295
4292
4297
4295
4292
4291
4286
4283
4284
4274
4274
4273
4274
4273
4271
4267
4261
4261
4260
4259
4258
4257
4253
4256
4252
4245
4245
4243
4247
4243
4234
4237
4240
4237
4232
4226
4224
4228
4224
4220
4219
4216
4212
4213
4207
4203
4195
4193
4196
4195
4191
4191
4186
4177
4178
4181
4177
4175
4172
4171
4165
4164
4157
4155
4155
4154
4151
4155
4151
4148
4147
4144
4143
4137
4140
4134
4128
4126
4130
4126
4126
4119
4117
4121
4118
4117
4113
4113
4108
4108
4104
4103
4100
4100
4097
4095
4093
4090
4089
4086
4084
4081
4079
4078
4075
4074
4068
4067
4068
4067
4059
4056
4055
4056
4055
4047
4045
4052
4049
4046
4046
4043
4038
4038
4031
4029
4029
4028
4025
4024
4020
4013
4014
4012
4014
4011
4007
4004
4004
3999
3998
3997
3995
3993
3992
3986
3984
3991
3988
3986
3983
3982
3979
3978
3974
3970
3962
3961
3957
3962
3957
3954
3950
3949
3946
3942
3940
3940
3936
3932
3927
3927
3926
3927
3926
3920
3918
3924
3920
3917
3914
3914
3913
3911
3903
3903
3908
3906
3903
3902
3900
3898
3896
3895
3892
3891
3890
3888
3887
3886
3884
3883
3881
3877
3876
3881
3880
3872
3873
3877
3875
3871
3871
3870
3862
3863
3868
3865
3860
3857
3857
3854
3852
3849
3848
3848
3850
3848
3845
3843
3841
3838
3835
3833
3830
3826
3825
3822
3820
3818
3814
3812
3808
3806
3808
3806
3805
3801
3798
3796
3795
3788
3787
3789
3784
3784
3780
3778
3776
3772
3770
3768
3765
3763
3761
3753
3752
3756
3754
3747
3744
3744
3746
3743
3735
3734
3738
3736
3734
3730
3727
3724
3724
3723
3720
3718
3716
3717
3715
3713
3714
3714
3714
3714
3712
3709
3706
3701
3696
3703
3698
3697
3696
3694
3689
3689
3691
3688
3681
3681
3680
3683
3678
3672
3672
3677
3674
3671
3665
3665
3670
3670
3668
3666
3666
3665
3664
3664
3662
3661
3659
3658
3656
3654
3653
3650
3650
3646
3643
3643
3642
3640
3641
3635
3632
3637
3635
3633
3633
3629
3629
3628
3626
3622
3619
3617
3615
3612
3610
3608
3603
3596
3596
3598
3599
3597
3594
3591
3589
3588
3582
3582
3581
3583
3581
3573
3574
3581
3578
3577
3577
3575
3571
3573
3579
3576
3575
3572
3571
3569
3569
3562
3562
3567
3565
3563
3560
3557
3555
3554
3551
3549
3548
3547
3545
3543
3540
3540
3538
3536
3533
3530
3525
3525
3528
3525
3519
3519
3516
3521
3519
3517
3515
3507
3507
3507
3509
3507
3506
3503
3501
3499
3496
3496
3493
3492
3489
3489
3486
3481
3481
3480
3484
3481
3481
3479
3480
3477
3477
3473
3475
3478
3476
3474
3476
3471
3469
3467
3468
3467
3464
3465
3459
3457
3456
3461
3459
3450
3449
3454
3452
3449
3443
3445
3448
3443
3443
3441
3441
3438
3438
3439
3437
3435
3434
3434
3434
3432
3429
3428
3428
3428
3425
3425
3424
3421
3422
3414
3416
3421
3419
3416
3411
3413
3417
3415
3413
3413
3403
3404
3402
3405
3404
3403
3399
3399
3401
3400
3398
3397
3396
3393
3393
3393
3392
3391
3388
3387
3387
3380
3379
3383
3381
3379
3378
3378
3372
3371
3376
3374
3373
3370
3371
3368
3369
3374
3373
3370
3369
3370
3373
3372
3371
3369
3370
3368
3368
3365
3363
3363
3363
3363
3363
3365
3363
3360
3360
3357
3350
3348
3349
3348
3345
3339
3337
3341
3338
3334
3332
3329
3329
3327
3319
3321
3327
3324
3324
3320
3320
3317
3318
3317
3316
3315
3313
3313
3311
3311
3304
3305
3311
3310
3306
3301
3303
3306
3303
3297
3296
3297
3299
3297
3297
3296
3294
3292
3290
3292
3292
3291
3290
3284
3284
3288
3288
3288
3285
3286
3290
3289
3289
3289
3289
3287
3284
3283
3282
3282
3281
3278
3277
3276
3276
3274
3273
3271
3270
3269
3269
3263
3262
3266
3266
3260
3261
3260
3264
3264
3263
3260
3257
3256
3258
3258
3258
3256
3255
3250
3248
3254
3252
3249
3249
3249
3243
3245
3250
3248
3246
3246
3242
3244
3244
3240
3239
3237
3237
3236
3232
3231
3230
3227
3226
3226
3224
3223
3219
3221
3221
3219
3219
3221
3215
3219
3222
3221
3216
3216
3220
3220
3218
3212
3212
3215
3214
3208
3207
3209
3211
3211
3208
3206
3200
3202
3202
3205
3205
3202
3201
3201
3200
3198
3197
3196
3196
3195
3191
3191
3191
3191
3190
3185
3186
3190
3187
3187
3187
3185
3180
3179
3183
3182
3179
3178
3177
3177
3175
3174
3174
3173
3172
3171
3172
3173
3170
3169
3169
3170
3165
3164
3165
3170
3170
3163
3164
3166
3165
3166
3164
3166
3159
3158
3161
3158
3153
3153
3151
3154
3152
3152
3150
3148
3148
3147
3146
3146
3145
3144
3137
3138
3142
3141
3141
3140
3139
3140
3136
3137
3136
3136
3134
3133
3129
3129
3134
3131
3131
3131
3131
3131
3129
3124
3124
3128
3129
3130
3127
3125
3123
3122
3117
3119
3118
3121
3119
3118
3118
3119
3117
3117
3115
3113
3113
3112
3110
3110
3109
3108
3106
3106
3106
3107
3107
3102
3103
3102
3106
3106
3107
3107
3103
3104
3105
3110
3109
3105
3104
3110
3109
3107
3108
3108
3104
3104
3109
3109
3109
3107
3107
3102
3101
3105
3101
3095
3096
3096
3097
3096
3095
3094
3092
3091
3089
3088
3087
3086
3085
3084
3084
3078
3078
3079
3082
3080
3079
3076
3075
3074
3075
3073
3072
3071
3069
3064
3066
3069
3071
3071
3066
3069
3073
3071
3070
3067
3069
3068
3067
3067
3065
3065
3064
3063
3062
3061
3057
3057
3057
3057
3055
3054
3054
3058
3055
3055
3054
3053
3053
3053
3050
3049
3053
3052
3048
3049
3048
3050
3050
3045
3045
3050
3047
3046
3045
3044
3045
3044
3042
3044
3042
3041
3042
3042
3043
3043
3042
3040
3039
3039
3040
3041
3035
3037
3042
3041
3038
3037
3037
3040
3039
3034
3036
3040
3039
3038
3035
3034
3033
3030
3025
3026
3025
3028
3028
3027
3027
3026
3024
3025
3023
3023
3018
3020
3024
3024
3023
3024
3023
3025
3026
3024
3025
3030
3029
3027
3027
3025
3024
3023
3023
3023
3021
3021
3020
3019
3019
3016
3017
3011
3010
3011
3013
3012
3011
3010
3005
3005
3004
3007
3006
3006
3004
3004
3003
2999
2997
2998
3004
3005
3003
3005
3012
3011
3010
3006
3005
3007
3006
3004
3004
3004
3005
3004
3003
3001
3001
3001
2999
2998
2998
2997
2998
2999
3001
2998
3000
3003
3009
3008
3009
3008
3007
3005
3003
2996
2996
2999
2998
2996
2996
2991
2990
2989
2994
2992
2987
2986
2990
2988
2988
2981
2982
2986
2985
2983
2983
2983
2982
2982
2983
2984
2984
2985
2986
2986
2986
2983
2985
2990
2989
2988
2987
2987
2985
2983
2982
2982
2979
2979
2978
2973
2974
2979
2977
2972
2972
2974
2975
2972
2971
2970
2969
2968
2967
2966
2965
2960
2961
2967
2967
2967
2967
2966
2967
2967
2967
2968
2969
2968
2968
2967
2968
2967
2967
2967
2967
2966
2967
2969
2963
2964
2968
2966
2961
2961
2963
2967
2965
2965
2967
2961
2961
2963
2965
2964
2959
2958
2962
2960
2960
2959
2958
2957
2956
2955
2954
2952
2951
2950
2948
2946
2945
2944
2942
2940
2939
2939
2940
2935
2937
2942
2942
2937
2940
2941
2945
2944
2944
2943
2938
2938
2938
2942
2941
2935
2935
2939
2937
2935
2933
2933
2932
2931
2931
2928
2929
2927
2927
2926
2924
2922
2924
2923
2921
2921
2921
2924
2925
2927
2924
2926
2928
2931
2930
2925
2926
2931
2930
2926
2925
2924
2928
2926
2925
2923
2922
2922
2923
2920
2919
2915
2916
2920
2919
2917
2917
2917
2916
2915
2911
2911
2917
2915
2914
2915
2914
2916
2916
2912
2913
2915
2918
2917
2915
2914
2909
2910
2911
2915
2912
2911
2910
2911
2912
2909
2910
2911
2916
2917
2916
2916
2916
2917
2916
2916
2915
2915
2915
2915
2914
2911
2909
2910
2913
2913
2906
2908
2909
2906
2906
2911
2909
2909
2908
2907
2907
2907
2905
2905
2905
2904
2903
2901
2897
2896
2895
2897
2898
2897
2896
2895
2895
2894
2893
2892
2892
2892
2891
2890
2889
2888
2887
2882
2882
2888
2887
2887
2887
2890
2887
2890
2894
2894
2893
2893
2893
2889
2889
2893
2891
2892
2892
2891
2890
2889
2890
2890
2885
2886
2889
2890
2889
2890
2890
2889
2889
2888
2887
2886
2886
2885
2886
2883
2883
2882
2881
2881
2880
2875
2874
2879
2878
2875
2871
2873
2875
2874
2870
2869
2872
2873
2872
2871
2871
2866
2867
2871
2872
2871
2871
2871
2870
2870
2870
2870
2870
2870
2870
2867
2868
2873
2872
2871
2870
2870
2870
2870
2867
2868
2872
2872
2871
2867
2867
2871
2870
2870
2870
2869
2868
2868
2867
2866
2866
2866
2866
2865
2864
2863
2863
2863
2861
2857
2858
2859
2864
2862
2862
2861
2857
2859
2861
2862
2862
2862
2860
2857
2859
2865
2865
2864
2862
2862
2867
2864
2864
2863
2863
2862
2861
2862
2861
2859
2859
2859
2859
2859
2855
2856
2861
2861
2858
2857
2857
2858
2857
2857
2856
2856
2855
2855
2849
2850
2854
2853
2853
2851
2848
2845
2845
2850
2850
2849
2848
2843
2845
2847
2851
2850
2851
2851
2852
2852
2852
2849
2850
2854
2853
2848
2848
2851
2853
2853
2850
2850
2849
2848
2848
2848
2847
2846
2845
2846
2845
2845
2846
2845
2842
2842
2848
2846
2846
2847
2848
2848
2848
2845
2846
2852
2850
2846
2846
2845
2850
2849
2848
2847
2847
2845
2846
2844
2842
2841
2840
2834
2835
2836
2837
2837
2836
2836
2834
2834
2833
2832
2832
2830
2829
2835
2834
2834
2832
2831
2832
2832
2828
2829
2833
2832
2832
2831
2830
2830
2829
2828
2826
2827
2828
2829
2824
2825
2831
2830
2825
2825
2826
2830
2829
2830
2829
2824
2825
2829
2831
2830
2825
2825
2829
2828
2827
2824
2825
2823
2823
2822
2822
2822
2820
2821
2821
2819
2814
2815
2821
2818
2818
2818
2818
2817
2816
2817
2815
2814
2815
2814
2811
2811
2815
2816
2810
2809
2810
2815
2814
2814
2814
2809
2811
2813
2815
2814
2815
2815
2813
2813
2813
2813
2814
2813
2812
2813
2813
2813
2811
2813
2808
2808
2812
2812
2812
2811
2809
2810
2811
2810
2809
2806
2806
2811
2809
2808
2809
2808
2806
2807
2802
2804
2802
2805
2805
2800
2801
2807
2804
2801
2799
2800
2804
2802
2802
2801
2801
2801
2801
2802
2800
2800
2800
2801
2801
2800
2802
2803
2803
2802
2800
2802
2801
2800
2799
2795
2797
2801
2801
2797
2799
2799
2801
2800
2796
2797
2801
2801
2799
2800
2799
2799
2798
2799
2798
2796
2794
2794
2798
2798
2799
2799
2798
2798
2798
2799
2799
2799
2798
2799
2799
2801
2800
2802
2800
2799
2806
2805
2804
2805
2807
2802
2802
2806
2805
2805
2802
2801
2800
2800
2798
2797
2796
2796
2795
2791
2791
2797
2796
2791
2791
2793
2794
2794
2790
2790
2796
2797
2796
2795
2795
2791
2793
2797
2794
2795
2795
2795
2796
2796
2790
2792
2797
2796
2795
2796
2795
2796
2797
2796
2796
2794
2796
2796
2795
2794
2794
2794
2795
2795
2795
2794
2795
2791
2791
2795
2793
2791
2790
2789
2793
2792
2788
2789
2792
2790
2791
2791
2792
2787
2787
2792
2792
2791
2789
2790
2790
2789
2783
2783
2787
2789
2787
2786
2786
2785
2785
2781
2781
2781
2785
2784
2784
2784
2783
2782
2782
2781
2781
2780
2781
2780
2780
2779
2778
2778
2779
2778
2774
2774
2779
2779
2777
2772
2773
2777
2777
2772
2773
2775
2778
2777
2772
2773
2778
2777
2775
2776
2776
2775
2773
2773
2773
2767
2767
2768
2772
2772
2768
2768
2773
2772
2771
2770
2770
2769
2770
2770
2770
2768
2765
2766
2770
2770
2766
2766
2771
2769
2769
2770
2770
2764
2764
2769
2768
2767
2767
2766
2765
2765
2766
2766
2766
2764
2764
2765
2765
2764
2763
2759
2761
2761
2765
2760
2762
2762
2762
2762
2762
2758
2759
2764
2763
2758
2758
2759
2761
2760
2755
2756
2761
2761
2761
2760
2760
2759
2759
2756
2756
2762
2762
2762
2762
2761
2760
2761
2761
2760
2759
2760
2760
2759
2759
2757
2758
2759
2759
2760
2755
2756
2762
2761
2755
2755
2757
2761
2761
2757
2758
2763
2763
2762
2761
2762
2762
2762
2762
2762
2761
2763
2763
2762
2763
2759
2761
2765
2764
2764
2759
2759
2763
2762
2756
2757
2761
2762
2760
2761
2761
2756
2756
2761
2760
2759
2757
2758
2757
2756
2758
2760
2760
2760
2760
2761
2760
2760
2760
2760
2759
2759
2757
2756
2756
2754
2754
2755
2754
2749
2750
2755
2754
2748
2749
2751
2755
2753
2753
2753
2750
2749
2751
2753
2753
2752
2751
2751
2749
2750
2749
2747
2746
2747
2752
2751
2752
2753
2752
2751
2752
2752
2753
2748
2750
2753
2755
2755
2756
2756
2755
2753
2753
2752
2750
2751
2750
2751
2753
2747
2748
2750
2755
2755
2750
2751
2756
2754
2752
2752
2752
2746
2747
2750
2750
2750
2748
2749
2748
2747
2748
2746
2741
2743
2744
2749
2746
2747
2748
2743
2744
2746
2748
2748
2747
2747
2747
2747
2743
2742
2742
2746
2747
2747
2747
2747
2746
2746
2748
2747
2745
2745
2745
2746
2746
2746
2746
2746
2745
2744
2744
2744
2744
2743
2743
2743
2739
2739
2743
2743
2742
2741
2741
2740
2741
2740
2741
2741
2741
2741
2737
2738
2743
2743
2741
2741
2742
2745
2746
2748
2751
2745
2748
2750
2757
2758
2755
2758
2766
2768
2770
2771
2774
2781
2784
2784
2790
2798
2803
2806
2811
2815
2821
2826
2830
2834
2838
2843
2849
2850
2856
2864
2867
2871
2876
2880
2884
2888
2891
2895
2894
2898
2902
2909
2913
2909
2912
2919
2919
2919
2920
2922
