2915
2914
2914
2913
2912
2912
2912
2912
2909
2909
2907
2906
2903
2901
2900
2898
2896
2894
2891
2889
2887
2884
2881
2875
2875
2877
2872
2871
2868
2865
2863
2861
2860
2859
2852
2852
2854
2851
2849
2847
2844
2838
2837
2840
2838
2836
2834
2833
2827
2826
2830
2828
2826
2825
2823
2822
2820
2815
2812
2817
2814
2813
2812
2810
2808
2807
2800
2801
2801
2802
2802
2800
2798
2793
2793
2795
2795
2794
2793
2792
2790
2789
2789
2788
2786
2787
2786
2782
2782
2785
2783
2781
2779
2779
2779
2779
2777
2775
2773
2774
2773
2773
2771
2766
2766
2769
2769
2768
2765
2767
2766
2766
2766
2766
2764
2760
2760
2765
2763
2758
2758
2761
2762
2761
2759
2758
2757
2757
2757
2756
2755
2755
2753
2753
2751
2750
2749
2749
2745
2745
2747
2747
2741
2742
2745
2745
2744
2743
2743
2744
2743
2744
2745
2745
2741
2742
2746
2746
2745
2745
2745
2742
2742
2746
2745
2744
2743
2742
2742
2741
2740
2741
2740
2740
2739
2738
2738
2737
2737
2737
2737
2737
2735
2736
2734
2733
2729
2731
2734
2731
2731
2731
2733
2729
2728
2732
2733
2730
2731
2732
2736
2734
2734
2735
2730
2730
2732
2735
2733
2732
2732
2731
2731
2731
2731
2730
2730
2729
2729
2728
2723
2724
2724
2728
2728
2728
2727
2721
2722
2724
2728
2727
2724
2724
2730
2728
2725
2724
2724
2729
2727
2724
2725
2729
2728
2728
2729
2730
2731
2731
2731
2732
2732
2732
2732
2731
2733
2733
2733
2732
2733
2734
2732
2733
2737
2736
2732
2730
2731
2736
2734
2733
2734
2730
2731
2733
2737
2735
2736
2734
2733
2732
2733
2732
2730
2731
2729
2728
2729
2729
2728
2728
2723
2723
2728
2727
2721
2721
2721
2724
2723
2721
2721
2716
2717
2719
2720
2717
2718
2717
2717
2718
2713
2714
2715
2719
2719
2716
2717
2717
2718
2716
2713
2714
2717
2717
2716
2718
2717
2717
2717
2718
2719
2718
2718
2719
2718
2719
2718
2719
2719
2718
2714
2715
2717
2720
2720
2719
2719
2718
2718
2716
2715
2716
2720
2720
2719
2720
2716
2717
2717
2722
2721
2718
2718
2722
2722
2722
2724
2724
2724
2724
2723
2723
2723
2723
2724
2725
2726
2723
2725
2730
2730
2730
2726
2727
2733
2731
2731
2732
2733
2735
2734
2731
2733
2737
2736
2737
2738
2739
2740
2740
2742
2742
2743
2745
2745
2747
2747
2749
2749
2750
2752
2753
2750
2753
2757
2758
2757
2759
2760
2761
2763
2764
2766
2763
2763
2771
2773
2774
2775
2776
2773
2775
2782
2781
2783
2780
2782
2788
2788
2789
2790
2788
2788
2790
2795
2795
2798
2799
2800
2802
2805
2807
2810
2812
2814
2811
2814
2817
2823
2825
2827
2828
2830
2832
2832
2835
2837
2838
2842
2840
2842
2850
2852
2853
2855
2857
2860
2862
2865
2868
2869
2872
2874
2872
2875
2884
2886
2884
2887
2890
2898
2900
2896
2900
2908
2910
2913
2913
2918
2925
2927
2932
2935
2937
2939
2943
2948
2951
2951
2955
2962
2965
2969
2973
2975
2979
2982
2986
2990
2994
2998
3003
3007
3011
3016
3019
3022
3026
3030
3031
3036
3046
3047
3048
3053
3057
3066
3069
3068
3074
3084
3087
3092
3092
3097
3106
3110
3115
3120
3121
3123
3128
3136
3140
3144
3149
3153
3158
3162
3162
3165
3174
3179
3184
3187
3192
3196
3199
3204
3209
3213
3218
3221
3224
3230
3235
3238
3244
3249
3254
3259
3264
3270
3274
3279
3284
3290
3299
3302
3303
3311
3321
3326
3325
3333
3341
3350
3354
3355
3363
3374
3378
3380
3386
3391
3404
3409
3414
3421
3426
3432
3438
3444
3451
3455
3463
3461
3470
3476
3485
3491
3496
3502
3507
3515
3519
3524
3532
3532
3539
3551
3557
3555
3565
3571
3581
3588
3594
3599
3605
3612
3618
3620
3627
3640
3645
3650
3658
3663
3669
3676
3683
3690
3695
3702
3708
3713
3722
3723
3731
3742
3750
3752
3756
3765
3777
3781
3785
3790
3802
3805
3811
3817
3821
3825
3832
3838
3842
3847
3851
3857
3863
3868
3873
3879
3878
3887
3893
3901
3908
3912
3919
3920
3926
3935
3943
3948
3952
3958
3963
3966
3972
3975
3980
3984
3988
3994
3999
3997
4002
4008
4016
4018
4019
4022
4032
4036
4039
4044
4047
4053
4056
4063
4066
4071
4075
4079
4085
4088
4086
4092
4103
4103
4109
4116
4119
4126
4129
4131
4137
4150
4155
4159
4166
4174
4179
4187
4187
4191
4199
4206
4213
4211
4219
4228
4235
4237
4239
4244
4255
4259
4262
4269
4277
4281
4285
4290
4297
4303
4307
4313
4319
4324
4329
4333
4336
4341
4344
4345
4351
4350
4355
4354
4360
4362
4367
4368
4371
4377
4384
4389
4391
4398
4393
4400
4405
4415
4418
4423
4427
4424
4430
4434
4445
4446
4448
4455
4465
4468
4467
4471
4475
4482
4485
4487
4492
4493
4497
4499
4503
4505
4508
4509
4513
4516
4518
4519
4524
4517
4521
4531
4533
4529
4532
4533
4543
4544
4550
4552
4553
4557
4559
4564
4563
4561
4565
4575
4576
4577
4576
4578
4587
4588
4590
4595
4597
4600
4601
4608
4608
4611
4611
4617
4617
4622
4624
4628
4623
4628
4636
4637
4636
4639
4638
4639
4639
4639
4641
4650
4649
4652
4651
4651
4649
4650
4640
4646
4645
4652
4650
4645
4647
4654
4652
4655
4658
4657
4657
4662
4661
4665
4661
4670
4668
4672
4675
4672
4675
4685
4685
4688
4685
4688
4698
4696
4697
4700
4702
4704
4703
4708
4706
4710
4709
4713
4712
4715
4717
4716
4713
4714
4722
4720
4719
4718
4719
4717
4719
4719
4720
4719
4715
4718
4724
4725
4719
4722
4728
4731
4729
4729
4730
4736
4736
4729
4732
4732
4740
4737
4739
4737
4740
4738
4740
4739
4743
4736
4739
4747
4747
4748
4749
4750
4750
4750
4753
4754
4749
4751
4754
4759
4758
4760
4761
4762
4763
4762
4758
4757
4765
4761
4762
4762
4763
4761
4762
4761
4762
4759
4760
4757
4756
4755
4748
4749
4750
4748
4744
4742
4739
4737
4738
4729
4730
4734
4734
4734
4731
4729
4727
4729
4725
4728
4725
4726
4727
4721
4723
4724
4723
4718
4719
4720
4725
4720
4716
4715
4719
4719
4715
4715
4712
4712
4709
4709
4707
4705
4707
4706
4707
4706
4706
4705
4706
4704
4705
4705
4705
4700
4702
4707
4704
4706
4704
4705
4698
4701
4706
4705
4699
4702
4704
4708
4710
4706
4706
4697
4699
4696
4696
4692
4691
4685
4682
4679
4675
4670
4672
4672
4672
4667
4667
4662
4659
4656
4651
4650
4658
4652
4653
4646
4649
4645
4646
4646
4645
4637
4638
4642
4641
4642
4635
4634
4642
4637
4639
4639
4634
4633
4633
4631
4628
4617
4616
4615
4615
4611
4607
4604
4602
4598
4591
4587
4586
4588
4586
4582
4582
4581
4577
4578
4575
4576
4574
4575
4569
4569
4567
4570
4569
4562
4562
4568
4564
4561
4559
4560
4557
4558
4554
4555
4554
4552
4551
4551
4550
4542
4543
4550
4545
4545
4544
4540
4539
4539
4530
4531
4534
4533
4529
4529
4526
4527
4523
4517
4517
4519
4521
4522
4517
4515
4507
4507
4508
4508
4508
4500
4500
4504
4501
4497
4496
4494
4492
4492
4488
4484
4484
4481
4481
4477
4476
4473
4473
4463
4464
4461
4465
4462
4459
4457
4459
4453
4449
4444
4445
4448
4448
4445
4445
4437
4436
4434
4439
4436
4433
4431
4429
4429
4425
4424
4420
4419
4413
4414
4408
4407
4403
4403
4393
4392
4396
4393
4382
4381
4378
4381
4378
4367
4366
4368
4364
4359
4358
4356
4345
4343
4349
4342
4341
4338
4336
4335
4330
4331
4328
4327
4326
4322
4324
4320
4320
4316
4314
4312
4309
4307
4302
4295
4295
4300
4296
4292
4291
4288
4281
4281
4283
4283
4281
4278
4277
4277
4275
4269
4267
4274
4270
4268
4262
4262
4266
4265
4261
4257
4257
4256
4252
4247
4247
4246
4242
4241
4236
4234
4232
4229
4222
4218
4223
4220
4216
4214
4209
4208
4205
4197
4194
4197
4195
4194
4191
4191
4183
4183
4186
4184
4181
4179
4176
4175
4171
4163
4163
4162
4168
4163
4162
4158
4158
4156
4155
4152
4149
4147
4143
4143
4139
4133
4129
4130
4133
4131
4121
4120
4126
4121
4118
4112
4112
4111
4107
4108
4104
4098
4093
4094
4096
4094
4090
4089
4086
4083
4084
4080
4077
4076
4073
4066
4065
4064
4068
4065
4061
4058
4063
4059
4053
4049
4049
4051
4046
4045
4041
4040
4037
4034
4034
4028
4028
4025
4023
4023
4020
4017
4012
4019
4015
4013
4011
4006
4006
4002
3999
3997
3995
3993
3988
3987
3984
3984
3979
3975
3973
3980
3975
3971
3965
3962
3966
3962
3961
3958
3952
3951
3948
3951
3951
3946
3946
3945
3943
3944
3936
3939
3943
3942
3939
3940
3938
3937
3934
3931
3928
3928
3924
3923
3920
3919
3914
3913
3904
3906
3908
3905
3900
3898
3896
3886
3886
3887
3885
3883
3878
3877
3872
3871
3865
3863
3862
3859
3859
3855
3852
3857
3854
3852
3852
3846
3841
3840
3843
3842
3831
3831
3830
3833
3830
3825
3826
3818
3816
3820
3818
3814
3813
3813
3808
3807
3807
3804
3802
3795
3796
3798
3798
3796
3791
3793
3790
3788
3790
3787
3781
3780
3782
3783
3778
3772
3773
3773
3770
3769
3765
3764
3761
3758
3757
3753
3751
3749
3748
3743
3742
3741
3737
3731
3727
3731
3729
3728
3721
3720
3725
3722
3716
3713
3713
3717
3714
3714
3711
3705
3705
3705
3709
3705
3706
3705
3703
3704
3702
3700
3701
3697
3696
3696
3693
3693
3690
3689
3687
3684
3679
3679
3682
3679
3677
3669
3672
3673
3671
3664
3663
3669
3663
3664
3660
3659
3659
3656
3650
3652
3651
3654
3655
3654
3651
3650
3650
3648
3645
3642
3643
3640
3636
3635
3633
3631
3626
3626
3623
3620
3617
3617
3615
3611
3611
3611
3602
3605
3609
3607
3606
3603
3599
3592
3593
3597
3594
3589
3588
3586
3588
3588
3586
3584
3582
3581
3581
3577
3575
3575
3575
3572
3570
3570
3564
3563
3566
3565
3557
3558
3563
3561
3559
3554
3554
3555
3553
3552
3549
3547
3546
3543
3537
3535
3539
3540
3536
3536
3537
3529
3529
3533
3530
3526
3525
3524
3522
3522
3519
3518
3517
3516
3514
3514
3513
3509
3511
3508
3508
3504
3499
3497
3502
3499
3495
3494
3494
3490
3487
3484
3483
3481
3477
3475
3475
3474
3471
3471
3465
3463
3468
3467
3464
3457
3457
3462
3460
3451
3451
3452
3451
3449
3448
3445
3448
3444
3443
3443
3439
3434
3435
3440
3437
3437
3436
3435
3434
3432
3432
3431
3430
3428
3428
3426
3427
3425
3425
3420
3420
3422
3420
3419
3413
3412
3416
3413
3405
3405
3405
3408
3405
3405
3405
3403
3401
3396
3397
3396
3398
3397
3396
3395
3393
3391
3388
3383
3383
3387
3385
3384
3381
3379
3373
3373
3376
3375
3375
3373
3367
3367
3367
3370
3368
3369
3367
3365
3363
3364
3363
3360
3360
3360
3357
3357
3356
3355
3353
3352
3352
3349
3350
3347
3348
3346
3341
3343
3346
3344
3338
3340
3340
3341
3339
3340
3338
3337
3340
3336
3330
3331
3334
3330
3324
3325
3326
3326
3326
3323
3323
3321
3319
3317
3313
3314
3314
3312
3310
3310
3303
3304
3304
3308
3304
3303
3302
3300
3300
3294
3292
3294
3298
3296
3293
3292
3293
3291
3291
3287
3285
3291
3288
3284
3285
3286
3289
3289
3289
3291
3289
3286
3286
3289
3288
3284
3284
3288
3287
3280
3278
3278
3283
3279
3279
3278
3276
3276
3275
3271
3271
3271
3269
3262
3259
3262
3263
3260
3253
3251
3255
3254
3252
3252
3249
3249
3249
3248
3245
3243
3243
3242
3236
3237
3241
3241
3238
3238
3242
3244
3243
3242
3239
3238
3237
3237
3235
3234
3231
3230
3230
3229
3222
3219
3221
3225
3223
3224
3223
3215
3216
3218
3219
3219
3218
3217
3216
3214
3214
3213
3213
3212
3211
3204
3206
3210
3209
3205
3200
3199
3203
3201
3195
3196
3200
3201
3200
3199
3197
3195
3193
3194
3191
3189
3189
3189
3189
3187
3184
3182
3181
3184
3184
3183
3183
3176
3176
3179
3179
3178
3177
3175
3174
3173
3173
3172
3173
3171
3170
3166
3166
3170
3169
3169
3168
3168
3167
3168
3162
3163
3168
3168
3170
3167
3168
3167
3164
3160
3160
3160
3166
3167
3167
3166
3160
3160
3160
3162
3160
3158
3155
3149
3149
3151
3151
3149
3147
3144
3138
3139
3144
3142
3140
3138
3137
3137
3135
3134
3133
3131
3131
3130
3129
3129
3128
3129
3130
3129
3129
3124
3124
3130
3128
3128
3126
3125
3120
3121
3126
3126
3125
3126
3124
3124
3124
3126
3127
3126
3127
3123
3123
3122
3125
3123
3117
3117
3122
3118
3116
3117
3115
3113
3108
3109
3107
3106
3106
3106
3101
3100
3105
3101
3101
3100
3099
3099
3098
3096
3094
3088
3089
3089
3093
3092
3089
3088
3083
3085
3086
3089
3088
3087
3086
3085
3083
3079
3079
3080
3085
3085
3086
3084
3082
3082
3081
3080
3081
3076
3078
3082
3081
3080
3076
3080
3083
3080
3076
3077
3081
3080
3079
3078
3078
3076
3076
3076
3076
3076
3072
3070
3074
3073
3073
3073
3070
3070
3068
3067
3066
3064
3063
3059
3058
3057
3061
3060
3054
3054
3057
3059
3057
3052
3053
3055
3055
3054
3054
3053
3053
3051
3052
3050
3049
3047
3048
3048
3047
3048
3048
3050
3051
3049
3047
3048
3046
3048
3047
3047
3047
3045
3044
3042
3040
3039
3040
3039
3038
3035
3034
3034
3038
3036
3029
3030
3034
3031
3030
3026
3026
3030
3030
3025
3026
3028
3032
3032
3032
3032
3032
3032
3034
3032
3031
3030
3029
3027
3025
3019
3018
3019
3023
3019
3020
3019
3017
3018
3016
3013
3014
3019
3016
3012
3012
3014
3014
3014
3013
3013
3007
3009
3014
3011
3010
3010
3007
3006
3006
3005
3005
3004
3004
3003
2998
2997
3002
2999
2997
2997
2996
2995
2996
2989
2990
2996
2994
2994
2988
2990
2992
2991
2984
2985
2988
2988
2989
2987
2986
2986
2984
2984
2981
2980
2979
2978
2977
2977
2976
2977
2976
2974
2974
2974
2973
2968
2970
2972
2976
2974
2970
2969
2975
2974
2974
2973
2973
2975
2973
2968
2968
2973
2972
2970
2972
2973
2973
2974
2974
2975
2974
2974
2973
2975
2975
2974
2974
2969
2968
2968
2973
2972
2967
2968
2975
2975
2973
2969
2968
2971
2971
2971
2971
2971
2972
2973
2973
2971
2964
2966
2969
2969
2967
2965
2965
2965
2964
2964
2963
2962
2961
2961
2961
2962
2957
2957
2958
2961
2960
2958
2957
2956
2955
2956
2956
2957
2956
2957
2956
2955
2950
2950
2948
2953
2952
2951
2951
2946
2946
2948
2951
2949
2950
2949
2944
2946
2950
2950
2950
2943
2944
2948
2947
2948
2948
2949
2949
2949
2946
2948
2954
2952
2952
2949
2949
2947
2946
2945
2943
2940
2936
2937
2939
2939
2938
2936
2932
2931
2933
2936
2935
2934
2933
2933
2932
2932
2931
2931
2931
2930
2929
2929
2928
2927
2927
2925
2924
2920
2920
2924
2923
2922
2918
2916
2921
2918
2913
2911
2911
2914
2913
2911
2910
2910
2910
2909
2910
2909
2906
2905
2910
2908
2907
2906
2906
2905
2904
2901
2901
2905
2904
2904
2903
2903
2903
2903
2901
2902
2902
2901
2902
2901
2901
2901
2900
2901
2900
2901
2901
2899
2895
2897
2900
2901
2900
2899
2899
2895
2896
2901
2900
2901
2902
2901
2898
2899
2904
2903
2903
2902
2902
2900
2899
2895
2896
2901
2898
2897
2897
2896
2896
2894
2894
2893
2892
2891
2892
2890
2891
2886
2888
2892
2893
2893
2891
2893
2893
2892
2898
2898
2898
2897
2898
2897
2897
2896
2896
2896
2896
2897
2897
2897
2897
2898
2897
2898
2896
2894
2894
2890
2890
2893
2891
2890
2889
2887
2887
2886
2887
2886
2885
2882
2882
2883
2882
2882
2881
2876
2876
2876
2880
2880
2876
2878
2884
2883
2882
2878
2879
2883
2883
2879
2880
2885
2886
2884
2885
2883
2884
2883
2882
2882
2881
2880
2879
2874
2872
2877
2876
2877
2876
2874
2873
2873
2873
2872
2869
2867
2868
2871
2870
2867
2868
2867
2867
2866
2868
2867
2868
2868
2868
2869
2870
2866
2867
2872
2872
2866
2866
2870
2871
2870
2867
2867
2872
2870
2870
2869
2867
2865
2864
2863
2863
2862
2862
2862
2859
2858
2863
2860
2855
2856
2858
2859
2859
2860
2861
2862
2863
2863
2864
2863
2864
2864
2864
2863
2862
2861
2860
2856
2857
2861
2861
2862
2861
2860
2860
2858
2853
2853
2855
2856
2855
2854
2856
2849
2849
2853
2852
2850
2849
2847
2844
2844
2847
2848
2845
2844
2843
2843
2842
2842
2841
2835
2837
2840
2841
2839
2834
2835
2839
2837
2840
2839
2839
2839
2838
2838
2836
2837
2834
2835
2836
2834
2837
2837
2832
2834
2837
2837
2837
2833
2834
2838
2837
2832
2833
2834
2836
2834
2834
2833
2833
2832
2834
2834
2834
2833
2836
2835
2835
2830
2830
2832
2836
2837
2836
2838
2838
2838
2836
2836
2835
2835
2834
2828
2827
2831
2830
2827
2822
2824
2827
2825
2824
2824
2822
2819
2818
2823
2820
2820
2819
2818
2818
2818
2818
2818
2818
2817
2817
2819
2819
2819
2819
2815
2815
2823
2823
2822
2822
2823
2823
2823
2817
2819
2821
2825
2825
2825
2825
2827
2826
2823
2823
2825
2828
2828
2827
2829
2829
2830
2830
2827
2829
2834
2834
2833
2831
2832
2831
2830
2829
2828
2823
2823
2825
2823
2822
2813
2815
2819
2818
2813
2814
2814
2817
2815
2814
2813
2813
2812
2810
2807
2806
2811
2809
2808
2808
2806
2805
2805
2805
2804
2805
2805
2804
2804
2803
2804
2804
2804
2803
2804
2804
2803
2802
2803
2798
2799
2804
2803
2802
2802
2802
2799
2798
2803
2801
2802
2801
2801
2802
2801
2797
2796
2803
2800
2799
2797
2798
2802
2802
2802
2800
2801
2802
2802
2802
2801
2803
2803
2802
2803
2803
2799
2799
2802
2802
2800
2798
2800
2800
2800
2795
2797
2801
2800
2799
2798
2798
2798
2796
2792
2793
2797
2796
2796
2791
2790
2796
2795
2792
2792
2792
2790
2791
2789
2789
2789
2788
2789
2787
2788
2787
2787
2782
2783
2787
2786
2788
2788
2787
2785
2785
2790
2790
2789
2790
2789
2789
2788
2783
2784
2788
2788
2788
2784
2784
2789
2789
2791
2791
2790
2791
2791
2791
2789
2789
2790
2788
2787
2787
2782
2782
2786
2785
2779
2778
2778
2781
2780
2780
2779
2774
2776
2777
2781
2780
2780
2780
2780
2779
2779
2780
2781
2777
2776
2782
2781
2781
2780
2780
2779
2779
2779
2776
2773
2772
2772
2777
2775
2774
2774
2770
2770
2771
2775
2773
2774
2774
2775
2776
2772
2773
2772
2776
2776
2775
2773
2772
2772
2772
2771
2771
2770
2770
2770
2770
2769
2768
2768
2765
2766
2772
2773
2771
2772
2774
2779
2779
2775
2776
2782
2780
2780
2779
2779
2777
2776
2776
2776
2775
2771
2772
2775
2775
2774
2774
2773
2772
2770
2766
2766
2769
2769
2769
2769
2768
2768
2769
2769
2769
2769
2769
2769
2769
2769
2768
2768
2769
2769
2763
2763
2763
2767
2766
2759
2761
2765
2764
2766
2761
2761
2766
2765
2765
2764
2763
2760
2761
2765
2765
2765
2767
2767
2769
2770
2770
2771
2771
2772
2772
2773
2773
2773
2773
2770
2771
2776
2773
2774
2773
2773
2772
2772
2769
2768
2772
2770
2770
2771
2769
2765
2766
2771
2771
2772
2773
2771
2767
2768
2773
2773
2771
2770
2770
2769
2766
2765
2765
2764
2763
2762
2757
2758
2762
2761
2761
2760
2760
2761
2760
2756
2756
2761
2761
2758
2758
2757
2757
2757
2752
2753
2757
2757
2757
2752
2753
2757
2756
2750
2751
2751
2755
2754
2755
2756
2756
2757
2758
2759
2759
2760
2760
2760
2761
2759
2759
2758
2758
2758
2758
2757
2757
2757
2755
2753
2753
2753
2752
2747
2746
2747
2750
2750
2745
2746
2751
2750
2747
2747
2747
2752
2751
2750
2750
2749
2749
2747
2744
2744
2749
2747
2747
2747
2746
2745
2745
2740
2741
2745
2744
2743
2742
2742
2741
2741
2741
2740
2741
2740
2739
2736
2738
2742
2743
2739
2743
2745
2748
2749
2749
2750
2750
2751
2751
2751
2751
2751
2752
2748
2749
2753
2752
2752
2751
2751
2752
2751
2750
2750
2751
2750
2752
2752
2749
2750
2750
2751
2750
2749
2744
2743
2747
2745
2739
2739
2739
2742
2741
2741
2740
2735
2736
2736
2737
2736
2730
2732
2737
2734
2734
2734
2735
2735
2734
2733
2733
2734
2733
2733
2735
2735
2735
2735
2733
2733
2733
2733
2733
2729
2729
2733
2734
2729
2728
2729
2732
2732
2727
2727
2732
2731
2731
2730
2728
2728
2728
2728
2727
2727
2728
2728
2727
2727
2724
2724
2727
2728
2728
2727
2726
2727
2727
2727
2726
2726
2728
2728
2724
2726
2730
2730
2728
2724
2725
2729
2727
2723
2723
2726
2727
2727
2725
2726
2725
2724
2724
2723
2724
2723
2724
2719
2719
2723
2722
2721
2721
2720
2719
2718
2715
2716
2720
2720
2722
2723
2725
2727
2727
2724
2726
2728
2732
2734
2733
2733
2733
2734
2733
2733
2732
2730
2729
2723
2724
2727
2727
2725
2726
2726
2725
2725
2724
2724
2723
2722
2721
2721
2721
2722
2720
2722
2719
2720
2726
2728
2729
2731
2728
2728
2728
2733
2732
2732
2731
2731
2729
2730
2728
2728
2727
2725
2726
2729
2729
2726
2728
2736
2736
2731
2735
2739
2742
2744
2742
2746
2753
2757
2756
2761
2766
2774
2778
2780
2785
2791
2794
2799
2800
2806
2815
2819
2819
2826
2833
2840
2844
2848
2854
2858
2862
2861
2866
2871
2880
2883
2886
2889
2891
2894
2896
2897
2900
2900
2903
2899
2901
2903
