2895
2891
2891
2895
2893
2891
2890
2889
2888
2886
2884
2882
2880
2879
2877
2875
2873
2869
2868
2863
2861
2859
2857
2856
2850
2849
2851
2848
2842
2840
2839
2840
2838
2835
2833
2828
2824
2826
2825
2824
2817
2817
2820
2816
2814
2813
2810
2808
2806
2800
2799
2805
2803
2801
2800
2798
2798
2796
2790
2789
2790
2792
2791
2786
2785
2789
2787
2786
2784
2782
2781
2780
2778
2778
2776
2776
2773
2772
2772
2771
2768
2768
2767
2765
2765
2764
2763
2763
2762
2761
2760
2759
2759
2755
2754
2758
2757
2752
2753
2752
2756
2754
2755
2755
2750
2751
2752
2754
2753
2752
2753
2752
2751
2751
2751
2752
2750
2748
2748
2744
2743
2744
2742
2739
2740
2743
2742
2741
2740
2739
2739
2739
2734
2736
2740
2739
2738
2738
2735
2735
2735
2734
2736
2731
2732
2733
2737
2736
2731
2732
2736
2735
2733
2733
2733
2733
2734
2733
2733
2728
2730
2730
2736
2736
2735
2735
2736
2737
2738
2734
2736
2741
2741
2740
2738
2737
2738
2736
2735
2736
2736
2737
2733
2734
2734
2738
2737
2736
2736
2734
2733
2732
2728
2727
2731
2728
2728
2727
2726
2726
2724
2724
2722
2717
2720
2722
2722
2720
2715
2715
2718
2718
2717
2716
2716
2714
2714
2709
2709
2715
2713
2711
2712
2711
2707
2708
2710
2710
2709
2708
2708
2708
2707
2707
2707
2706
2706
2707
2704
2705
2710
2708
2708
2708
2708
2708
2707
2706
2705
2705
2704
2704
2704
2703
2699
2701
2705
2704
2703
2704
2704
2703
2704
2701
2701
2706
2704
2705
2704
2703
2698
2699
2703
2703
2697
2697
2698
2702
2700
2699
2699
2700
2700
2699
2698
2698
2698
2697
2697
2696
2695
2696
2696
2696
2696
2696
2696
2695
2696
2696
2696
2697
2693
2694
2698
2697
2697
2692
2694
2697
2699
2694
2696
2698
2702
2702
2703
2703
2699
2700
2705
2706
2705
2705
2705
2705
2705
2705
2706
2706
2707
2707
2706
2707
2707
2707
2708
2706
2710
2710
2711
2709
2709
2715
2716
2716
2713
2716
2719
2719
2715
2718
2718
2721
2721
2717
2717
2721
2720
2719
2719
2718
2719
2718
2718
2718
2717
2717
2717
2713
2715
2722
2722
2722
2723
2723
2724
2723
2724
2726
2726
2728
2726
2725
2726
2731
2731
2727
2728
2733
2735
2735
2736
2738
2737
2738
2739
2739
2739
2741
2741
2737
2741
2746
2747
2747
2747
2748
2749
2750
2746
2749
2754
2756
2756
2754
2755
2761
2762
2763
2764
2764
2761
2762
2767
2767
2768
2769
2770
2771
2774
2774
2775
2777
2778
2775
2776
2778
2785
2786
2782
2785
2790
2791
2793
2793
2795
2798
2800
2802
2803
2805
2807
2810
2813
2815
2816
2820
2822
2825
2828
2827
2829
2836
2838
2835
2838
2842
2849
2850
2849
2850
2857
2860
2861
2863
2865
2868
2871
2873
2875
2879
2880
2883
2885
2889
2892
2896
2897
2900
2903
2906
2908
2911
2914
2913
2916
2921
2926
2928
2932
2936
2935
2939
2948
2951
2955
2958
2961
2965
2969
2968
2972
2978
2985
2989
2989
2993
3003
3006
3007
3011
3013
3023
3026
3023
3028
3037
3042
3046
3049
3052
3056
3060
3062
3065
3069
3074
3078
3083
3087
3087
3092
3097
3105
3109
3112
3115
3119
3123
3129
3132
3137
3137
3141
3151
3154
3158
3163
3166
3166
3173
3182
3187
3187
3192
3201
3209
3213
3219
3225
3230
3234
3240
3245
3249
3256
3260
3264
3269
3271
3276
3281
3290
3294
3298
3304
3308
3313
3316
3321
3327
3330
3336
3344
3349
3354
3359
3363
3373
3379
3378
3386
3400
3406
3409
3416
3421
3425
3432
3443
3448
3455
3462
3468
3472
3479
3487
3493
3495
3500
3510
3520
3527
3531
3538
3540
3545
3552
3564
3571
3576
3582
3587
3595
3599
3604
3611
3617
3621
3622
3629
3640
3645
3651
3650
3659
3670
3673
3678
3681
3688
3688
3692
3704
3707
3710
3717
3722
3726
3733
3732
3739
3749
3753
3760
3764
3769
3776
3780
3784
3790
3796
3801
3806
3809
3813
3820
3824
3829
3833
3836
3839
3842
3854
3858
3861
3867
3866
3873
3878
3887
3892
3890
3896
3907
3910
3915
3918
3925
3924
3930
3940
3945
3948
3954
3958
3964
3970
3970
3976
3987
3991
3997
4003
4006
4012
4015
4022
4026
4032
4037
4040
4048
4051
4052
4059
4068
4075
4081
4084
4092
4098
4104
4103
4112
4120
4132
4136
4138
4143
4155
4159
4167
4168
4175
4177
4182
4185
4188
4192
4194
4198
4196
4201
4211
4215
4212
4215
4222
4226
4231
4230
4236
4230
4238
4241
4253
4255
4256
4261
4262
4267
4268
4271
4275
4277
4281
4283
4287
4285
4293
4298
4306
4311
4308
4314
4324
4328
4330
4339
4340
4346
4351
4356
4358
4364
4365
4370
4375
4374
4373
4375
4385
4387
4389
4390
4392
4388
4392
4403
4405
4408
4404
4407
4415
4421
4422
4429
4429
4431
4435
4443
4446
4448
4450
4451
4456
4455
4458
4459
4462
4463
4465
4463
4464
4463
4466
4474
4474
4472
4475
4482
4487
4489
4486
4490
4502
4504
4507
4510
4515
4515
4519
4519
4522
4526
4526
4528
4526
4531
4538
4541
4546
4547
4550
4554
4556
4558
4564
4565
4568
4569
4570
4574
4584
4586
4586
4590
4585
4584
4585
4594
4591
4592
4590
4588
4590
4586
4585
4587
4593
4594
4593
4598
4602
4603
4604
4602
4607
4615
4615
4613
4618
4620
4627
4629
4630
4633
4635
4636
4636
4638
4641
4641
4641
4642
4643
4645
4642
4641
4642
4640
4640
4643
4637
4638
4638
4643
4642
4642
4642
4637
4634
4643
4648
4646
4648
4651
4643
4646
4653
4654
4654
4647
4648
4656
4653
4651
4653
4652
4649
4649
4649
4648
4648
4649
4646
4649
4646
4648
4645
4647
4646
4639
4641
4641
4647
4646
4646
4646
4637
4642
4642
4650
4649
4649
4653
4647
4651
4654
4656
4659
4662
4662
4660
4660
4660
4661
4659
4661
4660
4660
4659
4652
4652
4652
4658
4655
4651
4650
4657
4654
4654
4653
4654
4654
4653
4655
4655
4655
4656
4659
4658
4660
4661
4661
4657
4658
4662
4666
4667
4667
4667
4662
4662
4669
4669
4667
4662
4662
4671
4669
4669
4666
4667
4662
4662
4669
4665
4665
4661
4663
4659
4658
4655
4654
4652
4648
4648
4644
4644
4641
4640
4638
4639
4637
4636
4636
4628
4625
4632
4629
4627
4628
4625
4621
4619
4620
4619
4616
4616
4613
4609
4610
4613
4613
4611
4613
4603
4607
4605
4612
4610
4611
4608
4609
4609
4607
4609
4608
4603
4599
4608
4607
4606
4606
4605
4600
4599
4604
4603
4600
4602
4599
4593
4593
4594
4595
4591
4591
4587
4586
4583
4577
4575
4582
4579
4576
4576
4575
4574
4570
4572
4567
4561
4560
4560
4564
4560
4559
4556
4553
4552
4548
4550
4546
4539
4536
4542
4537
4532
4527
4524
4529
4524
4523
4519
4518
4516
4512
4512
4509
4511
4508
4507
4503
4503
4501
4499
4497
4496
4488
4487
4489
4490
4491
4484
4482
4479
4476
4471
4465
4463
4457
4456
4445
4445
4447
4444
4440
4434
4431
4435
4430
4429
4424
4423
4420
4419
4412
4412
4415
4411
4411
4406
4405
4401
4401
4391
4393
4399
4397
4394
4389
4389
4381
4384
4386
4383
4384
4376
4379
4374
4375
4374
4371
4363
4366
4363
4369
4366
4359
4358
4363
4360
4357
4356
4355
4352
4351
4352
4348
4347
4348
4346
4343
4342
4348
4345
4343
4342
4338
4333
4332
4335
4331
4321
4321
4317
4321
4316
4316
4312
4307
4308
4303
4298
4296
4300
4298
4297
4294
4294
4291
4289
4286
4281
4279
4274
4272
4268
4266
4262
4262
4258
4258
4256
4252
4251
4244
4243
4246
4245
4242
4240
4231
4232
4232
4236
4233
4229
4227
4224
4223
4221
4216
4213
4219
4214
4214
4210
4209
4202
4204
4207
4204
4195
4194
4200
4195
4193
4192
4188
4188
4185
4183
4181
4180
4177
4176
4167
4167
4170
4168
4165
4163
4161
4158
4157
4152
4151
4147
4144
4143
4137
4135
4138
4136
4132
4129
4126
4118
4116
4118
4114
4105
4102
4100
4099
4098
4089
4088
4090
4086
4084
4084
4080
4077
4076
4074
4072
4071
4068
4069
4067
4065
4062
4062
4061
4055
4057
4055
4055
4052
4050
4043
4044
4047
4045
4043
4041
4039
4030
4031
4034
4031
4028
4019
4017
4023
4021
4016
4015
4011
4011
4008
4006
4005
3998
4000
4003
4004
4003
4001
4001
3996
3997
3987
3987
3982
3988
3985
3981
3980
3973
3972
3972
3974
3971
3968
3966
3963
3963
3959
3959
3956
3950
3946
3953
3947
3946
3944
3943
3936
3937
3937
3936
3932
3932
3930
3930
3926
3922
3920
3926
3924
3924
3919
3919
3914
3913
3909
3909
3901
3903
3902
3906
3904
3899
3900
3896
3894
3890
3888
3883
3880
3878
3869
3869
3870
3869
3865
3863
3860
3857
3856
3852
3850
3850
3845
3845
3843
3840
3840
3838
3834
3829
3828
3833
3828
3827
3824
3824
3821
3821
3815
3814
3819
3816
3809
3809
3809
3811
3811
3804
3804
3808
3807
3803
3803
3803
3799
3799
3798
3794
3794
3792
3790
3787
3785
3791
3788
3780
3784
3781
3783
3781
3779
3774
3771
3771
3767
3766
3763
3754
3754
3759
3754
3752
3750
3748
3742
3738
3742
3739
3735
3733
3728
3726
3725
3722
3720
3714
3711
3714
3715
3711
3705
3706
3706
3704
3702
3700
3700
3696
3694
3694
3688
3688
3688
3685
3685
3683
3677
3677
3682
3680
3678
3675
3674
3673
3672
3668
3669
3665
3663
3662
3661
3659
3656
3654
3649
3649
3647
3651
3647
3647
3645
3640
3641
3642
3645
3639
3635
3634
3637
3634
3627
3626
3625
3628
3625
3617
3617
3617
3615
3612
3607
3607
3604
3601
3600
3595
3595
3593
3591
3590
3589
3585
3585
3584
3582
3580
3581
3578
3576
3577
3575
3573
3572
3566
3565
3569
3568
3564
3564
3557
3555
3554
3558
3556
3552
3551
3546
3545
3545
3549
3547
3546
3546
3539
3537
3537
3540
3537
3537
3534
3531
3530
3528
3526
3525
3524
3521
3521
3519
3517
3517
3517
3509
3511
3515
3513
3505
3507
3505
3508
3507
3505
3507
3502
3502
3499
3494
3495
3497
3495
3489
3488
3491
3491
3490
3487
3488
3485
3483
3482
3479
3479
3475
3475
3474
3471
3467
3466
3466
3470
3468
3465
3464
3459
3458
3465
3461
3460
3459
3457
3455
3457
3454
3453
3452
3446
3445
3451
3448
3446
3446
3446
3443
3442
3442
3440
3438
3436
3432
3431
3429
3433
3430
3428
3427
3425
3422
3423
3415
3416
3419
3417
3416
3414
3412
3411
3408
3404
3401
3404
3402
3399
3397
3397
3395
3393
3388
3386
3392
3390
3387
3388
3386
3386
3384
3384
3384
3380
3377
3377
3379
3377
3376
3374
3367
3368
3367
3369
3368
3367
3363
3363
3362
3361
3359
3359
3357
3355
3351
3350
3351
3355
3353
3353
3353
3346
3348
3353
3352
3350
3350
3351
3348
3349
3348
3346
3344
3339
3335
3339
3336
3328
3328
3330
3330
3326
3324
3324
3321
3319
3320
3318
3315
3315
3315
3313
3311
3311
3311
3308
3308
3308
3307
3307
3302
3303
3303
3305
3303
3297
3297
3302
3297
3296
3297
3294
3289
3288
3290
3290
3289
3287
3288
3286
3285
3285
3283
3283
3282
3277
3275
3274
3277
3277
3270
3269
3273
3272
3271
3265
3266
3264
3263
3257
3259
3257
3260
3259
3258
3255
3257
3257
3255
3254
3253
3252
3249
3248
3247
3247
3245
3243
3241
3240
3237
3237
3239
3238
3238
3231
3231
3235
3232
3229
3229
3229
3225
3223
3223
3222
3219
3220
3219
3218
3217
3213
3212
3215
3215
3208
3207
3208
3212
3210
3209
3208
3207
3204
3205
3204
3203
3202
3201
3196
3197
3199
3198
3197
3191
3191
3195
3194
3192
3192
3192
3187
3186
3190
3189
3188
3186
3185
3186
3185
3178
3179
3183
3181
3178
3179
3179
3178
3174
3174
3174
3174
3171
3172
3171
3168
3165
3164
3170
3169
3167
3165
3166
3165
3164
3158
3159
3163
3162
3160
3160
3160
3158
3156
3155
3156
3155
3154
3156
3151
3149
3156
3154
3150
3149
3148
3151
3150
3148
3148
3145
3145
3145
3140
3139
3144
3142
3141
3139
3139
3138
3136
3135
3135
3130
3128
3131
3133
3132
3131
3129
3130
3128
3127
3126
3124
3125
3125
3125
3125
3118
3118
3118
3122
3124
3117
3120
3125
3123
3124
3122
3121
3117
3117
3121
3120
3118
3117
3116
3114
3115
3109
3111
3115
3112
3113
3112
3112
3109
3108
3102
3102
3103
3104
3103
3100
3100
3101
3102
3095
3097
3097
3102
3103
3101
3099
3101
3100
3099
3098
3098
3092
3090
3095
3093
3090
3089
3088
3082
3084
3088
3087
3088
3087
3085
3082
3082
3086
3083
3084
3082
3081
3080
3077
3077
3074
3074
3075
3072
3070
3071
3073
3076
3075
3074
3076
3072
3075
3068
3070
3075
3072
3072
3072
3068
3068
3066
3067
3065
3065
3064
3061
3063
3061
3055
3054
3059
3056
3052
3049
3049
3054
3054
3049
3051
3050
3051
3051
3044
3046
3049
3047
3042
3041
3044
3045
3045
3044
3042
3042
3040
3040
3043
3041
3041
3041
3040
3042
3034
3034
3038
3040
3038
3038
3034
3030
3030
3032
3034
3031
3026
3028
3030
3028
3028
3026
3027
3025
3024
3020
3019
3025
3024
3022
3024
3024
3023
3025
3025
3025
3026
3026
3024
3019
3019
3023
3021
3021
3019
3018
3014
3014
3017
3018
3017
3015
3016
3014
3013
3014
3012
3013
3012
3012
3013
3010
3013
3013
3010
3010
3014
3013
3013
3008
3006
3012
3009
3007
3006
3005
2998
3000
3004
3001
3000
3001
2999
2999
2998
2998
2996
2998
2997
2995
2997
2998
2992
2994
2999
2996
2990
2991
2990
2995
2994
2989
2990
2990
2988
2989
2991
2988
2986
2987
2987
2985
2983
2985
2986
2983
2985
2984
2985
2985
2982
2982
2982
2982
2982
2979
2978
2978
2976
2971
2973
2976
2976
2976
2974
2972
2970
2970
2970
2971
2968
2968
2965
2966
2965
2971
2971
2969
2968
2969
2969
2967
2966
2966
2966
2965
2963
2964
2959
2957
2959
2962
2960
2956
2957
2960
2959
2958
2956
2955
2955
2954
2948
2950
2950
2953
2952
2946
2948
2954
2951
2953
2953
2952
2948
2948
2952
2952
2952
2949
2949
2950
2948
2948
2947
2945
2945
2945
2942
2942
2943
2942
2941
2941
2937
2938
2937
2941
2941
2936
2935
2941
2939
2939
2939
2937
2932
2933
2935
2935
2935
2934
2934
2930
2930
2934
2935
2934
2933
2935
2935
2934
2934
2935
2935
2936
2935
2935
2933
2932
2933
2928
2927
2930
2931
2930
2927
2925
2932
2930
2927
2927
2928
2926
2926
2924
2923
2922
2921
2919
2921
2919
2917
2916
2919
2918
2917
2916
2915
2915
2915
2916
2916
2913
2916
2916
2921
2921
2920
2921
2918
2919
2919
2918
2914
2911
2912
2917
2915
2913
2912
2910
2914
2915
2912
2914
2914
2909
2911
2912
2911
2910
2909
2905
2906
2906
2912
2911
2905
2906
2913
2912
2911
2911
2913
2912
2911
2910
2911
2906
2906
2905
2909
2908
2902
2902
2905
2903
2902
2902
2901
2898
2897
2898
2898
2896
2891
2890
2895
2895
2896
2894
2888
2889
2891
2895
2894
2892
2892
2892
2891
2891
2889
2886
2887
2887
2880
2880
2883
2883
2883
2882
2882
2881
2882
2883
2881
2882
2879
2882
2889
2888
2885
2886
2885
2891
2889
2886
2886
2887
2886
2886
2884
2885
2888
2887
2887
2886
2886
2885
2885
2883
2885
2884
2882
2877
2879
2878
2880
2880
2875
2874
2877
2876
2876
2875
2874
2872
2872
2868
2868
2872
2873
2872
2871
2870
2871
2871
2871
2874
2874
2869
2870
2875
2874
2873
2873
2872
2871
2871
2875
2874
2872
2872
2872
2873
2873
2871
2872
2872
2872
2871
2870
2870
2871
2868
2862
2863
2868
2864
2864
2864
2863
2861
2860
2859
2858
2858
2858
2856
2857
2856
2854
2852
2858
2859
2857
2853
2854
2858
2859
2852
2852
2855
2857
2855
2849
2851
2857
2855
2854
2854
2853
2853
2854
2854
2853
2851
2852
2851
2849
2851
2845
2847
2853
2852
2851
2852
2852
2850
2853
2850
2852
2857
2857
2858
2859
2859
2857
2857
2851
2853
2852
2855
2854
2853
2851
2849
2849
2848
2847
2846
2842
2841
2844
2844
2844
2842
2840
2836
2837
2841
2839
2832
2835
2835
2838
2835
2836
2835
2832
2832
2833
2835
2836
2836
2835
2837
2837
2839
2839
2837
2838
2836
2837
2834
2835
2834
2834
2834
2832
2831
2831
2831
2831
2827
2826
2827
2830
2831
2830
2828
2830
2831
2831
2826
2826
2831
2831
2832
2830
2831
2828
2827
2831
2831
2830
2830
2830
2828
2827
2828
2828
2828
2827
2822
2823
2822
2826
2826
2825
2823
2822
2822
2823
2817
2818
2821
2821
2821
2823
2820
2822
2821
2821
2818
2820
2820
2821
2823
2822
2816
2818
2823
2823
2818
2818
2817
2822
2821
2818
2819
2824
2822
2822
2822
2822
2821
2820
2821
2822
2824
2826
2827
2827
2826
2822
2824
2830
2829
2826
2822
2823
2827
2826
2824
2822
2821
2820
2820
2816
2815
2819
2817
2816
2815
2815
2814
2814
2814
2812
2811
2810
2809
2810
2809
2805
2805
2811
2811
2808
2805
2805
2809
2809
2809
2808
2807
2809
2809
2809
2808
2808
2808
2808
2807
2806
2805
2804
2800
2801
2807
2807
2806
2805
2804
2803
2802
2797
2798
2805
2804
2803
2799
2798
2803
2802
2801
2799
2800
2795
2794
2798
2797
2795
2794
2793
2792
2792
2792
2792
2791
2791
2791
2790
2791
2793
2793
2794
2795
2792
2793
2791
2795
2794
2795
2794
2793
2793
2792
2790
2790
2784
2785
2791
2789
2785
2785
2785
2787
2786
2781
2782
2787
2785
2785
2780
2781
2785
2783
2782
2782
2781
2782
2779
2780
2780
2780
2780
2776
2776
2777
2782
2782
2782
2780
2781
2781
2780
2781
2781
2781
2781
2780
2781
2780
2780
2780
2780
2781
2777
2778
2784
2784
2783
2783
2784
2781
2781
2787
2785
2783
2780
2782
2783
2785
2784
2783
2781
2778
2779
2782
2780
2781
2780
2779
2779
2779
2778
2778
2778
2779
2780
2782
2785
2785
2784
2784
2782
2778
2781
2783
2786
2786
2786
2785
2785
2785
2781
2780
2782
2785
2785
2782
2780
2787
2785
2786
2786
2786
2779
2779
2784
2782
2779
2777
2776
2778
2776
2775
2776
2775
2775
2774
2774
2772
2772
2771
2772
2772
2772
2771
2772
2767
2769
2776
2775
2774
2772
2773
2777
2776
2772
2772
2777
2776
2775
2775
2773
2767
2769
2773
2772
2772
2771
2770
2768
2768
2767
2766
2765
2765
2763
2768
2767
2767
2767
2767
2767
2767
2767
2767
2766
2765
2764
2764
2764
2765
2764
2765
2764
2766
2765
2764
2765
2764
2764
2765
2760
2761
2764
2764
2765
2761
2761
2766
2766
2761
2761
2760
2765
2765
2765
2765
2766
2768
2769
2770
2770
2770
2770
2764
2766
2771
2769
2768
2765
2765
2767
2766
2761
2762
2762
2765
2763
2762
2763
2759
2760
2761
2763
2762
2759
2760
2758
2759
2758
2757
2755
2755
2755
2754
2755
2755
2756
2756
2756
2756
2756
2756
2756
2755
2752
2750
2750
2754
2754
2750
2751
2758
2759
2757
2759
2758
2760
2759
2760
2761
2761
2758
2757
2763
2762
2757
2758
2760
2762
2760
2755
2756
2759
2759
2758
2756
2755
2755
2754
2753
2752
2751
2752
2752
2751
2749
2749
2748
2743
2743
2746
2748
2748
2747
2745
2745
2745
2745
2745
2744
2741
2742
2746
2745
2745
2745
2744
2744
2743
2744
2744
2744
2743
2742
2740
2741
2746
2745
2741
2743
2747
2748
2748
2749
2749
2746
2749
2754
2752
2752
2751
2751
2746
2745
2748
2749
2748
2748
2747
2743
2744
2747
2746
2746
2748
2746
2746
2745
2744
2745
2744
2744
2743
2741
2741
2741
2741
2742
2741
2738
2736
2736
2740
2739
2739
2739
2734
2733
2734
2737
2735
2734
2733
2733
2732
2732
2731
2731
2731
2731
2726
2727
2729
2731
2731
2729
2728
2729
2729
2729
2728
2728
2722
2723
2727
2726
2722
2722
2723
2727
2726
2724
2724
2724
2725
2726
2727
2727
2727
2728
2726
2726
2722
2723
2722
2727
2726
2725
2725
2720
2720
2720
2723
2723
2724
2723
2722
2723
2719
2717
2718
2723
2722
2723
2724
2723
2723
2722
2722
2721
2721
2723
2718
2720
2721
2725
2725
2722
2722
2717
2719
2719
2722
2719
2719
2719
2720
2720
2715
2716
2716
2720
2718
2718
2717
2719
2719
2719
2720
2720
2717
2718
2723
2722
2723
2722
2721
2717
2718
2725
2724
2726
2727
2730
2728
2728
2734
2732
2726
2727
2728
2731
2731
2728
2729
2728
2727
2726
2723
2724
2728
2727
2727
2727
2727
2727
2727
2726
2726
2724
2724
2723
2723
2723
2722
2721
2720
2720
2719
2720
2720
2721
2722
2722
2724
2720
2721
2726
2725
2725
2721
2721
2725
2723
2723
2723
2721
2722
2722
2717
2717
2722
2722
2720
2717
2717
2721
2719
2717
2717
2713
2713
2712
2717
2715
2714
2714
2714
2714
2714
2714
2715
2715
2715
2715
2714
2716
2714
2715
2711
2710
2715
2714
2711
2711
2710
2709
2710
2705
2706
2711
2710
2710
2710
2710
2710
2710
2706
2706
2708
2711
2710
2710
2708
2705
2706
2713
2712
2713
2713
2712
2711
2710
2710
2707
2708
2707
2708
2709
2708
2708
2708
2706
2706
2707
2707
2709
2705
2707
2711
2714
2715
2713
2714
2719
2718
2721
2721
2723
2722
2721
2717
2718
2723
2721
2719
2719
2718
2718
2717
2716
2717
2715
2715
2717
2714
2716
2723
2726
2723
2727
2730
2734
2738
2740
2743
2742
2747
2753
2759
2763
2763
2768
2777
2781
2782
2787
2792
2801
2804
2808
2813
2818
2822
2827
2831
2836
2839
2844
2848
2852
2854
2857
2860
2868
2872
2874
2875
2879
2881
2882
2880
2881
2887
2888
