2889
2889
2888
2883
2884
2889
2887
2881
2880
2881
2883
2881
2879
2877
2875
2873
2871
2867
2865
2862
2860
2857
2853
2851
2848
2846
2841
2839
2840
2838
2836
2833
2831
2828
2825
2820
2819
2821
2819
2818
2816
2815
2810
2809
2813
2810
2808
2805
2803
2802
2800
2798
2798
2797
2795
2794
2792
2791
2786
2787
2791
2788
2783
2782
2781
2784
2782
2781
2779
2772
2772
2771
2773
2772
2766
2765
2769
2768
2767
2767
2766
2762
2761
2766
2763
2763
2763
2762
2762
2761
2761
2759
2758
2756
2755
2753
2751
2751
2750
2749
2748
2746
2744
2744
2744
2742
2741
2741
2736
2735
2736
2739
2738
2733
2735
2739
2736
2737
2736
2737
2737
2736
2733
2734
2735
2738
2738
2736
2736
2732
2733
2737
2738
2737
2737
2736
2736
2735
2735
2734
2732
2732
2730
2730
2729
2729
2728
2726
2723
2723
2727
2726
2726
2725
2725
2724
2723
2722
2722
2721
2722
2718
2718
2719
2725
2724
2719
2721
2725
2723
2724
2721
2720
2724
2726
2724
2724
2723
2722
2722
2719
2720
2723
2722
2716
2717
2717
2721
2720
2720
2719
2718
2718
2718
2719
2718
2718
2718
2717
2716
2713
2711
2713
2716
2714
2709
2709
2714
2712
2711
2712
2711
2710
2709
2709
2708
2708
2707
2707
2703
2703
2708
2706
2705
2704
2704
2702
2702
2700
2701
2702
2701
2700
2700
2701
2700
2702
2702
2703
2703
2701
2702
2706
2706
2701
2702
2706
2704
2704
2702
2702
2702
2700
2695
2695
2695
2699
2699
2692
2693
2698
2697
2697
2695
2695
2697
2696
2696
2696
2695
2695
2694
2692
2692
2697
2694
2694
2694
2693
2694
2694
2688
2689
2693
2691
2690
2686
2688
2694
2694
2689
2690
2694
2696
2696
2696
2695
2694
2694
2693
2693
2693
2693
2693
2693
2693
2693
2694
2693
2690
2691
2695
2696
2696
2698
2698
2699
2700
2702
2702
2698
2699
2704
2703
2703
2704
2702
2700
2700
2699
2698
2697
2696
2696
2693
2693
2698
2697
2696
2696
2697
2693
2693
2697
2697
2692
2693
2693
2697
2696
2696
2697
2693
2694
2698
2699
2700
2701
2701
2698
2699
2704
2704
2704
2703
2704
2704
2703
2703
2704
2704
2704
2705
2704
2706
2706
2705
2705
2705
2707
2707
2708
2704
2705
2709
2711
2711
2711
2712
2712
2712
2708
2711
2712
2716
2717
2718
2720
2721
2723
2722
2721
2723
2729
2729
2731
2732
2733
2734
2735
2737
2737
2737
2737
2737
2738
2739
2735
2737
2742
2743
2739
2741
2743
2748
2749
2750
2752
2753
2755
2756
2759
2759
2760
2759
2763
2765
2767
2768
2770
2768
2770
2776
2776
2773
2775
2778
2783
2784
2781
2783
2789
2789
2791
2792
2794
2796
2799
2801
2804
2801
2804
2807
2814
2816
2813
2815
2822
2824
2825
2828
2829
2832
2834
2837
2840
2841
2845
2847
2845
2848
2854
2856
2859
2860
2863
2866
2869
2867
2871
2879
2881
2883
2886
2889
2888
2892
2899
2903
2903
2904
2909
2918
2920
2926
2929
2931
2934
2938
2942
2946
2948
2952
2956
2958
2962
2967
2970
2971
2975
2983
2987
2989
2992
2996
2995
2999
3007
3009
3007
3012
3016
3024
3027
3031
3034
3038
3043
3046
3048
3054
3057
3062
3065
3070
3074
3078
3083
3087
3092
3096
3100
3100
3102
3109
3118
3122
3127
3132
3132
3138
3141
3150
3154
3155
3161
3171
3174
3179
3186
3191
3194
3200
3203
3210
3215
3221
3225
3229
3236
3237
3244
3255
3258
3263
3268
3272
3278
3281
3287
3292
3297
3302
3305
3309
3314
3320
3324
3324
3329
3333
3344
3348
3349
3356
3365
3368
3373
3376
3384
3396
3400
3404
3411
3416
3422
3428
3433
3438
3444
3451
3455
3460
3466
3465
3473
3484
3488
3486
3492
3498
3508
3513
3516
3518
3525
3532
3535
3541
3547
3557
3564
3566
3573
3585
3588
3594
3602
3608
3614
3620
3626
3631
3637
3642
3648
3649
3655
3667
3673
3677
3682
3689
3691
3699
3708
3715
3721
3726
3731
3738
3746
3750
3755
3763
3769
3772
3781
3787
3787
3793
3805
3811
3815
3822
3830
3835
3842
3843
3851
3864
3870
3875
3878
3884
3897
3899
3906
3911
3915
3923
3926
3932
3938
3942
3949
3950
3956
3961
3971
3977
3983
3984
3992
4000
4005
4010
4016
4018
4025
4038
4042
4048
4055
4058
4060
4068
4079
4085
4083
4089
4092
4103
4105
4101
4108
4117
4119
4122
4124
4127
4133
4133
4138
4143
4146
4151
4153
4161
4163
4169
4173
4175
4179
4183
4190
4193
4192
4195
4205
4209
4209
4206
4210
4217
4220
4216
4220
4225
4229
4231
4232
4234
4236
4242
4243
4244
4247
4249
4253
4252
4256
4268
4270
4274
4279
4282
4288
4293
4298
4302
4308
4312
4319
4322
4328
4333
4336
4345
4351
4352
4355
4358
4369
4372
4376
4382
4386
4386
4391
4403
4403
4408
4411
4416
4419
4425
4427
4432
4436
4438
4442
4444
4448
4451
4453
4450
4455
4463
4463
4463
4465
4466
4471
4472
4479
4481
4483
4482
4488
4495
4496
4498
4501
4499
4501
4505
4513
4515
4517
4518
4519
4525
4526
4532
4533
4537
4540
4545
4551
4551
4554
4555
4565
4566
4564
4568
4575
4580
4581
4584
4584
4589
4591
4593
4598
4597
4597
4600
4609
4611
4613
4615
4617
4617
4620
4628
4629
4632
4633
4635
4636
4638
4639
4642
4645
4645
4639
4641
4644
4648
4650
4642
4648
4652
4650
4650
4648
4651
4658
4659
4655
4659
4658
4660
4658
4655
4656
4662
4660
4661
4660
4661
4661
4659
4662
4660
4662
4662
4664
4666
4666
4669
4670
4674
4675
4672
4673
4676
4682
4682
4677
4679
4688
4685
4685
4683
4686
4684
4685
4683
4681
4681
4681
4682
4675
4678
4683
4682
4680
4682
4682
4677
4677
4685
4684
4676
4679
4680
4685
4686
4685
4688
4689
4689
4690
4685
4689
4697
4695
4696
4697
4698
4698
4698
4700
4700
4695
4699
4704
4705
4701
4702
4699
4698
4698
4688
4690
4687
4691
4686
4687
4685
4684
4682
4680
4680
4682
4680
4681
4675
4677
4682
4681
4679
4678
4679
4677
4677
4676
4675
4674
4670
4673
4678
4677
4671
4674
4679
4679
4678
4678
4680
4680
4680
4673
4675
4675
4677
4675
4673
4672
4669
4668
4666
4664
4663
4660
4658
4655
4653
4647
4646
4647
4649
4646
4640
4640
4645
4642
4640
4639
4636
4636
4636
4634
4635
4631
4631
4629
4630
4629
4629
4628
4625
4622
4624
4628
4628
4621
4625
4631
4630
4632
4630
4628
4628
4626
4622
4621
4625
4626
4625
4624
4620
4619
4618
4612
4611
4608
4612
4611
4605
4602
4607
4603
4598
4597
4591
4589
4585
4580
4579
4577
4573
4571
4563
4562
4564
4562
4560
4561
4557
4558
4556
4555
4554
4552
4554
4550
4545
4544
4548
4548
4539
4542
4541
4545
4543
4533
4534
4536
4531
4529
4525
4524
4520
4519
4515
4514
4511
4509
4507
4505
4505
4495
4497
4499
4498
4496
4495
4492
4491
4487
4489
4485
4479
4479
4479
4484
4483
4475
4478
4484
4480
4479
4476
4477
4473
4474
4471
4470
4468
4466
4467
4458
4459
4464
4461
4457
4455
4456
4451
4452
4443
4444
4449
4445
4447
4444
4440
4436
4436
4431
4428
4425
4421
4419
4411
4409
4413
4411
4401
4401
4399
4403
4398
4391
4391
4395
4392
4388
4386
4383
4382
4376
4377
4374
4371
4363
4362
4368
4361
4356
4353
4358
4355
4352
4351
4347
4347
4344
4342
4342
4338
4339
4335
4335
4331
4331
4329
4327
4325
4322
4321
4317
4311
4309
4314
4310
4312
4308
4307
4306
4303
4296
4296
4296
4300
4296
4295
4296
4293
4292
4290
4287
4285
4291
4290
4288
4288
4285
4285
4281
4282
4280
4275
4274
4280
4278
4275
4269
4268
4273
4270
4266
4266
4261
4261
4258
4256
4254
4247
4245
4248
4245
4239
4234
4230
4234
4229
4228
4225
4223
4216
4214
4218
4214
4213
4209
4207
4203
4203
4195
4195
4200
4196
4196
4192
4190
4188
4183
4183
4180
4177
4174
4173
4168
4164
4164
4160
4151
4150
4149
4152
4148
4145
4143
4137
4138
4136
4133
4133
4124
4125
4126
4123
4116
4114
4114
4116
4115
4113
4109
4108
4104
4104
4103
4099
4097
4094
4091
4091
4089
4087
4086
4076
4078
4079
4076
4069
4068
4068
4071
4070
4062
4063
4066
4060
4061
4057
4055
4055
4052
4045
4044
4049
4043
4042
4036
4033
4031
4025
4022
4021
4016
4014
4013
4008
4008
4005
4002
4000
3994
3992
3997
3994
3991
3988
3989
3985
3985
3983
3980
3974
3973
3974
3973
3969
3966
3967
3964
3961
3956
3955
3952
3956
3953
3951
3950
3948
3945
3940
3938
3937
3943
3937
3935
3935
3926
3927
3927
3930
3929
3922
3920
3927
3924
3921
3921
3918
3912
3912
3915
3912
3911
3909
3907
3906
3903
3902
3901
3894
3895
3895
3896
3893
3892
3888
3885
3884
3885
3881
3878
3879
3877
3873
3873
3870
3865
3863
3858
3855
3861
3856
3856
3852
3851
3849
3848
3839
3840
3845
3841
3839
3837
3833
3826
3825
3831
3828
3823
3822
3820
3823
3819
3818
3817
3815
3813
3812
3811
3808
3806
3804
3800
3799
3795
3788
3788
3792
3788
3788
3784
3778
3777
3774
3778
3775
3770
3766
3763
3758
3757
3754
3750
3744
3741
3743
3742
3738
3738
3735
3728
3727
3731
3729
3726
3723
3722
3719
3720
3712
3712
3717
3713
3714
3711
3711
3709
3707
3705
3705
3703
3698
3699
3696
3696
3688
3687
3691
3689
3687
3686
3683
3680
3681
3676
3677
3675
3674
3676
3669
3670
3673
3672
3669
3665
3662
3665
3664
3653
3654
3656
3655
3650
3651
3648
3646
3644
3643
3641
3638
3638
3637
3635
3634
3626
3628
3632
3634
3635
3632
3631
3630
3627
3620
3621
3619
3623
3623
3615
3614
3617
3614
3611
3608
3603
3597
3594
3598
3593
3592
3589
3586
3583
3581
3579
3576
3575
3573
3570
3568
3565
3564
3564
3561
3562
3559
3552
3554
3556
3555
3555
3551
3548
3543
3542
3547
3545
3542
3542
3534
3534
3533
3537
3533
3527
3527
3530
3529
3527
3526
3524
3524
3525
3522
3520
3521
3518
3515
3515
3513
3505
3507
3510
3509
3508
3500
3500
3505
3501
3500
3500
3498
3497
3494
3495
3492
3490
3491
3487
3483
3481
3486
3483
3482
3479
3480
3481
3480
3479
3478
3477
3473
3468
3469
3468
3473
3472
3469
3468
3460
3458
3460
3462
3458
3453
3451
3455
3455
3447
3447
3445
3448
3447
3443
3443
3440
3441
3439
3432
3432
3437
3435
3433
3433
3428
3428
3425
3425
3424
3421
3418
3418
3415
3415
3412
3412
3412
3410
3404
3403
3403
3408
3406
3403
3402
3402
3402
3399
3399
3396
3394
3394
3391
3389
3391
3389
3389
3387
3387
3392
3392
3392
3390
3388
3383
3381
3385
3384
3377
3376
3377
3378
3376
3374
3373
3373
3371
3368
3369
3368
3365
3363
3364
3362
3354
3355
3353
3357
3354
3348
3349
3351
3346
3347
3345
3342
3340
3341
3336
3336
3342
3341
3340
3340
3338
3338
3336
3330
3330
3328
3329
3328
3328
3323
3322
3321
3321
3317
3316
3311
3310
3314
3312
3305
3304
3304
3307
3305
3305
3303
3295
3296
3294
3297
3296
3296
3295
3289
3288
3289
3294
3294
3295
3295
3296
3296
3294
3294
3294
3291
3288
3287
3285
3283
3281
3280
3278
3276
3269
3271
3275
3271
3271
3268
3270
3267
3267
3266
3264
3261
3262
3261
3253
3254
3259
3255
3252
3250
3249
3254
3251
3245
3244
3250
3247
3245
3243
3245
3245
3242
3242
3241
3242
3239
3238
3234
3233
3238
3235
3233
3232
3232
3231
3229
3228
3227
3227
3224
3223
3225
3223
3220
3220
3221
3219
3220
3217
3219
3213
3214
3217
3216
3208
3211
3209
3213
3212
3207
3206
3210
3209
3207
3201
3202
3206
3203
3201
3200
3200
3197
3197
3197
3195
3195
3194
3193
3191
3191
3191
3190
3187
3184
3186
3186
3184
3185
3184
3176
3177
3181
3179
3175
3176
3173
3168
3169
3172
3169
3163
3165
3164
3168
3168
3166
3164
3163
3164
3162
3156
3158
3162
3160
3152
3155
3158
3156
3156
3155
3152
3151
3152
3148
3147
3146
3145
3146
3139
3138
3145
3143
3140
3140
3141
3138
3138
3137
3135
3136
3135
3136
3134
3133
3135
3134
3136
3137
3137
3137
3136
3133
3132
3140
3137
3136
3135
3133
3131
3130
3122
3121
3127
3125
3123
3123
3120
3116
3117
3121
3118
3117
3115
3115
3110
3111
3115
3112
3110
3107
3107
3112
3110
3105
3104
3109
3108
3106
3107
3104
3103
3102
3096
3096
3097
3100
3099
3097
3098
3096
3096
3095
3092
3094
3094
3094
3094
3094
3090
3089
3091
3094
3093
3090
3089
3089
3087
3087
3086
3084
3085
3081
3082
3079
3077
3073
3074
3078
3076
3070
3070
3073
3072
3071
3070
3071
3064
3066
3071
3070
3068
3068
3066
3066
3067
3068
3069
3068
3065
3065
3071
3069
3069
3069
3067
3066
3066
3065
3064
3063
3061
3061
3061
3060
3059
3060
3053
3053
3060
3058
3058
3057
3058
3060
3059
3054
3056
3059
3060
3059
3057
3057
3057
3056
3056
3056
3055
3050
3050
3053
3051
3045
3045
3046
3047
3046
3044
3042
3036
3035
3040
3039
3038
3032
3033
3037
3035
3034
3034
3035
3034
3035
3033
3034
3034
3034
3034
3035
3036
3036
3035
3030
3031
3034
3035
3033
3028
3027
3031
3030
3022
3023
3023
3028
3028
3026
3025
3022
3021
3020
3018
3018
3017
3016
3015
3013
3011
3011
3010
3010
3010
3010
3009
3009
3008
3007
3003
3002
3006
3005
2999
2997
2999
3001
3001
2999
2999
2993
2994
2998
2998
2996
2997
2997
2996
2996
2994
2995
2995
2996
2997
2998
2999
2996
2997
2998
3003
3001
2998
2997
2991
2990
2994
2992
2991
2986
2986
2991
2990
2985
2985
2984
2989
2988
2987
2987
2983
2983
2984
2988
2987
2985
2985
2983
2981
2981
2980
2979
2978
2978
2976
2976
2975
2975
2974
2974
2974
2972
2971
2971
2970
2969
2965
2965
2968
2966
2965
2964
2959
2957
2957
2960
2959
2960
2961
2955
2956
2958
2962
2960
2961
2961
2960
2958
2957
2955
2953
2956
2956
2954
2953
2949
2949
2949
2952
2952
2951
2951
2949
2948
2948
2948
2947
2946
2945
2939
2940
2942
2944
2944
2938
2937
2943
2942
2942
2943
2943
2940
2942
2947
2946
2947
2946
2947
2943
2944
2950
2949
2951
2953
2953
2950
2949
2954
2954
2954
2953
2951
2951
2948
2948
2947
2946
2944
2943
2941
2940
2939
2939
2938
2936
2936
2936
2935
2935
2935
2930
2931
2935
2934
2933
2932
2932
2930
2929
2929
2928
2929
2927
2927
2927
2927
2923
2924
2931
2930
2929
2926
2927
2931
2930
2924
2924
2927
2926
2925
2920
2921
2926
2924
2921
2922
2921
2920
2921
2915
2916
2920
2919
2917
2916
2915
2915
2915
2913
2913
2913
2912
2911
2910
2909
2911
2912
2912
2912
2912
2912
2913
2912
2913
2913
2913
2913
2908
2908
2912
2912
2908
2910
2915
2915
2916
2916
2917
2913
2914
2919
2916
2915
2913
2913
2910
2909
2908
2907
2905
2902
2901
2904
2902
2897
2898
2901
2900
2899
2897
2897
2896
2895
2894
2894
2893
2893
2892
2892
2890
2890
2890
2890
2886
2885
2890
2890
2888
2890
2887
2888
2888
2893
2892
2887
2888
2894
2893
2891
2893
2892
2886
2887
2891
2889
2888
2885
2884
2883
2884
2878
2880
2884
2886
2886
2885
2885
2886
2884
2884
2885
2885
2884
2882
2882
2882
2882
2884
2881
2879
2880
2885
2884
2879
2882
2886
2887
2885
2880
2880
2884
2882
2881
2879
2879
2878
2877
2876
2876
2876
2877
2876
2875
2876
2876
2875
2875
2875
2875
2875
2876
2876
2876
2870
2873
2879
2876
2877
2872
2871
2875
2874
2867
2868
2869
2870
2870
2869
2868
2866
2866
2861
2860
2860
2864
2864
2861
2859
2858
2857
2856
2857
2856
2856
2855
2854
2853
2852
2848
2848
2853
2852
2846
2848
2851
2851
2850
2851
2850
2844
2846
2852
2853
2853
2854
2854
2855
2856
2857
2856
2856
2857
2858
2852
2852
2857
2855
2856
2855
2855
2855
2853
2853
2851
2847
2848
2849
2852
2852
2851
2851
2850
2851
2849
2850
2849
2849
2848
2843
2844
2845
2846
2846
2842
2843
2850
2850
2845
2846
2847
2850
2851
2850
2848
2847
2846
2846
2844
2843
2842
2844
2844
2844
2845
2845
2845
2844
2844
2849
2850
2845
2844
2844
2847
2846
2844
2844
2838
2837
2838
2839
2838
2836
2835
2834
2833
2832
2830
2830
2829
2829
2830
2829
2829
2828
2828
2828
2828
2827
2827
2821
2822
2824
2825
2826
2826
2825
2825
2826
2819
2820
2821
2825
2826
2825
2826
2822
2823
2823
2827
2825
2825
2825
2823
2824
2824
2823
2822
2822
2821
2816
2817
2821
2819
2819
2814
2814
2819
2818
2811
2814
2813
2816
2816
2811
2812
2818
2819
2818
2819
2820
2819
2818
2820
2819
2817
2820
2817
2812
2812
2817
2816
2812
2812
2811
2815
2816
2815
2815
2815
2813
2813
2813
2815
2814
2816
2815
2814
2815
2814
2812
2812
2811
2810
2809
2809
2809
2808
2807
2807
2801
2804
2809
2808
2807
2807
2805
2801
2801
2806
2804
2801
2800
2800
2804
2803
2801
2801
2800
2799
2797
2796
2795
2799
2800
2797
2798
2798
2798
2799
2799
2799
2799
2799
2800
2800
2800
2799
2799
2794
2798
2800
2800
2802
2802
2802
2799
2799
2803
2803
2801
2798
2799
2803
2801
2801
2799
2802
2800
2798
2799
2797
2799
2797
2791
2792
2791
2795
2794
2789
2789
2794
2792
2791
2787
2787
2791
2791
2791
2791
2792
2791
2793
2794
2796
2797
2796
2792
2794
2793
2797
2796
2796
2794
2797
2794
2794
2794
2793
2795
2794
2794
2795
2794
2795
2794
2790
2790
2796
2796
2792
2795
2796
2802
2803
2798
2801
2806
2805
2804
2805
2803
2804
2803
2801
2801
2795
2794
2793
2796
2795
2794
2793
2794
2792
2791
2792
2789
2790
2787
2789
2786
2785
2786
2784
2785
2783
2779
2778
2783
2782
2780
2776
2775
2780
2778
2773
2773
2771
2777
2777
2776
2778
2778
2780
2779
2777
2778
2783
2782
2781
2782
2780
2781
2782
2782
2782
2781
2782
2781
2780
2780
2773
2775
2778
2776
2774
2773
2772
2768
2770
2774
2773
2776
2775
2777
2778
2779
2776
2777
2779
2779
2779
2780
2782
2778
2777
2784
2784
2787
2787
2786
2787
2787
2786
2787
2786
2785
2781
2781
2780
2784
2785
2781
2783
2781
2779
2779
2774
2773
2778
2775
2773
2775
2773
2771
2773
2771
2770
2770
2766
2768
2768
2767
2768
2767
2762
2764
2769
2767
2767
2762
2762
2767
2766
2760
2762
2763
2766
2766
2765
2763
2763
2763
2757
2758
2757
2761
2758
2754
2754
2760
2758
2757
2759
2758
2757
2758
2758
2757
2756
2757
2755
2756
2757
2750
2752
2755
2753
2753
2749
2748
2752
2752
2750
2749
2748
2748
2747
2747
2747
2746
2745
2747
2746
2746
2747
2747
2743
2742
2747
2747
2746
2742
2743
2747
2746
2746
2745
2744
2744
2744
2743
2743
2739
2739
2741
2744
2741
2742
2742
2743
2743
2742
2743
2742
2741
2743
2743
2742
2744
2743
2743
2744
2744
2739
2741
2746
2745
2743
2741
2743
2746
2747
2746
2745
2744
2746
2748
2744
2747
2754
2752
2753
2752
2752
2746
2745
2751
2749
2748
2748
2748
2748
2747
2748
2749
2749
2749
2746
2748
2749
2753
2752
2753
2753
2752
2751
2753
2752
2752
2752
2753
2752
2750
2748
2745
2746
2748
2745
2747
2746
2745
2745
2744
2739
2740
2744
2742
2737
2739
2738
2743
2742
2737
2738
2743
2740
2741
2740
2739
2739
2738
2737
2738
2738
2737
2737
2737
2738
2733
2734
2739
2738
2737
2735
2735
2739
2738
2736
2736
2735
2736
2736
2733
2733
2738
2736
2736
2736
2735
2730
2731
2734
2732
2731
2731
2730
2729
2729
2728
2728
2728
2727
2727
2728
2727
2723
2724
2730
2728
2723
2725
2726
2731
2731
2731
2729
2729
2729
2730
2729
2729
2726
2727
2730
2730
2729
2727
2727
2727
2725
2725
2725
2723
2724
2724
2720
2721
2726
2724
2721
2722
2721
2726
2726
2721
2723
2726
2726
2726
2724
2725
2724
2723
2723
2722
2723
2719
2721
2722
2720
2721
2721
2716
2719
2718
2723
2723
2723
2723
2719
2719
2721
2724
2725
2719
2723
2727
2726
2727
2725
2725
2725
2724
2722
2723
2722
2721
2722
2720
2722
2721
2721
2719
2720
2723
2727
2726
2729
2728
2727
2729
2725
2723
2725
2729
2726
2722
2723
2726
2726
2725
2720
2721
2723
2723
2722
2721
2721
2720
2719
2720
2720
2720
2721
2719
2720
2720
2719
2721
2719
2721
2716
2717
2718
2722
2722
2721
2720
2721
2719
2718
2715
2713
2718
2717
2716
2716
2710
2711
2710
2714
2713
2708
2709
2715
2714
2714
2711
2711
2716
2715
2715
2715
2716
2714
2713
2714
2713
2707
2709
2713
2713
2715
2715
2717
2715
2714
2717
2718
2717
2714
2716
2720
2717
2718
2716
2716
2716
2715
2715
2715
2714
2713
2713
2712
2713
2709
2709
2714
2713
2713
2714
2713
2713
2713
2712
2713
2709
2710
2711
2713
2712
2711
2710
2711
2709
2710
2710
2709
2711
2711
2706
2708
2714
2714
2714
2710
2711
2715
2716
2714
2714
2713
2714
2715
2716
2715
2716
2716
2716
2713
2715
2713
2713
2712
2713
2712
2711
2712
2711
2710
2711
2710
2709
2710
2707
2707
2707
2707
2706
2704
2703
2705
2707
2705
2701
2702
2704
2705
2699
2700
2703
2707
2709
2705
2708
2715
2716
2719
2717
2720
2728
2730
2728
2735
2741
2745
2750
2755
2758
2759
2765
2775
2779
2782
2783
2789
2797
2801
2802
2807
2812
2821
2823
2828
2833
2837
2841
2844
2847
2851
2855
2858
2862
2865
2867
2870
2871
2874
2875
2875
2876
2877
2877
2877
2877
