2865
2865
2864
2861
2860
2863
2863
2862
2862
2861
2854
2853
2857
2855
2852
2849
2847
2845
2843
2836
2836
2834
2836
2833
2831
2828
2826
2823
2821
2818
2817
2812
2811
2810
2809
2803
2802
2800
2805
2802
2796
2795
2798
2796
2793
2791
2789
2788
2787
2784
2782
2779
2778
2776
2775
2773
2771
2769
2769
2767
2766
2765
2763
2758
2757
2761
2760
2758
2752
2751
2754
2751
2750
2749
2749
2749
2748
2742
2742
2746
2744
2743
2743
2742
2741
2740
2740
2739
2732
2731
2732
2735
2732
2727
2728
2733
2733
2733
2733
2732
2728
2728
2733
2729
2727
2726
2726
2726
2724
2723
2723
2720
2720
2720
2718
2720
2715
2718
2722
2722
2721
2722
2722
2721
2720
2719
2718
2714
2714
2715
2718
2717
2717
2717
2712
2712
2711
2714
2712
2712
2710
2710
2709
2708
2707
2707
2704
2703
2707
2705
2699
2699
2700
2703
2702
2697
2697
2701
2700
2700
2700
2699
2700
2701
2701
2702
2703
2704
2703
2702
2702
2697
2698
2701
2700
2701
2701
2701
2701
2700
2695
2695
2695
2699
2696
2696
2695
2695
2694
2693
2692
2692
2693
2692
2694
2693
2688
2690
2691
2697
2694
2689
2690
2695
2694
2693
2693
2691
2691
2690
2686
2687
2686
2689
2688
2688
2687
2686
2685
2680
2681
2682
2684
2683
2682
2682
2677
2677
2678
2680
2679
2679
2679
2680
2680
2678
2675
2676
2681
2680
2678
2677
2675
2674
2675
2674
2674
2671
2672
2676
2676
2675
2674
2675
2675
2675
2674
2674
2673
2673
2673
2673
2674
2669
2671
2675
2675
2675
2675
2674
2673
2673
2673
2673
2675
2672
2673
2677
2676
2672
2673
2676
2677
2678
2677
2678
2677
2677
2676
2677
2677
2674
2674
2681
2680
2678
2677
2677
2675
2676
2677
2676
2675
2674
2671
2669
2669
2674
2674
2668
2670
2673
2674
2673
2670
2672
2676
2674
2676
2675
2675
2674
2674
2675
2677
2678
2678
2678
2679
2679
2679
2680
2679
2680
2678
2677
2677
2677
2678
2679
2680
2681
2682
2680
2677
2679
2683
2683
2679
2679
2683
2686
2686
2687
2687
2682
2683
2689
2688
2690
2692
2692
2693
2694
2694
2693
2692
2693
2693
2688
2689
2694
2694
2693
2692
2695
2700
2699
2699
2699
2697
2698
2699
2699
2699
2698
2700
2693
2696
2695
2700
2700
2701
2701
2697
2700
2704
2706
2708
2703
2704
2710
2708
2710
2710
2711
2710
2710
2711
2712
2708
2709
2711
2716
2716
2716
2718
2714
2717
2721
2726
2728
2730
2732
2733
2735
2736
2737
2739
2739
2741
2741
2742
2738
2741
2743
2749
2750
2746
2749
2754
2756
2757
2759
2761
2763
2765
2761
2764
2771
2772
2772
2773
2775
2771
2773
2780
2781
2783
2785
2786
2788
2791
2793
2795
2797
2799
2800
2800
2803
2805
2808
2805
2809
2811
2819
2821
2824
2826
2831
2834
2837
2840
2842
2845
2846
2849
2851
2852
2853
2856
2854
2857
2863
2864
2864
2866
2869
2876
2878
2880
2883
2886
2889
2892
2894
2899
2898
2900
2909
2912
2915
2918
2922
2920
2925
2934
2936
2935
2939
2942
2951
2955
2958
2962
2968
2972
2976
2981
2985
2985
2992
3000
3003
3005
3008
3011
3015
3018
3017
3021
3028
3032
3036
3040
3044
3044
3049
3059
3062
3065
3069
3073
3074
3081
3090
3093
3097
3101
3105
3111
3114
3119
3123
3127
3134
3138
3143
3148
3152
3159
3165
3171
3176
3177
3183
3192
3195
3200
3204
3209
3215
3220
3223
3228
3231
3235
3235
3239
3245
3255
3258
3258
3262
3272
3275
3280
3285
3289
3294
3298
3296
3303
3312
3319
3323
3326
3332
3334
3341
3352
3356
3361
3368
3373
3379
3383
3384
3391
3398
3407
3411
3418
3421
3426
3431
3437
3437
3445
3456
3461
3469
3475
3477
3482
3490
3502
3508
3512
3517
3527
3533
3538
3545
3553
3559
3564
3571
3578
3583
3585
3592
3604
3609
3612
3618
3624
3628
3633
3636
3639
3652
3657
3656
3663
3670
3678
3681
3689
3693
3698
3704
3710
3712
3719
3731
3734
3739
3745
3750
3755
3761
3766
3771
3778
3784
3791
3797
3803
3810
3817
3818
3827
3839
3843
3852
3855
3862
3870
3874
3874
3883
3893
3901
3907
3912
3920
3925
3930
3940
3945
3951
3953
3959
3973
3975
3981
3987
3991
3991
3998
4010
4013
4018
4023
4028
4035
4039
4045
4050
4049
4058
4068
4072
4076
4081
4086
4085
4093
4101
4106
4110
4115
4120
4118
4127
4136
4142
4144
4150
4155
4154
4161
4172
4175
4173
4179
4186
4193
4197
4203
4204
4207
4211
4213
4218
4220
4223
4228
4229
4233
4235
4239
4243
4246
4247
4251
4252
4250
4254
4258
4267
4268
4266
4270
4277
4277
4281
4284
4286
4292
4297
4294
4299
4308
4314
4316
4318
4325
4328
4334
4340
4344
4350
4348
4355
4363
4366
4363
4369
4375
4378
4382
4378
4383
4390
4394
4396
4399
4401
4404
4407
4409
4414
4417
4420
4420
4425
4426
4431
4433
4430
4433
4439
4441
4443
4445
4446
4448
4448
4451
4452
4456
4455
4458
4458
4459
4459
4460
4460
4455
4458
4462
4464
4456
4461
4463
4468
4466
4469
4468
4470
4473
4467
4471
4472
4479
4480
4481
4481
4480
4486
4487
4497
4497
4500
4501
4499
4506
4513
4517
4519
4518
4520
4530
4532
4533
4536
4541
4543
4548
4551
4555
4559
4562
4563
4564
4567
4575
4576
4576
4576
4575
4578
4578
4579
4579
4580
4579
4582
4581
4585
4580
4582
4591
4590
4589
4593
4592
4594
4594
4593
4594
4603
4600
4599
4598
4599
4605
4606
4608
4610
4613
4614
4616
4619
4621
4624
4626
4629
4629
4632
4633
4634
4629
4630
4640
4642
4642
4645
4646
4644
4645
4655
4653
4655
4653
4656
4652
4654
4660
4661
4653
4654
4656
4660
4661
4655
4657
4660
4662
4659
4659
4658
4655
4657
4653
4654
4652
4651
4652
4650
4652
4646
4647
4653
4652
4653
4649
4649
4640
4642
4647
4645
4641
4640
4637
4635
4630
4628
4623
4624
4619
4617
4613
4615
4611
4611
4606
4607
4608
4601
4601
4608
4605
4601
4602
4605
4605
4605
4599
4602
4605
4606
4602
4602
4601
4603
4603
4597
4599
4603
4605
4602
4599
4599
4605
4604
4602
4604
4602
4603
4601
4599
4598
4598
4596
4595
4593
4593
4591
4588
4589
4588
4586
4584
4583
4576
4578
4580
4578
4574
4574
4568
4567
4565
4570
4569
4569
4568
4561
4559
4561
4566
4564
4564
4562
4563
4562
4560
4556
4557
4554
4553
4550
4550
4547
4540
4541
4542
4540
4531
4533
4534
4534
4530
4530
4527
4527
4521
4523
4520
4520
4515
4513
4518
4518
4515
4516
4511
4510
4511
4516
4514
4505
4509
4514
4512
4511
4510
4507
4506
4506
4500
4497
4497
4502
4503
4500
4497
4497
4498
4498
4495
4494
4491
4492
4492
4491
4485
4485
4484
4478
4479
4479
4479
4475
4475
4472
4468
4464
4470
4464
4464
4460
4460
4456
4456
4454
4454
4451
4450
4447
4446
4444
4444
4440
4436
4433
4440
4437
4435
4432
4431
4428
4424
4416
4414
4412
4414
4410
4406
4402
4398
4394
4392
4390
4388
4390
4385
4379
4378
4383
4379
4377
4373
4372
4377
4373
4371
4369
4369
4367
4366
4363
4362
4362
4359
4360
4357
4358
4350
4350
4356
4352
4346
4344
4346
4347
4346
4344
4343
4334
4336
4337
4340
4335
4333
4333
4325
4325
4329
4329
4323
4324
4321
4319
4318
4316
4314
4310
4309
4305
4303
4300
4294
4291
4294
4293
4292
4288
4287
4277
4276
4279
4276
4274
4266
4265
4268
4266
4261
4261
4255
4256
4253
4253
4251
4244
4244
4245
4247
4243
4242
4240
4237
4235
4232
4230
4226
4223
4218
4215
4211
4208
4205
4201
4195
4193
4197
4192
4190
4185
4181
4176
4175
4177
4176
4166
4165
4169
4167
4163
4159
4158
4155
4153
4145
4146
4144
4147
4146
4143
4140
4139
4138
4136
4136
4133
4126
4127
4129
4127
4123
4124
4120
4114
4113
4117
4115
4112
4111
4107
4105
4106
4104
4103
4101
4098
4096
4093
4091
4089
4086
4083
4082
4079
4078
4073
4067
4065
4068
4065
4057
4055
4055
4057
4055
4049
4047
4050
4045
4044
4039
4036
4039
4037
4036
4034
4030
4029
4026
4021
4021
4022
4021
4017
4017
4015
4013
4013
4010
4007
4006
4003
4003
4000
4000
3992
3990
3996
3992
3989
3990
3986
3981
3978
3982
3980
3970
3971
3969
3972
3968
3967
3964
3960
3961
3957
3958
3957
3952
3952
3948
3947
3945
3941
3940
3932
3931
3933
3931
3926
3924
3923
3919
3919
3910
3911
3912
3909
3905
3904
3901
3897
3895
3892
3890
3887
3886
3885
3875
3876
3879
3875
3867
3866
3865
3866
3865
3856
3856
3860
3858
3855
3851
3849
3847
3846
3838
3837
3841
3838
3834
3835
3830
3831
3828
3820
3821
3819
3822
3817
3818
3813
3807
3807
3807
3809
3806
3806
3803
3800
3800
3796
3797
3795
3790
3789
3790
3787
3779
3780
3777
3781
3780
3771
3774
3776
3773
3770
3765
3764
3768
3767
3764
3764
3756
3755
3754
3757
3755
3747
3749
3750
3750
3747
3742
3742
3741
3738
3737
3737
3732
3732
3729
3728
3728
3723
3722
3714
3713
3714
3715
3716
3709
3708
3713
3711
3707
3703
3701
3702
3702
3699
3697
3694
3689
3690
3691
3690
3681
3682
3685
3682
3680
3673
3673
3676
3673
3666
3664
3665
3667
3665
3665
3661
3660
3658
3656
3654
3653
3653
3651
3650
3648
3647
3646
3641
3641
3641
3634
3636
3635
3633
3631
3627
3626
3629
3628
3623
3624
3621
3621
3617
3617
3617
3614
3612
3606
3604
3605
3609
3605
3599
3597
3603
3600
3599
3595
3595
3586
3588
3592
3588
3588
3587
3584
3582
3581
3580
3578
3576
3575
3575
3574
3571
3567
3565
3571
3567
3564
3565
3561
3554
3555
3557
3554
3551
3544
3546
3549
3546
3546
3543
3542
3542
3540
3533
3534
3535
3536
3531
3529
3526
3526
3524
3523
3522
3518
3519
3515
3516
3514
3515
3512
3508
3505
3511
3509
3505
3505
3504
3497
3496
3502
3497
3497
3495
3492
3490
3490
3487
3485
3482
3477
3478
3481
3479
3480
3476
3474
3471
3471
3466
3464
3469
3466
3458
3458
3455
3460
3458
3451
3453
3451
3451
3451
3453
3450
3448
3448
3447
3443
3444
3443
3440
3440
3438
3436
3436
3434
3431
3430
3430
3429
3425
3426
3426
3422
3422
3419
3419
3419
3416
3414
3415
3412
3411
3411
3409
3409
3408
3408
3403
3401
3400
3404
3402
3392
3393
3398
3395
3389
3388
3387
3389
3388
3390
3387
3385
3383
3383
3381
3381
3375
3375
3382
3380
3377
3374
3374
3374
3373
3370
3369
3368
3366
3365
3362
3359
3358
3359
3358
3356
3354
3348
3348
3354
3353
3345
3346
3346
3350
3346
3340
3341
3345
3343
3339
3336
3336
3337
3336
3336
3334
3332
3330
3331
3328
3327
3324
3324
3318
3317
3316
3319
3319
3311
3312
3317
3316
3313
3312
3311
3306
3305
3310
3310
3309
3308
3308
3307
3308
3308
3306
3304
3304
3303
3301
3297
3295
3293
3293
3291
3286
3282
3281
3285
3283
3277
3275
3279
3279
3279
3277
3276
3272
3272
3270
3269
3268
3267
3268
3262
3263
3266
3264
3263
3263
3261
3255
3252
3259
3256
3254
3251
3249
3249
3249
3246
3245
3244
3241
3240
3238
3234
3231
3230
3234
3232
3230
3230
3229
3227
3225
3224
3223
3218
3216
3216
3220
3220
3219
3217
3210
3210
3211
3213
3211
3209
3208
3206
3205
3202
3199
3198
3203
3201
3201
3200
3199
3198
3197
3197
3197
3197
3196
3195
3195
3195
3189
3189
3193
3192
3186
3187
3189
3190
3186
3188
3188
3187
3187
3180
3180
3181
3186
3182
3181
3179
3179
3179
3177
3175
3173
3172
3172
3171
3169
3164
3161
3160
3164
3162
3159
3157
3152
3152
3153
3156
3154
3152
3152
3152
3151
3150
3148
3150
3147
3145
3145
3144
3144
3140
3141
3144
3142
3142
3141
3136
3136
3135
3140
3138
3134
3135
3139
3136
3137
3137
3137
3136
3134
3135
3134
3133
3131
3131
3130
3129
3123
3125
3128
3126
3124
3119
3119
3121
3119
3119
3118
3119
3114
3112
3116
3115
3113
3113
3111
3112
3110
3109
3107
3106
3104
3104
3104
3104
3103
3102
3100
3101
3096
3097
3098
3103
3101
3096
3096
3099
3097
3098
3097
3095
3093
3094
3093
3090
3089
3088
3090
3088
3088
3083
3083
3089
3087
3084
3082
3082
3086
3085
3079
3078
3079
3080
3079
3078
3076
3077
3075
3074
3073
3073
3072
3071
3070
3069
3067
3066
3068
3064
3065
3060
3060
3065
3064
3062
3061
3063
3063
3063
3059
3058
3065
3065
3065
3064
3063
3063
3062
3062
3062
3062
3057
3058
3063
3063
3061
3059
3056
3055
3055
3049
3050
3053
3052
3052
3051
3048
3045
3046
3050
3049
3044
3044
3045
3049
3048
3048
3048
3043
3044
3046
3047
3046
3042
3041
3040
3039
3038
3036
3035
3031
3031
3035
3031
3030
3029
3027
3028
3026
3026
3024
3023
3021
3021
3020
3019
3018
3018
3012
3014
3019
3018
3020
3019
3018
3018
3016
3015
3014
3014
3010
3011
3015
3012
3006
3005
3007
3011
3009
3009
3009
3009
3008
3009
3009
3008
3006
3005
3004
3004
2999
3000
3001
3003
3002
3000
2999
2998
3000
2995
2992
2993
2997
2993
2995
2994
2992
2993
2991
2986
2986
2992
2991
2990
2991
2990
2987
2987
2992
2993
2990
2991
2989
2988
2988
2987
2985
2983
2983
2981
2980
2979
2973
2975
2978
2975
2975
2975
2975
2971
2971
2976
2974
2972
2972
2973
2973
2973
2970
2969
2973
2970
2970
2970
2970
2965
2964
2969
2966
2965
2963
2962
2963
2962
2962
2962
2956
2956
2959
2959
2958
2956
2954
2949
2950
2954
2952
2952
2953
2952
2952
2953
2950
2953
2954
2959
2958
2954
2957
2962
2963
2960
2957
2958
2963
2962
2961
2962
2961
2960
2959
2958
2958
2955
2953
2953
2950
2949
2947
2946
2945
2944
2943
2942
2943
2945
2944
2943
2942
2942
2941
2939
2937
2936
2936
2935
2935
2934
2928
2929
2928
2932
2929
2924
2924
2928
2929
2924
2923
2923
2929
2927
2921
2922
2925
2924
2923
2923
2923
2922
2921
2921
2921
2920
2921
2920
2917
2918
2923
2922
2920
2919
2918
2924
2925
2926
2926
2921
2921
2921
2925
2925
2924
2923
2921
2920
2919
2918
2918
2916
2913
2912
2913
2910
2908
2908
2911
2908
2909
2907
2907
2907
2908
2909
2908
2907
2906
2901
2901
2901
2905
2904
2902
2901
2901
2900
2898
2895
2894
2898
2896
2892
2893
2899
2898
2898
2898
2897
2897
2896
2896
2894
2893
2892
2893
2893
2893
2888
2888
2888
2890
2889
2885
2886
2892
2891
2887
2888
2889
2892
2891
2891
2889
2889
2888
2886
2887
2886
2882
2883
2887
2886
2885
2883
2884
2884
2883
2883
2882
2883
2882
2881
2881
2879
2880
2879
2880
2879
2880
2877
2876
2882
2882
2881
2881
2878
2878
2877
2881
2882
2880
2879
2879
2878
2878
2879
2876
2872
2874
2880
2879
2879
2879
2878
2878
2878
2873
2874
2875
2876
2874
2869
2868
2872
2871
2869
2868
2868
2866
2864
2863
2862
2857
2858
2857
2860
2859
2858
2857
2857
2856
2854
2856
2855
2856
2856
2851
2852
2856
2856
2854
2849
2849
2855
2853
2850
2852
2850
2850
2850
2850
2849
2848
2849
2849
2850
2849
2848
2848
2847
2847
2846
2847
2846
2841
2842
2846
2845
2839
2839
2839
2841
2843
2841
2839
2835
2835
2839
2841
2840
2835
2835
2839
2838
2838
2839
2838
2840
2840
2840
2840
2839
2838
2838
2835
2836
2841
2842
2842
2841
2842
2840
2841
2835
2834
2838
2836
2836
2836
2836
2836
2834
2834
2833
2833
2833
2832
2828
2828
2833
2832
2827
2828
2830
2831
2830
2829
2829
2828
2826
2826
2825
2825
2824
2825
2824
2823
2824
2824
2824
2819
2819
2825
2824
2824
2824
2819
2817
2817
2822
2819
2820
2821
2821
2822
2822
2818
2819
2824
2823
2824
2825
2826
2822
2824
2829
2829
2826
2827
2830
2832
2830
2829
2826
2825
2824
2824
2824
2823
2817
2818
2823
2821
2820
2819
2819
2815
2815
2819
2817
2816
2815
2816
2815
2815
2810
2812
2816
2815
2814
2813
2813
2813
2814
2811
2814
2821
2820
2820
2820
2819
2819
2817
2817
2816
2815
2814
2814
2813
2812
2813
2813
2807
2808
2809
2813
2812
2807
2807
2811
2807
2806
2806
2806
2805
2804
2799
2800
2802
2804
2803
2799
2800
2804
2802
2802
2801
2801
2800
2800
2800
2800
2800
2800
2799
2794
2794
2798
2798
2797
2797
2797
2797
2796
2796
2796
2790
2790
2795
2795
2793
2792
2792
2793
2793
2786
2788
2789
2791
2789
2789
2789
2789
2787
2787
2787
2786
2783
2783
2788
2787
2786
2785
2785
2780
2780
2784
2784
2784
2783
2783
2779
2780
2784
2784
2785
2786
2788
2788
2788
2788
2789
2790
2791
2787
2787
2788
2790
2789
2785
2785
2788
2787
2786
2785
2784
2783
2784
2781
2783
2784
2783
2785
2781
2783
2787
2786
2784
2784
2783
2782
2782
2781
2781
2781
2781
2782
2780
2780
2774
2776
2781
2780
2778
2777
2776
2779
2779
2777
2775
2771
2770
2770
2774
2773
2773
2772
2770
2771
2770
2770
2770
2764
2764
2770
2769
2769
2768
2769
2771
2773
2768
2770
2775
2775
2774
2774
2774
2770
2770
2775
2773
2772
2773
2772
2767
2766
2772
2769
2769
2768
2768
2769
2769
2768
2769
2769
2769
2768
2769
2767
2768
2766
2765
2765
2764
2764
2763
2763
2762
2756
2758
2761
2763
2761
2761
2761
2756
2757
2762
2763
2763
2763
2764
2759
2760
2766
2765
2763
2763
2763
2763
2763
2762
2762
2763
2761
2761
2756
2757
2763
2762
2762
2761
2760
2761
2759
2754
2754
2758
2758
2757
2757
2756
2757
2758
2758
2758
2756
2757
2757
2757
2757
2753
2754
2759
2757
2757
2758
2757
2753
2754
2760
2759
2759
2756
2756
2758
2758
2758
2758
2755
2753
2752
2758
2756
2752
2754
2758
2758
2757
2757
2756
2756
2755
2755
2755
2756
2753
2754
2754
2754
2750
2750
2753
2756
2755
2753
2753
2754
2753
2754
2753
2753
2754
2753
2754
2753
2753
2754
2754
2749
2750
2754
2753
2748
2747
2750
2750
2749
2744
2744
2747
2746
2745
2744
2743
2743
2742
2742
2742
2742
2744
2745
2743
2744
2747
2747
2744
2744
2744
2743
2742
2737
2737
2742
2739
2739
2739
2738
2737
2735
2736
2735
2730
2731
2732
2735
2736
2734
2734
2733
2732
2731
2728
2727
2732
2732
2730
2731
2731
2732
2733
2728
2730
2734
2732
2733
2732
2732
2729
2729
2733
2734
2731
2733
2731
2732
2732
2731
2732
2727
2729
2733
2732
2733
2732
2732
2728
2729
2732
2732
2732
2731
2731
2731
2731
2729
2730
2732
2733
2732
2729
2730
2734
2734
2733
2734
2733
2731
2732
2735
2735
2733
2732
2731
2730
2730
2725
2726
2730
2729
2727
2728
2727
2726
2726
2725
2724
2726
2726
2724
2724
2725
2720
2722
2727
2723
2724
2723
2722
2723
2722
2717
2718
2718
2720
2720
2720
2719
2718
2718
2713
2712
2713
2717
2717
2712
2715
2719
2717
2718
2716
2717
2716
2716
2716
2716
2715
2718
2716
2717
2716
2711
2712
2716
2716
2715
2716
2714
2714
2715
2710
2711
2712
2716
2714
2714
2713
2712
2712
2711
2712
2711
2710
2711
2705
2706
2711
2712
2712
2708
2709
2714
2713
2708
2709
2710
2713
2712
2712
2711
2711
2711
2711
2711
2711
2711
2712
2713
2713
2708
2710
2710
2715
2714
2713
2714
2712
2712
2713
2712
2713
2709
2710
2717
2715
2712
2712
2711
2717
2717
2709
2711
2716
2714
2715
2713
2712
2712
2712
2712
2711
2711
2710
2710
2709
2709
2710
2708
2707
2706
2705
2708
2708
2707
2707
2707
2707
2707
2707
2708
2708
2707
2702
2702
2703
2707
2704
2701
2700
2705
2704
2703
2702
2701
2701
2700
2700
2702
2697
2697
2698
2704
2702
2702
2699
2701
2701
2700
2701
2699
2695
2696
2701
2701
2697
2697
2698
2701
2700
2699
2699
2699
2701
2702
2703
2705
2707
2708
2703
2706
2707
2711
2711
2707
2707
2712
2708
2708
2707
2705
2704
2703
2698
2698
2701
2700
2701
2701
2700
2696
2697
2702
2700
2700
2701
2702
2703
2704
2705
2705
2705
2705
2706
2706
2705
2705
2705
2705
2703
2701
2700
2700
2699
2698
2692
2694
2693
2697
2697
2690
2693
2697
2696
2697
2698
2699
2700
2701
2697
2698
2704
2703
2701
2702
2699
2700
2699
2693
2693
2694
2699
2698
2693
2695
2698
2699
2696
2694
2693
2698
2696
2696
2695
2694
2693
2693
2692
2692
2690
2690
2690
2691
2690
2688
2689
2689
2689
2691
2690
2690
2688
2688
2692
2692
2691
2689
2690
2689
2688
2689
2690
2684
2684
2689
2688
2687
2686
2686
2687
2687
2687
2687
2684
2683
2684
2689
2690
2689
2691
2688
2688
2689
2693
2690
2690
2689
2691
2690
2690
2684
2687
2690
2691
2684
2685
2685
2687
2688
2682
2683
2686
2686
2685
2684
2684
2683
2682
2681
2682
2681
2681
2680
2681
2680
2681
2681
2679
2682
2679
2679
2681
2686
2686
2685
2684
2683
2684
2683
2679
2679
2684
2683
2681
2681
2680
2677
2677
2681
2681
2679
2678
2679
2677
2678
2676
2677
2675
2675
2676
2676
2678
2676
2676
2678
2677
2679
2679
2678
2678
2678
2679
2677
2674
2674
2675
2679
2678
2674
2675
2678
2677
2674
2673
2673
2678
2676
2676
2676
2675
2676
2676
2672
2673
2679
2678
2680
2683
2683
2683
2685
2691
2695
2693
2697
2704
2707
2709
2709
2715
2723
2725
2729
2733
2738
2743
2748
2752
2756
2756
2762
2767
2776
2780
2784
2788
2793
2796
2796
2802
2806
2815
2818
2822
2824
2830
2832
2835
2840
2841
2839
2842
2850
2849
2852
2852
2852
2849
2850
