2853
2853
2851
2850
2849
2848
2846
2845
2843
2837
2836
2834
2837
2834
2833
2829
2822
2821
2820
2820
2819
2816
2813
2807
2805
2807
2805
2803
2802
2799
2796
2795
2793
2791
2789
2786
2785
2782
2780
2780
2777
2775
2774
2771
2768
2767
2765
2763
2759
2757
2756
2758
2756
2750
2751
2755
2752
2750
2749
2747
2743
2742
2745
2745
2741
2739
2739
2733
2733
2737
2735
2730
2729
2727
2730
2728
2727
2725
2725
2722
2721
2720
2719
2713
2713
2716
2716
2714
2712
2713
2707
2707
2711
2709
2708
2707
2706
2706
2704
2704
2704
2704
2701
2701
2700
2701
2700
2700
2699
2698
2699
2697
2697
2696
2696
2692
2692
2696
2695
2695
2689
2691
2694
2691
2693
2691
2689
2691
2690
2685
2685
2689
2687
2686
2682
2682
2686
2685
2685
2684
2683
2684
2683
2682
2684
2684
2683
2683
2684
2684
2686
2684
2680
2682
2687
2687
2685
2681
2683
2687
2684
2680
2681
2683
2682
2682
2681
2681
2676
2678
2682
2679
2680
2679
2677
2677
2678
2677
2676
2675
2675
2674
2675
2674
2672
2673
2673
2671
2671
2668
2668
2672
2673
2672
2673
2674
2673
2673
2671
2671
2678
2678
2678
2677
2678
2678
2678
2674
2675
2679
2678
2678
2675
2675
2678
2677
2677
2677
2675
2675
2676
2676
2674
2673
2673
2674
2672
2672
2672
2672
2670
2670
2666
2666
2665
2670
2669
2668
2667
2667
2665
2666
2664
2663
2664
2663
2662
2664
2662
2659
2659
2663
2662
2658
2659
2660
2660
2661
2658
2657
2662
2660
2660
2660
2660
2655
2656
2660
2660
2659
2659
2658
2659
2659
2658
2658
2654
2654
2658
2659
2657
2655
2654
2658
2658
2658
2658
2656
2654
2655
2658
2657
2658
2657
2656
2656
2656
2656
2656
2656
2654
2655
2655
2654
2655
2653
2653
2655
2654
2654
2655
2655
2656
2652
2655
2659
2659
2659
2657
2658
2662
2662
2661
2660
2660
2661
2661
2658
2660
2664
2663
2663
2663
2663
2663
2663
2659
2659
2664
2664
2664
2665
2664
2664
2664
2661
2662
2666
2666
2668
2668
2667
2668
2668
2668
2669
2670
2667
2670
2674
2674
2670
2671
2675
2679
2680
2678
2680
2686
2686
2686
2687
2687
2688
2689
2686
2686
2692
2691
2691
2692
2691
2687
2688
2694
2694
2693
2693
2694
2694
2694
2694
2695
2695
2697
2700
2700
2701
2702
2706
2707
2710
2714
2716
2717
2719
2720
2717
2719
2721
2724
2725
2721
2721
2728
2727
2728
2730
2733
2734
2735
2737
2739
2740
2739
2741
2743
2744
2744
2747
2744
2746
2749
2753
2756
2757
2758
2755
2758
2765
2767
2765
2768
2771
2774
2776
2773
2776
2781
2785
2787
2787
2789
2796
2798
2800
2799
2801
2807
2810
2813
2813
2813
2816
2820
2825
2826
2828
2831
2833
2836
2837
2840
2842
2841
2844
2851
2854
2857
2861
2863
2864
2870
2876
2878
2879
2883
2889
2897
2898
2902
2905
2904
2907
2911
2917
2920
2918
2920
2928
2930
2934
2937
2940
2942
2948
2951
2954
2957
2962
2966
2969
2976
2981
2985
2989
2994
2998
2998
3002
3011
3014
3018
3021
3025
3028
3031
3031
3036
3046
3049
3049
3053
3058
3067
3071
3076
3079
3081
3086
3093
3101
3106
3111
3115
3119
3124
3130
3134
3139
3144
3150
3154
3158
3158
3163
3170
3180
3185
3185
3190
3201
3204
3209
3216
3222
3224
3230
3241
3246
3250
3257
3263
3268
3274
3280
3285
3292
3298
3304
3309
3315
3321
3329
3335
3340
3345
3348
3354
3366
3372
3376
3384
3389
3397
3402
3408
3415
3421
3427
3431
3439
3446
3454
3461
3464
3473
3484
3490
3495
3497
3504
3517
3522
3526
3532
3540
3552
3557
3563
3569
3569
3578
3588
3592
3596
3601
3604
3609
3615
3619
3624
3627
3632
3637
3643
3646
3654
3658
3664
3664
3673
3684
3688
3691
3698
3710
3715
3720
3722
3728
3741
3743
3747
3754
3761
3766
3772
3775
3780
3781
3788
3794
3803
3809
3814
3821
3826
3830
3838
3844
3850
3855
3860
3868
3875
3880
3886
3894
3899
3904
3909
3916
3921
3927
3933
3936
3944
3953
3960
3959
3965
3976
3983
3987
3992
3998
4003
4009
4012
4018
4025
4027
4033
4035
4041
4051
4055
4058
4063
4068
4068
4075
4086
4088
4089
4094
4099
4110
4112
4116
4120
4125
4129
4135
4133
4137
4148
4150
4156
4161
4164
4165
4171
4175
4179
4184
4186
4190
4196
4200
4203
4208
4206
4212
4223
4227
4229
4233
4237
4237
4241
4256
4258
4261
4262
4267
4278
4282
4283
4288
4294
4298
4303
4300
4307
4315
4318
4322
4325
4331
4334
4337
4340
4344
4345
4350
4350
4354
4356
4358
4361
4362
4366
4364
4366
4372
4380
4381
4380
4385
4395
4396
4398
4397
4398
4406
4405
4407
4403
4407
4407
4408
4407
4408
4403
4407
4414
4415
4417
4419
4421
4423
4427
4429
4430
4431
4431
4434
4441
4444
4448
4449
4453
4453
4455
4457
4460
4461
4463
4462
4463
4469
4476
4477
4477
4480
4489
4491
4492
4493
4497
4500
4502
4500
4503
4509
4513
4515
4519
4520
4523
4525
4527
4530
4531
4535
4538
4539
4542
4545
4544
4549
4546
4547
4556
4557
4551
4554
4560
4562
4565
4563
4563
4571
4571
4570
4568
4565
4565
4563
4566
4563
4554
4557
4556
4559
4558
4555
4551
4551
4549
4547
4545
4543
4541
4542
4541
4540
4540
4541
4540
4539
4541
4547
4550
4550
4553
4557
4553
4560
4567
4569
4565
4569
4574
4580
4584
4579
4585
4595
4597
4596
4599
4602
4612
4616
4621
4620
4623
4622
4621
4622
4620
4620
4619
4616
4615
4610
4610
4607
4606
4606
4603
4603
4601
4601
4601
4594
4599
4605
4605
4599
4601
4601
4608
4610
4609
4609
4608
4612
4609
4612
4609
4607
4608
4616
4616
4616
4616
4617
4612
4613
4620
4621
4620
4622
4623
4622
4623
4626
4625
4627
4628
4629
4626
4628
4629
4627
4630
4630
4630
4631
4630
4625
4627
4630
4631
4629
4629
4630
4628
4629
4625
4625
4634
4632
4630
4627
4628
4635
4634
4624
4623
4628
4626
4622
4620
4619
4610
4611
4613
4611
4612
4607
4606
4603
4603
4603
4601
4600
4599
4596
4591
4589
4594
4592
4586
4587
4587
4586
4586
4580
4581
4586
4585
4586
4584
4584
4580
4581
4588
4586
4584
4577
4580
4583
4582
4581
4577
4579
4579
4576
4576
4574
4573
4571
4563
4564
4562
4568
4566
4562
4563
4559
4559
4559
4555
4555
4553
4554
4553
4551
4545
4544
4543
4548
4544
4545
4542
4536
4534
4534
4536
4535
4530
4530
4525
4524
4520
4516
4514
4509
4506
4505
4499
4497
4495
4490
4484
4482
4488
4481
4472
4473
4469
4470
4467
4466
4463
4462
4462
4456
4452
4449
4456
4453
4452
4452
4449
4450
4447
4442
4441
4446
4444
4437
4438
4439
4442
4440
4438
4437
4435
4437
4435
4433
4434
4431
4430
4427
4426
4424
4420
4418
4411
4410
4412
4407
4403
4402
4398
4390
4385
4388
4384
4377
4375
4370
4368
4363
4360
4358
4349
4347
4350
4347
4344
4341
4341
4332
4332
4336
4334
4331
4330
4330
4327
4327
4324
4323
4321
4318
4319
4318
4318
4311
4313
4312
4311
4312
4301
4303
4305
4302
4295
4295
4294
4298
4297
4289
4288
4293
4289
4286
4286
4282
4278
4275
4279
4278
4273
4273
4270
4268
4265
4265
4263
4255
4256
4255
4259
4254
4255
4253
4248
4246
4243
4243
4239
4239
4237
4230
4229
4233
4234
4229
4230
4227
4226
4223
4221
4219
4214
4208
4205
4208
4205
4202
4198
4196
4192
4187
4181
4178
4184
4177
4171
4167
4168
4170
4166
4164
4161
4160
4158
4155
4152
4153
4148
4148
4139
4137
4136
4138
4132
4131
4127
4124
4122
4117
4115
4112
4109
4107
4102
4101
4098
4095
4093
4089
4088
4081
4079
4086
4081
4081
4076
4075
4068
4068
4074
4070
4064
4060
4060
4062
4061
4060
4057
4051
4050
4050
4054
4051
4049
4048
4041
4039
4040
4041
4040
4037
4036
4033
4031
4031
4028
4026
4026
4021
4021
4020
4013
4015
4013
4018
4017
4011
4011
4015
4014
4010
4008
4006
4000
4001
3997
3995
3991
3989
3988
3990
3990
3986
3984
3984
3980
3980
3978
3977
3975
3973
3971
3966
3965
3959
3957
3963
3958
3957
3955
3953
3951
3946
3946
3942
3935
3934
3939
3934
3933
3930
3927
3918
3917
3922
3918
3917
3916
3913
3908
3906
3910
3905
3900
3898
3895
3899
3898
3893
3891
3887
3885
3884
3880
3879
3875
3874
3872
3870
3869
3864
3865
3855
3857
3858
3857
3854
3854
3854
3845
3847
3850
3848
3843
3842
3840
3839
3838
3829
3830
3832
3830
3828
3825
3824
3822
3820
3818
3816
3815
3813
3809
3804
3802
3806
3803
3793
3794
3791
3795
3791
3791
3788
3784
3785
3780
3779
3777
3770
3770
3773
3769
3769
3766
3765
3763
3761
3756
3757
3759
3758
3754
3753
3752
3750
3748
3742
3741
3743
3745
3741
3741
3738
3737
3738
3732
3731
3730
3721
3722
3725
3720
3714
3713
3710
3713
3708
3707
3704
3700
3699
3696
3692
3691
3692
3688
3687
3684
3677
3675
3676
3675
3674
3668
3667
3672
3668
3664
3664
3660
3659
3654
3653
3652
3647
3648
3646
3644
3646
3642
3642
3634
3635
3632
3636
3635
3631
3630
3624
3623
3623
3626
3622
3623
3623
3620
3620
3618
3611
3611
3616
3615
3608
3610
3612
3611
3610
3603
3602
3605
3601
3599
3597
3597
3593
3591
3590
3589
3586
3585
3584
3581
3581
3580
3576
3575
3573
3573
3569
3567
3563
3561
3564
3563
3561
3558
3559
3553
3552
3556
3555
3552
3553
3551
3549
3549
3544
3542
3548
3546
3542
3542
3541
3540
3539
3539
3537
3533
3534
3532
3528
3527
3520
3518
3524
3520
3516
3513
3510
3515
3512
3512
3509
3507
3506
3505
3499
3499
3505
3503
3496
3497
3498
3503
3499
3498
3498
3494
3491
3490
3489
3486
3484
3484
3479
3477
3479
3478
3477
3475
3472
3469
3469
3465
3462
3462
3457
3454
3458
3457
3456
3450
3450
3450
3447
3447
3446
3438
3440
3444
3440
3440
3439
3436
3434
3434
3430
3430
3427
3427
3425
3422
3422
3416
3415
3416
3419
3416
3410
3409
3415
3412
3405
3404
3404
3407
3407
3403
3403
3400
3399
3395
3396
3395
3392
3394
3385
3389
3388
3390
3389
3381
3383
3385
3384
3380
3379
3378
3372
3372
3374
3373
3371
3370
3370
3367
3366
3364
3364
3362
3361
3362
3359
3359
3353
3356
3361
3359
3355
3355
3352
3355
3354
3351
3351
3343
3344
3343
3345
3345
3342
3341
3341
3338
3339
3337
3335
3335
3333
3332
3332
3325
3324
3323
3327
3325
3324
3323
3322
3320
3319
3313
3314
3317
3318
3315
3315
3312
3313
3310
3310
3305
3306
3303
3303
3302
3299
3294
3294
3298
3296
3291
3292
3291
3296
3293
3292
3291
3288
3289
3285
3283
3282
3284
3283
3275
3277
3280
3278
3280
3271
3272
3275
3272
3273
3273
3272
3273
3270
3268
3265
3267
3265
3264
3263
3262
3257
3256
3261
3260
3258
3255
3254
3254
3253
3251
3249
3249
3248
3246
3246
3245
3243
3243
3237
3238
3238
3239
3240
3234
3236
3238
3237
3232
3232
3231
3234
3232
3230
3227
3225
3226
3225
3225
3224
3216
3216
3222
3220
3218
3216
3215
3213
3213
3211
3212
3212
3210
3208
3206
3206
3205
3205
3198
3200
3199
3200
3199
3192
3194
3198
3197
3192
3188
3187
3191
3192
3184
3184
3186
3185
3184
3184
3182
3178
3177
3181
3180
3179
3177
3174
3174
3173
3173
3172
3170
3169
3169
3168
3167
3162
3162
3164
3166
3165
3163
3162
3161
3162
3161
3160
3159
3153
3153
3159
3156
3150
3149
3148
3150
3147
3147
3146
3145
3145
3140
3135
3136
3141
3139
3139
3139
3138
3137
3137
3136
3137
3136
3138
3136
3135
3134
3132
3132
3131
3131
3127
3127
3132
3132
3131
3131
3130
3126
3127
3133
3130
3127
3125
3123
3123
3122
3121
3121
3119
3114
3113
3119
3119
3113
3113
3115
3113
3112
3111
3110
3109
3106
3105
3104
3103
3102
3100
3096
3095
3100
3099
3096
3092
3091
3095
3095
3088
3090
3092
3092
3089
3089
3087
3084
3084
3088
3088
3089
3086
3085
3091
3090
3084
3085
3087
3087
3086
3085
3084
3082
3082
3080
3080
3078
3076
3076
3076
3075
3074
3074
3072
3071
3069
3064
3065
3070
3068
3067
3066
3064
3058
3058
3063
3061
3062
3060
3061
3060
3059
3052
3051
3057
3055
3054
3053
3052
3045
3046
3049
3047
3045
3042
3042
3044
3043
3042
3043
3042
3042
3041
3040
3038
3037
3038
3037
3037
3037
3036
3035
3034
3033
3033
3033
3031
3032
3033
3033
3033
3028
3027
3031
3030
3029
3024
3025
3029
3026
3020
3022
3020
3026
3024
3018
3021
3027
3027
3026
3026
3026
3024
3024
3023
3023
3022
3022
3019
3020
3018
3018
3015
3010
3012
3008
3013
3011
3011
3011
3005
3005
3005
3007
3006
3004
3004
3004
3003
2998
2998
2997
3001
2999
2999
2998
2998
2997
2997
2991
2991
2995
2995
2994
2992
2992
2990
2991
2990
2988
2988
2988
2987
2986
2984
2983
2986
2985
2985
2980
2981
2981
2988
2989
2985
2985
2990
2987
2988
2987
2987
2982
2982
2988
2987
2983
2982
2982
2986
2986
2984
2983
2982
2981
2981
2981
2980
2981
2981
2981
2980
2979
2977
2977
2977
2972
2972
2972
2970
2969
2968
2963
2963
2968
2965
2959
2960
2960
2963
2961
2956
2956
2961
2960
2957
2954
2953
2957
2954
2955
2953
2953
2953
2952
2947
2948
2950
2949
2948
2948
2947
2946
2946
2945
2945
2943
2943
2942
2942
2942
2937
2937
2942
2940
2940
2940
2938
2938
2938
2936
2937
2937
2936
2936
2931
2932
2936
2936
2936
2937
2938
2938
2937
2935
2937
2940
2941
2940
2939
2939
2934
2934
2937
2935
2932
2932
2932
2933
2934
2931
2932
2938
2937
2937
2937
2936
2935
2935
2933
2934
2934
2934
2933
2931
2930
2929
2927
2922
2924
2923
2927
2926
2920
2919
2923
2921
2918
2914
2913
2917
2916
2916
2915
2915
2913
2914
2912
2912
2912
2910
2904
2905
2906
2910
2907
2907
2909
2906
2905
2904
2900
2902
2907
2905
2903
2906
2906
2907
2907
2909
2909
2904
2907
2910
2910
2908
2909
2909
2906
2906
2910
2908
2907
2908
2907
2908
2908
2908
2908
2904
2903
2902
2905
2903
2897
2898
2901
2899
2897
2897
2896
2895
2894
2894
2893
2893
2892
2892
2892
2891
2887
2888
2893
2891
2890
2884
2885
2888
2886
2886
2884
2883
2882
2882
2881
2881
2881
2881
2879
2876
2876
2880
2879
2874
2875
2879
2878
2877
2876
2875
2871
2871
2876
2874
2874
2875
2874
2873
2871
2871
2870
2868
2865
2866
2870
2870
2869
2868
2864
2864
2864
2868
2869
2866
2868
2867
2867
2868
2862
2863
2866
2866
2865
2865
2865
2864
2865
2864
2863
2859
2861
2865
2864
2864
2863
2862
2862
2862
2861
2860
2860
2861
2860
2860
2860
2861
2861
2860
2858
2858
2862
2861
2857
2856
2860
2859
2859
2857
2856
2850
2851
2856
2854
2853
2852
2850
2850
2850
2848
2849
2850
2847
2847
2845
2844
2844
2844
2845
2845
2843
2841
2842
2846
2846
2848
2847
2846
2843
2843
2847
2846
2840
2840
2840
2844
2842
2841
2841
2835
2836
2840
2839
2839
2839
2837
2836
2836
2836
2835
2835
2836
2837
2837
2838
2838
2838
2839
2838
2838
2835
2836
2841
2839
2840
2838
2838
2834
2834
2838
2835
2830
2831
2830
2831
2830
2829
2828
2823
2824
2825
2828
2826
2826
2826
2825
2824
2823
2824
2822
2821
2820
2820
2820
2814
2816
2816
2819
2818
2814
2814
2819
2818
2817
2817
2817
2816
2816
2816
2817
2817
2816
2817
2815
2817
2817
2816
2818
2818
2819
2816
2817
2822
2821
2822
2819
2819
2818
2818
2813
2814
2818
2817
2812
2811
2812
2816
2814
2814
2812
2812
2811
2811
2806
2807
2812
2810
2809
2808
2808
2807
2808
2803
2802
2809
2808
2808
2807
2808
2804
2803
2809
2807
2807
2806
2805
2805
2804
2804
2803
2802
2802
2801
2801
2801
2800
2800
2798
2797
2794
2793
2794
2796
2798
2793
2795
2800
2799
2800
2796
2798
2804
2802
2803
2802
2802
2802
2801
2796
2796
2801
2799
2798
2799
2799
2797
2796
2796
2795
2791
2791
2791
2794
2793
2793
2791
2789
2788
2789
2787
2786
2786
2786
2786
2786
2783
2785
2787
2792
2791
2791
2791
2785
2786
2785
2789
2788
2784
2785
2791
2790
2789
2787
2787
2791
2792
2791
2791
2786
2786
2785
2789
2788
2786
2784
2782
2781
2780
2780
2779
2778
2778
2773
2774
2775
2778
2779
2779
2777
2776
2776
2771
2769
2772
2775
2775
2776
2774
2769
2771
2772
2775
2776
2774
2775
2775
2776
2775
2775
2775
2774
2774
2775
2776
2776
2777
2778
2775
2778
2782
2782
2783
2781
2785
2786
2787
2786
2786
2781
2783
2784
2788
2785
2785
2784
2784
2784
2780
2779
2780
2782
2780
2780
2779
2779
2779
2776
2772
2771
2776
2774
2768
2769
2770
2772
2770
2770
2770
2769
2769
2769
2769
2769
2771
2770
2769
2769
2765
2767
2766
2770
2769
2766
2766
2767
2766
2765
2763
2764
2769
2770
2769
2768
2767
2767
2768
2768
2769
2765
2766
2772
2770
2771
2771
2772
2768
2770
2775
2775
2775
2777
2778
2780
2782
2782
2783
2780
2781
2782
2784
2784
2778
2776
2780
2778
2778
2772
2772
2775
2772
2771
2769
2768
2767
2765
2765
2765
2762
2762
2763
2764
2764
2765
2765
2766
2765
2763
2764
2764
2765
2765
2763
2762
2759
2760
2760
2763
2762
2757
2758
2763
2760
2760
2761
2762
2762
2760
2756
2757
2761
2758
2756
2755
2754
2755
2754
2749
2749
2751
2754
2752
2748
2749
2753
2751
2750
2749
2748
2748
2747
2746
2746
2745
2745
2744
2744
2742
2742
2741
2741
2740
2737
2739
2738
2737
2737
2732
2734
2737
2737
2736
2736
2737
2738
2737
2732
2733
2733
2738
2738
2739
2738
2735
2737
2739
2742
2741
2737
2737
2742
2741
2737
2737
2736
2740
2738
2737
2736
2736
2736
2736
2734
2734
2733
2733
2730
2731
2733
2735
2734
2735
2734
2734
2736
2735
2735
2735
2734
2733
2734
2733
2735
2734
2735
2734
2734
2735
2734
2734
2733
2732
2729
2730
2733
2732
2729
2728
2723
2724
2725
2729
2727
2729
2729
2728
2729
2729
2725
2726
2730
2728
2723
2725
2725
2731
2731
2731
2730
2726
2727
2730
2732
2732
2733
2732
2733
2732
2733
2732
2732
2729
2727
2733
2732
2731
2730
2730
2730
2730
2731
2729
2730
2730
2731
2732
2731
2727
2729
2733
2732
2727
2727
2727
2730
2730
2724
2724
2728
2726
2725
2724
2724
2722
2722
2722
2722
2719
2718
2719
2722
2721
2720
2720
2715
2717
2718
2721
2720
2720
2721
2719
2719
2721
2721
2721
2718
2719
2724
2723
2723
2723
2722
2723
2722
2718
2719
2725
2723
2723
2720
2720
2724
2723
2723
2723
2722
2723
2721
2722
2722
2721
2719
2714
2714
2713
2717
2716
2715
2715
2713
2713
2713
2713
2714
2709
2710
2715
2714
2714
2714
2713
2714
2715
2715
2714
2713
2713
2713
2708
2708
2713
2712
2707
2708
2708
2713
2711
2712
2711
2710
2709
2709
2709
2708
2708
2707
2706
2706
2705
2704
2704
2705
2704
2704
2703
2697
2698
2698
2702
2702
2698
2699
2704
2704
2704
2705
2705
2702
2704
2709
2708
2707
2706
2707
2702
2702
2706
2707
2706
2705
2705
2706
2706
2706
2706
2705
2705
2707
2705
2703
2704
2704
2703
2704
2700
2699
2699
2701
2702
2696
2697
2701
2701
2700
2696
2696
2699
2698
2692
2693
2696
2699
2700
2700
2700
2700
2701
2701
2701
2702
2700
2701
2702
2702
2697
2700
2701
2705
2705
2705
2707
2707
2707
2707
2704
2704
2707
2706
2704
2705
2699
2699
2699
2703
2702
2701
2700
2700
2699
2697
2696
2696
2696
2696
2695
2695
2694
2692
2694
2698
2696
2692
2693
2696
2695
2694
2693
2693
2693
2691
2691
2689
2690
2689
2689
2684
2685
2689
2686
2686
2685
2684
2684
2684
2679
2680
2684
2682
2682
2682
2681
2680
2681
2681
2681
2680
2678
2677
2683
2683
2682
2682
2681
2682
2682
2681
2681
2676
2676
2680
2682
2682
2683
2684
2680
2681
2686
2686
2686
2686
2687
2687
2687
2683
2685
2686
2689
2688
2688
2687
2686
2687
2686
2685
2684
2685
2684
2683
2682
2676
2677
2677
2680
2680
2681
2682
2683
2684
2684
2686
2688
2688
2689
2684
2685
2690
2689
2688
2684
2684
2688
2687
2686
2686
2685
2685
2684
2680
2682
2687
2687
2688
2688
2689
2688
2689
2689
2690
2685
2684
2684
2687
2686
2685
2684
2680
2680
2680
2682
2682
2681
2680
2676
2676
2678
2680
2679
2676
2675
2680
2678
2677
2676
2676
2676
2677
2675
2674
2674
2675
2676
2677
2676
2677
2677
2676
2676
2676
2675
2675
2675
2675
2671
2672
2675
2675
2676
2675
2673
2674
2674
2674
2674
2675
2672
2672
2677
2676
2672
2674
2675
2678
2677
2672
2672
2677
2675
2673
2672
2671
2672
2671
2667
2669
2674
2671
2671
2672
2671
2671
2671
2671
2670
2670
2670
2670
2670
2669
2669
2668
2669
2667
2666
2664
2661
2665
2665
2664
2664
2663
2662
2663
2662
2661
2662
2662
2662
2662
2662
2662
2661
2656
2657
2661
2665
2665
2663
2664
2669
2669
2669
2668
2667
2668
2668
2665
2666
2671
2671
2670
2669
2670
2666
2667
2673
2674
2673
2675
2677
2683
2685
2684
2689
2697
2700
2705
2706
2711
2716
2720
2724
2729
2732
2734
2740
2749
2753
2757
2762
2766
2770
2775
2779
2785
2784
2790
2799
2801
2805
2809
2813
2818
2820
2820
2824
2828
2833
2835
2837
2839
2841
2842
2843
2844
2844
