2832
2832
2831
2832
2826
2827
2831
2829
2826
2825
2825
2822
2821
2821
2817
2816
2814
2811
2805
2804
2806
2802
2800
2797
2795
2790
2789
2792
2790
2782
2781
2780
2781
2778
2777
2774
2772
2769
2767
2764
2763
2761
2759
2756
2753
2757
2755
2752
2750
2747
2745
2744
2742
2740
2738
2733
2732
2735
2734
2731
2730
2727
2727
2725
2723
2723
2718
2717
2721
2719
2717
2712
2712
2716
2715
2710
2709
2707
2710
2707
2707
2706
2706
2705
2702
2700
2699
2703
2701
2700
2699
2697
2695
2695
2694
2694
2692
2690
2690
2688
2687
2688
2687
2686
2685
2684
2683
2682
2682
2681
2681
2682
2677
2676
2681
2679
2679
2679
2677
2676
2676
2675
2675
2675
2671
2672
2677
2676
2672
2673
2676
2677
2676
2675
2675
2676
2677
2673
2674
2675
2678
2678
2673
2674
2679
2679
2678
2676
2675
2676
2676
2675
2674
2673
2673
2674
2673
2672
2664
2665
2670
2669
2669
2663
2663
2668
2667
2666
2666
2664
2664
2663
2662
2661
2661
2661
2660
2660
2660
2660
2660
2657
2656
2661
2660
2658
2654
2655
2661
2660
2659
2659
2660
2661
2661
2657
2657
2661
2660
2660
2661
2660
2660
2663
2658
2658
2663
2663
2662
2663
2663
2663
2664
2664
2666
2667
2667
2667
2665
2665
2665
2665
2663
2660
2659
2663
2662
2661
2661
2655
2654
2654
2658
2658
2654
2655
2659
2658
2656
2655
2655
2655
2656
2653
2653
2657
2659
2658
2658
2657
2657
2658
2658
2656
2657
2655
2656
2656
2656
2654
2655
2653
2654
2654
2650
2651
2655
2653
2651
2648
2649
2653
2652
2652
2653
2650
2651
2650
2654
2654
2654
2654
2650
2650
2651
2653
2652
2650
2650
2650
2649
2647
2646
2647
2646
2646
2646
2645
2646
2645
2647
2647
2649
2645
2647
2653
2652
2653
2653
2652
2651
2652
2647
2649
2650
2652
2651
2645
2645
2651
2650
2645
2645
2646
2649
2649
2648
2648
2647
2647
2647
2647
2646
2643
2644
2650
2649
2649
2648
2649
2649
2649
2644
2645
2649
2650
2647
2647
2646
2646
2647
2648
2646
2647
2646
2645
2648
2647
2649
2649
2649
2650
2651
2648
2649
2656
2657
2654
2656
2658
2663
2664
2660
2660
2665
2664
2664
2665
2665
2665
2664
2664
2665
2665
2664
2663
2660
2661
2667
2664
2665
2665
2666
2663
2664
2669
2668
2668
2669
2671
2672
2673
2670
2672
2677
2676
2678
2678
2679
2680
2681
2682
2681
2682
2683
2684
2686
2686
2688
2688
2689
2689
2690
2687
2689
2695
2697
2692
2695
2698
2702
2702
2699
2702
2709
2708
2708
2710
2711
2713
2714
2712
2715
2721
2721
2723
2723
2725
2723
2726
2733
2734
2733
2733
2736
2743
2745
2742
2745
2751
2752
2754
2756
2757
2759
2762
2765
2766
2767
2766
2767
2774
2775
2776
2779
2781
2781
2784
2788
2790
2792
2796
2795
2796
2800
2806
2809
2806
2811
2818
2820
2821
2823
2826
2828
2831
2834
2837
2839
2841
2845
2849
2851
2850
2855
2863
2864
2868
2870
2873
2877
2880
2878
2883
2887
2894
2897
2900
2902
2906
2911
2912
2914
2919
2928
2931
2928
2934
2942
2945
2949
2949
2953
2961
2963
2962
2968
2972
2980
2982
2982
2987
2995
2998
3003
3006
3010
3015
3019
3023
3028
3032
3036
3041
3045
3050
3055
3061
3065
3069
3074
3074
3080
3088
3093
3093
3098
3104
3111
3115
3119
3125
3129
3134
3140
3144
3148
3151
3157
3167
3171
3169
3175
3181
3191
3194
3200
3204
3208
3212
3219
3223
3228
3230
3236
3234
3242
3252
3256
3260
3263
3269
3278
3281
3281
3288
3295
3305
3308
3314
3320
3325
3330
3337
3340
3347
3354
3358
3363
3369
3375
3381
3386
3391
3398
3399
3405
3416
3423
3426
3430
3437
3447
3452
3459
3463
3468
3476
3481
3487
3493
3495
3502
3515
3521
3525
3531
3539
3538
3545
3558
3562
3569
3572
3580
3584
3590
3593
3599
3607
3616
3622
3621
3628
3639
3643
3645
3649
3654
3665
3669
3674
3679
3685
3690
3695
3703
3707
3713
3720
3719
3727
3733
3740
3746
3752
3756
3761
3766
3770
3775
3782
3787
3793
3793
3799
3812
3815
3823
3826
3833
3838
3844
3842
3850
3858
3864
3871
3871
3878
3888
3891
3896
3901
3907
3909
3915
3920
3926
3925
3933
3939
3949
3955
3958
3963
3971
3975
3981
3986
3991
3996
4000
4006
4011
4015
4021
4026
4026
4034
4041
4046
4051
4055
4061
4061
4065
4077
4079
4080
4087
4092
4099
4105
4105
4113
4117
4121
4129
4132
4137
4137
4142
4152
4153
4156
4162
4165
4165
4171
4180
4186
4190
4191
4194
4197
4202
4212
4216
4213
4221
4233
4235
4241
4246
4248
4248
4255
4264
4266
4271
4274
4278
4284
4283
4291
4293
4296
4301
4304
4305
4310
4318
4322
4323
4325
4329
4331
4335
4339
4340
4343
4347
4348
4354
4355
4354
4359
4367
4369
4370
4371
4374
4381
4387
4387
4390
4395
4395
4399
4403
4405
4402
4407
4417
4419
4422
4424
4429
4428
4431
4441
4443
4442
4440
4443
4451
4451
4447
4451
4456
4456
4458
4458
4458
4459
4463
4463
4465
4466
4467
4468
4473
4474
4475
4477
4481
4481
4485
4487
4490
4492
4494
4491
4493
4497
4505
4506
4503
4507
4517
4516
4517
4516
4520
4526
4527
4525
4528
4531
4535
4539
4538
4541
4546
4546
4545
4549
4550
4551
4553
4555
4555
4548
4551
4554
4560
4556
4558
4561
4555
4557
4560
4561
4562
4564
4566
4567
4567
4562
4566
4567
4572
4570
4572
4574
4568
4570
4572
4578
4578
4571
4574
4583
4582
4582
4583
4586
4588
4587
4582
4586
4594
4595
4594
4594
4593
4595
4599
4600
4599
4600
4595
4595
4604
4604
4604
4604
4602
4600
4603
4609
4609
4609
4609
4609
4610
4609
4609
4608
4609
4609
4607
4606
4607
4608
4608
4606
4608
4608
4607
4605
4606
4608
4603
4604
4611
4611
4606
4608
4607
4613
4613
4613
4611
4610
4612
4616
4608
4608
4614
4613
4607
4609
4612
4613
4610
4606
4607
4612
4610
4599
4602
4601
4604
4600
4602
4599
4597
4594
4595
4596
4594
4587
4588
4594
4594
4593
4589
4587
4582
4583
4587
4582
4581
4580
4581
4577
4575
4579
4576
4575
4573
4574
4572
4570
4569
4570
4570
4567
4568
4567
4563
4563
4565
4565
4563
4561
4558
4558
4553
4552
4558
4554
4552
4553
4554
4549
4551
4553
4551
4548
4547
4547
4546
4543
4541
4540
4535
4535
4538
4536
4534
4533
4531
4522
4521
4528
4525
4523
4521
4518
4516
4515
4513
4510
4505
4500
4501
4506
4505
4502
4500
4499
4497
4496
4496
4493
4489
4490
4488
4485
4481
4484
4479
4478
4477
4469
4469
4470
4470
4467
4467
4466
4457
4456
4462
4460
4459
4454
4449
4456
4454
4446
4447
4445
4451
4448
4439
4439
4446
4443
4441
4437
4436
4432
4432
4432
4430
4422
4422
4419
4424
4425
4422
4419
4410
4411
4410
4415
4412
4411
4408
4409
4408
4403
4399
4399
4403
4402
4400
4397
4395
4393
4392
4390
4390
4388
4386
4383
4382
4380
4379
4375
4374
4374
4370
4370
4368
4366
4365
4360
4357
4360
4357
4355
4352
4351
4344
4343
4346
4344
4336
4333
4332
4335
4333
4324
4323
4327
4326
4320
4320
4318
4309
4308
4313
4309
4302
4301
4298
4304
4300
4298
4297
4295
4291
4289
4288
4282
4283
4278
4277
4275
4274
4270
4269
4262
4259
4262
4260
4256
4255
4253
4245
4241
4247
4245
4239
4239
4238
4235
4232
4233
4228
4229
4227
4223
4222
4219
4216
4215
4205
4204
4210
4207
4204
4202
4202
4199
4196
4191
4194
4192
4189
4191
4184
4180
4186
4184
4176
4172
4170
4173
4171
4161
4157
4162
4160
4155
4147
4145
4150
4147
4143
4139
4139
4133
4129
4132
4132
4122
4121
4123
4125
4120
4120
4116
4115
4115
4113
4107
4107
4106
4101
4098
4097
4100
4098
4096
4092
4091
4090
4089
4086
4087
4087
4084
4084
4083
4078
4078
4074
4071
4069
4065
4063
4057
4049
4048
4052
4047
4046
4041
4039
4037
4034
4031
4032
4027
4023
4023
4020
4019
4017
4016
4009
4007
4006
4011
4007
4006
4001
3996
3994
3991
3994
3989
3983
3982
3984
3981
3976
3971
3970
3969
3965
3964
3961
3953
3953
3949
3952
3950
3948
3947
3945
3943
3940
3938
3934
3932
3932
3931
3927
3925
3919
3919
3920
3917
3916
3913
3912
3910
3905
3907
3905
3905
3902
3902
3901
3900
3893
3891
3894
3889
3880
3880
3878
3881
3874
3872
3869
3864
3863
3858
3858
3854
3852
3850
3845
3843
3840
3839
3839
3831
3829
3832
3829
3825
3824
3822
3819
3818
3814
3813
3810
3809
3807
3806
3804
3802
3802
3797
3798
3796
3793
3793
3785
3786
3789
3787
3781
3779
3782
3784
3779
3780
3775
3769
3767
3771
3770
3766
3767
3763
3756
3755
3758
3755
3751
3749
3748
3745
3745
3743
3743
3737
3734
3733
3735
3735
3731
3728
3727
3724
3723
3720
3719
3716
3716
3712
3713
3711
3709
3708
3705
3705
3703
3700
3699
3699
3696
3695
3696
3687
3688
3692
3687
3687
3678
3676
3683
3677
3671
3669
3669
3671
3670
3662
3662
3667
3663
3659
3654
3656
3657
3656
3653
3652
3649
3649
3645
3642
3642
3638
3636
3634
3633
3630
3629
3627
3626
3625
3620
3618
3622
3619
3618
3609
3609
3613
3611
3606
3605
3601
3600
3597
3594
3592
3585
3584
3583
3587
3583
3577
3575
3579
3577
3575
3572
3570
3567
3566
3563
3562
3560
3559
3558
3554
3554
3552
3550
3545
3542
3544
3544
3544
3540
3539
3532
3532
3534
3535
3533
3530
3531
3528
3526
3527
3526
3524
3523
3521
3520
3519
3511
3513
3510
3515
3512
3511
3509
3507
3507
3502
3502
3502
3493
3492
3498
3495
3495
3492
3492
3484
3485
3488
3485
3486
3483
3483
3483
3480
3476
3473
3480
3478
3472
3469
3468
3472
3470
3467
3467
3465
3463
3464
3461
3460
3459
3458
3458
3458
3459
3453
3456
3458
3454
3454
3451
3451
3451
3447
3443
3441
3445
3441
3438
3436
3434
3429
3429
3426
3425
3423
3420
3416
3410
3410
3412
3411
3407
3406
3403
3399
3398
3402
3398
3396
3395
3387
3386
3385
3387
3385
3384
3381
3381
3381
3378
3377
3378
3372
3373
3379
3377
3376
3375
3373
3367
3368
3371
3368
3369
3366
3365
3363
3361
3359
3358
3357
3353
3355
3348
3347
3353
3349
3349
3347
3344
3342
3343
3340
3340
3335
3334
3338
3336
3335
3333
3333
3328
3329
3332
3331
3332
3324
3325
3329
3327
3319
3317
3318
3317
3315
3313
3310
3307
3307
3306
3302
3300
3300
3299
3296
3294
3294
3294
3292
3290
3289
3288
3285
3284
3284
3282
3276
3277
3280
3278
3279
3279
3271
3269
3270
3275
3271
3270
3270
3269
3267
3267
3267
3264
3258
3259
3263
3261
3258
3255
3254
3259
3257
3251
3249
3254
3255
3252
3251
3250
3248
3245
3245
3244
3242
3239
3238
3236
3237
3237
3236
3231
3230
3230
3233
3231
3231
3230
3230
3228
3229
3228
3228
3226
3225
3223
3222
3223
3221
3219
3214
3215
3219
3217
3216
3217
3218
3216
3216
3210
3211
3215
3212
3209
3205
3203
3203
3202
3201
3201
3199
3192
3192
3197
3194
3193
3190
3190
3191
3191
3190
3188
3189
3187
3185
3183
3181
3179
3180
3175
3174
3179
3177
3177
3170
3169
3174
3170
3165
3165
3167
3168
3166
3166
3164
3163
3160
3161
3159
3159
3158
3157
3152
3152
3157
3156
3155
3148
3148
3153
3150
3150
3148
3147
3146
3145
3145
3143
3137
3140
3145
3143
3142
3141
3141
3140
3140
3138
3136
3136
3136
3135
3133
3131
3130
3130
3128
3128
3129
3127
3126
3121
3122
3127
3125
3124
3121
3120
3123
3122
3116
3116
3115
3119
3118
3116
3115
3109
3108
3110
3111
3112
3113
3113
3110
3108
3108
3107
3107
3107
3106
3106
3104
3105
3106
3102
3102
3102
3100
3100
3096
3096
3097
3097
3096
3096
3095
3094
3092
3086
3087
3088
3092
3089
3084
3084
3090
3087
3085
3080
3079
3083
3080
3080
3076
3074
3073
3073
3066
3067
3071
3070
3068
3066
3065
3064
3064
3063
3064
3058
3061
3060
3064
3062
3061
3060
3061
3062
3061
3062
3062
3060
3060
3060
3061
3060
3058
3057
3050
3050
3055
3053
3045
3044
3045
3050
3048
3050
3048
3043
3044
3048
3047
3046
3045
3044
3044
3041
3039
3038
3037
3034
3032
3035
3034
3027
3028
3027
3030
3028
3029
3027
3027
3028
3025
3025
3025
3025
3025
3024
3023
3022
3022
3022
3017
3017
3020
3020
3020
3018
3017
3015
3014
3013
3012
3010
3009
3009
3008
3008
3004
3002
3008
3008
3001
3000
3001
3005
3004
3005
3004
3003
3003
3003
3000
3002
3006
3005
3000
3000
3004
3005
3005
3003
3002
3001
2999
2997
2998
2998
2997
2996
2995
2995
2992
2994
2994
2993
2992
2987
2986
2992
2991
2986
2983
2981
2986
2984
2979
2977
2981
2980
2979
2978
2978
2972
2973
2979
2977
2975
2975
2974
2974
2976
2975
2975
2973
2972
2971
2971
2972
2970
2968
2967
2964
2964
2965
2966
2964
2964
2958
2959
2960
2963
2963
2958
2960
2965
2963
2959
2956
2957
2961
2959
2958
2957
2956
2958
2956
2954
2955
2960
2960
2959
2959
2957
2953
2952
2956
2956
2953
2952
2951
2951
2950
2950
2949
2948
2948
2943
2944
2944
2948
2947
2946
2945
2942
2943
2944
2949
2948
2947
2946
2944
2945
2943
2943
2942
2941
2942
2935
2935
2940
2938
2938
2936
2934
2932
2931
2924
2926
2925
2928
2926
2925
2923
2922
2922
2919
2916
2917
2922
2919
2914
2915
2919
2918
2919
2919
2918
2919
2921
2921
2919
2919
2914
2913
2916
2916
2914
2915
2914
2914
2914
2913
2912
2910
2909
2907
2906
2905
2900
2901
2903
2905
2906
2905
2906
2901
2901
2903
2902
2902
2902
2901
2901
2901
2896
2895
2900
2897
2896
2895
2894
2893
2892
2893
2891
2892
2893
2893
2892
2892
2892
2891
2887
2889
2891
2894
2893
2893
2891
2892
2891
2891
2890
2890
2890
2889
2883
2885
2891
2890
2890
2889
2888
2893
2892
2887
2887
2889
2892
2889
2890
2889
2887
2886
2885
2885
2883
2881
2880
2879
2879
2879
2878
2877
2877
2877
2871
2874
2880
2879
2878
2878
2878
2876
2876
2871
2872
2875
2874
2873
2869
2871
2874
2875
2872
2871
2872
2875
2874
2869
2870
2874
2873
2873
2872
2872
2871
2872
2872
2872
2868
2869
2870
2875
2874
2873
2874
2874
2872
2872
2871
2872
2872
2872
2867
2869
2870
2872
2870
2870
2868
2867
2867
2865
2865
2865
2859
2859
2862
2860
2860
2859
2858
2856
2855
2851
2852
2857
2855
2854
2852
2852
2851
2851
2850
2849
2849
2848
2848
2845
2845
2845
2848
2849
2848
2849
2846
2847
2850
2850
2844
2844
2846
2846
2844
2840
2839
2842
2840
2835
2836
2836
2839
2839
2833
2835
2840
2839
2839
2837
2838
2837
2836
2836
2836
2835
2836
2835
2834
2833
2833
2833
2832
2833
2832
2828
2829
2832
2832
2827
2828
2828
2834
2833
2834
2835
2833
2834
2835
2834
2834
2833
2834
2830
2831
2835
2835
2832
2829
2828
2831
2829
2828
2827
2828
2828
2828
2829
2830
2829
2831
2831
2832
2832
2828
2828
2831
2830
2831
2831
2832
2832
2833
2833
2832
2833
2833
2831
2826
2824
2829
2826
2824
2824
2822
2819
2819
2823
2821
2820
2819
2819
2818
2817
2815
2815
2813
2813
2808
2808
2809
2815
2815
2811
2811
2815
2815
2815
2813
2813
2809
2808
2811
2810
2810
2807
2806
2805
2804
2799
2801
2806
2805
2806
2804
2804
2803
2803
2801
2802
2801
2801
2801
2799
2800
2798
2799
2793
2790
2794
2796
2796
2796
2794
2789
2791
2792
2797
2796
2795
2796
2792
2792
2795
2796
2796
2791
2791
2795
2795
2793
2794
2793
2793
2793
2794
2794
2788
2789
2789
2793
2791
2791
2790
2789
2788
2789
2787
2785
2785
2785
2784
2784
2780
2780
2780
2783
2783
2782
2781
2781
2781
2781
2777
2777
2781
2782
2775
2777
2780
2782
2782
2781
2781
2781
2781
2780
2780
2778
2778
2776
2771
2772
2777
2777
2775
2775
2774
2774
2775
2775
2776
2774
2774
2775
2780
2780
2775
2777
2781
2782
2781
2780
2780
2780
2779
2778
2777
2777
2776
2775
2775
2774
2774
2773
2771
2771
2772
2771
2771
2767
2768
2773
2772
2772
2772
2772
2768
2768
2774
2772
2771
2766
2768
2771
2770
2765
2765
2768
2768
2768
2767
2766
2766
2765
2765
2764
2764
2764
2763
2763
2762
2763
2762
2761
2760
2760
2756
2757
2763
2762
2763
2762
2763
2763
2763
2763
2763
2764
2763
2761
2761
2760
2755
2757
2760
2760
2759
2756
2756
2760
2759
2755
2756
2759
2761
2759
2755
2754
2758
2757
2752
2752
2751
2755
2755
2754
2754
2755
2753
2753
2753
2753
2754
2754
2754
2754
2753
2754
2754
2753
2754
2749
2750
2754
2755
2753
2752
2752
2748
2750
2754
2754
2753
2753
2754
2754
2754
2754
2755
2756
2756
2755
2753
2754
2753
2751
2748
2749
2750
2755
2755
2754
2753
2753
2753
2753
2748
2750
2753
2753
2749
2749
2752
2755
2754
2753
2752
2751
2749
2749
2748
2748
2749
2749
2745
2746
2752
2750
2749
2750
2750
2749
2750
2751
2750
2747
2745
2745
2748
2749
2748
2747
2746
2745
2744
2740
2741
2746
2745
2745
2745
2744
2739
2739
2743
2741
2741
2740
2737
2736
2735
2740
2738
2734
2735
2740
2739
2740
2739
2740
2739
2738
2737
2736
2736
2735
2735
2736
2735
2731
2732
2735
2735
2735
2733
2733
2734
2733
2733
2733
2732
2727
2729
2732
2732
2726
2727
2726
2730
2728
2728
2730
2731
2732
2732
2733
2734
2734
2733
2727
2728
2733
2732
2732
2731
2731
2727
2727
2733
2731
2730
2728
2727
2726
2725
2723
2723
2723
2722
2724
2720
2720
2724
2723
2722
2724
2723
2722
2722
2723
2722
2721
2721
2721
2719
2721
2725
2724
2724
2723
2723
2722
2720
2719
2719
2714
2714
2718
2717
2716
2715
2714
2714
2713
2712
2710
2711
2711
2711
2708
2709
2716
2714
2714
2714
2714
2711
2711
2717
2717
2712
2712
2713
2717
2716
2711
2711
2717
2714
2713
2710
2710
2712
2711
2710
2710
2710
2711
2710
2709
2709
2705
2706
2711
2711
2709
2709
2710
2710
2711
2706
2708
2708
2713
2713
2711
2711
2711
2712
2711
2712
2710
2711
2711
2711
2710
2710
2709
2710
2709
2710
2711
2712
2712
2712
2713
2712
2711
2711
2711
2706
2707
2708
2708
2706
2706
2706
2705
2704
2699
2698
2699
2703
2702
2697
2697
2702
2702
2702
2699
2701
2705
2703
2704
2702
2703
2703
2702
2702
2700
2699
2698
2694
2695
2695
2700
2697
2697
2696
2695
2695
2695
2692
2691
2694
2693
2693
2692
2692
2690
2691
2695
2694
2690
2691
2695
2696
2695
2696
2695
2694
2695
2693
2695
2695
2695
2696
2696
2696
2695
2695
2694
2693
2693
2697
2695
2691
2692
2697
2696
2697
2696
2696
2696
2695
2695
2696
2696
2696
2695
2691
2692
2696
2695
2692
2693
2693
2688
2687
2692
2690
2689
2688
2688
2687
2686
2681
2682
2688
2686
2687
2687
2687
2688
2688
2684
2685
2687
2689
2687
2688
2690
2689
2689
2690
2691
2690
2690
2690
2686
2687
2692
2691
2690
2684
2686
2690
2688
2687
2686
2686
2684
2685
2685
2684
2682
2682
2682
2682
2682
2681
2680
2681
2681
2677
2678
2680
2684
2683
2681
2682
2677
2679
2679
2680
2679
2680
2680
2676
2678
2684
2683
2683
2680
2679
2685
2684
2680
2681
2683
2688
2688
2689
2691
2691
2690
2689
2687
2687
2687
2686
2686
2685
2685
2685
2684
2683
2682
2681
2681
2675
2678
2679
2682
2682
2683
2683
2677
2678
2681
2683
2682
2682
2680
2677
2677
2683
2681
2679
2678
2678
2677
2678
2678
2677
2677
2674
2675
2677
2677
2673
2673
2677
2678
2677
2676
2676
2677
2677
2676
2675
2675
2676
2675
2675
2676
2676
2677
2678
2674
2674
2678
2678
2674
2673
2675
2675
2674
2673
2673
2672
2671
2668
2667
2670
2674
2675
2676
2676
2675
2676
2676
2676
2675
2675
2675
2676
2674
2672
2669
2668
2673
2672
2672
2673
2672
2671
2671
2666
2667
2671
2671
2670
2671
2671
2668
2668
2671
2669
2669
2670
2668
2665
2666
2669
2667
2662
2663
2669
2667
2666
2665
2665
2665
2665
2665
2665
2664
2663
2663
2658
2659
2662
2663
2662
2662
2662
2658
2658
2662
2661
2661
2660
2660
2658
2658
2659
2659
2659
2659
2658
2658
2658
2658
2658
2660
2660
2662
2663
2664
2660
2660
2663
2662
2657
2657
2659
2661
2660
2654
2655
2660
2659
2659
2659
2657
2657
2656
2652
2654
2657
2658
2658
2653
2654
2660
2658
2658
2656
2656
2657
2656
2655
2654
2654
2653
2655
2654
2655
2654
2653
2654
2655
2656
2655
2654
2654
2653
2649
2650
2653
2654
2652
2651
2652
2652
2653
2648
2648
2649
2654
2655
2651
2652
2656
2656
2654
2653
2655
2659
2658
2658
2659
2659
2658
2657
2658
2657
2657
2657
2656
2655
2655
2653
2654
2654
2653
2654
2654
2652
2652
2650
2650
2650
2650
2650
2646
2647
2647
2651
2650
2645
2647
2654
2653
2652
2651
2651
2652
2651
2651
2651
2650
2651
2651
2650
2650
2649
2648
2644
2643
2644
2648
2646
2641
2641
2645
2644
2644
2643
2642
2640
2641
2640
2641
2640
2639
2640
2645
2646
2641
2641
2645
2645
2646
2646
2649
2644
2646
2653
2655
2657
2660
2662
2661
2665
2674
2678
2679
2681
2684
2694
2696
2701
2706
2711
2714
2719
2725
2729
2734
2737
2743
2747
2753
2758
2762
2763
2769
2778
2781
2783
2787
2791
2792
2796
2805
2806
2809
2811
2814
2815
2816
2814
2817
