2814
2812
2810
2810
2813
2812
2813
2810
2806
2805
2804
2807
2805
2799
2797
2802
2799
2795
2790
2789
2790
2789
2785
2783
2781
2779
2777
2774
2774
2771
2765
2766
2764
2762
2760
2759
2753
2751
2754
2753
2750
2744
2744
2745
2742
2741
2738
2737
2736
2734
2733
2732
2730
2728
2727
2725
2722
2723
2721
2719
2717
2716
2714
2714
2709
2709
2712
2710
2702
2705
2702
2704
2705
2702
2702
2695
2694
2697
2696
2696
2691
2691
2694
2694
2687
2687
2688
2691
2688
2688
2688
2687
2686
2684
2683
2684
2683
2683
2678
2679
2681
2682
2680
2681
2680
2679
2679
2679
2678
2677
2675
2676
2674
2675
2670
2670
2671
2673
2673
2668
2667
2673
2671
2667
2666
2666
2668
2667
2667
2667
2661
2662
2661
2663
2662
2657
2657
2662
2659
2658
2659
2658
2658
2658
2657
2656
2656
2656
2655
2656
2655
2654
2655
2654
2655
2656
2651
2652
2655
2654
2650
2650
2649
2653
2652
2651
2652
2651
2651
2650
2649
2648
2648
2648
2648
2647
2642
2643
2644
2648
2646
2641
2643
2646
2644
2645
2644
2643
2644
2642
2643
2642
2642
2643
2643
2638
2639
2643
2642
2638
2638
2638
2643
2642
2636
2636
2641
2639
2638
2638
2636
2637
2637
2635
2637
2634
2633
2634
2637
2635
2637
2636
2635
2637
2636
2635
2636
2631
2631
2635
2634
2633
2634
2633
2628
2631
2635
2633
2634
2633
2632
2632
2632
2629
2629
2633
2633
2632
2632
2630
2631
2631
2626
2628
2629
2631
2632
2628
2628
2634
2632
2631
2631
2631
2628
2627
2633
2632
2631
2630
2631
2631
2632
2627
2628
2633
2633
2634
2632
2633
2629
2630
2635
2633
2632
2634
2633
2632
2633
2632
2633
2628
2629
2629
2634
2634
2633
2632
2633
2634
2633
2630
2630
2633
2633
2632
2632
2631
2631
2629
2630
2631
2630
2631
2627
2627
2628
2631
2630
2627
2628
2632
2631
2631
2630
2629
2629
2628
2625
2626
2628
2630
2629
2629
2628
2629
2628
2628
2629
2630
2629
2630
2630
2630
2629
2630
2629
2627
2625
2630
2631
2630
2630
2628
2627
2628
2633
2632
2631
2632
2632
2631
2633
2633
2632
2630
2630
2635
2635
2634
2630
2633
2637
2637
2634
2635
2638
2641
2641
2640
2642
2642
2641
2638
2639
2640
2645
2645
2642
2645
2646
2646
2648
2646
2647
2651
2653
2652
2653
2654
2655
2654
2656
2655
2655
2659
2658
2660
2661
2664
2662
2664
2666
2667
2668
2669
2669
2669
2671
2673
2669
2670
2676
2678
2679
2678
2681
2685
2686
2688
2689
2691
2694
2695
2692
2697
2703
2703
2702
2702
2704
2710
2711
2707
2708
2713
2717
2718
2718
2719
2721
2723
2724
2726
2729
2730
2731
2733
2736
2738
2739
2742
2740
2743
2749
2752
2755
2756
2757
2759
2762
2764
2766
2765
2769
2778
2779
2780
2779
2783
2791
2792
2794
2797
2799
2800
2804
2807
2808
2811
2814
2818
2820
2822
2824
2827
2830
2832
2835
2838
2842
2841
2844
2852
2855
2853
2856
2859
2869
2873
2875
2879
2880
2883
2890
2893
2897
2902
2905
2908
2912
2915
2920
2923
2926
2929
2934
2936
2942
2946
2949
2952
2956
2956
2962
2971
2974
2974
2977
2982
2990
2994
2999
3004
3007
3011
3015
3019
3024
3028
3034
3034
3040
3047
3054
3057
3061
3066
3072
3076
3081
3086
3091
3092
3097
3106
3111
3114
3120
3126
3130
3135
3134
3141
3150
3154
3157
3162
3168
3172
3177
3176
3183
3192
3196
3200
3205
3209
3215
3221
3225
3232
3238
3240
3246
3255
3260
3264
3271
3275
3280
3285
3290
3294
3296
3304
3313
3320
3326
3331
3335
3340
3345
3351
3356
3360
3365
3370
3375
3381
3381
3388
3393
3403
3408
3407
3414
3423
3427
3430
3437
3440
3440
3447
3457
3462
3467
3471
3477
3481
3489
3495
3501
3506
3511
3516
3521
3527
3532
3537
3544
3550
3556
3562
3568
3570
3575
3587
3591
3591
3597
3601
3610
3613
3612
3616
3624
3629
3632
3635
3640
3641
3645
3654
3657
3661
3665
3670
3675
3678
3680
3686
3691
3697
3700
3706
3712
3712
3721
3734
3738
3743
3747
3752
3763
3768
3772
3777
3781
3785
3789
3794
3800
3804
3808
3813
3818
3824
3828
3832
3835
3841
3839
3846
3851
3860
3865
3870
3872
3877
3883
3882
3888
3893
3901
3905
3909
3913
3916
3920
3924
3930
3934
3938
3944
3940
3947
3954
3964
3967
3968
3975
3985
3988
3993
3997
4002
4007
4010
4012
4018
4017
4025
4029
4036
4039
4045
4049
4055
4061
4065
4065
4074
4082
4089
4086
4093
4102
4108
4113
4117
4121
4123
4128
4131
4136
4138
4142
4147
4148
4154
4159
4162
4167
4172
4175
4181
4185
4189
4195
4197
4199
4202
4211
4213
4212
4219
4228
4228
4231
4235
4239
4244
4247
4249
4254
4257
4254
4259
4269
4275
4270
4276
4284
4290
4292
4291
4298
4305
4310
4314
4318
4319
4322
4329
4323
4331
4342
4344
4344
4344
4349
4356
4358
4357
4361
4363
4363
4365
4365
4368
4368
4372
4375
4374
4374
4375
4378
4381
4382
4385
4385
4388
4384
4387
4396
4398
4399
4401
4403
4404
4405
4403
4408
4414
4414
4414
4417
4418
4419
4422
4417
4420
4427
4430
4431
4432
4434
4434
4436
4440
4441
4443
4445
4446
4446
4449
4451
4451
4445
4448
4446
4454
4449
4451
4449
4451
4450
4449
4444
4445
4448
4447
4448
4448
4447
4445
4446
4448
4450
4445
4448
4454
4454
4457
4453
4455
4462
4465
4461
4463
4468
4475
4476
4476
4478
4481
4482
4479
4479
4478
4483
4483
4486
4488
4487
4487
4487
4489
4493
4494
4495
4496
4496
4496
4496
4497
4498
4495
4490
4491
4497
4496
4496
4496
4494
4489
4491
4496
4495
4494
4493
4492
4487
4489
4496
4492
4493
4492
4489
4489
4489
4489
4487
4488
4489
4490
4488
4489
4488
4490
4491
4492
4491
4484
4488
4495
4497
4491
4492
4494
4498
4498
4494
4494
4500
4499
4500
4501
4500
4499
4500
4500
4501
4502
4500
4499
4501
4501
4495
4496
4502
4502
4499
4499
4499
4501
4498
4498
4498
4492
4492
4493
4496
4494
4494
4492
4493
4493
4492
4488
4490
4497
4496
4488
4487
4490
4495
4494
4487
4488
4494
4493
4493
4491
4490
4489
4489
4488
4486
4483
4483
4482
4481
4479
4478
4478
4476
4474
4473
4466
4466
4470
4467
4463
4461
4458
4454
4453
4446
4445
4448
4446
4439
4438
4437
4442
4440
4434
4432
4438
4433
4432
4431
4429
4425
4422
4421
4420
4418
4417
4415
4412
4413
4412
4412
4406
4406
4405
4408
4406
4404
4404
4401
4401
4400
4398
4396
4388
4387
4393
4390
4383
4382
4383
4387
4387
4379
4377
4382
4380
4378
4377
4375
4372
4370
4368
4365
4365
4365
4363
4361
4358
4357
4356
4356
4356
4354
4354
4353
4352
4351
4343
4341
4341
4345
4341
4340
4338
4332
4333
4333
4333
4329
4325
4322
4326
4322
4321
4321
4316
4317
4315
4307
4308
4314
4313
4310
4308
4304
4304
4301
4302
4301
4297
4294
4294
4289
4289
4293
4290
4288
4287
4283
4282
4279
4279
4277
4271
4274
4270
4274
4272
4273
4270
4269
4266
4264
4261
4261
4259
4255
4248
4247
4250
4249
4247
4239
4236
4240
4238
4229
4227
4229
4231
4230
4223
4223
4227
4222
4222
4222
4222
4218
4217
4215
4213
4210
4209
4206
4210
4205
4205
4203
4201
4198
4196
4193
4191
4189
4186
4183
4180
4177
4174
4172
4170
4167
4165
4165
4162
4160
4158
4155
4155
4154
4153
4151
4149
4148
4143
4143
4145
4141
4140
4140
4137
4133
4132
4134
4131
4124
4124
4127
4125
4120
4118
4119
4111
4109
4112
4111
4109
4108
4105
4103
4101
4099
4097
4097
4093
4094
4097
4096
4090
4090
4093
4094
4091
4088
4084
4081
4076
4075
4073
4070
4068
4064
4055
4052
4055
4051
4047
4044
4041
4039
4036
4033
4031
4024
4021
4019
4023
4020
4014
4015
4019
4015
4014
4013
4012
4010
4008
4007
4005
4004
3998
3999
4001
3998
3998
3993
3991
3988
3985
3982
3980
3971
3969
3972
3967
3964
3957
3956
3959
3955
3951
3949
3946
3944
3943
3941
3939
3936
3934
3932
3929
3927
3923
3920
3920
3917
3916
3914
3913
3906
3906
3911
3907
3905
3901
3899
3893
3894
3899
3898
3894
3893
3897
3896
3895
3893
3892
3889
3886
3878
3877
3873
3874
3868
3864
3859
3858
3855
3851
3848
3846
3845
3841
3840
3836
3833
3829
3828
3827
3825
3824
3821
3818
3817
3816
3807
3807
3810
3808
3808
3806
3804
3798
3797
3800
3798
3789
3789
3792
3791
3787
3781
3779
3784
3780
3778
3777
3774
3769
3769
3771
3769
3765
3764
3760
3759
3758
3756
3754
3753
3753
3751
3747
3747
3745
3741
3741
3738
3736
3735
3731
3726
3726
3728
3727
3719
3718
3716
3718
3715
3707
3707
3712
3708
3702
3699
3695
3699
3697
3696
3695
3686
3686
3685
3687
3685
3681
3680
3680
3678
3677
3674
3671
3670
3670
3667
3667
3666
3664
3663
3657
3654
3659
3658
3652
3649
3649
3652
3648
3648
3645
3642
3642
3639
3637
3636
3635
3633
3633
3631
3630
3628
3627
3627
3625
3622
3621
3620
3619
3616
3610
3610
3614
3613
3606
3606
3606
3607
3605
3600
3597
3603
3598
3597
3597
3595
3594
3593
3586
3587
3590
3588
3586
3584
3584
3581
3581
3573
3570
3571
3572
3571
3568
3565
3563
3559
3560
3558
3558
3555
3554
3554
3551
3551
3548
3547
3547
3543
3541
3540
3530
3530
3529
3529
3529
3518
3517
3519
3518
3512
3508
3508
3511
3509
3502
3500
3505
3500
3499
3499
3495
3494
3494
3490
3489
3487
3485
3485
3477
3477
3481
3477
3474
3471
3470
3474
3474
3472
3475
3466
3468
3466
3468
3467
3463
3461
3459
3457
3456
3453
3450
3451
3447
3445
3446
3443
3442
3439
3440
3439
3437
3439
3433
3432
3432
3435
3433
3434
3431
3424
3426
3422
3426
3423
3415
3417
3419
3416
3414
3411
3410
3415
3412
3409
3410
3408
3406
3403
3403
3400
3398
3399
3395
3395
3395
3393
3393
3395
3392
3394
3393
3387
3387
3387
3390
3389
3384
3382
3386
3384
3381
3382
3380
3378
3376
3377
3375
3373
3375
3371
3368
3364
3369
3366
3365
3362
3361
3356
3353
3357
3357
3353
3350
3349
3348
3345
3344
3343
3341
3339
3338
3338
3336
3333
3334
3340
3339
3332
3332
3333
3335
3333
3328
3325
3330
3327
3325
3324
3322
3317
3314
3317
3317
3313
3311
3310
3309
3306
3306
3305
3301
3300
3300
3298
3296
3294
3294
3294
3292
3292
3292
3290
3283
3284
3291
3288
3288
3287
3286
3280
3280
3285
3284
3282
3280
3279
3276
3277
3272
3272
3276
3274
3273
3270
3271
3268
3267
3261
3261
3260
3262
3262
3258
3256
3256
3255
3249
3249
3248
3253
3252
3250
3249
3249
3249
3247
3247
3247
3242
3242
3246
3244
3244
3236
3235
3240
3238
3232
3230
3232
3233
3230
3228
3226
3223
3221
3220
3218
3218
3214
3215
3212
3213
3211
3210
3210
3209
3209
3201
3200
3207
3204
3202
3200
3198
3194
3193
3196
3195
3194
3193
3192
3191
3189
3189
3189
3187
3186
3186
3182
3181
3186
3183
3177
3176
3180
3180
3177
3175
3175
3176
3174
3173
3172
3172
3166
3165
3169
3169
3167
3166
3164
3164
3163
3158
3156
3161
3160
3159
3157
3157
3157
3155
3157
3156
3156
3157
3156
3149
3149
3153
3153
3145
3146
3148
3151
3149
3148
3145
3147
3146
3144
3142
3142
3141
3138
3137
3137
3135
3133
3133
3133
3132
3126
3129
3133
3130
3129
3126
3128
3131
3129
3128
3127
3125
3124
3124
3120
3119
3124
3122
3115
3114
3114
3119
3116
3114
3113
3114
3113
3112
3110
3108
3109
3108
3107
3107
3103
3105
3104
3102
3103
3098
3099
3103
3101
3099
3095
3095
3095
3094
3087
3087
3087
3088
3086
3081
3080
3084
3081
3079
3077
3076
3077
3076
3074
3073
3072
3072
3071
3069
3067
3066
3066
3066
3065
3065
3062
3063
3057
3057
3061
3060
3060
3059
3058
3056
3055
3055
3055
3049
3049
3047
3053
3054
3055
3055
3052
3053
3056
3059
3060
3057
3058
3063
3062
3059
3058
3058
3058
3057
3055
3053
3045
3046
3045
3048
3046
3044
3043
3041
3041
3039
3034
3033
3037
3035
3035
3033
3033
3031
3028
3030
3030
3029
3028
3021
3021
3022
3025
3023
3018
3016
3023
3020
3019
3019
3017
3017
3015
3008
3009
3013
3013
3012
3012
3011
3009
3009
3009
3008
3009
3007
3008
3002
3002
3007
3005
3005
3004
3004
2997
2998
3004
3004
3000
3000
2999
3004
3003
2997
2998
3003
3000
2999
2997
2995
2995
2993
2993
2993
2993
2992
2993
2991
2990
2989
2988
2984
2983
2983
2987
2988
2987
2986
2983
2983
2982
2977
2977
2982
2980
2979
2979
2979
2979
2978
2973
2974
2979
2977
2976
2975
2973
2972
2971
2971
2969
2969
2968
2968
2968
2969
2962
2965
2970
2968
2969
2967
2968
2973
2971
2971
2971
2968
2966
2965
2969
2968
2968
2965
2965
2966
2964
2963
2962
2958
2958
2963
2962
2959
2960
2959
2958
2958
2958
2955
2956
2955
2955
2953
2954
2948
2949
2952
2951
2952
2950
2951
2945
2945
2951
2949
2948
2946
2945
2940
2940
2945
2942
2938
2938
2937
2936
2935
2930
2929
2935
2932
2931
2930
2930
2929
2928
2927
2927
2927
2928
2929
2929
2929
2924
2926
2929
2930
2928
2923
2923
2927
2926
2925
2924
2923
2923
2921
2920
2920
2919
2918
2917
2912
2911
2917
2917
2912
2912
2916
2916
2915
2913
2915
2914
2912
2911
2911
2910
2910
2906
2904
2905
2908
2907
2906
2906
2906
2900
2901
2906
2906
2903
2905
2903
2901
2899
2896
2895
2899
2898
2897
2896
2894
2893
2893
2893
2892
2891
2886
2887
2891
2891
2884
2886
2890
2889
2890
2886
2886
2890
2891
2890
2889
2888
2886
2887
2885
2886
2884
2884
2884
2883
2883
2882
2883
2881
2881
2881
2879
2879
2878
2877
2878
2876
2875
2877
2876
2873
2873
2878
2877
2875
2876
2877
2881
2881
2877
2875
2881
2878
2878
2877
2876
2872
2871
2874
2873
2873
2873
2871
2871
2871
2866
2867
2872
2871
2871
2865
2867
2872
2872
2868
2870
2868
2869
2869
2863
2865
2870
2867
2867
2865
2866
2863
2863
2863
2861
2861
2862
2861
2858
2858
2853
2855
2860
2857
2856
2857
2857
2852
2851
2858
2855
2856
2855
2855
2856
2857
2855
2856
2856
2854
2854
2853
2856
2855
2853
2850
2850
2853
2853
2851
2852
2850
2844
2845
2849
2846
2846
2841
2841
2848
2847
2847
2845
2846
2844
2843
2847
2847
2847
2845
2840
2841
2840
2845
2843
2842
2841
2839
2838
2837
2837
2837
2836
2837
2831
2832
2834
2836
2835
2830
2830
2834
2834
2832
2830
2831
2831
2832
2830
2830
2831
2830
2830
2833
2832
2831
2831
2831
2832
2832
2832
2832
2828
2828
2834
2833
2832
2831
2830
2830
2830
2830
2831
2825
2826
2825
2828
2827
2822
2822
2828
2824
2824
2823
2821
2821
2821
2821
2821
2818
2819
2818
2814
2815
2820
2819
2820
2820
2821
2816
2816
2819
2818
2817
2816
2814
2814
2814
2812
2810
2811
2812
2807
2808
2809
2811
2810
2804
2805
2811
2809
2807
2807
2808
2808
2808
2801
2802
2803
2806
2805
2805
2804
2804
2804
2803
2804
2805
2805
2805
2806
2806
2800
2801
2800
2806
2806
2804
2805
2812
2814
2815
2816
2817
2813
2814
2817
2818
2819
2818
2818
2818
2818
2814
2814
2819
2817
2816
2815
2813
2811
2810
2810
2808
2808
2806
2805
2804
2804
2803
2802
2802
2802
2802
2802
2800
2795
2795
2799
2798
2796
2795
2794
2789
2789
2791
2790
2788
2787
2787
2782
2783
2787
2785
2782
2781
2781
2785
2786
2785
2785
2779
2781
2781
2785
2785
2784
2785
2784
2784
2784
2783
2782
2781
2780
2779
2778
2775
2776
2775
2775
2775
2771
2771
2776
2775
2775
2776
2776
2776
2775
2772
2772
2772
2775
2775
2774
2774
2774
2773
2773
2773
2772
2774
2773
2768
2770
2776
2776
2775
2775
2776
2775
2774
2768
2771
2770
2771
2774
2773
2773
2774
2774
2771
2769
2772
2774
2772
2768
2769
2772
2771
2772
2774
2775
2772
2773
2779
2778
2779
2779
2779
2779
2779
2778
2776
2776
2774
2773
2773
2772
2771
2770
2764
2765
2765
2767
2765
2766
2765
2766
2766
2765
2762
2761
2765
2764
2764
2763
2764
2764
2764
2764
2762
2757
2757
2761
2759
2758
2757
2756
2753
2753
2756
2755
2755
2751
2751
2754
2754
2753
2752
2748
2748
2748
2752
2751
2750
2749
2748
2748
2749
2745
2746
2750
2749
2747
2748
2748
2747
2746
2745
2745
2744
2745
2744
2743
2742
2742
2741
2738
2738
2738
2739
2736
2735
2734
2729
2730
2734
2733
2732
2729
2730
2735
2734
2732
2732
2733
2732
2731
2729
2729
2734
2733
2734
2734
2734
2734
2732
2733
2732
2733
2732
2733
2731
2731
2735
2735
2735
2734
2735
2735
2736
2736
2735
2730
2732
2737
2736
2736
2732
2733
2737
2738
2732
2731
2733
2737
2735
2735
2734
2729
2730
2733
2732
2730
2731
2731
2729
2729
2728
2728
2726
2726
2724
2724
2723
2722
2722
2721
2718
2720
2724
2724
2725
2725
2724
2724
2724
2724
2724
2720
2722
2727
2725
2722
2723
2721
2722
2721
2716
2717
2718
2721
2721
2721
2720
2720
2722
2720
2720
2721
2716
2717
2722
2722
2720
2720
2719
2718
2718
2719
2718
2713
2714
2715
2720
2719
2719
2720
2716
2717
2721
2720
2720
2719
2719
2719
2720
2715
2716
2716
2720
2719
2719
2719
2719
2718
2718
2717
2719
2719
2719
2719
2720
2718
2720
2721
2727
2727
2722
2722
2726
2725
2725
2719
2718
2720
2719
2717
2717
2715
2713
2713
2714
2714
2714
2712
2710
2709
2708
2712
2711
2710
2709
2709
2710
2709
2709
2708
2709
2709
2709
2709
2709
2708
2708
2709
2709
2710
2711
2711
2710
2711
2705
2706
2711
2710
2705
2705
2706
2710
2709
2706
2705
2711
2711
2712
2712
2712
2708
2708
2711
2710
2709
2709
2709
2709
2708
2707
2706
2706
2707
2706
2707
2705
2704
2704
2704
2703
2702
2702
2700
2697
2697
2701
2699
2699
2699
2699
2699
2698
2693
2694
2698
2698
2698
2698
2697
2693
2695
2700
2698
2697
2693
2695
2700
2697
2696
2695
2694
2694
2694
2694
2694
2693
2692
2692
2691
2691
2687
2687
2691
2691
2686
2687
2687
2689
2688
2684
2683
2688
2687
2686
2685
2685
2685
2684
2679
2680
2684
2683
2682
2681
2682
2682
2682
2681
2682
2680
2680
2680
2679
2679
2679
2679
2679
2679
2678
2678
2677
2678
2679
2678
2678
2678
2676
2676
2680
2679
2673
2675
2676
2678
2678
2678
2678
2679
2678
2674
2674
2674
2679
2678
2677
2676
2675
2675
2674
2675
2675
2676
2676
2676
2677
2676
2678
2680
2676
2677
2681
2680
2679
2678
2677
2680
2681
2679
2680
2679
2677
2676
2673
2673
2678
2677
2677
2678
2677
2675
2676
2679
2679
2678
2679
2678
2678
2677
2676
2676
2676
2675
2674
2673
2673
2672
2673
2672
2673
2667
2668
2668
2671
2669
2665
2665
2671
2669
2665
2664
2666
2669
2667
2666
2667
2668
2669
2671
2666
2668
2672
2672
2673
2674
2672
2672
2671
2672
2672
2668
2669
2672
2671
2671
2670
2670
2670
2669
2668
2669
2668
2665
2666
2671
2671
2667
2670
2671
2674
2675
2675
2675
2676
2676
2676
2677
2676
2672
2672
2675
2673
2672
2672
2671
2671
2670
2669
2669
2668
2668
2669
2668
2667
2668
2667
2663
2663
2665
2666
2664
2664
2663
2660
2659
2665
2664
2662
2658
2659
2664
2663
2663
2660
2661
2663
2664
2665
2667
2663
2663
2668
2668
2668
2663
2665
2669
2668
2667
2665
2665
2665
2666
2668
2669
2670
2670
2672
2671
2671
2673
2673
2669
2669
2673
2672
2672
2670
2670
2668
2668
2666
2666
2665
2666
2666
2666
2667
2664
2665
2664
2667
2667
2663
2664
2668
2665
2661
2661
2661
2664
2663
2658
2660
2665
2664
2663
2663
2662
2662
2661
2656
2658
2661
2662
2661
2656
2656
2661
2660
2659
2659
2657
2656
2656
2657
2656
2652
2653
2653
2656
2655
2654
2654
2654
2653
2653
2653
2652
2652
2651
2647
2648
2652
2653
2652
2653
2651
2650
2652
2650
2650
2651
2650
2650
2650
2650
2645
2645
2646
2648
2648
2649
2648
2647
2646
2645
2647
2646
2640
2641
2645
2645
2641
2642
2641
2647
2646
2646
2647
2647
2647
2647
2647
2650
2647
2647
2652
2651
2649
2648
2648
2648
2648
2647
2646
2646
2645
2645
2645
2644
2639
2638
2643
2641
2640
2641
2639
2634
2635
2640
2639
2634
2633
2633
2637
2637
2637
2636
2636
2636
2636
2635
2635
2635
2635
2636
2637
2637
2637
2637
2634
2635
2641
2641
2638
2636
2636
2641
2642
2642
2640
2639
2639
2640
2640
2642
2638
2639
2643
2642
2641
2638
2640
2645
2646
2647
2647
2649
2649
2650
2651
2651
2652
2651
2649
2648
2648
2645
2644
2649
2647
2647
2647
2645
2645
2645
2645
2644
2639
2639
2643
2642
2641
2642
2642
2639
2638
2642
2640
2639
2635
2635
2639
2639
2634
2634
2633
2637
2638
2637
2638
2639
2639
2638
2639
2638
2639
2641
2641
2640
2640
2640
2639
2639
2639
2639
2638
2637
2637
2637
2637
2636
2635
2635
2637
2635
2632
2630
2630
2633
2633
2629
2630
2635
2635
2634
2631
2632
2638
2639
2639
2639
2639
2638
2639
2644
2645
2641
2644
2649
2653
2656
2657
2661
2665
2669
2668
2673
2678
2687
2690
2695
2700
2704
2709
2716
2716
2720
2730
2734
2735
2740
2747
2753
2757
2760
2765
2767
2771
2775
2779
2782
2786
2788
2790
2795
2793
2796
2799
2805
2806
2807
2808
