2809
2808
2807
2807
2805
2806
2805
2801
2801
2801
2800
2797
2792
2791
2794
2792
2785
2785
2783
2784
2781
2774
2772
2776
2771
2768
2766
2763
2758
2756
2759
2756
2752
2750
2748
2742
2742
2744
2742
2740
2739
2738
2737
2735
2732
2731
2730
2727
2726
2722
2720
2721
2719
2713
2713
2716
2714
2713
2709
2708
2711
2708
2703
2703
2703
2705
2702
2700
2700
2699
2698
2695
2695
2695
2689
2690
2693
2690
2689
2689
2688
2687
2686
2685
2684
2682
2681
2680
2682
2681
2680
2680
2674
2677
2678
2679
2678
2679
2677
2672
2672
2675
2673
2671
2668
2667
2668
2667
2667
2665
2664
2663
2662
2662
2661
2660
2660
2656
2654
2656
2659
2657
2657
2656
2656
2654
2652
2653
2654
2653
2654
2647
2648
2649
2652
2653
2651
2650
2645
2645
2646
2648
2649
2649
2650
2650
2649
2646
2646
2647
2650
2649
2648
2649
2649
2649
2649
2649
2649
2650
2648
2648
2647
2646
2644
2644
2646
2647
2646
2645
2642
2642
2641
2645
2646
2645
2643
2644
2643
2642
2640
2641
2635
2636
2642
2641
2639
2639
2640
2639
2638
2638
2636
2632
2633
2633
2636
2636
2635
2636
2635
2634
2633
2630
2631
2634
2632
2633
2633
2633
2632
2632
2628
2628
2631
2630
2626
2627
2626
2630
2628
2623
2625
2631
2630
2629
2627
2628
2629
2628
2628
2628
2629
2629
2629
2630
2630
2629
2629
2629
2630
2629
2625
2625
2630
2629
2627
2626
2626
2625
2625
2622
2622
2626
2624
2623
2621
2623
2626
2625
2621
2622
2627
2626
2624
2624
2624
2624
2623
2622
2623
2623
2622
2624
2624
2624
2625
2626
2628
2628
2627
2627
2629
2626
2627
2624
2625
2624
2625
2625
2622
2623
2627
2626
2626
2624
2624
2628
2628
2623
2625
2628
2629
2629
2626
2626
2630
2630
2629
2631
2631
2631
2629
2625
2625
2629
2629
2628
2624
2623
2626
2625
2621
2621
2624
2624
2625
2624
2624
2619
2622
2626
2625
2625
2624
2624
2625
2625
2624
2625
2626
2626
2625
2625
2626
2626
2626
2626
2626
2625
2626
2626
2625
2625
2626
2626
2625
2625
2625
2625
2625
2620
2621
2622
2627
2626
2626
2626
2626
2626
2626
2625
2626
2631
2631
2627
2628
2633
2633
2634
2630
2631
2636
2634
2636
2636
2637
2634
2634
2639
2640
2641
2641
2641
2642
2642
2638
2641
2645
2646
2642
2644
2646
2652
2652
2652
2654
2654
2656
2657
2654
2655
2660
2659
2660
2660
2660
2662
2664
2664
2665
2667
2669
2672
2676
2677
2679
2681
2678
2681
2687
2688
2689
2690
2690
2692
2693
2696
2697
2698
2698
2698
2699
2700
2701
2703
2704
2705
2708
2706
2707
2713
2714
2710
2713
2716
2722
2723
2722
2726
2722
2726
2731
2735
2736
2735
2738
2744
2746
2747
2749
2750
2748
2751
2758
2759
2760
2762
2765
2767
2768
2770
2772
2774
2775
2777
2780
2782
2785
2787
2785
2788
2796
2798
2800
2804
2806
2809
2811
2809
2813
2816
2824
2826
2829
2832
2836
2839
2843
2847
2850
2850
2854
2861
2863
2867
2869
2873
2876
2880
2880
2885
2894
2898
2901
2904
2909
2913
2917
2915
2920
2925
2930
2933
2936
2939
2937
2941
2950
2953
2956
2959
2962
2965
2969
2971
2976
2979
2984
2987
2990
2995
3000
3005
3005
3011
3014
3023
3027
3027
3033
3042
3046
3049
3055
3060
3064
3069
3069
3075
3080
3090
3093
3099
3103
3104
3110
3116
3124
3128
3131
3137
3142
3146
3151
3156
3161
3160
3166
3175
3179
3183
3187
3193
3194
3199
3208
3212
3217
3223
3227
3232
3237
3240
3247
3252
3258
3258
3266
3272
3280
3284
3284
3290
3301
3305
3311
3315
3320
3326
3331
3334
3340
3346
3353
3357
3362
3369
3374
3380
3385
3390
3395
3397
3405
3416
3421
3426
3433
3438
3441
3447
3458
3461
3467
3472
3477
3484
3489
3489
3495
3507
3511
3517
3522
3528
3534
3538
3542
3549
3555
3561
3565
3570
3577
3580
3587
3587
3589
3601
3606
3609
3610
3612
3624
3625
3624
3631
3634
3645
3651
3653
3659
3663
3667
3674
3676
3683
3682
3689
3700
3703
3709
3714
3718
3726
3729
3736
3741
3747
3754
3758
3765
3770
3775
3781
3778
3787
3792
3802
3806
3805
3811
3820
3826
3825
3828
3831
3842
3847
3849
3854
3850
3858
3863
3874
3877
3878
3884
3895
3899
3903
3909
3914
3918
3920
3926
3927
3932
3937
3941
3943
3949
3950
3954
3958
3963
3966
3970
3973
3979
3984
3990
3992
3998
4003
4004
4011
4013
4011
4018
4025
4030
4035
4040
4045
4051
4053
4055
4058
4066
4076
4078
4080
4083
4096
4098
4103
4103
4110
4119
4123
4122
4128
4137
4143
4145
4150
4153
4157
4159
4164
4167
4169
4174
4173
4178
4179
4183
4185
4192
4191
4192
4204
4206
4210
4212
4213
4217
4220
4229
4231
4235
4239
4241
4246
4248
4253
4254
4254
4257
4267
4269
4270
4275
4278
4280
4284
4286
4292
4293
4296
4302
4304
4307
4304
4308
4320
4323
4324
4328
4332
4334
4340
4342
4346
4349
4349
4352
4360
4364
4365
4370
4373
4376
4377
4377
4379
4387
4388
4387
4390
4393
4401
4402
4400
4404
4412
4413
4413
4413
4414
4421
4424
4423
4425
4425
4428
4431
4432
4433
4432
4436
4439
4440
4445
4441
4446
4452
4454
4456
4456
4459
4460
4464
4464
4466
4468
4470
4472
4470
4474
4474
4475
4469
4469
4477
4476
4478
4477
4480
4473
4477
4484
4485
4485
4484
4487
4485
4487
4488
4487
4489
4491
4493
4494
4495
4492
4492
4501
4501
4501
4496
4494
4502
4500
4497
4499
4496
4498
4497
4497
4498
4496
4498
4497
4497
4499
4497
4498
4500
4502
4501
4503
4503
4501
4502
4510
4509
4502
4508
4508
4513
4511
4514
4517
4509
4513
4519
4517
4521
4515
4517
4525
4521
4524
4524
4525
4526
4525
4522
4524
4523
4523
4519
4517
4514
4508
4509
4512
4507
4505
4501
4501
4491
4490
4494
4490
4488
4483
4484
4473
4474
4479
4476
4469
4470
4469
4474
4474
4471
4473
4472
4471
4473
4472
4472
4473
4472
4474
4474
4468
4472
4472
4479
4481
4480
4482
4481
4483
4485
4484
4486
4486
4486
4477
4480
4485
4486
4484
4475
4479
4482
4481
4480
4478
4476
4472
4471
4476
4474
4472
4470
4469
4468
4466
4466
4463
4462
4461
4454
4452
4453
4456
4456
4453
4452
4454
4450
4452
4449
4447
4445
4445
4441
4439
4435
4437
4434
4425
4424
4431
4430
4430
4428
4429
4421
4422
4428
4425
4420
4421
4421
4428
4424
4425
4422
4418
4419
4418
4424
4422
4422
4420
4422
4420
4420
4419
4417
4414
4413
4421
4419
4417
4417
4413
4415
4414
4411
4410
4409
4407
4407
4406
4405
4400
4398
4403
4400
4395
4394
4393
4399
4398
4397
4396
4388
4391
4389
4396
4392
4393
4390
4384
4385
4385
4388
4384
4385
4383
4380
4380
4378
4377
4378
4372
4371
4375
4371
4368
4363
4364
4362
4358
4350
4348
4354
4349
4346
4345
4341
4340
4338
4337
4335
4333
4334
4331
4329
4328
4325
4327
4316
4315
4317
4321
4321
4311
4312
4317
4314
4314
4307
4306
4311
4306
4307
4301
4301
4295
4298
4295
4292
4291
4288
4281
4277
4277
4278
4275
4267
4263
4268
4262
4259
4256
4252
4249
4244
4241
4239
4238
4236
4233
4233
4231
4228
4229
4225
4222
4220
4210
4209
4213
4210
4207
4203
4201
4192
4189
4194
4191
4187
4184
4179
4172
4173
4175
4171
4169
4168
4165
4162
4160
4156
4156
4148
4149
4151
4148
4145
4145
4142
4144
4140
4140
4140
4137
4135
4134
4131
4128
4122
4120
4126
4124
4120
4116
4115
4117
4116
4109
4106
4107
4104
4102
4107
4103
4101
4097
4094
4093
4090
4088
4085
4082
4078
4077
4072
4069
4067
4064
4059
4057
4048
4046
4047
4047
4045
4044
4041
4040
4037
4034
4032
4032
4030
4026
4021
4018
4024
4023
4018
4014
4013
4017
4016
4014
4014
4013
4009
4009
4007
4004
4002
4001
3997
3995
3993
3990
3986
3980
3979
3984
3981
3979
3972
3972
3974
3973
3968
3965
3965
3967
3963
3964
3959
3957
3955
3951
3951
3950
3946
3944
3936
3935
3941
3939
3935
3935
3933
3925
3924
3931
3929
3926
3928
3925
3922
3920
3914
3913
3913
3915
3911
3907
3904
3904
3902
3898
3897
3893
3892
3888
3881
3881
3886
3881
3879
3878
3876
3876
3874
3867
3869
3869
3871
3869
3860
3860
3862
3858
3859
3855
3852
3853
3850
3847
3846
3844
3841
3841
3838
3834
3832
3831
3822
3822
3824
3823
3821
3819
3816
3814
3814
3806
3805
3803
3806
3803
3803
3800
3794
3794
3794
3798
3794
3794
3792
3791
3789
3787
3787
3785
3783
3782
3775
3776
3780
3777
3778
3775
3772
3771
3769
3761
3760
3763
3764
3764
3757
3757
3761
3758
3753
3751
3746
3738
3737
3740
3737
3736
3733
3729
3724
3721
3726
3722
3720
3718
3717
3716
3714
3711
3711
3709
3705
3705
3704
3699
3698
3697
3695
3691
3689
3689
3687
3683
3683
3677
3677
3679
3678
3676
3674
3672
3664
3663
3666
3665
3662
3660
3659
3651
3651
3656
3652
3644
3645
3643
3644
3642
3642
3638
3636
3635
3631
3630
3630
3626
3626
3624
3620
3619
3619
3616
3609
3610
3613
3610
3604
3601
3600
3605
3603
3598
3597
3595
3594
3590
3592
3591
3583
3585
3591
3587
3584
3584
3583
3580
3578
3578
3578
3577
3572
3571
3568
3566
3567
3566
3563
3562
3558
3550
3550
3552
3550
3548
3546
3544
3542
3539
3534
3533
3536
3536
3534
3530
3528
3528
3527
3521
3517
3523
3521
3518
3516
3515
3512
3510
3509
3507
3502
3501
3501
3505
3503
3503
3501
3494
3496
3496
3499
3498
3495
3493
3492
3490
3489
3485
3485
3483
3481
3479
3476
3474
3469
3466
3470
3469
3468
3466
3457
3458
3459
3462
3460
3452
3451
3456
3453
3452
3450
3447
3445
3445
3443
3443
3440
3439
3438
3433
3434
3437
3436
3433
3432
3431
3428
3425
3419
3418
3423
3421
3418
3415
3410
3413
3413
3411
3412
3408
3406
3406
3410
3407
3404
3404
3402
3400
3398
3397
3393
3391
3390
3389
3387
3384
3379
3379
3381
3377
3375
3372
3370
3369
3365
3372
3369
3367
3366
3364
3363
3363
3358
3358
3358
3357
3355
3355
3354
3349
3351
3355
3353
3348
3349
3353
3354
3352
3352
3351
3350
3349
3348
3347
3343
3340
3338
3338
3338
3336
3334
3331
3327
3326
3328
3327
3327
3327
3324
3320
3321
3324
3322
3322
3319
3318
3316
3314
3312
3310
3305
3306
3309
3305
3304
3298
3299
3303
3300
3299
3296
3292
3286
3286
3287
3284
3282
3281
3279
3278
3276
3272
3270
3273
3272
3266
3266
3268
3272
3272
3271
3269
3268
3268
3266
3265
3265
3264
3263
3254
3254
3259
3257
3254
3254
3250
3248
3245
3244
3244
3242
3240
3239
3237
3235
3235
3232
3229
3228
3225
3228
3228
3227
3226
3225
3223
3221
3217
3215
3221
3219
3217
3218
3214
3215
3215
3214
3214
3209
3210
3213
3216
3215
3213
3213
3209
3211
3215
3213
3212
3213
3211
3208
3207
3211
3209
3210
3207
3206
3204
3202
3201
3200
3199
3196
3195
3192
3191
3190
3187
3186
3183
3182
3176
3178
3183
3183
3176
3176
3173
3176
3175
3169
3168
3171
3168
3166
3165
3163
3160
3161
3167
3164
3161
3161
3158
3158
3156
3156
3154
3148
3147
3146
3150
3150
3148
3147
3146
3145
3143
3140
3141
3140
3139
3138
3139
3137
3137
3134
3131
3131
3134
3133
3133
3133
3132
3128
3128
3132
3131
3130
3128
3128
3126
3126
3124
3123
3117
3118
3125
3124
3123
3121
3119
3115
3116
3121
3119
3117
3112
3112
3116
3115
3114
3112
3111
3112
3110
3106
3107
3111
3109
3108
3106
3105
3104
3105
3102
3102
3101
3100
3100
3099
3097
3096
3095
3094
3093
3089
3085
3085
3088
3087
3082
3083
3087
3084
3083
3081
3081
3080
3080
3078
3078
3078
3077
3077
3070
3070
3075
3073
3069
3066
3066
3070
3069
3067
3066
3066
3064
3063
3061
3059
3057
3057
3055
3055
3054
3054
3054
3047
3049
3055
3053
3050
3050
3050
3055
3054
3054
3052
3053
3050
3052
3051
3050
3052
3050
3044
3045
3044
3047
3044
3044
3043
3041
3041
3040
3039
3039
3039
3039
3034
3035
3039
3037
3036
3035
3034
3029
3029
3034
3034
3032
3032
3030
3030
3030
3030
3028
3025
3024
3022
3025
3024
3022
3021
3015
3015
3015
3018
3017
3016
3015
3009
3009
3010
3014
3012
3008
3009
3012
3010
3011
3009
3007
3006
3004
3003
3002
3002
2999
2998
2997
2997
2995
2995
2994
2993
2993
2991
2991
2989
2990
2988
2989
2985
2983
2984
2988
2987
2986
2985
2980
2980
2980
2984
2983
2982
2981
2980
2980
2981
2977
2978
2984
2982
2976
2977
2978
2980
2977
2978
2977
2976
2974
2970
2969
2969
2972
2971
2963
2966
2971
2969
2969
2964
2963
2967
2966
2965
2964
2963
2963
2963
2962
2961
2960
2961
2960
2959
2959
2957
2957
2953
2953
2958
2957
2955
2955
2956
2955
2955
2955
2955
2955
2955
2955
2950
2951
2955
2952
2954
2952
2952
2952
2951
2946
2946
2952
2951
2950
2949
2948
2948
2946
2945
2944
2942
2941
2941
2946
2946
2941
2942
2947
2946
2946
2940
2941
2944
2942
2941
2939
2937
2936
2935
2935
2933
2932
2931
2929
2928
2927
2927
2928
2921
2922
2924
2924
2923
2922
2923
2921
2920
2918
2919
2918
2920
2920
2919
2918
2919
2918
2914
2911
2912
2914
2913
2907
2908
2913
2911
2909
2904
2905
2908
2907
2907
2907
2907
2907
2906
2905
2907
2903
2904
2907
2907
2906
2905
2905
2904
2903
2898
2899
2899
2902
2900
2895
2896
2900
2898
2897
2893
2894
2898
2897
2896
2896
2894
2895
2895
2894
2894
2894
2893
2893
2892
2892
2889
2889
2889
2887
2886
2886
2885
2881
2881
2884
2882
2877
2876
2879
2881
2881
2879
2877
2876
2876
2875
2876
2874
2874
2874
2873
2872
2872
2872
2871
2867
2867
2870
2868
2868
2867
2865
2862
2863
2868
2864
2864
2863
2862
2863
2863
2858
2858
2862
2861
2855
2857
2859
2861
2861
2862
2864
2858
2860
2862
2864
2863
2861
2861
2861
2862
2860
2860
2859
2860
2858
2857
2858
2857
2858
2857
2856
2855
2851
2851
2855
2853
2854
2853
2853
2848
2849
2852
2851
2849
2848
2847
2846
2847
2841
2843
2848
2847
2846
2847
2846
2843
2843
2849
2848
2846
2845
2847
2851
2850
2850
2849
2845
2845
2843
2847
2844
2843
2843
2836
2837
2837
2842
2841
2837
2837
2840
2840
2838
2839
2838
2838
2838
2836
2835
2834
2833
2833
2832
2832
2831
2828
2828
2827
2827
2827
2826
2822
2822
2827
2824
2824
2824
2824
2823
2821
2822
2820
2820
2817
2819
2819
2819
2819
2818
2813
2814
2815
2818
2817
2813
2812
2819
2817
2816
2816
2815
2814
2814
2810
2809
2815
2816
2815
2814
2814
2814
2813
2814
2816
2815
2810
2811
2815
2816
2810
2812
2813
2814
2812
2812
2811
2810
2810
2804
2803
2803
2808
2806
2801
2803
2808
2807
2808
2807
2805
2804
2804
2804
2804
2802
2802
2801
2799
2800
2799
2799
2799
2800
2799
2798
2799
2795
2796
2801
2801
2801
2802
2803
2804
2806
2807
2808
2807
2804
2804
2809
2807
2801
2800
2803
2802
2802
2796
2796
2800
2799
2797
2795
2796
2791
2791
2795
2795
2792
2792
2791
2790
2789
2788
2789
2788
2788
2786
2785
2784
2784
2785
2778
2779
2783
2781
2781
2778
2779
2783
2783
2776
2776
2780
2781
2781
2779
2779
2778
2777
2777
2776
2774
2775
2776
2773
2773
2772
2774
2773
2773
2772
2773
2773
2768
2769
2772
2773
2774
2771
2771
2778
2775
2775
2775
2777
2777
2779
2774
2774
2779
2778
2779
2775
2775
2778
2778
2778
2777
2776
2776
2775
2776
2776
2771
2772
2777
2776
2775
2775
2774
2773
2772
2772
2771
2771
2770
2768
2767
2766
2765
2765
2764
2762
2762
2761
2761
2757
2757
2762
2760
2761
2756
2756
2760
2760
2756
2756
2758
2761
2760
2758
2759
2763
2763
2762
2762
2762
2762
2762
2762
2760
2761
2762
2760
2760
2762
2760
2759
2759
2759
2758
2752
2754
2759
2756
2750
2753
2755
2755
2753
2748
2749
2753
2750
2749
2750
2749
2749
2748
2747
2748
2749
2749
2747
2747
2748
2747
2747
2748
2747
2746
2746
2745
2747
2747
2743
2743
2749
2749
2748
2743
2743
2748
2748
2746
2745
2746
2742
2741
2744
2744
2739
2738
2741
2742
2742
2740
2740
2740
2739
2739
2739
2739
2738
2737
2737
2737
2737
2736
2736
2733
2733
2739
2737
2732
2733
2735
2738
2739
2739
2737
2737
2739
2739
2738
2737
2733
2733
2738
2735
2733
2734
2733
2733
2732
2733
2733
2732
2732
2730
2729
2730
2732
2733
2729
2729
2735
2735
2736
2733
2733
2739
2738
2739
2739
2738
2739
2738
2738
2739
2738
2740
2740
2740
2742
2738
2740
2746
2745
2741
2741
2741
2746
2744
2742
2741
2740
2740
2740
2738
2737
2736
2737
2736
2734
2732
2731
2733
2739
2738
2738
2738
2738
2737
2736
2730
2730
2734
2732
2730
2727
2727
2727
2726
2722
2723
2726
2726
2723
2723
2722
2722
2719
2718
2717
2713
2714
2713
2716
2715
2715
2716
2710
2710
2709
2714
2713
2712
2712
2711
2711
2712
2711
2710
2706
2707
2711
2711
2710
2707
2707
2708
2707
2707
2707
2702
2703
2702
2706
2707
2706
2705
2699
2701
2704
2705
2705
2703
2703
2699
2699
2702
2701
2702
2701
2701
2700
2701
2701
2701
2701
2703
2702
2701
2702
2703
2703
2699
2699
2697
2703
2702
2701
2701
2698
2699
2700
2704
2705
2705
2704
2700
2700
2702
2705
2703
2699
2700
2704
2703
2702
2701
2701
2700
2700
2700
2701
2700
2698
2698
2697
2697
2698
2698
2697
2697
2697
2693
2691
2696
2694
2693
2694
2693
2690
2691
2695
2694
2691
2691
2695
2693
2694
2694
2692
2692
2691
2691
2689
2689
2689
2687
2688
2688
2687
2688
2686
2688
2688
2684
2684
2690
2689
2689
2691
2692
2689
2689
2695
2694
2695
2694
2694
2694
2693
2688
2689
2695
2693
2692
2692
2692
2689
2687
2692
2690
2690
2690
2687
2683
2685
2688
2686
2681
2682
2683
2686
2684
2683
2684
2685
2686
2687
2687
2686
2687
2687
2687
2686
2686
2686
2686
2686
2685
2679
2679
2683
2682
2681
2677
2678
2682
2681
2682
2683
2683
2683
2683
2684
2684
2678
2679
2684
2685
2683
2682
2681
2681
2680
2674
2675
2676
2680
2681
2678
2679
2679
2678
2676
2676
2676
2676
2676
2672
2672
2676
2676
2676
2673
2673
2679
2677
2678
2678
2679
2680
2680
2682
2681
2678
2678
2681
2682
2682
2681
2680
2680
2680
2674
2674
2675
2678
2677
2672
2673
2676
2675
2674
2668
2670
2673
2672
2667
2669
2670
2672
2670
2671
2669
2669
2668
2667
2668
2667
2666
2667
2667
2668
2668
2668
2670
2670
2669
2666
2667
2670
2669
2669
2668
2668
2669
2668
2665
2667
2669
2669
2668
2667
2665
2666
2664
2664
2665
2664
2660
2662
2667
2665
2666
2665
2665
2665
2666
2666
2665
2664
2666
2660
2660
2660
2664
2662
2661
2662
2660
2659
2660
2659
2658
2657
2659
2653
2655
2658
2659
2659
2655
2656
2661
2660
2659
2661
2661
2657
2657
2662
2661
2655
2657
2656
2660
2660
2660
2660
2660
2660
2659
2657
2657
2657
2657
2651
2652
2657
2655
2654
2650
2650
2654
2654
2649
2650
2651
2654
2654
2654
2655
2655
2658
2658
2659
2659
2656
2658
2661
2660
2661
2660
2659
2659
2659
2658
2657
2657
2656
2655
2654
2655
2653
2653
2654
2654
2653
2654
2655
2654
2655
2655
2655
2655
2655
2655
2654
2652
2648
2648
2653
2651
2650
2650
2648
2649
2648
2642
2643
2645
2647
2646
2642
2642
2647
2646
2641
2642
2643
2646
2645
2642
2642
2648
2647
2647
2645
2645
2645
2646
2644
2644
2644
2644
2644
2643
2642
2639
2640
2644
2642
2641
2641
2640
2639
2641
2634
2638
2641
2646
2646
2647
2648
2649
2649
2646
2645
2647
2650
2649
2648
2648
2644
2645
2644
2649
2648
2644
2645
2651
2650
2649
2650
2651
2651
2650
2651
2652
2651
2650
2650
2650
2649
2649
2651
2646
2648
2648
2653
2654
2654
2655
2650
2650
2651
2654
2654
2654
2653
2647
2648
2651
2652
2650
2645
2646
2650
2648
2643
2644
2644
2647
2646
2644
2644
2644
2644
2645
2645
2645
2645
2646
2646
2646
2644
2642
2643
2648
2647
2645
2645
2644
2643
2642
2642
2642
2640
2640
2635
2635
2635
2638
2638
2637
2637
2636
2637
2634
2632
2632
2635
2636
2635
2634
2634
2633
2635
2633
2632
2628
2628
2634
2633
2632
2631
2630
2627
2628
2631
2629
2629
2628
2628
2627
2626
2627
2628
2623
2623
2624
2627
2627
2626
2625
2625
2623
2623
2624
2624
2619
2620
2626
2624
2623
2623
2623
2618
2618
2622
2622
2621
2622
2621
2622
2621
2617
2620
2624
2622
2622
2622
2622
2623
2623
2623
2624
2625
2624
2625
2625
2625
2624
2624
2621
2622
2623
2626
2626
2627
2626
2621
2622
2623
2626
2624
2620
2621
2625
2625
2624
2626
2626
2625
2626
2622
2621
2624
2624
2622
2621
2621
2621
2620
2621
2619
2618
2619
2618
2616
2616
2616
2615
2615
2615
2615
2615
2616
2616
2616
2619
2620
2620
2621
2622
2622
2623
2623
2622
2622
2618
2620
2624
2623
2620
2622
2625
2629
2631
2628
2631
2637
2638
2635
2638
2641
2648
2651
2649
2653
2660
2664
2666
2667
2671
2679
2682
2687
2691
2695
2701
2705
2708
2711
2712
2718
2727
2732
2735
2735
2739
2748
2751
2755
2760
2764
2763
2766
2773
2776
2778
2781
2783
2784
2785
2787
2789
2790
2790
2786
2787
2788
