4754
4752
4748
4744
4750
4744
4740
4738
4732
4729
4726
4715
4713
4710
4707
4701
4697
4691
4685
4683
4678
4672
4668
4663
4658
4652
4650
4644
4639
4635
4631
4625
4615
4612
4614
4608
4602
4596
4591
4590
4587
4578
4573
4575
4570
4566
4560
4557
4557
4554
4550
4544
4542
4539
4535
4533
4531
4528
4526
4521
4521
4517
4513
4512
4509
4507
4504
4501
4501
4504
4503
4499
4497
4496
4495
4496
4494
4494
4491
4491
4493
4490
4487
4481
4483
4483
4481
4474
4474
4477
4473
4472
4470
4466
4465
4463
4461
4462
4459
4458
4457
4457
4455
4448
4449
4449
4451
4450
4448
4447
4446
4445
4444
4444
4443
4445
4445
4438
4439
4444
4440
4440
4437
4435
4434
4434
4432
4429
4429
4427
4425
4426
4424
4420
4418
4426
4424
4422
4418
4419
4423
4422
4420
4418
4420
4414
4414
4420
4418
4413
4414
4415
4417
4417
4418
4418
4414
4413
4419
4418
4417
4415
4415
4416
4415
4415
4415
4416
4416
4415
4415
4413
4414
4412
4411
4411
4412
4405
4407
4409
4408
4406
4407
4406
4401
4402
4405
4403
4402
4402
4401
4397
4395
4402
4399
4398
4399
4402
4402
4402
4395
4400
4401
4401
4398
4399
4396
4397
4395
4397
4392
4394
4393
4394
4392
4391
4392
4392
4392
4389
4389
4387
4389
4387
4389
4386
4388
4381
4383
4381
4386
4384
4384
4383
4384
4388
4388
4388
4391
4395
4398
4392
4397
4400
4401
4399
4399
4397
4398
4396
4396
4395
4395
4392
4392
4390
4388
4384
4384
4384
4387
4388
4387
4388
4387
4388
4384
4382
4380
4386
4382
4384
4381
4384
4383
4383
4379
4379
4383
4385
4379
4385
4387
4394
4390
4393
4392
4393
4390
4390
4386
4387
4384
4385
4383
4383
4379
4376
4380
4381
4379
4375
4376
4379
4379
4376
4374
4373
4380
4378
4376
4379
4378
4380
4379
4378
4378
4386
4385
4386
4389
4388
4391
4393
4396
4397
4397
4399
4398
4399
4395
4397
4395
4396
4394
4394
4396
4396
4395
4395
4403
4401
4399
4400
4405
4408
4411
4410
4414
4413
4415
4415
4419
4419
4424
4422
4421
4424
4428
4431
4432
4435
4434
4437
4436
4438
4440
4440
4438
4440
4446
4446
4450
4450
4453
4451
4455
4463
4463
4458
4463
4467
4473
4475
4478
4482
4482
4487
4499
4498
4502
4503
4505
4508
4512
4509
4513
4516
4525
4529
4532
4538
4542
4551
4555
4560
4564
4569
4574
4577
4580
4584
4589
4594
4593
4600
4607
4614
4612
4619
4625
4634
4641
4645
4650
4658
4666
4672
4681
4685
4694
4703
4713
4718
4722
4729
4737
4750
4757
4763
4770
4769
4775
4781
4790
4796
4800
4806
4812
4818
4826
4831
4840
4848
4858
4863
4873
4875
4886
4893
4906
4911
4920
4926
4931
4939
4950
4963
4971
4976
4988
5005
5013
5022
5030
5040
5058
5068
5079
5090
5103
5113
5127
5137
5151
5162
5174
5186
5198
5211
5222
5233
5245
5255
5275
5285
5297
5311
5321
5337
5347
5361
5372
5385
5398
5410
5422
5434
5455
5465
5480
5492
5507
5521
5534
5545
5560
5580
5588
5599
5614
5624
5643
5652
5664
5672
5680
5690
5702
5717
5728
5739
5753
5767
5782
5799
5812
5825
5837
5847
5854
5870
5885
5904
5915
5927
5938
5960
5973
5987
6003
6018
6034
6049
6062
6077
6100
6113
6129
6146
6162
6178
6196
6204
6223
6241
6257
6275
6290
6309
6322
6343
6364
6382
6398
6416
6434
6454
6472
6487
6503
6521
6534
6549
6564
6580
6595
6608
6619
6632
6650
6669
6682
6694
6710
6733
6749
6765
6778
6798
6820
6839
6855
6876
6894
6914
6931
6947
6964
6988
7003
7016
7033
7047
7061
7073
7085
7102
7114
7129
7143
7157
7171
7184
7198
7210
7224
7236
7242
7261
7278
7287
7298
7310
7319
7331
7341
7361
7371
7387
7400
7408
7426
7439
7462
7474
7497
7512
7528
7546
7564
7584
7603
7618
7639
7666
7681
7699
7713
7732
7756
7773
7792
7809
7827
7846
7862
7875
7889
7915
7931
7949
7969
7981
7991
8003
8026
8037
8047
8062
8072
8083
8093
8095
8103
8108
8113
8118
8125
8132
8131
8139
8154
8161
8167
8176
8186
8191
8201
8216
8227
8233
8248
8258
8271
8283
8291
8305
8316
8331
8346
8359
8373
8381
8394
8409
8419
8420
8431
8443
8451
8456
8460
8466
8468
8474
8483
8487
8498
8502
8513
8519
8526
8529
8539
8554
8567
8576
8582
8595
8611
8622
8632
8641
8652
8665
8670
8671
8677
8676
8683
8691
8692
8697
8712
8721
8729
8744
8756
8772
8782
8795
8805
8813
8826
8832
8848
8855
8869
8881
8891
8902
8915
8928
8939
8947
8957
8966
8969
8977
8976
8978
8977
8983
8996
8994
9000
9000
8999
9001
9001
8998
9000
8990
8993
8995
8992
8991
8987
8990
8996
8992
8984
8984
8981
8985
8982
8982
8986
8987
8994
8999
9006
9015
9018
9030
9046
9054
9066
9076
9087
9099
9108
9121
9135
9146
9154
9168
9177
9188
9199
9210
9214
9224
9234
9246
9251
9252
9256
9265
9265
9262
9264
9261
9265
9263
9261
9261
9268
9269
9271
9275
9280
9280
9287
9293
9296
9304
9311
9317
9322
9327
9329
9328
9328
9323
9320
9315
9309
9318
9314
9309
9312
9312
9320
9325
9321
9332
9342
9348
9352
9353
9359
9360
9366
9378
9381
9383
9386
9387
9389
9390
9389
9389
9377
9377
9375
9376
9371
9364
9363
9372
9370
9371
9375
9377
9381
9386
9389
9395
9399
9402
9404
9404
9402
9401
9394
9388
9378
9375
9366
9361
9369
9364
9357
9357
9357
9354
9353
9356
9355
9359
9364
9367
9374
9383
9386
9395
9397
9402
9416
9419
9421
9423
9425
9425
9423
9426
9425
9428
9428
9430
9425
9425
9433
9433
9432
9434
9433
9437
9436
9427
9426
9414
9412
9408
9407
9399
9396
9390
9385
9380
9372
9368
9360
9353
9350
9345
9337
9328
9318
9315
9316
9313
9313
9315
9311
9313
9315
9313
9314
9308
9311
9315
9312
9308
9304
9303
9307
9307
9298
9302
9302
9302
9302
9301
9298
9302
9301
9297
9299
9300
9302
9296
9292
9290
9286
9286
9288
9289
9292
9294
9294
9294
9297
9305
9313
9314
9317
9316
9317
9321
9330
9333
9331
9332
9331
9331
9332
9333
9333
9336
9336
9338
9334
9328
9312
9302
9292
9279
9266
9254
9244
9237
9224
9220
9216
9212
9214
9213
9214
9212
9205
9206
9206
9210
9208
9206
9202
9204
9198
9191
9183
9175
9176
9167
9156
9149
9151
9144
9135
9125
9118
9120
9113
9099
9096
9093
9096
9094
9090
9091
9081
9083
9086
9087
9081
9081
9077
9077
9074
9071
9069
9069
9064
9059
9057
9053
9051
9047
9044
9035
9031
9035
9030
9030
9030
9028
9031
9028
9024
9025
9030
9030
9027
9028
9029
9030
9035
9026
9029
9035
9032
9028
9025
9027
9022
9020
9018
9012
9009
9001
8996
8986
8982
8978
8970
8967
8958
8956
8947
8944
8946
8942
8930
8930
8928
8927
8921
8916
8908
8904
8896
8893
8885
8876
8872
8867
8859
8854
8851
8847
8843
8841
8837
8826
8823
8829
8820
8816
8806
8807
8813
8812
8808
8808
8812
8814
8809
8808
8803
8791
8790
8791
8786
8782
8770
8769
8774
8777
8762
8760
8753
8751
8739
8729
8712
8699
8684
8668
8651
8636
8618
8604
8584
8570
8557
8539
8522
8509
8500
8487
8473
8464
8451
8442
8437
8430
8423
8424
8415
8416
8423
8424
8425
8430
8430
8426
8423
8422
8418
8415
8409
8407
8403
8400
8396
8399
8395
8387
8389
8395
8391
8386
8382
8385
8386
8380
8373
8368
8364
8358
8348
8339
8328
8323
8313
8311
8303
8289
8286
8281
8280
8274
8269
8264
8265
8255
8245
8238
8235
8235
8230
8221
8217
8220
8216
8215
8214
8211
8204
8197
8189
8179
8169
8158
8147
8144
8134
8124
8116
8109
8102
8098
8092
8090
8085
8083
8074
8071
8073
8076
8074
8068
8065
8066
8063
8053
8043
8039
8038
8030
8024
8012
8005
7997
7990
7987
7981
7975
7970
7968
7965
7961
7960
7960
7949
7949
7955
7949
7949
7940
7936
7937
7932
7925
7917
7916
7909
7908
7901
7898
7904
7900
7897
7896
7892
7890
7890
7887
7884
7884
7883
7880
7881
7878
7877
7873
7866
7860
7852
7843
7835
7822
7817
7814
7808
7793
7791
7788
7786
7784
7773
7773
7780
7773
7770
7771
7769
7762
7764
7768
7765
7763
7763
7760
7758
7753
7752
7748
7746
7740
7734
7729
7722
7716
7713
7709
7702
7701
7690
7690
7689
7681
7671
7667
7667
7666
7657
7649
7643
7646
7639
7628
7626
7619
7614
7609
7594
7587
7585
7573
7567
7557
7548
7541
7531
7514
7508
7505
7496
7488
7480
7472
7466
7456
7447
7443
7439
7431
7431
7424
7421
7416
7413
7410
7403
7401
7406
7400
7396
7392
7387
7376
7374
7369
7362
7350
7339
7342
7331
7323
7314
7309
7311
7305
7299
7296
7291
7286
7283
7276
7274
7274
7271
7266
7264
7258
7255
7252
7247
7239
7239
7234
7228
7225
7220
7217
7213
7200
7198
7191
7191
7182
7173
7168
7160
7156
7151
7143
7141
7142
7136
7129
7126
7128
7122
7120
7111
7110
7114
7107
7105
7103
7098
7093
7091
7088
7084
7076
7077
7075
7080
7075
7074
7074
7073
7072
7063
7066
7064
7067
7066
7061
7058
7058
7055
7052
7044
7041
7039
7036
7031
7023
7019
7010
7007
7002
6997
6991
6988
6980
6975
6972
6962
6962
6961
6962
6947
6947
6943
6945
6937
6931
6927
6923
6920
6910
6904
6901
6901
6894
6883
6882
6888
6880
6878
6867
6864
6865
6859
6854
6853
6848
6845
6839
6836
6834
6832
6830
6824
6823
6820
6816
6814
6808
6807
6800
6792
6788
6778
6769
6767
6755
6741
6731
6718
6709
6700
6683
6681
6676
6669
6663
6655
6649
6647
6641
6634
6631
6634
6629
6622
6618
6613
6608
6605
6599
6595
6594
6588
6586
6581
6579
6572
6568
6570
6566
6560
6549
6548
6550
6543
6534
6532
6531
6530
6528
6523
6520
6520
6514
6513
6507
6505
6498
6495
6483
6480
6480
6476
6472
6469
6463
6459
6453
6449
6444
6440
6435
6431
6428
6421
6413
6411
6410
6411
6406
6399
6397
6402
6401
6397
6396
6394
6387
6387
6390
6390
6387
6384
6385
6382
6379
6374
6369
6361
6357
6354
6354
6346
6344
6341
6336
6331
6327
6323
6321
6316
6311
6309
6303
6295
6291
6289
6288
6282
6278
6271
6265
6261
6256
6248
6243
6244
6239
6227
6226
6223
6222
6219
6216
6217
6213
6213
6210
6207
6210
6214
6213
6208
6207
6212
6208
6204
6199
6196
6193
6187
6184
6178
6175
6171
6167
6166
6162
6159
6155
6153
6146
6146
6139
6136
6131
6126
6123
6118
6117
6105
6106
6107
6102
6100
6098
6094
6094
6088
6082
6081
6085
6079
6071
6069
6070
6071
6068
6059
6060
6063
6060
6055
6051
6048
6055
6051
6051
6048
6049
6046
6045
6043
6042
6041
6037
6038
6035
6034
6029
6028
6031
6027
6025
6021
6020
6014
6015
6007
6007
6009
6005
5999
5997
5993
5991
5987
5978
5976
5979
5974
5968
5966
5960
5956
5952
5950
5945
5940
5937
5937
5931
5926
5926
5922
5919
5918
5914
5907
5904
5907
5900
5897
5895
5888
5890
5885
5880
5878
5885
5881
5879
5874
5872
5874
5868
5865
5863
5854
5848
5843
5844
5839
5831
5830
5822
5820
5816
5813
5811
5806
5805
5799
5798
5793
5792
5788
5781
5778
5784
5783
5780
5773
5778
5779
5782
5781
5783
5773
5777
5774
5782
5776
5776
5776
5767
5769
5768
5772
5767
5769
5766
5767
5765
5766
5765
5764
5763
5761
5756
5757
5758
5754
5753
5744
5743
5746
5743
5733
5731
5725
5724
5718
5712
5708
5704
5701
5695
5689
5688
5689
5687
5683
5681
5675
5676
5675
5667
5668
5670
5670
5660
5663
5666
5667
5664
5664
5664
5661
5662
5659
5658
5660
5658
5659
5658
5655
5650
5649
5652
5652
5650
5646
5642
5643
5641
5643
5635
5633
5634
5628
5627
5620
5616
5612
5605
5604
5599
5596
5589
5590
5584
5583
5580
5579
5576
5574
5572
5572
5574
5567
5568
5571
5571
5564
5563
5558
5556
5555
5546
5547
5549
5544
5542
5540
5535
5532
5530
5535
5529
5525
5525
5522
5525
5520
5516
5517
5512
5511
5508
5509
5507
5505
5506
5503
5503
5499
5501
5498
5494
5490
5495
5491
5483
5483
5483
5486
5486
5477
5477
5480
5474
5470
5470
5465
5464
5462
5453
5452
5457
5454
5451
5448
5443
5442
5440
5439
5436
5434
5435
5431
5429
5427
5422
5420
5422
5421
5419
5416
5414
5420
5417
5417
5416
5413
5414
5413
5411
5410
5408
5406
5405
5405
5405
5403
5404
5398
5396
5398
5397
5397
5398
5396
5391
5392
5395
5393
5392
5384
5383
5384
5385
5383
5382
5381
5379
5376
5377
5376
5372
5372
5369
5364
5363
5367
5365
5358
5359
5364
5361
5357
5355
5354
5351
5352
5344
5342
5341
5343
5341
5339
5336
5332
5332
5331
5327
5326
5324
5320
5319
5317
5309
5306
5306
5306
5304
5303
5302
5300
5301
5300
5298
5298
5291
5288
5292
5292
5284
5283
5282
5284
5283
5283
5279
5280
5280
5280
5277
5280
5281
5277
5277
5274
5271
5268
5265
5263
5261
5254
5253
5255
5256
5254
5253
5253
5245
5247
5251
5246
5248
5240
5239
5241
5239
5234
5233
5229
5227
5227
5225
5220
5222
5219
5219
5219
5216
5212
5209
5214
5211
5210
5211
5208
5205
5205
5199
5200
5205
5202
5202
5202
5198
5194
5195
5201
5198
5197
5194
5193
5191
5186
5185
5181
5171
5171
5167
5168
5163
5163
5158
5152
5150
5149
5147
5145
5139
5139
5145
5142
5140
5135
5134
5138
5137
5135
5132
5130
5129
5130
5127
5125
5123
5123
5123
5121
5121
5121
5120
5118
5120
5117
5121
5119
5120
5119
5121
5119
5114
5116
5120
5115
5115
5113
5113
5112
5114
5122
5119
5118
5117
5116
5112
5108
5105
5103
5098
5093
5091
5093
5090
5081
5080
5084
5082
5079
5076
5076
5075
5073
5066
5067
5069
5073
5073
5071
5070
5063
5065
5068
5070
5068
5068
5070
5069
5068
5060
5059
5059
5061
5058
5057
5054
5053
5053
5050
5049
5049
5047
5048
5044
5045
5042
5044
5042
5040
5041
5042
5041
5039
5040
5040
5036
5036
5039
5039
5033
5035
5035
5038
5035
5036
5035
5034
5035
5032
5030
5028
5033
5032
5030
5028
5022
5022
5019
5022
5020
5018
5015
5011
5010
5008
5007
5003
5000
4998
4997
4995
4990
4991
4992
4995
4994
4989
4992
4995
4993
4992
4990
4987
4984
4983
4980
4978
4977
4969
4972
4977
4975
4973
4972
4970
4970
4972
4975
4975
4978
4979
4972
4973
4972
4977
4973
4970
4969
4965
4968
4967
4971
4971
4971
4966
4963
4960
4954
4953
4951
4948
4947
4947
4946
4948
4945
4944
4943
4942
4935
4934
4940
4935
4934
4929
4927
4927
4925
4916
4918
4921
4922
4921
4918
4917
4914
4914
4918
4917
4917
4919
4915
4913
4913
4918
4913
4913
4908
4906
4910
4910
4909
4908
4909
4911
4910
4910
4907
4902
4905
4907
4904
4905
4905
4904
4903
4902
4904
4902
4900
4900
4899
4898
4894
4895
4892
4891
4891
4890
4888
4887
4884
4884
4888
4888
4889
4883
4883
4886
4884
4878
4878
4874
4880
4878
4876
4876
4871
4870
4871
4872
4869
4866
4867
4864
4863
4863
4863
4861
4856
4855
4857
4853
4854
4852
4849
4848
4848
4846
4846
4842
4842
4842
4842
4841
4840
4838
4833
4834
4838
4839
4837
4834
4835
4835
4835
4831
4833
4833
4836
4837
4836
4835
4829
4831
4833
4835
4837
4831
4833
4841
4837
4839
4840
4836
4835
4836
4835
4835
4828
4831
4832
4833
4835
4832
4833
4839
4838
4838
4838
4839
4839
4837
4837
4836
4835
4834
4832
4827
4826
4830
4831
4823
4826
4826
4830
4829
4830
4829
4825
4826
4825
4823
4824
4821
4820
4818
4813
4812
4809
4806
4801
4798
4802
4800
4795
4795
4795
4793
4793
4789
4787
4792
4791
4792
4791
4792
4788
4788
4792
4788
4788
4788
4784
4787
4783
4783
4781
4780
4780
4779
4776
4779
4779
4777
4772
4772
4777
4778
4776
4776
4776
4775
4775
4773
4771
4774
4769
4768
4772
4772
4766
4769
4766
4768
4766
4759
4760
4763
4762
4757
4755
4753
4758
4756
4749
4751
4755
4755
4753
4756
4753
4749
4750
4754
4754
4752
4754
4753
4753
4754
4748
4752
4754
4755
4756
4754
4755
4756
4754
4754
4753
4753
4754
4756
4757
4758
4750
4752
4753
4756
4754
4751
4750
4750
4747
4746
4742
4744
4748
4749
4748
4746
4751
4749
4745
4746
4743
4741
4741
4736
4735
4735
4732
4732
4731
4729
4722
4723
4722
4724
4720
4722
4721
4719
4720
4714
4716
4714
4718
4716
4715
4716
4713
4714
4714
4709
4710
4714
4712
4714
4712
4713
4712
4711
4711
4710
4709
4708
4707
4707
4708
4702
4704
4710
4708
4701
4703
4701
4707
4707
4702
4703
4704
4701
4700
4697
4696
4700
4697
4699
4698
4696
4697
4699
4696
4698
4692
4692
4699
4695
4696
4697
4695
4694
4696
4704
4704
4700
4700
4701
4705
4705
4707
4705
4704
4702
4702
4699
4696
4693
4691
4687
4686
4686
4679
4679
4681
4680
4680
4680
4678
4674
4675
4677
4673
4671
4671
4667
4666
4667
4660
4662
4667
4666
4667
4667
4666
4668
4667
4665
4666
4659
4663
4664
4665
4664
4661
4660
4665
4663
4666
4664
4666
4669
4664
4659
4661
4666
4662
4663
4662
4663
4662
4663
4664
4665
4665
4666
4667
4666
4665
4667
4667
4662
4665
4668
4672
4667
4667
4663
4663
4659
4660
4655
4654
4650
4648
4650
4648
4647
4646
4644
4646
4646
4639
4640
4646
4644
4642
4641
4640
4634
4634
4641
4638
4636
4634
4636
4633
4631
4632
4631
4629
4625
4627
4632
4628
4622
4624
4632
4628
4629
4631
4632
4630
4630
4631
4629
4627
4624
4625
4623
4622
4616
4618
4620
4624
4626
4621
4624
4627
4624
4622
4621
4619
4618
4617
4616
4617
4618
4615
4615
4616
4616
4609
4611
4614
4611
4608
4605
4604
4607
4609
4612
4611
4609
4611
4611
4613
4615
4611
4610
4611
4609
4605
4599
4601
4604
4601
4599
4598
4599
4597
4596
4595
4596
4592
4591
4596
4594
4593
4591
4589
4589
4587
4587
4586
4587
4587
4587
4585
4583
4579
4577
4582
4584
4585
4579
4581
4590
4588
4586
4587
4587
4584
4581
4586
4585
4578
4580
4582
4584
4582
4582
4578
4577
4576
4574
4572
4571
4572
4570
4572
4570
4563
4566
4565
4569
4570
4570
4572
4565
4571
4573
4575
4576
4576
4573
4572
4572
4570
4569
4570
4566
4566
4572
4569
4568
4569
4568
4566
4565
4567
4566
4565
4565
4566
4568
4569
4565
4567
4576
4574
4572
4570
4571
4574
4575
4570
4571
4575
4570
4568
4568
4567
4564
4565
4565
4562
4561
4561
4562
4556
4555
4562
4562
4557
4553
4555
4555
4554
4553
4553
4553
4552
4552
4553
4553
4548
4548
4552
4551
4552
4551
4552
4553
4553
4554
4553
4553
4553
4554
4553
4550
4544
4545
4551
4546
4547
4547
4546
4547
4548
4543
4541
4543
4548
4546
4545
4546
4543
4541
4540
4538
4538
4538
4537
4530
4530
4537
4534
4531
4531
4530
4525
4525
4531
4530
4529
4524
4525
4531
4532
4530
4529
4530
4531
4529
4528
4531
4530
4532
4527
4530
4528
4534
4534
4528
4530
4536
4533
4531
4533
4531
4530
4529
4528
4527
4525
4524
4526
4521
4520
4528
4525
4525
4522
4521
4523
4523
4520
4519
4519
4518
4515
4514
4514
4512
4510
4511
4511
4507
4506
4506
4510
4508
4503
4505
4509
4510
4512
4511
4513
4521
4521
4515
4516
4518
4521
4519
4517
4518
4517
4517
4514
4513
4514
4510
4507
4507
4508
4508
4506
4506
4503
4505
4503
4500
4500
4501
4499
4498
4499
4496
4499
4502
4501
4499
4497
4495
4500
4498
4495
4496
4499
4495
4494
4490
4490
4491
4490
4490
4487
4489
4485
4486
4484
4484
4483
4484
4484
4482
4481
4481
4483
4481
4476
4481
4480
4481
4483
4485
4481
4485
4489
4489
4488
4486
4486
4488
4487
4484
4485
4489
4489
4488
4484
4487
4490
4490
4483
4485
4482
4487
4487
4485
4483
4482
4483
4483
4482
4480
4480
4479
4479
4477
4476
4475
4475
4475
4475
4471
4470
4474
4474
4473
4473
4473
4470
4471
4472
4473
4470
4468
4469
4472
4471
4469
4469
4468
4468
4467
4472
4473
4468
4467
4472
4474
4472
4467
4469
4474
4474
4468
4469
4470
4472
4473
4473
4474
4467
4470
4475
4475
4473
4473
4474
4475
4476
4480
4480
4482
4482
4481
4484
4483
4482
4481
4482
4481
4479
4472
4472
4477
4473
4469
4467
4468
4470
4471
4470
4467
4466
4466
4463
4463
4464
4461
4462
4461
4462
4461
4459
4458
4461
4462
4459
4462
4464
4468
4468
4465
4465
4468
4466
4463
4465
4465
4469
4470
4472
4474
4475
4475
4473
4473
4473
4475
4473
4473
4473
4473
4473
4472
4469
4465
4468
4467
4466
4465
4465
4458
4458
4462
4459
4454
4457
4455
4457
4457
4453
4453
4457
4455
4452
4450
4448
4452
4452
4451
4450
4450
4450
4448
4445
4446
4449
4449
4447
4446
4447
4448
4447
4448
4446
4449
4450
4449
4448
4449
4447
4446
4453
4451
4450
4451
4451
4451
4452
4450
4448
4449
4449
4448
4441
4440
4445
4445
4444
4443
4441
4442
4439
4439
4438
4437
4434
4434
4434
4435
4430
4430
4435
4435
4432
4431
4433
4432
4434
4432
4432
4437
4436
4436
4435
4435
4435
4437
4430
4431
4438
4437
4437
4436
4438
4438
4441
4449
4450
4452
4452
4458
4468
4473
4472
4482
4492
4503
4510
4515
4527
4538
4545
4551
4561
4571
4583
4593
4603
4614
4616
4627
4637
4649
4654
4661
4669
4677
4682
4689
4696
4703
4706
4712
4717
4720
4723
4728
4732
4733
4737
4738
4740
4740
