2793
2791
2789
2788
2788
2787
2786
2783
2781
2777
2776
2780
2775
2774
2773
2771
2769
2767
2764
2762
2760
2759
2758
2751
2749
2752
2750
2748
2746
2743
2737
2736
2739
2736
2733
2731
2729
2728
2725
2723
2722
2720
2719
2717
2715
2714
2712
2710
2705
2703
2708
2705
2703
2701
2700
2693
2693
2694
2693
2692
2690
2689
2684
2684
2688
2686
2684
2683
2683
2682
2682
2676
2676
2681
2679
2679
2677
2676
2675
2675
2674
2672
2672
2671
2671
2671
2668
2668
2669
2668
2667
2666
2662
2662
2665
2665
2658
2658
2658
2661
2659
2658
2657
2652
2653
2653
2655
2653
2653
2652
2651
2650
2647
2646
2646
2649
2648
2645
2645
2649
2647
2646
2645
2646
2645
2644
2645
2645
2644
2643
2643
2642
2644
2645
2645
2644
2642
2640
2642
2642
2641
2642
2637
2637
2637
2642
2639
2635
2635
2640
2639
2637
2634
2634
2638
2638
2632
2631
2635
2635
2636
2635
2633
2632
2632
2633
2633
2631
2632
2631
2627
2627
2631
2630
2629
2628
2628
2628
2627
2626
2626
2623
2623
2624
2627
2626
2620
2620
2625
2625
2625
2624
2625
2624
2624
2625
2624
2623
2624
2624
2624
2623
2619
2620
2625
2624
2624
2622
2621
2622
2622
2621
2620
2620
2616
2617
2619
2619
2619
2618
2616
2615
2614
2618
2617
2616
2616
2616
2615
2615
2614
2613
2609
2610
2614
2612
2611
2612
2611
2610
2610
2611
2611
2610
2607
2608
2613
2611
2612
2612
2613
2613
2613
2612
2612
2613
2612
2613
2613
2614
2615
2617
2614
2615
2620
2619
2618
2615
2615
2620
2620
2617
2616
2620
2618
2620
2619
2618
2617
2617
2616
2616
2616
2615
2614
2610
2610
2616
2617
2614
2610
2612
2615
2615
2614
2614
2611
2611
2610
2611
2612
2607
2608
2612
2611
2609
2606
2606
2610
2610
2609
2609
2609
2607
2606
2607
2608
2606
2605
2606
2606
2607
2608
2608
2608
2608
2603
2605
2607
2611
2610
2610
2610
2612
2612
2613
2611
2612
2612
2612
2609
2610
2615
2614
2614
2611
2612
2616
2615
2615
2613
2613
2615
2614
2611
2610
2615
2615
2614
2611
2611
2616
2616
2615
2616
2611
2612
2612
2616
2616
2617
2617
2615
2615
2615
2614
2616
2618
2617
2619
2619
2618
2615
2616
2622
2621
2618
2619
2624
2625
2625
2625
2626
2622
2622
2630
2629
2630
2627
2628
2633
2633
2633
2634
2633
2631
2631
2636
2636
2637
2638
2635
2637
2637
2643
2641
2642
2644
2645
2648
2648
2645
2646
2651
2651
2651
2651
2652
2653
2654
2655
2656
2653
2655
2660
2661
2662
2661
2662
2669
2669
2670
2671
2672
2673
2674
2675
2678
2680
2681
2682
2683
2684
2686
2687
2687
2690
2692
2694
2696
2694
2695
2702
2703
2701
2704
2707
2712
2712
2711
2713
2720
2722
2723
2724
2726
2733
2734
2731
2734
2740
2742
2746
2747
2751
2752
2754
2756
2758
2760
2762
2763
2762
2765
2774
2774
2776
2779
2782
2782
2786
2794
2794
2796
2798
2801
2804
2805
2807
2811
2809
2814
2817
2825
2828
2832
2835
2834
2838
2842
2848
2851
2855
2857
2862
2865
2868
2872
2875
2877
2882
2881
2885
2894
2895
2899
2903
2908
2913
2916
2915
2921
2926
2935
2937
2941
2943
2946
2951
2953
2958
2962
2966
2968
2971
2977
2975
2980
2984
2992
2996
3000
3002
3001
3007
3013
3020
3025
3025
3030
3039
3044
3044
3048
3051
3063
3066
3071
3076
3076
3081
3089
3099
3102
3106
3113
3117
3122
3127
3132
3137
3144
3148
3155
3161
3168
3174
3178
3183
3189
3192
3198
3201
3206
3209
3215
3219
3223
3228
3226
3232
3238
3244
3249
3252
3255
3260
3265
3267
3271
3276
3285
3289
3294
3299
3303
3309
3311
3313
3319
3330
3333
3334
3340
3347
3354
3359
3366
3369
3370
3376
3386
3390
3395
3401
3404
3410
3414
3414
3422
3427
3438
3443
3448
3453
3458
3463
3467
3474
3479
3480
3488
3499
3504
3508
3514
3519
3523
3528
3534
3539
3545
3552
3558
3559
3567
3579
3585
3591
3596
3602
3608
3614
3617
3621
3621
3626
3635
3639
3642
3645
3648
3651
3654
3658
3663
3669
3675
3679
3680
3687
3698
3701
3704
3708
3714
3725
3730
3735
3741
3747
3752
3757
3763
3770
3775
3781
3789
3793
3799
3802
3808
3819
3822
3826
3830
3836
3838
3843
3843
3847
3858
3860
3863
3869
3874
3879
3886
3884
3891
3901
3903
3907
3912
3916
3917
3924
3936
3940
3944
3948
3951
3953
3959
3970
3974
3973
3977
3982
3991
3995
3999
4003
4007
4009
4014
4018
4021
4024
4028
4031
4034
4036
4034
4042
4048
4053
4052
4052
4062
4064
4068
4071
4074
4077
4078
4080
4082
4082
4086
4089
4091
4094
4096
4097
4099
4097
4102
4109
4110
4108
4113
4122
4122
4123
4124
4129
4131
4133
4135
4138
4142
4140
4144
4155
4155
4160
4164
4165
4167
4169
4180
4183
4187
4191
4194
4196
4199
4199
4204
4215
4217
4222
4224
4227
4231
4232
4233
4238
4247
4249
4252
4254
4257
4260
4263
4266
4267
4264
4269
4274
4283
4282
4285
4289
4292
4296
4298
4294
4300
4308
4308
4307
4310
4314
4320
4323
4324
4328
4328
4332
4334
4336
4338
4335
4341
4347
4348
4350
4351
4354
4357
4355
4359
4359
4363
4364
4365
4366
4367
4370
4373
4373
4374
4377
4379
4381
4379
4382
4386
4387
4383
4386
4386
4393
4394
4391
4392
4400
4402
4402
4400
4401
4407
4409
4404
4406
4413
4415
4416
4416
4416
4414
4414
4425
4422
4423
4427
4427
4427
4428
4432
4430
4430
4432
4435
4432
4435
4442
4442
4437
4439
4440
4446
4445
4446
4447
4446
4445
4447
4449
4449
4449
4452
4449
4451
4452
4452
4453
4447
4450
4461
4461
4455
4455
4458
4466
4466
4460
4461
4469
4467
4465
4465
4467
4468
4464
4457
4458
4457
4460
4458
4458
4457
4456
4454
4451
4454
4451
4446
4444
4451
4450
4449
4447
4449
4449
4445
4447
4446
4447
4448
4446
4448
4447
4448
4447
4441
4444
4448
4447
4445
4447
4445
4447
4449
4441
4442
4445
4449
4446
4445
4445
4443
4445
4444
4441
4441
4446
4447
4445
4445
4444
4444
4444
4443
4441
4440
4440
4433
4434
4432
4439
4440
4438
4437
4435
4434
4432
4431
4428
4420
4419
4425
4419
4414
4414
4412
4415
4413
4408
4406
4410
4406
4405
4404
4401
4401
4399
4397
4398
4397
4396
4396
4396
4397
4395
4395
4397
4396
4396
4391
4391
4396
4398
4394
4394
4393
4393
4392
4387
4386
4391
4391
4388
4388
4386
4379
4382
4387
4383
4382
4379
4379
4378
4379
4378
4377
4375
4373
4373
4365
4364
4370
4367
4359
4359
4356
4357
4354
4352
4348
4345
4340
4336
4332
4332
4323
4319
4322
4317
4315
4311
4307
4305
4302
4292
4290
4294
4290
4287
4285
4281
4278
4276
4276
4274
4270
4271
4269
4266
4266
4264
4262
4263
4263
4261
4253
4252
4257
4254
4247
4248
4248
4250
4248
4248
4245
4244
4243
4239
4237
4235
4235
4233
4224
4224
4229
4225
4222
4212
4213
4216
4214
4203
4202
4202
4202
4200
4198
4195
4192
4188
4187
4184
4184
4184
4182
4178
4175
4175
4174
4171
4163
4161
4166
4163
4162
4159
4156
4152
4153
4150
4151
4144
4143
4148
4146
4144
4142
4140
4132
4132
4139
4135
4132
4129
4128
4127
4124
4120
4120
4118
4117
4115
4114
4113
4107
4106
4111
4109
4108
4106
4105
4102
4103
4100
4098
4098
4095
4093
4094
4092
4090
4090
4087
4082
4082
4085
4082
4076
4074
4078
4076
4073
4072
4070
4062
4060
4066
4062
4061
4058
4056
4055
4053
4052
4050
4045
4043
4041
4043
4040
4037
4036
4028
4028
4025
4029
4023
4023
4021
4019
4018
4015
4008
4008
4011
4008
4004
4001
3998
3996
3994
3991
3989
3984
3981
3973
3972
3970
3974
3970
3967
3965
3961
3959
3957
3954
3951
3950
3949
3942
3941
3941
3943
3940
3940
3938
3934
3934
3933
3930
3932
3928
3927
3931
3930
3926
3926
3924
3918
3919
3921
3919
3912
3912
3911
3913
3910
3909
3907
3904
3903
3902
3900
3899
3896
3894
3893
3888
3880
3880
3880
3884
3881
3878
3877
3875
3873
3872
3869
3867
3865
3863
3855
3854
3857
3853
3850
3843
3842
3847
3843
3841
3838
3833
3832
3833
3830
3830
3822
3824
3823
3824
3821
3823
3819
3811
3810
3814
3813
3810
3809
3806
3798
3799
3803
3803
3799
3798
3794
3792
3792
3785
3785
3784
3787
3785
3781
3780
3775
3773
3770
3769
3767
3766
3765
3762
3761
3758
3755
3753
3751
3749
3742
3742
3747
3743
3738
3733
3731
3735
3734
3726
3727
3730
3727
3723
3722
3723
3722
3721
3714
3713
3712
3715
3714
3711
3710
3707
3704
3701
3697
3697
3694
3691
3692
3688
3685
3683
3680
3674
3674
3676
3673
3671
3669
3667
3666
3663
3663
3660
3653
3652
3654
3654
3651
3648
3649
3646
3645
3641
3639
3640
3643
3639
3638
3638
3631
3631
3629
3633
3630
3626
3624
3628
3626
3624
3622
3620
3618
3616
3608
3608
3611
3610
3610
3607
3605
3602
3600
3597
3595
3594
3590
3590
3586
3583
3583
3580
3579
3577
3575
3570
3567
3571
3568
3561
3559
3559
3562
3559
3558
3556
3554
3551
3549
3548
3545
3537
3538
3543
3540
3537
3537
3533
3528
3527
3531
3530
3526
3525
3525
3523
3521
3514
3513
3517
3515
3514
3511
3512
3506
3506
3510
3508
3508
3507
3504
3503
3502
3500
3500
3497
3496
3495
3489
3488
3491
3489
3487
3485
3482
3481
3480
3479
3478
3477
3476
3474
3474
3472
3471
3470
3467
3466
3457
3457
3457
3462
3460
3453
3451
3455
3452
3450
3449
3446
3446
3444
3443
3442
3441
3440
3439
3433
3434
3438
3437
3430
3429
3428
3432
3428
3422
3422
3425
3421
3419
3417
3416
3414
3413
3413
3413
3411
3408
3409
3408
3407
3407
3406
3400
3398
3397
3401
3399
3391
3390
3395
3393
3390
3387
3384
3383
3381
3380
3378
3375
3374
3372
3365
3365
3370
3367
3361
3360
3359
3363
3362
3355
3356
3359
3358
3354
3353
3351
3350
3349
3347
3346
3344
3338
3336
3343
3339
3337
3336
3334
3332
3331
3329
3328
3326
3325
3324
3322
3321
3320
3318
3316
3314
3314
3314
3312
3310
3310
3314
3313
3307
3308
3311
3311
3309
3303
3302
3305
3304
3302
3302
3301
3295
3297
3300
3298
3290
3289
3289
3291
3290
3288
3285
3283
3281
3280
3278
3278
3275
3273
3272
3271
3269
3268
3267
3267
3266
3265
3265
3264
3265
3263
3260
3259
3264
3261
3254
3256
3261
3260
3260
3255
3254
3257
3255
3255
3252
3250
3248
3245
3243
3241
3240
3238
3237
3235
3234
3230
3229
3227
3225
3220
3219
3220
3224
3221
3221
3218
3213
3212
3212
3214
3213
3212
3210
3209
3206
3206
3204
3203
3204
3204
3198
3200
3204
3205
3202
3196
3198
3203
3202
3197
3199
3198
3203
3201
3200
3199
3197
3196
3192
3189
3188
3192
3191
3189
3187
3184
3183
3181
3176
3175
3179
3177
3175
3175
3170
3170
3168
3168
3167
3161
3160
3162
3164
3160
3160
3160
3158
3156
3156
3155
3155
3149
3150
3154
3154
3148
3150
3150
3155
3155
3155
3155
3155
3153
3152
3152
3150
3148
3148
3146
3145
3144
3141
3140
3138
3137
3137
3137
3130
3130
3129
3132
3130
3128
3127
3121
3122
3121
3123
3121
3115
3115
3119
3116
3108
3108
3109
3113
3111
3112
3112
3106
3107
3108
3113
3111
3109
3108
3107
3105
3103
3101
3100
3095
3096
3096
3095
3090
3090
3089
3092
3089
3087
3086
3083
3082
3082
3082
3082
3076
3075
3082
3079
3076
3074
3074
3078
3075
3075
3074
3073
3072
3071
3070
3068
3067
3066
3060
3061
3061
3066
3066
3064
3062
3062
3062
3061
3060
3062
3057
3057
3062
3060
3058
3058
3058
3057
3057
3056
3055
3054
3054
3051
3047
3046
3052
3051
3045
3046
3046
3048
3045
3042
3044
3049
3048
3047
3044
3044
3043
3044
3043
3043
3042
3040
3041
3040
3041
3037
3037
3041
3039
3039
3038
3037
3034
3034
3027
3028
3031
3031
3030
3028
3028
3026
3025
3023
3023
3022
3022
3020
3018
3016
3011
3011
3012
3015
3014
3008
3008
3011
3008
3002
3001
3001
3005
3005
2999
2999
3003
3001
2999
2995
2995
3000
2998
2998
2996
2994
2995
2995
2993
2993
2988
2989
2993
2992
2991
2991
2989
2988
2987
2987
2986
2985
2985
2985
2985
2984
2984
2983
2981
2976
2977
2982
2982
2981
2980
2975
2975
2975
2979
2977
2977
2975
2973
2974
2972
2968
2968
2972
2969
2968
2967
2966
2965
2965
2964
2964
2964
2963
2958
2957
2958
2961
2960
2956
2957
2962
2962
2961
2962
2960
2962
2962
2962
2961
2960
2957
2959
2964
2964
2961
2965
2970
2970
2970
2970
2969
2968
2966
2965
2962
2960
2960
2958
2956
2954
2955
2953
2953
2952
2950
2947
2947
2939
2940
2945
2944
2942
2936
2937
2939
2939
2940
2941
2942
2936
2935
2939
2937
2936
2937
2937
2934
2933
2928
2929
2932
2930
2926
2925
2925
2929
2927
2925
2925
2925
2924
2923
2923
2924
2922
2921
2920
2921
2920
2921
2922
2922
2921
2917
2920
2925
2925
2923
2919
2919
2924
2924
2924
2922
2921
2919
2921
2921
2918
2917
2916
2914
2912
2910
2916
2916
2916
2918
2919
2917
2918
2918
2919
2918
2917
2912
2912
2911
2915
2913
2912
2911
2904
2903
2905
2906
2903
2904
2902
2898
2897
2902
2900
2898
2897
2896
2896
2896
2896
2894
2893
2892
2891
2887
2886
2892
2892
2889
2886
2886
2890
2890
2891
2890
2890
2890
2890
2890
2890
2892
2892
2891
2890
2887
2887
2888
2888
2887
2881
2880
2883
2885
2884
2877
2876
2880
2878
2873
2872
2872
2875
2873
2867
2868
2873
2871
2868
2868
2866
2862
2863
2867
2864
2863
2863
2861
2861
2860
2860
2860
2860
2860
2859
2857
2857
2857
2857
2853
2855
2855
2861
2859
2860
2861
2859
2860
2858
2857
2855
2855
2855
2854
2853
2848
2847
2848
2853
2851
2846
2848
2854
2851
2850
2846
2845
2849
2848
2847
2846
2844
2844
2844
2846
2844
2844
2844
2844
2845
2845
2840
2840
2845
2845
2843
2842
2843
2842
2841
2841
2841
2840
2840
2837
2834
2833
2838
2838
2836
2834
2834
2834
2832
2832
2831
2827
2828
2832
2832
2832
2833
2832
2828
2828
2836
2833
2833
2834
2833
2830
2829
2835
2833
2832
2831
2830
2830
2830
2832
2833
2830
2832
2834
2839
2838
2837
2836
2832
2832
2833
2835
2834
2826
2826
2829
2826
2825
2824
2822
2821
2820
2819
2818
2815
2816
2814
2813
2815
2810
2809
2813
2813
2812
2811
2811
2810
2808
2807
2807
2807
2806
2805
2805
2804
2803
2803
2804
2803
2801
2798
2797
2802
2802
2799
2800
2798
2795
2795
2799
2798
2797
2799
2799
2798
2799
2798
2800
2795
2796
2800
2799
2799
2794
2794
2798
2796
2791
2791
2792
2793
2793
2792
2791
2790
2789
2789
2789
2788
2788
2790
2789
2789
2788
2788
2789
2789
2787
2789
2788
2785
2786
2785
2782
2782
2786
2785
2785
2783
2779
2779
2779
2784
2783
2784
2785
2784
2784
2785
2784
2783
2785
2783
2783
2782
2782
2781
2779
2776
2775
2780
2779
2773
2773
2775
2777
2774
2770
2772
2776
2774
2774
2774
2771
2771
2772
2771
2771
2769
2768
2767
2772
2771
2772
2772
2772
2773
2773
2772
2772
2769
2771
2776
2775
2775
2771
2772
2777
2775
2773
2772
2771
2768
2767
2772
2772
2771
2771
2770
2770
2771
2771
2769
2768
2770
2769
2769
2770
2765
2766
2771
2769
2767
2768
2766
2762
2763
2767
2767
2765
2765
2765
2763
2762
2762
2763
2763
2764
2758
2759
2760
2764
2763
2762
2762
2761
2759
2760
2759
2758
2754
2754
2758
2755
2756
2754
2754
2755
2754
2749
2750
2754
2753
2751
2749
2748
2752
2752
2747
2747
2748
2750
2748
2748
2747
2747
2747
2747
2748
2748
2747
2746
2742
2743
2748
2746
2746
2745
2745
2745
2745
2744
2744
2744
2743
2743
2744
2744
2738
2740
2745
2747
2748
2744
2745
2750
2748
2748
2748
2748
2746
2745
2742
2741
2746
2746
2743
2742
2742
2741
2741
2736
2736
2741
2739
2739
2740
2740
2742
2745
2744
2745
2744
2746
2746
2746
2746
2742
2743
2744
2747
2747
2741
2744
2749
2747
2743
2743
2743
2747
2747
2743
2743
2747
2748
2745
2746
2746
2747
2746
2747
2746
2745
2745
2746
2745
2742
2741
2740
2741
2738
2736
2735
2735
2733
2733
2728
2727
2728
2732
2730
2726
2727
2733
2732
2729
2727
2728
2732
2730
2730
2729
2728
2729
2727
2728
2728
2726
2725
2724
2724
2723
2720
2719
2723
2723
2717
2717
2719
2720
2719
2718
2716
2715
2717
2716
2715
2717
2712
2713
2717
2716
2711
2713
2713
2717
2718
2717
2717
2717
2715
2715
2714
2714
2713
2714
2712
2711
2711
2711
2710
2710
2710
2703
2705
2709
2708
2707
2706
2704
2706
2703
2703
2703
2701
2703
2702
2697
2697
2702
2701
2696
2696
2697
2700
2700
2695
2695
2702
2701
2701
2698
2699
2704
2703
2703
2703
2703
2702
2702
2702
2702
2702
2701
2701
2700
2701
2701
2702
2702
2702
2698
2702
2702
2706
2705
2701
2703
2707
2705
2706
2705
2705
2704
2705
2706
2705
2708
2709
2709
2710
2709
2708
2707
2703
2704
2704
2707
2706
2701
2701
2706
2705
2701
2698
2698
2702
2699
2700
2698
2698
2697
2699
2698
2698
2699
2698
2694
2695
2696
2700
2698
2698
2698
2698
2699
2699
2698
2698
2699
2699
2700
2700
2700
2700
2700
2701
2699
2695
2696
2702
2701
2700
2696
2695
2699
2697
2691
2692
2693
2694
2692
2691
2692
2690
2691
2687
2687
2688
2693
2693
2692
2693
2688
2687
2689
2692
2692
2692
2691
2691
2690
2690
2689
2688
2684
2684
2688
2689
2687
2685
2687
2686
2688
2688
2689
2690
2690
2692
2689
2689
2694
2693
2694
2692
2691
2689
2688
2694
2691
2690
2690
2690
2689
2691
2690
2689
2685
2685
2691
2689
2689
2689
2688
2688
2688
2684
2685
2687
2691
2691
2687
2688
2692
2692
2691
2690
2689
2689
2688
2686
2687
2687
2687
2687
2683
2683
2686
2686
2680
2679
2681
2683
2681
2680
2680
2680
2679
2678
2677
2677
2677
2677
2673
2673
2678
2676
2676
2676
2675
2673
2674
2675
2673
2672
2674
2673
2670
2671
2675
2673
2674
2674
2674
2675
2675
2671
2673
2677
2677
2676
2671
2673
2676
2675
2674
2672
2672
2670
2670
2671
2669
2665
2666
2670
2671
2671
2671
2669
2665
2666
2670
2669
2669
2667
2668
2667
2665
2665
2665
2665
2666
2667
2668
2671
2666
2668
2674
2673
2674
2671
2671
2678
2676
2676
2677
2677
2678
2678
2678
2679
2677
2679
2679
2677
2678
2673
2671
2675
2673
2668
2669
2668
2673
2673
2673
2672
2667
2667
2668
2669
2669
2664
2664
2665
2663
2664
2665
2665
2665
2663
2662
2662
2661
2661
2662
2660
2660
2659
2656
2658
2657
2656
2655
2655
2655
2656
2655
2656
2656
2655
2655
2655
2656
2657
2657
2659
2659
2658
2653
2654
2659
2659
2653
2653
2655
2658
2657
2657
2656
2657
2658
2658
2658
2659
2656
2657
2663
2662
2660
2660
2659
2657
2657
2661
2662
2657
2658
2659
2663
2661
2662
2661
2661
2661
2660
2660
2660
2660
2658
2659
2660
2658
2660
2658
2654
2653
2657
2655
2654
2656
2656
2654
2655
2659
2658
2657
2656
2655
2654
2653
2648
2648
2653
2650
2650
2648
2647
2646
2645
2645
2643
2638
2638
2640
2642
2641
2636
2636
2641
2639
2639
2637
2638
2635
2634
2637
2637
2636
2637
2636
2637
2638
2637
2638
2638
2636
2637
2636
2636
2632
2633
2638
2638
2636
2633
2635
2638
2638
2638
2636
2639
2637
2638
2639
2638
2638
2637
2633
2633
2633
2638
2637
2634
2634
2640
2640
2639
2640
2639
2639
2640
2639
2638
2637
2636
2637
2636
2635
2631
2631
2635
2634
2633
2634
2633
2633
2632
2632
2634
2632
2629
2630
2632
2633
2630
2629
2635
2632
2634
2633
2635
2634
2634
2631
2631
2633
2637
2635
2636
2635
2634
2634
2634
2633
2632
2628
2629
2634
2633
2633
2634
2633
2633
2632
2633
2631
2632
2633
2631
2632
2631
2627
2629
2633
2631
2630
2627
2625
2632
2632
2632
2633
2629
2630
2631
2634
2635
2633
2633
2633
2633
2634
2634
2634
2636
2635
2636
2635
2635
2636
2634
2631
2630
2633
2633
2627
2626
2629
2631
2629
2629
2629
2628
2629
2628
2627
2626
2624
2626
2626
2625
2625
2622
2622
2626
2625
2621
2621
2625
2624
2625
2620
2621
2624
2625
2626
2625
2626
2626
2626
2625
2626
2625
2626
2627
2627
2626
2627
2626
2624
2625
2620
2620
2621
2623
2622
2619
2619
2624
2624
2624
2621
2621
2625
2626
2625
2625
2623
2623
2622
2621
2621
2622
2621
2616
2616
2615
2620
2620
2619
2621
2621
2621
2620
2616
2617
2621
2620
2622
2620
2620
2620
2620
2616
2616
2621
2619
2618
2619
2618
2618
2619
2614
2615
2621
2621
2619
2620
2622
2623
2624
2625
2625
2624
2624
2623
2627
2627
2625
2624
2623
2621
2621
2620
2620
2619
2616
2615
2615
2615
2613
2614
2613
2613
2612
2612
2610
2610
2610
2609
2609
2604
2606
2609
2611
2612
2613
2613
2614
2614
2610
2612
2613
2617
2616
2616
2616
2611
2613
2615
2617
2616
2612
2612
2617
2616
2614
2614
2616
2621
2621
2617
2622
2629
2629
2633
2631
2636
2646
2650
2649
2655
2659
2668
2671
2675
2680
2684
2689
2693
2697
2701
2705
2709
2713
2717
2717
2722
2726
2734
2738
2737
2742
2751
2754
2758
2759
2762
2765
2768
2770
2772
2773
2774
2777
2777
2777
2778
2777
2778
