2779
2778
2774
2775
2776
2776
2770
2770
2770
2770
2767
2766
2765
2758
2756
2759
2757
2755
2749
2747
2750
2747
2744
2743
2741
2737
2736
2732
2730
2729
2725
2724
2723
2720
2720
2715
2715
2714
2713
2712
2710
2705
2704
2706
2704
2697
2697
2695
2698
2696
2690
2689
2693
2690
2689
2688
2686
2685
2683
2678
2678
2680
2680
2679
2677
2676
2674
2673
2672
2669
2671
2667
2667
2661
2661
2665
2663
2661
2660
2660
2655
2654
2658
2655
2656
2653
2653
2652
2652
2652
2652
2649
2649
2650
2654
2654
2653
2651
2651
2650
2648
2648
2646
2646
2645
2644
2644
2639
2639
2638
2642
2641
2641
2639
2639
2637
2636
2637
2635
2630
2630
2634
2633
2631
2632
2630
2629
2629
2628
2627
2624
2623
2623
2627
2625
2625
2623
2623
2624
2622
2618
2619
2623
2622
2620
2620
2620
2617
2617
2620
2620
2619
2618
2618
2617
2617
2617
2616
2617
2617
2612
2612
2614
2617
2617
2611
2615
2618
2617
2618
2616
2616
2615
2615
2615
2615
2614
2614
2612
2611
2611
2611
2609
2609
2609
2608
2604
2605
2608
2608
2608
2607
2605
2602
2601
2607
2605
2606
2607
2606
2606
2607
2612
2612
2611
2612
2613
2613
2613
2610
2611
2615
2613
2608
2609
2611
2613
2613
2613
2612
2612
2612
2611
2611
2610
2610
2611
2611
2611
2613
2612
2611
2612
2612
2609
2610
2610
2609
2608
2605
2604
2608
2607
2601
2604
2607
2607
2608
2605
2605
2612
2612
2611
2612
2612
2611
2610
2610
2610
2611
2610
2609
2610
2608
2608
2609
2608
2606
2605
2603
2603
2609
2609
2603
2604
2609
2608
2608
2607
2606
2604
2603
2609
2607
2606
2606
2605
2605
2604
2604
2603
2599
2599
2600
2604
2603
2600
2600
2607
2606
2605
2606
2605
2605
2605
2604
2604
2602
2604
2604
2605
2606
2602
2604
2610
2611
2613
2616
2615
2612
2613
2617
2617
2615
2614
2613
2612
2611
2610
2609
2609
2608
2607
2602
2603
2609
2607
2604
2604
2602
2606
2606
2603
2602
2609
2608
2607
2608
2607
2607
2608
2609
2609
2606
2607
2609
2609
2610
2607
2607
2612
2613
2613
2609
2611
2616
2616
2616
2617
2619
2617
2617
2618
2617
2618
2618
2618
2619
2620
2621
2622
2621
2622
2622
2624
2623
2625
2624
2625
2626
2623
2625
2628
2631
2632
2634
2634
2630
2633
2633
2638
2638
2637
2639
2645
2647
2645
2644
2647
2651
2650
2652
2653
2654
2655
2655
2657
2657
2654
2657
2662
2662
2662
2663
2664
2661
2664
2669
2670
2671
2672
2673
2675
2674
2677
2678
2679
2682
2684
2681
2685
2690
2692
2693
2695
2696
2695
2699
2705
2706
2708
2709
2712
2714
2715
2715
2716
2722
2725
2727
2729
2732
2734
2737
2736
2739
2748
2750
2751
2756
2757
2755
2760
2766
2768
2771
2773
2776
2775
2778
2787
2790
2792
2796
2799
2802
2806
2808
2811
2814
2817
2818
2821
2825
2826
2831
2829
2832
2840
2844
2847
2852
2854
2854
2858
2866
2871
2873
2876
2880
2884
2888
2889
2895
2899
2902
2907
2906
2909
2920
2924
2926
2930
2936
2937
2942
2952
2957
2960
2967
2973
2977
2981
2985
2990
2993
2996
2999
3003
3006
3004
3011
3018
3021
3021
3025
3028
3036
3039
3039
3043
3052
3056
3060
3064
3067
3073
3078
3077
3083
3089
3098
3101
3108
3110
3115
3121
3126
3131
3136
3142
3146
3153
3157
3161
3166
3171
3172
3178
3188
3193
3197
3202
3207
3212
3217
3223
3228
3234
3238
3243
3250
3254
3260
3265
3270
3278
3279
3285
3290
3300
3304
3305
3311
3321
3326
3331
3332
3337
3345
3348
3350
3355
3363
3366
3370
3375
3379
3385
3387
3393
3398
3405
3409
3415
3416
3421
3431
3436
3441
3442
3446
3456
3462
3468
3471
3471
3477
3484
3494
3497
3497
3504
3514
3517
3523
3530
3536
3542
3546
3552
3556
3563
3569
3577
3583
3587
3593
3597
3600
3605
3611
3621
3624
3627
3632
3637
3642
3646
3647
3654
3661
3667
3671
3676
3682
3685
3690
3700
3705
3708
3712
3717
3722
3728
3728
3735
3746
3749
3755
3758
3763
3767
3772
3776
3781
3785
3790
3795
3801
3806
3810
3815
3820
3825
3826
3830
3836
3846
3849
3850
3855
3867
3871
3876
3882
3887
3886
3895
3907
3909
3914
3918
3924
3924
3931
3941
3943
3947
3952
3957
3961
3965
3966
3972
3984
3987
3991
3997
4002
4007
4012
4012
4018
4024
4032
4037
4042
4045
4048
4052
4055
4059
4061
4064
4067
4066
4071
4081
4081
4084
4082
4086
4096
4098
4101
4105
4107
4110
4113
4117
4120
4123
4127
4131
4134
4139
4142
4146
4150
4154
4150
4153
4156
4164
4164
4161
4163
4172
4172
4173
4173
4175
4173
4176
4180
4181
4188
4192
4194
4193
4196
4198
4201
4205
4207
4209
4213
4217
4218
4221
4226
4231
4232
4233
4239
4245
4248
4251
4252
4249
4249
4253
4262
4264
4262
4266
4274
4275
4277
4275
4280
4281
4284
4288
4288
4288
4286
4288
4294
4294
4294
4294
4291
4293
4296
4304
4304
4305
4306
4308
4308
4311
4312
4315
4310
4315
4325
4325
4329
4329
4332
4334
4337
4337
4338
4340
4342
4340
4341
4342
4345
4346
4348
4352
4352
4349
4352
4359
4358
4360
4361
4363
4359
4361
4368
4369
4370
4369
4372
4372
4372
4370
4371
4377
4376
4374
4375
4378
4376
4378
4373
4378
4384
4383
4383
4383
4381
4381
4380
4378
4377
4378
4377
4378
4374
4376
4383
4382
4381
4383
4383
4387
4387
4389
4388
4390
4390
4390
4388
4391
4397
4397
4390
4392
4398
4399
4399
4393
4393
4399
4399
4398
4397
4399
4399
4400
4400
4400
4394
4395
4397
4402
4403
4396
4398
4405
4405
4406
4406
4406
4406
4408
4407
4409
4408
4408
4407
4406
4406
4404
4404
4403
4402
4401
4399
4397
4394
4391
4389
4388
4383
4383
4381
4384
4381
4374
4375
4381
4374
4375
4373
4374
4374
4374
4366
4368
4369
4373
4373
4372
4373
4374
4376
4375
4376
4375
4378
4377
4379
4379
4379
4380
4381
4377
4378
4384
4383
4376
4376
4377
4381
4377
4373
4371
4379
4375
4374
4372
4369
4368
4368
4367
4367
4359
4359
4359
4362
4360
4356
4352
4346
4347
4344
4346
4344
4341
4339
4332
4332
4334
4332
4328
4321
4317
4320
4317
4313
4310
4309
4307
4304
4302
4298
4298
4296
4296
4295
4294
4293
4292
4291
4291
4286
4283
4283
4286
4283
4275
4274
4280
4278
4277
4275
4273
4271
4272
4270
4270
4267
4264
4264
4269
4267
4266
4266
4259
4259
4258
4263
4261
4260
4259
4257
4258
4257
4256
4254
4254
4253
4252
4250
4248
4243
4240
4245
4244
4240
4239
4237
4235
4232
4229
4228
4226
4225
4217
4217
4215
4218
4216
4208
4209
4212
4208
4208
4208
4206
4206
4203
4201
4201
4198
4195
4192
4189
4185
4178
4173
4177
4172
4169
4166
4161
4153
4150
4153
4149
4145
4138
4136
4140
4137
4129
4129
4133
4130
4127
4127
4125
4124
4120
4119
4116
4114
4112
4109
4107
4105
4102
4099
4096
4095
4094
4086
4085
4089
4087
4082
4082
4081
4080
4078
4071
4073
4076
4074
4072
4067
4067
4072
4070
4063
4062
4062
4064
4064
4062
4061
4060
4059
4058
4056
4054
4052
4051
4044
4044
4049
4046
4045
4043
4043
4042
4038
4033
4032
4033
4037
4033
4031
4031
4024
4023
4025
4025
4024
4017
4016
4021
4017
4015
4014
4013
4012
4009
4007
4005
4004
4003
4000
3998
3996
3993
3992
3989
3987
3984
3983
3980
3980
3978
3972
3972
3977
3973
3971
3968
3967
3965
3965
3965
3962
3958
3953
3952
3956
3954
3946
3946
3949
3949
3945
3939
3939
3942
3939
3937
3937
3933
3934
3929
3928
3926
3919
3919
3919
3920
3918
3917
3917
3913
3913
3910
3909
3903
3903
3900
3901
3899
3897
3897
3895
3887
3885
3890
3886
3878
3877
3875
3877
3873
3871
3869
3866
3864
3863
3862
3861
3853
3852
3856
3854
3845
3845
3843
3847
3843
3842
3839
3837
3833
3830
3826
3826
3822
3820
3817
3814
3812
3810
3809
3802
3801
3804
3802
3793
3795
3792
3795
3792
3790
3788
3782
3781
3782
3784
3780
3773
3771
3777
3774
3771
3769
3769
3761
3762
3764
3764
3761
3760
3757
3755
3754
3752
3750
3747
3745
3743
3741
3738
3732
3731
3737
3733
3730
3728
3727
3726
3723
3720
3718
3716
3715
3714
3711
3709
3714
3713
3712
3711
3708
3702
3701
3704
3701
3699
3697
3693
3690
3688
3681
3680
3684
3682
3679
3677
3675
3673
3671
3670
3667
3659
3660
3658
3659
3655
3653
3649
3647
3644
3639
3637
3637
3640
3638
3630
3629
3633
3630
3628
3627
3623
3621
3621
3619
3619
3616
3613
3612
3610
3609
3608
3608
3609
3608
3605
3607
3606
3604
3601
3593
3593
3591
3593
3589
3582
3580
3584
3580
3576
3574
3572
3569
3566
3559
3559
3562
3561
3558
3552
3552
3557
3554
3546
3546
3546
3549
3548
3540
3539
3542
3539
3534
3531
3529
3526
3526
3524
3521
3517
3515
3516
3518
3517
3517
3513
3511
3511
3511
3511
3510
3508
3507
3507
3505
3505
3505
3504
3502
3501
3495
3496
3499
3498
3497
3496
3493
3491
3488
3480
3479
3476
3478
3475
3473
3469
3469
3466
3465
3462
3460
3454
3451
3456
3453
3452
3450
3448
3442
3441
3445
3441
3439
3438
3437
3437
3435
3433
3432
3427
3427
3427
3428
3427
3425
3423
3421
3419
3413
3412
3411
3414
3412
3404
3401
3407
3405
3405
3404
3403
3396
3396
3402
3398
3396
3396
3393
3390
3388
3386
3384
3381
3380
3380
3378
3378
3376
3374
3374
3372
3371
3368
3367
3362
3363
3367
3365
3362
3358
3357
3360
3358
3351
3351
3354
3355
3354
3354
3353
3348
3349
3356
3352
3352
3349
3347
3345
3344
3344
3342
3341
3338
3335
3334
3334
3334
3333
3331
3331
3327
3326
3325
3319
3318
3322
3319
3317
3318
3316
3310
3310
3314
3313
3310
3306
3307
3313
3310
3305
3304
3308
3305
3305
3306
3304
3302
3301
3299
3298
3296
3296
3292
3291
3290
3288
3286
3286
3284
3284
3278
3276
3280
3277
3277
3274
3274
3271
3268
3263
3262
3267
3264
3262
3262
3259
3258
3258
3256
3253
3252
3247
3249
3252
3251
3245
3245
3249
3249
3247
3245
3246
3244
3244
3239
3241
3242
3244
3244
3244
3241
3240
3239
3237
3236
3233
3233
3231
3224
3222
3226
3225
3223
3220
3218
3216
3216
3214
3216
3216
3212
3212
3216
3213
3206
3204
3204
3208
3207
3206
3203
3201
3200
3201
3198
3196
3192
3190
3193
3190
3184
3184
3183
3186
3184
3182
3181
3180
3180
3177
3176
3176
3176
3175
3168
3170
3174
3173
3174
3168
3168
3172
3170
3170
3168
3167
3166
3167
3166
3162
3161
3161
3159
3154
3153
3158
3155
3150
3150
3152
3151
3151
3145
3143
3148
3145
3144
3143
3142
3140
3139
3138
3138
3136
3134
3133
3133
3131
3131
3128
3121
3121
3125
3125
3124
3118
3119
3123
3121
3115
3116
3115
3118
3117
3116
3116
3114
3113
3111
3113
3111
3110
3109
3108
3107
3105
3106
3105
3100
3099
3102
3101
3099
3099
3098
3097
3094
3094
3093
3087
3088
3088
3091
3090
3089
3088
3080
3081
3084
3084
3084
3081
3080
3079
3078
3073
3072
3072
3075
3075
3069
3070
3076
3075
3072
3071
3071
3066
3066
3070
3068
3063
3062
3061
3065
3063
3064
3063
3057
3058
3058
3062
3060
3060
3059
3057
3057
3056
3054
3054
3053
3052
3051
3050
3046
3047
3046
3049
3047
3047
3046
3045
3044
3044
3039
3038
3042
3043
3042
3040
3040
3041
3039
3037
3037
3036
3035
3032
3030
3030
3034
3031
3028
3027
3032
3030
3028
3023
3024
3028
3026
3019
3019
3019
3024
3023
3022
3021
3019
3018
3014
3015
3014
3016
3016
3016
3015
3014
3013
3011
3007
3008
3012
3009
3009
3009
3009
3008
3007
3001
3003
3007
3005
3004
3004
3004
2998
2999
3003
3001
3000
2999
2999
2997
2996
2996
2993
2989
2989
2990
2994
2993
2990
2991
2991
2989
2989
2988
2989
2988
2987
2986
2985
2984
2984
2982
2980
2980
2976
2975
2980
2980
2977
2973
2972
2976
2976
2969
2969
2972
2971
2972
2971
2971
2970
2969
2964
2965
2964
2968
2968
2967
2967
2962
2963
2963
2967
2966
2964
2963
2963
2963
2960
2961
2960
2959
2961
2956
2956
2961
2959
2958
2957
2956
2956
2954
2952
2952
2950
2949
2947
2946
2946
2945
2943
2941
2942
2941
2940
2940
2935
2935
2941
2938
2938
2938
2936
2931
2932
2937
2936
2935
2929
2929
2933
2933
2934
2932
2926
2926
2926
2930
2929
2929
2929
2927
2926
2926
2926
2924
2923
2923
2923
2923
2920
2918
2919
2924
2921
2922
2924
2924
2922
2922
2922
2924
2920
2920
2924
2922
2921
2919
2917
2917
2915
2914
2915
2913
2909
2909
2914
2913
2912
2912
2908
2905
2905
2910
2910
2904
2904
2907
2908
2908
2907
2907
2907
2906
2906
2905
2903
2903
2901
2900
2900
2899
2897
2896
2894
2895
2893
2894
2893
2891
2890
2890
2892
2888
2887
2892
2891
2885
2886
2886
2889
2888
2883
2883
2888
2886
2882
2880
2879
2883
2882
2881
2881
2880
2880
2881
2879
2879
2875
2877
2882
2880
2878
2879
2879
2877
2878
2875
2875
2874
2875
2876
2871
2874
2878
2876
2877
2877
2877
2876
2874
2875
2874
2869
2870
2872
2874
2873
2870
2869
2873
2871
2870
2868
2867
2862
2863
2865
2865
2864
2862
2861
2860
2860
2855
2853
2858
2855
2856
2857
2857
2856
2855
2850
2852
2853
2854
2853
2851
2853
2852
2850
2850
2850
2849
2849
2849
2848
2847
2849
2848
2847
2845
2846
2846
2844
2843
2843
2839
2838
2839
2843
2840
2839
2839
2834
2834
2833
2838
2838
2837
2838
2832
2833
2836
2837
2838
2837
2837
2836
2836
2835
2835
2835
2835
2833
2830
2831
2835
2836
2836
2835
2836
2836
2836
2837
2837
2835
2831
2832
2835
2835
2829
2829
2832
2832
2829
2828
2828
2827
2828
2823
2824
2825
2828
2826
2824
2823
2822
2823
2821
2817
2818
2821
2819
2818
2818
2817
2816
2816
2815
2814
2814
2813
2808
2810
2811
2815
2816
2810
2811
2816
2813
2813
2813
2814
2811
2814
2815
2816
2815
2814
2814
2819
2817
2817
2817
2815
2815
2816
2815
2815
2814
2812
2811
2810
2808
2804
2807
2809
2810
2806
2807
2813
2814
2814
2810
2811
2816
2816
2815
2814
2814
2813
2812
2812
2809
2810
2809
2808
2808
2806
2802
2802
2805
2803
2802
2801
2801
2799
2797
2799
2797
2797
2797
2795
2796
2794
2790
2792
2797
2796
2795
2792
2792
2796
2795
2794
2793
2794
2794
2794
2794
2793
2788
2790
2792
2792
2792
2791
2790
2786
2785
2791
2790
2788
2788
2785
2785
2784
2785
2782
2783
2781
2781
2780
2778
2774
2775
2777
2777
2775
2774
2774
2773
2772
2768
2770
2771
2773
2774
2770
2768
2773
2772
2772
2771
2770
2771
2771
2769
2769
2774
2775
2773
2774
2773
2772
2773
2774
2775
2776
2776
2777
2776
2777
2778
2778
2778
2778
2777
2774
2774
2778
2778
2776
2776
2774
2773
2771
2771
2771
2765
2766
2766
2766
2766
2765
2766
2766
2765
2761
2760
2760
2765
2764
2764
2762
2757
2757
2757
2763
2761
2761
2761
2755
2755
2756
2758
2759
2756
2756
2754
2753
2750
2750
2750
2753
2753
2747
2747
2752
2751
2750
2746
2745
2752
2751
2750
2753
2752
2750
2752
2756
2755
2756
2756
2755
2757
2755
2755
2754
2752
2751
2750
2751
2750
2750
2748
2748
2747
2748
2745
2744
2745
2744
2743
2745
2744
2743
2743
2744
2744
2745
2745
2745
2746
2745
2746
2746
2741
2741
2744
2743
2742
2741
2740
2736
2737
2739
2739
2733
2733
2736
2736
2736
2731
2731
2735
2735
2736
2737
2736
2737
2737
2737
2735
2735
2734
2734
2733
2732
2732
2730
2726
2724
2728
2729
2727
2723
2723
2727
2727
2722
2723
2723
2727
2726
2726
2726
2724
2725
2724
2724
2723
2723
2722
2722
2721
2721
2721
2721
2714
2715
2720
2719
2714
2714
2714
2720
2718
2715
2714
2721
2718
2720
2719
2721
2722
2722
2717
2718
2723
2723
2722
2720
2720
2720
2718
2718
2717
2716
2716
2715
2715
2714
2714
2714
2714
2712
2713
2717
2717
2712
2713
2716
2716
2716
2716
2715
2713
2713
2713
2711
2711
2711
2709
2708
2709
2704
2705
2705
2706
2707
2701
2701
2706
2705
2704
2704
2704
2704
2704
2700
2700
2703
2704
2704
2704
2702
2702
2702
2701
2701
2701
2701
2700
2701
2701
2701
2701
2700
2702
2702
2698
2698
2703
2704
2699
2700
2701
2704
2705
2700
2702
2707
2706
2705
2704
2705
2704
2705
2704
2703
2703
2703
2702
2698
2698
2701
2701
2695
2696
2695
2699
2699
2697
2696
2696
2695
2695
2694
2694
2689
2689
2692
2694
2692
2692
2691
2686
2687
2692
2691
2691
2693
2692
2692
2694
2693
2695
2693
2694
2693
2693
2692
2687
2688
2692
2690
2690
2689
2690
2686
2685
2690
2689
2688
2688
2688
2687
2686
2687
2685
2685
2686
2687
2688
2688
2683
2684
2689
2689
2683
2684
2684
2688
2688
2686
2685
2686
2684
2685
2683
2683
2682
2683
2682
2683
2684
2684
2685
2684
2686
2685
2687
2683
2684
2686
2689
2690
2685
2686
2690
2690
2691
2689
2690
2684
2686
2688
2688
2686
2684
2684
2688
2688
2683
2683
2687
2687
2687
2685
2685
2683
2684
2683
2683
2684
2684
2684
2684
2684
2682
2683
2684
2686
2686
2685
2684
2682
2683
2677
2676
2677
2681
2682
2678
2679
2682
2681
2679
2674
2675
2679
2677
2676
2676
2675
2675
2674
2674
2673
2673
2672
2672
2672
2672
2672
2672
2673
2671
2671
2672
2671
2668
2668
2674
2673
2673
2674
2675
2675
2674
2674
2673
2674
2674
2669
2669
2668
2672
2669
2665
2664
2667
2667
2665
2661
2662
2666
2665
2664
2666
2666
2667
2666
2666
2667
2662
2663
2667
2667
2666
2661
2661
2664
2662
2658
2658
2658
2661
2657
2658
2657
2656
2655
2655
2651
2653
2656
2655
2654
2655
2655
2655
2653
2654
2653
2654
2654
2653
2655
2655
2656
2656
2652
2655
2660
2661
2661
2662
2660
2660
2661
2656
2657
2661
2660
2660
2660
2660
2657
2658
2658
2657
2658
2653
2654
2657
2656
2655
2655
2654
2655
2653
2654
2653
2652
2652
2651
2651
2651
2650
2652
2651
2651
2646
2648
2648
2652
2650
2646
2647
2650
2650
2649
2649
2648
2650
2649
2647
2646
2652
2653
2654
2655
2656
2653
2653
2659
2658
2657
2656
2657
2650
2652
2655
2656
2653
2651
2651
2655
2654
2653
2653
2653
2654
2653
2654
2654
2654
2654
2651
2650
2652
2656
2655
2652
2652
2657
2655
2655
2654
2654
2652
2653
2648
2647
2652
2651
2650
2648
2647
2646
2646
2645
2646
2645
2644
2644
2644
2643
2638
2640
2641
2645
2643
2643
2642
2643
2643
2642
2641
2640
2636
2636
2640
2639
2638
2638
2636
2636
2635
2635
2635
2628
2631
2631
2635
2633
2633
2632
2627
2627
2631
2632
2631
2630
2629
2630
2629
2629
2628
2627
2627
2627
2628
2627
2622
2623
2625
2628
2628
2623
2625
2629
2629
2629
2629
2628
2627
2628
2627
2628
2624
2624
2623
2627
2628
2627
2628
2622
2623
2625
2628
2626
2626
2625
2626
2625
2624
2625
2625
2625
2625
2620
2620
2625
2624
2623
2620
2620
2626
2624
2622
2623
2620
2619
2618
2624
2620
2621
2621
2621
2622
2621
2618
2616
2621
2620
2621
2620
2619
2619
2618
2619
2619
2619
2618
2616
2619
2618
2618
2618
2614
2616
2621
2624
2624
2624
2625
2625
2625
2625
2623
2624
2621
2622
2628
2628
2628
2627
2628
2627
2628
2625
2625
2629
2627
2624
2622
2623
2628
2627
2627
2626
2626
2627
2626
2622
2622
2627
2627
2621
2621
2621
2625
2624
2622
2622
2617
2619
2621
2622
2622
2621
2621
2619
2619
2616
2617
2617
2616
2617
2612
2613
2617
2618
2617
2617
2618
2617
2618
2618
2617
2618
2617
2618
2617
2617
2617
2617
2618
2618
2618
2616
2615
2620
2619
2614
2615
2616
2620
2619
2619
2618
2614
2615
2618
2616
2616
2616
2616
2613
2613
2617
2616
2616
2616
2617
2616
2616
2616
2616
2617
2615
2617
2613
2614
2618
2617
2614
2613
2613
2617
2616
2611
2611
2617
2615
2616
2616
2617
2618
2618
2619
2619
2619
2619
2619
2618
2618
2618
2618
2615
2614
2614
2617
2615
2615
2614
2614
2614
2611
2608
2608
2613
2611
2611
2610
2609
2609
2608
2605
2604
2610
2610
2606
2607
2607
2612
2612
2611
2611
2607
2607
2608
2611
2609
2607
2607
2606
2608
2607
2603
2603
2606
2605
2605
2604
2603
2603
2603
2603
2603
2604
2603
2603
2603
2603
2603
2601
2602
2601
2597
2599
2601
2603
2605
2601
2604
2609
2608
2605
2605
2607
2610
2610
2607
2609
2608
2608
2607
2604
2603
2607
2606
2605
2605
2604
2605
2604
2605
2603
2603
2603
2602
2602
2601
2601
2600
2602
2600
2596
2596
2596
2601
2600
2596
2598
2601
2601
2600
2599
2600
2599
2600
2598
2598
2597
2598
2597
2597
2598
2593
2594
2599
2597
2597
2592
2593
2594
2596
2594
2595
2596
2596
2597
2596
2598
2598
2598
2598
2599
2598
2598
2598
2598
2599
2598
2598
2599
2594
2594
2598
2597
2597
2597
2594
2595
2594
2595
2595
2590
2592
2593
2596
2596
2593
2594
2599
2599
2597
2598
2601
2607
2607
2606
2608
2616
2617
2621
2619
2623
2632
2634
2639
2642
2644
2648
2652
2661
2666
2670
2674
2679
2684
2688
2693
2698
2702
2707
2708
2712
2718
2726
2729
2732
2738
2741
2744
2748
2751
2755
2757
2760
2763
2765
2763
2764
2765
