2772
2771
2771
2770
2770
2771
2770
2766
2766
2768
2766
2764
2761
2760
2757
2755
2752
2750
2749
2748
2741
2740
2739
2740
2739
2732
2730
2735
2732
2730
2728
2726
2723
2722
2716
2715
2715
2714
2712
2709
2708
2706
2703
2697
2696
2695
2699
2697
2693
2693
2691
2689
2688
2685
2685
2679
2676
2682
2679
2676
2676
2675
2670
2671
2674
2672
2669
2669
2668
2665
2665
2665
2664
2662
2661
2661
2659
2659
2658
2655
2656
2654
2651
2651
2650
2652
2652
2645
2645
2649
2647
2647
2646
2644
2643
2641
2640
2640
2641
2639
2639
2634
2634
2639
2638
2634
2633
2632
2635
2634
2629
2630
2634
2632
2632
2631
2630
2630
2628
2629
2628
2627
2625
2625
2629
2629
2629
2629
2630
2631
2630
2632
2630
2631
2629
2628
2627
2625
2625
2626
2621
2622
2627
2626
2626
2626
2627
2620
2621
2625
2623
2623
2621
2620
2615
2616
2621
2618
2614
2614
2615
2619
2621
2620
2621
2621
2622
2623
2622
2623
2621
2620
2621
2621
2620
2617
2618
2623
2622
2622
2623
2618
2618
2619
2623
2621
2620
2620
2615
2615
2616
2619
2618
2617
2616
2615
2615
2615
2614
2614
2615
2615
2614
2615
2617
2618
2619
2620
2618
2618
2617
2611
2611
2612
2613
2611
2610
2610
2610
2609
2606
2606
2606
2609
2607
2602
2603
2606
2605
2604
2601
2601
2606
2604
2604
2603
2603
2602
2600
2597
2598
2603
2603
2600
2599
2598
2602
2600
2600
2599
2598
2598
2598
2598
2597
2596
2596
2595
2595
2596
2593
2594
2599
2597
2597
2599
2596
2593
2593
2595
2595
2594
2594
2593
2593
2592
2592
2590
2591
2592
2592
2592
2593
2593
2593
2592
2594
2593
2593
2590
2591
2591
2596
2598
2597
2600
2601
2602
2603
2599
2599
2603
2602
2598
2600
2600
2604
2604
2600
2601
2606
2607
2606
2605
2606
2604
2603
2603
2603
2603
2604
2603
2603
2602
2601
2601
2594
2596
2595
2598
2596
2593
2593
2598
2594
2595
2596
2597
2598
2598
2593
2594
2599
2598
2598
2597
2598
2596
2598
2597
2597
2596
2597
2597
2597
2597
2593
2593
2596
2597
2597
2593
2594
2599
2599
2597
2597
2597
2598
2598
2594
2597
2600
2600
2599
2600
2600
2601
2603
2598
2599
2602
2604
2605
2606
2607
2607
2608
2605
2606
2608
2614
2614
2615
2617
2618
2619
2622
2624
2625
2626
2627
2628
2628
2629
2632
2633
2635
2634
2631
2632
2638
2639
2640
2639
2640
2641
2641
2637
2640
2641
2645
2644
2645
2645
2645
2646
2645
2645
2649
2656
2657
2659
2660
2660
2662
2664
2663
2662
2660
2662
2669
2671
2671
2668
2671
2678
2679
2677
2680
2685
2688
2689
2689
2692
2693
2694
2695
2696
2697
2695
2696
2703
2703
2699
2703
2704
2710
2711
2711
2714
2716
2716
2718
2720
2722
2724
2726
2727
2729
2732
2734
2736
2738
2739
2742
2744
2742
2745
2748
2754
2756
2758
2759
2761
2764
2766
2770
2773
2772
2777
2785
2787
2785
2789
2793
2799
2802
2805
2808
2811
2815
2819
2822
2827
2830
2834
2838
2840
2843
2847
2850
2854
2857
2856
2860
2868
2870
2873
2873
2877
2885
2886
2889
2892
2895
2898
2901
2901
2906
2915
2918
2922
2925
2929
2929
2933
2942
2947
2951
2955
2958
2958
2962
2972
2976
2980
2984
2986
2991
2994
3000
3005
3008
3012
3016
3022
3026
3024
3031
3041
3044
3047
3052
3059
3061
3065
3067
3072
3081
3085
3090
3093
3096
3097
3101
3111
3115
3119
3123
3128
3126
3131
3143
3145
3148
3155
3158
3165
3169
3173
3181
3184
3189
3195
3196
3204
3213
3217
3224
3228
3232
3235
3241
3254
3256
3262
3269
3267
3276
3281
3291
3295
3300
3306
3310
3316
3322
3326
3334
3332
3340
3350
3354
3356
3362
3365
3369
3374
3379
3383
3383
3388
3392
3403
3409
3414
3420
3424
3430
3437
3436
3440
3448
3453
3458
3462
3464
3465
3471
3480
3482
3488
3489
3495
3500
3503
3506
3511
3520
3524
3530
3533
3540
3544
3551
3556
3561
3563
3568
3579
3585
3591
3594
3603
3606
3613
3617
3625
3629
3635
3641
3648
3653
3659
3663
3671
3672
3679
3690
3696
3700
3707
3711
3718
3723
3728
3732
3732
3737
3749
3750
3757
3756
3762
3770
3775
3771
3779
3783
3793
3798
3800
3806
3809
3812
3817
3820
3823
3825
3829
3826
3830
3840
3842
3845
3843
3849
3857
3861
3861
3868
3869
3877
3877
3883
3890
3893
3898
3905
3907
3913
3915
3918
3922
3923
3926
3930
3931
3937
3939
3937
3941
3952
3955
3956
3957
3963
3970
3976
3972
3977
3984
3989
3993
3995
4001
3998
4001
4011
4015
4016
4018
4021
4033
4036
4037
4045
4048
4052
4057
4061
4065
4068
4073
4074
4080
4082
4080
4086
4095
4095
4097
4102
4104
4108
4112
4115
4120
4121
4127
4129
4134
4139
4144
4146
4147
4151
4162
4164
4168
4172
4175
4179
4182
4179
4184
4189
4197
4196
4197
4201
4200
4202
4202
4201
4202
4211
4210
4208
4212
4215
4221
4221
4225
4227
4225
4226
4238
4240
4244
4244
4247
4252
4252
4253
4255
4259
4267
4268
4269
4271
4272
4273
4274
4275
4277
4280
4281
4283
4286
4288
4289
4288
4290
4293
4290
4291
4297
4297
4300
4298
4302
4295
4300
4306
4305
4307
4309
4310
4312
4314
4317
4318
4322
4325
4327
4322
4327
4334
4332
4328
4329
4333
4336
4338
4337
4339
4331
4335
4338
4342
4340
4342
4340
4342
4341
4341
4339
4340
4340
4343
4337
4339
4347
4346
4346
4348
4349
4350
4349
4352
4356
4356
4362
4360
4358
4364
4372
4374
4368
4376
4378
4384
4386
4384
4385
4381
4383
4383
4388
4384
4383
4381
4382
4377
4378
4374
4378
4376
4375
4375
4375
4375
4375
4376
4374
4376
4372
4376
4380
4383
4382
4383
4384
4375
4377
4382
4378
4379
4377
4373
4369
4370
4374
4374
4369
4368
4372
4378
4376
4375
4376
4377
4378
4376
4382
4380
4379
4380
4380
4381
4379
4378
4378
4385
4380
4381
4380
4376
4375
4373
4375
4372
4368
4367
4372
4371
4365
4360
4358
4365
4361
4358
4356
4353
4354
4352
4352
4350
4348
4347
4339
4342
4338
4345
4343
4342
4338
4337
4336
4333
4333
4331
4330
4327
4324
4322
4323
4327
4323
4324
4323
4322
4324
4317
4319
4318
4325
4324
4319
4322
4327
4327
4325
4323
4322
4329
4328
4326
4328
4325
4325
4327
4328
4326
4328
4326
4327
4327
4328
4329
4329
4329
4327
4322
4322
4324
4327
4324
4322
4324
4319
4320
4313
4310
4306
4311
4311
4309
4306
4307
4305
4304
4301
4301
4300
4299
4299
4297
4296
4291
4289
4296
4293
4283
4286
4285
4286
4284
4277
4279
4285
4281
4278
4278
4274
4275
4271
4269
4270
4266
4267
4263
4259
4256
4260
4258
4249
4248
4250
4252
4248
4246
4241
4232
4232
4236
4234
4233
4232
4231
4228
4230
4227
4229
4228
4229
4228
4227
4228
4219
4221
4224
4224
4225
4223
4220
4213
4214
4217
4216
4210
4209
4205
4197
4195
4199
4198
4192
4191
4187
4188
4184
4184
4180
4179
4175
4176
4172
4172
4168
4168
4166
4164
4160
4153
4152
4156
4153
4146
4143
4145
4144
4143
4140
4137
4136
4133
4130
4128
4126
4124
4123
4116
4116
4119
4119
4115
4110
4108
4113
4109
4103
4104
4101
4106
4105
4104
4102
4103
4101
4102
4102
4101
4102
4100
4100
4096
4092
4093
4093
4097
4097
4089
4090
4095
4095
4090
4089
4088
4087
4086
4079
4078
4081
4080
4080
4079
4078
4075
4075
4070
4070
4065
4066
4060
4059
4056
4054
4051
4050
4045
4045
4042
4039
4037
4037
4032
4028
4027
4032
4028
4028
4022
4017
4017
4015
4016
4016
4014
4014
4007
4006
4007
4009
4007
4006
4003
4003
4001
3999
3997
3994
3993
3993
3989
3988
3981
3981
3981
3984
3981
3980
3977
3975
3972
3973
3967
3965
3971
3968
3961
3960
3963
3963
3961
3953
3952
3955
3954
3950
3950
3946
3942
3939
3944
3942
3941
3939
3936
3936
3931
3932
3927
3929
3922
3918
3914
3912
3914
3913
3910
3907
3906
3904
3901
3898
3897
3896
3893
3890
3887
3886
3882
3882
3875
3877
3879
3878
3875
3875
3874
3868
3865
3870
3866
3865
3860
3859
3851
3851
3854
3849
3849
3845
3843
3843
3839
3838
3835
3829
3828
3832
3832
3827
3827
3825
3824
3822
3814
3813
3813
3815
3813
3806
3805
3808
3804
3804
3802
3802
3795
3793
3799
3796
3795
3791
3792
3790
3788
3785
3784
3783
3779
3778
3777
3774
3773
3773
3770
3770
3766
3765
3765
3763
3761
3754
3752
3755
3754
3751
3747
3746
3737
3738
3740
3738
3734
3732
3728
3728
3724
3717
3715
3714
3715
3713
3708
3707
3709
3706
3705
3701
3700
3695
3692
3698
3695
3694
3691
3688
3688
3685
3679
3678
3685
3679
3677
3673
3671
3675
3671
3664
3665
3664
3667
3661
3663
3661
3660
3661
3652
3652
3650
3654
3652
3649
3648
3646
3641
3640
3639
3635
3636
3634
3631
3630
3627
3623
3622
3620
3618
3617
3616
3612
3612
3610
3607
3606
3604
3602
3601
3598
3594
3591
3589
3590
3589
3586
3585
3581
3578
3577
3578
3577
3568
3567
3572
3569
3566
3564
3563
3566
3565
3562
3559
3559
3558
3555
3553
3554
3551
3549
3547
3546
3544
3541
3540
3533
3530
3537
3534
3529
3530
3528
3518
3520
3526
3521
3522
3517
3516
3520
3518
3514
3513
3511
3508
3508
3506
3502
3502
3499
3495
3494
3494
3492
3489
3488
3488
3480
3479
3480
3482
3480
3474
3474
3477
3475
3474
3471
3470
3469
3467
3460
3458
3465
3462
3460
3461
3458
3451
3452
3457
3452
3451
3449
3448
3448
3444
3444
3441
3441
3441
3438
3438
3437
3437
3436
3435
3435
3432
3428
3427
3430
3428
3420
3421
3419
3425
3420
3420
3420
3417
3417
3414
3415
3413
3413
3412
3404
3406
3408
3407
3405
3405
3403
3401
3400
3398
3395
3394
3389
3388
3391
3387
3380
3380
3382
3381
3380
3375
3375
3372
3369
3369
3366
3365
3363
3362
3361
3359
3358
3357
3354
3353
3350
3350
3347
3342
3340
3344
3343
3342
3335
3335
3340
3338
3333
3333
3333
3334
3332
3327
3326
3330
3328
3326
3324
3324
3315
3316
3320
3316
3315
3314
3311
3311
3309
3308
3308
3305
3304
3304
3300
3302
3299
3299
3298
3299
3296
3293
3291
3295
3296
3292
3293
3290
3291
3288
3287
3285
3279
3280
3283
3284
3282
3281
3282
3280
3279
3274
3272
3273
3275
3273
3272
3268
3264
3263
3265
3267
3263
3263
3258
3260
3258
3259
3258
3258
3253
3253
3256
3256
3255
3252
3252
3251
3250
3245
3246
3251
3248
3249
3247
3247
3246
3244
3239
3236
3241
3238
3236
3236
3231
3231
3228
3225
3223
3222
3222
3217
3219
3216
3215
3214
3211
3211
3211
3205
3207
3211
3208
3203
3204
3203
3208
3204
3199
3198
3203
3202
3199
3195
3194
3199
3197
3194
3193
3192
3189
3190
3189
3187
3187
3183
3185
3182
3181
3178
3177
3180
3179
3174
3175
3173
3172
3168
3164
3165
3170
3168
3166
3165
3164
3161
3159
3155
3155
3159
3160
3159
3156
3155
3160
3160
3157
3158
3154
3155
3153
3150
3149
3141
3143
3145
3143
3141
3140
3141
3136
3136
3137
3132
3133
3134
3131
3132
3131
3125
3128
3129
3131
3131
3130
3128
3129
3126
3123
3120
3120
3125
3122
3119
3118
3111
3110
3111
3114
3111
3109
3109
3105
3106
3102
3102
3101
3099
3098
3097
3098
3096
3098
3095
3094
3096
3094
3094
3089
3088
3089
3092
3091
3085
3084
3090
3088
3085
3082
3080
3084
3084
3080
3080
3079
3075
3076
3075
3072
3072
3072
3070
3071
3069
3064
3064
3068
3069
3066
3066
3068
3067
3066
3066
3064
3065
3063
3060
3057
3057
3061
3059
3055
3054
3059
3059
3058
3055
3055
3063
3059
3055
3056
3055
3062
3058
3056
3057
3053
3052
3051
3049
3047
3046
3045
3044
3041
3042
3041
3039
3036
3035
3038
3038
3036
3036
3035
3031
3032
3035
3035
3037
3036
3037
3036
3035
3034
3032
3032
3032
3026
3027
3026
3027
3028
3022
3022
3028
3025
3023
3020
3017
3021
3019
3018
3015
3015
3014
3012
3012
3011
3009
3006
3006
3006
3004
3003
3004
2999
2998
3003
3000
2999
2997
2999
2991
2992
2996
2994
2993
2993
2991
2989
2990
2990
2988
2982
2983
2984
2986
2984
2980
2979
2985
2982
2982
2980
2978
2978
2979
2978
2976
2976
2975
2975
2976
2974
2969
2971
2974
2972
2972
2972
2970
2970
2968
2968
2968
2967
2961
2961
2965
2963
2956
2957
2960
2961
2959
2957
2958
2958
2956
2956
2955
2956
2957
2954
2953
2954
2954
2951
2951
2945
2945
2950
2949
2942
2942
2946
2947
2943
2938
2940
2943
2941
2941
2941
2939
2938
2939
2937
2937
2935
2935
2934
2931
2934
2928
2928
2934
2933
2928
2927
2928
2932
2930
2928
2928
2923
2923
2922
2926
2924
2926
2926
2925
2925
2925
2922
2922
2925
2924
2924
2923
2921
2922
2923
2924
2923
2923
2924
2920
2919
2922
2927
2927
2924
2923
2924
2921
2920
2919
2918
2916
2917
2914
2914
2909
2907
2907
2911
2906
2906
2906
2905
2906
2905
2898
2900
2904
2903
2902
2900
2902
2896
2898
2903
2902
2901
2901
2902
2898
2898
2896
2897
2893
2891
2896
2894
2894
2889
2887
2892
2890
2889
2888
2889
2887
2886
2886
2887
2883
2883
2884
2883
2881
2876
2877
2881
2879
2874
2874
2875
2878
2877
2872
2873
2878
2877
2877
2875
2876
2876
2876
2875
2875
2874
2874
2873
2874
2874
2873
2871
2871
2870
2871
2869
2867
2867
2866
2860
2861
2861
2865
2863
2858
2859
2865
2862
2858
2857
2858
2862
2859
2859
2859
2858
2857
2855
2852
2852
2857
2856
2854
2853
2852
2851
2849
2853
2854
2855
2855
2853
2853
2852
2850
2850
2849
2850
2850
2847
2846
2846
2844
2844
2845
2839
2838
2839
2842
2842
2841
2841
2841
2841
2838
2837
2837
2842
2841
2835
2835
2841
2840
2841
2835
2837
2839
2840
2840
2839
2840
2838
2837
2836
2834
2834
2833
2833
2833
2831
2831
2830
2829
2828
2823
2824
2824
2828
2827
2822
2821
2825
2824
2825
2824
2824
2822
2822
2822
2821
2821
2822
2823
2819
2819
2825
2823
2822
2825
2823
2819
2821
2826
2825
2824
2823
2822
2821
2822
2821
2821
2820
2818
2815
2815
2815
2819
2818
2816
2815
2816
2816
2814
2810
2810
2816
2814
2809
2808
2807
2812
2813
2811
2811
2809
2810
2811
2812
2812
2811
2810
2809
2809
2808
2808
2806
2800
2800
2805
2801
2801
2801
2799
2800
2798
2793
2793
2799
2798
2795
2792
2792
2795
2794
2789
2790
2796
2794
2793
2794
2795
2794
2793
2787
2788
2789
2794
2792
2793
2793
2792
2792
2788
2786
2786
2790
2788
2783
2781
2788
2787
2786
2786
2784
2780
2780
2786
2783
2783
2782
2782
2781
2781
2781
2781
2781
2781
2780
2776
2777
2781
2780
2779
2779
2779
2778
2777
2775
2775
2776
2775
2775
2774
2772
2771
2771
2766
2769
2770
2773
2772
2770
2771
2766
2766
2771
2770
2769
2771
2772
2772
2771
2771
2773
2771
2771
2771
2772
2773
2769
2770
2773
2773
2772
2767
2768
2772
2771
2771
2769
2769
2767
2768
2768
2766
2767
2766
2765
2763
2763
2763
2761
2757
2756
2759
2761
2759
2756
2756
2760
2760
2756
2755
2757
2761
2761
2762
2761
2761
2762
2761
2762
2762
2757
2758
2762
2761
2760
2759
2760
2754
2754
2759
2756
2751
2750
2751
2754
2752
2750
2750
2750
2751
2751
2748
2748
2754
2754
2754
2755
2756
2757
2758
2757
2758
2756
2757
2757
2756
2755
2753
2750
2751
2750
2749
2747
2745
2745
2746
2740
2742
2747
2747
2746
2745
2745
2741
2740
2744
2742
2741
2743
2742
2737
2737
2740
2739
2737
2737
2737
2737
2736
2736
2737
2737
2737
2735
2734
2732
2735
2734
2729
2730
2735
2733
2732
2727
2725
2730
2728
2723
2725
2725
2728
2728
2727
2727
2725
2724
2726
2725
2726
2721
2720
2726
2724
2723
2723
2722
2723
2723
2722
2722
2721
2721
2721
2720
2719
2720
2719
2720
2719
2718
2715
2715
2720
2720
2715
2715
2718
2718
2716
2714
2713
2719
2719
2716
2716
2716
2714
2716
2717
2718
2715
2715
2721
2720
2721
2722
2721
2720
2719
2717
2718
2716
2711
2711
2715
2714
2713
2712
2711
2711
2711
2710
2710
2709
2708
2709
2707
2709
2703
2704
2709
2708
2709
2709
2708
2710
2709
2711
2710
2705
2706
2706
2709
2708
2703
2704
2709
2707
2706
2706
2707
2707
2707
2709
2709
2710
2709
2709
2708
2709
2705
2705
2710
2709
2708
2704
2704
2707
2706
2700
2700
2704
2704
2701
2702
2701
2700
2700
2695
2696
2696
2700
2699
2695
2696
2702
2701
2702
2703
2701
2702
2703
2704
2705
2706
2707
2709
2704
2707
2710
2709
2709
2707
2707
2701
2699
2703
2701
2700
2699
2699
2700
2700
2700
2703
2703
2703
2701
2700
2700
2703
2703
2701
2699
2699
2697
2697
2696
2695
2693
2694
2693
2693
2692
2687
2688
2691
2691
2690
2690
2685
2685
2686
2691
2689
2684
2684
2687
2687
2686
2682
2682
2687
2684
2685
2685
2685
2688
2687
2682
2682
2687
2686
2686
2687
2687
2686
2688
2686
2687
2686
2684
2685
2685
2684
2684
2684
2679
2680
2681
2685
2685
2684
2684
2680
2681
2683
2684
2683
2683
2683
2684
2684
2683
2684
2685
2685
2687
2684
2684
2690
2687
2685
2681
2681
2684
2683
2682
2681
2681
2679
2678
2678
2677
2671
2672
2677
2676
2675
2675
2673
2668
2668
2673
2671
2670
2669
2668
2668
2668
2667
2666
2665
2665
2664
2665
2667
2661
2661
2666
2665
2664
2661
2662
2667
2667
2667
2667
2666
2664
2664
2668
2668
2667
2667
2666
2666
2666
2666
2663
2665
2663
2659
2658
2659
2664
2663
2662
2662
2662
2662
2662
2662
2663
2664
2664
2660
2661
2666
2667
2666
2666
2664
2666
2663
2663
2664
2664
2663
2662
2662
2663
2657
2658
2659
2663
2662
2657
2657
2661
2659
2657
2656
2655
2659
2658
2656
2656
2657
2657
2656
2656
2655
2655
2654
2654
2654
2655
2652
2652
2656
2656
2649
2651
2653
2654
2654
2650
2650
2655
2653
2648
2649
2650
2654
2655
2655
2655
2656
2655
2654
2654
2654
2654
2654
2653
2653
2653
2652
2653
2651
2650
2648
2649
2649
2649
2650
2648
2648
2652
2651
2647
2648
2648
2651
2650
2646
2647
2650
2648
2648
2647
2647
2646
2647
2646
2645
2646
2643
2644
2643
2644
2644
2644
2643
2643
2644
2641
2640
2644
2643
2635
2638
2640
2642
2642
2638
2637
2641
2638
2633
2634
2634
2638
2638
2638
2637
2635
2636
2635
2636
2635
2636
2634
2636
2636
2634
2633
2634
2639
2639
2635
2635
2639
2638
2638
2638
2637
2635
2634
2629
2630
2632
2636
2634
2636
2636
2630
2629
2633
2635
2635
2634
2634
2634
2634
2635
2636
2638
2638
2638
2638
2638
2635
2637
2639
2642
2642
2642
2640
2640
2640
2640
2639
2640
2639
2638
2636
2637
2633
2633
2633
2638
2637
2637
2637
2631
2632
2634
2638
2637
2633
2633
2638
2636
2635
2633
2634
2637
2636
2636
2636
2636
2636
2636
2634
2634
2633
2633
2632
2632
2631
2630
2631
2630
2629
2629
2630
2630
2630
2630
2629
2629
2629
2629
2625
2627
2628
2634
2632
2627
2627
2632
2631
2631
2627
2628
2631
2630
2628
2629
2626
2625
2625
2627
2626
2626
2624
2618
2620
2620
2623
2623
2623
2624
2623
2622
2622
2622
2622
2617
2620
2625
2624
2623
2622
2623
2628
2627
2627
2627
2627
2625
2624
2625
2624
2624
2625
2626
2627
2627
2627
2627
2626
2626
2625
2626
2625
2624
2623
2619
2620
2625
2623
2619
2619
2618
2622
2620
2619
2617
2619
2619
2620
2620
2620
2617
2618
2623
2624
2620
2620
2621
2625
2625
2621
2621
2625
2624
2622
2622
2622
2621
2620
2618
2617
2618
2617
2617
2616
2614
2613
2615
2613
2612
2614
2619
2619
2618
2619
2620
2620
2621
2621
2622
2619
2620
2625
2625
2624
2626
2625
2622
2622
2628
2627
2624
2624
2626
2629
2627
2626
2625
2622
2620
2619
2622
2620
2620
2620
2619
2619
2620
2621
2621
2622
2622
2621
2621
2619
2616
2617
2622
2620
2614
2615
2619
2619
2617
2615
2615
2614
2613
2612
2611
2612
2612
2611
2612
2611
2610
2610
2609
2609
2611
2611
2611
2606
2606
2612
2611
2610
2607
2607
2613
2612
2608
2610
2610
2614
2615
2616
2617
2619
2619
2616
2615
2615
2619
2618
2616
2616
2615
2613
2612
2611
2609
2608
2608
2608
2608
2609
2608
2607
2607
2608
2604
2605
2607
2607
2607
2603
2603
2607
2606
2602
2602
2601
2604
2602
2602
2602
2602
2602
2600
2596
2596
2601
2600
2598
2597
2596
2596
2596
2596
2595
2595
2595
2597
2598
2600
2601
2602
2598
2601
2605
2605
2604
2601
2600
2605
2604
2604
2603
2604
2602
2602
2598
2596
2599
2598
2598
2597
2598
2593
2593
2597
2597
2596
2595
2594
2592
2593
2588
2591
2595
2594
2593
2592
2593
2589
2589
2595
2596
2596
2596
2596
2596
2595
2595
2595
2596
2596
2594
2595
2594
2593
2593
2592
2591
2592
2593
2593
2589
2591
2596
2595
2594
2594
2595
2595
2595
2593
2593
2594
2594
2593
2593
2591
2587
2587
2593
2591
2588
2586
2587
2590
2590
2590
2589
2585
2585
2585
2589
2591
2592
2593
2589
2589
2593
2599
2601
2604
2607
2605
2609
2615
2620
2622
2627
2632
2636
2640
2645
2650
2656
2658
2663
2671
2675
2674
2681
2686
2695
2700
2704
2707
2710
2715
2719
2725
2728
2731
2735
2737
2741
2744
2747
2749
2752
2754
2756
2758
2755
2758
2760
