2758
2752
2752
2756
2756
2755
2752
2750
2750
2749
2742
2740
2740
2742
2740
2738
2735
2733
2732
2729
2723
2721
2724
2722
2721
2719
2716
2713
2711
2710
2709
2703
2701
2705
2703
2702
2700
2697
2690
2689
2693
2692
2688
2685
2682
2682
2681
2678
2677
2673
2671
2671
2671
2670
2669
2666
2665
2664
2662
2659
2657
2656
2655
2654
2654
2651
2645
2645
2649
2648
2647
2645
2644
2642
2641
2636
2638
2640
2639
2632
2634
2634
2638
2637
2634
2634
2633
2634
2634
2631
2631
2634
2632
2627
2628
2631
2632
2630
2630
2628
2627
2625
2625
2624
2623
2622
2621
2620
2620
2618
2617
2615
2612
2612
2617
2615
2610
2609
2612
2613
2611
2610
2609
2610
2607
2607
2607
2606
2607
2607
2603
2605
2610
2609
2609
2606
2607
2607
2606
2602
2604
2607
2608
2608
2607
2607
2607
2608
2603
2605
2604
2608
2608
2609
2608
2607
2607
2606
2602
2601
2605
2604
2603
2601
2600
2600
2600
2600
2599
2595
2596
2600
2599
2598
2597
2597
2595
2595
2590
2591
2592
2595
2596
2596
2596
2592
2592
2597
2596
2595
2594
2594
2593
2592
2591
2591
2590
2591
2590
2590
2590
2585
2585
2585
2589
2588
2588
2589
2585
2587
2590
2591
2589
2590
2589
2585
2585
2590
2588
2587
2583
2584
2588
2586
2585
2584
2585
2585
2584
2584
2583
2583
2583
2582
2581
2582
2582
2582
2582
2584
2579
2581
2581
2583
2583
2583
2582
2579
2579
2579
2581
2581
2582
2582
2582
2583
2585
2584
2584
2580
2581
2585
2584
2578
2578
2579
2582
2581
2576
2576
2579
2579
2577
2577
2576
2575
2575
2576
2576
2576
2577
2578
2579
2578
2578
2578
2580
2581
2580
2577
2578
2581
2580
2577
2577
2576
2580
2580
2575
2576
2582
2581
2580
2581
2582
2582
2582
2583
2583
2582
2582
2581
2579
2579
2584
2583
2577
2577
2577
2579
2578
2577
2574
2575
2576
2576
2577
2578
2574
2576
2581
2582
2583
2582
2582
2584
2585
2585
2585
2586
2586
2586
2586
2585
2585
2584
2585
2585
2585
2587
2586
2584
2584
2589
2587
2584
2585
2586
2588
2587
2586
2586
2585
2587
2587
2589
2591
2588
2588
2594
2593
2593
2593
2594
2591
2591
2596
2596
2591
2592
2594
2598
2598
2599
2599
2598
2599
2600
2601
2602
2603
2602
2602
2602
2602
2603
2602
2600
2601
2605
2605
2601
2602
2605
2610
2610
2607
2609
2615
2616
2617
2618
2619
2620
2620
2620
2622
2622
2624
2625
2625
2626
2626
2627
2625
2628
2630
2635
2636
2633
2634
2641
2641
2641
2642
2641
2638
2640
2646
2645
2646
2648
2648
2649
2650
2651
2653
2650
2651
2654
2660
2661
2661
2664
2666
2668
2669
2672
2673
2674
2676
2672
2675
2681
2684
2684
2687
2689
2690
2691
2689
2692
2695
2701
2703
2706
2709
2711
2713
2714
2714
2717
2724
2727
2729
2733
2731
2732
2734
2741
2744
2745
2747
2750
2751
2754
2753
2757
2763
2764
2767
2768
2770
2769
2772
2780
2782
2784
2787
2790
2793
2796
2799
2802
2805
2809
2812
2815
2819
2822
2825
2827
2831
2834
2838
2841
2841
2847
2854
2857
2855
2861
2869
2873
2876
2880
2883
2882
2885
2896
2897
2903
2906
2909
2913
2917
2920
2923
2925
2928
2930
2929
2933
2941
2944
2944
2944
2950
2955
2959
2958
2960
2971
2973
2975
2982
2983
2982
2988
2998
3000
3004
3009
3013
3016
3020
3025
3030
3035
3040
3043
3049
3052
3058
3063
3068
3073
3078
3082
3089
3091
3097
3102
3108
3112
3115
3123
3130
3135
3141
3146
3147
3153
3157
3162
3168
3169
3172
3185
3186
3188
3189
3196
3205
3209
3213
3217
3220
3225
3230
3236
3241
3241
3247
3256
3263
3266
3269
3275
3286
3290
3290
3296
3300
3310
3314
3320
3325
3324
3332
3337
3349
3351
3357
3361
3363
3366
3376
3380
3384
3388
3392
3395
3400
3404
3408
3412
3419
3424
3430
3434
3438
3444
3449
3452
3457
3463
3471
3473
3480
3486
3490
3495
3501
3507
3506
3515
3528
3533
3538
3538
3546
3558
3562
3564
3572
3580
3591
3593
3599
3606
3611
3615
3614
3621
3627
3637
3641
3648
3653
3660
3663
3670
3673
3680
3685
3690
3697
3700
3706
3711
3714
3719
3725
3724
3729
3739
3745
3747
3748
3753
3763
3766
3770
3773
3779
3778
3781
3792
3793
3795
3800
3802
3806
3809
3809
3814
3822
3826
3829
3833
3837
3840
3842
3841
3849
3856
3860
3863
3867
3872
3873
3875
3889
3893
3894
3901
3905
3909
3913
3916
3921
3925
3930
3935
3932
3938
3947
3950
3947
3949
3952
3960
3960
3957
3960
3967
3968
3967
3972
3974
3976
3979
3976
3980
3989
3993
3998
3998
4002
4005
4011
4009
4013
4020
4027
4031
4035
4037
4038
4045
4048
4049
4055
4052
4055
4065
4065
4068
4070
4070
4073
4075
4077
4078
4083
4082
4083
4087
4088
4088
4091
4091
4092
4096
4099
4100
4099
4103
4111
4114
4115
4119
4122
4125
4129
4128
4131
4144
4141
4146
4150
4152
4157
4158
4154
4161
4164
4170
4175
4170
4177
4184
4187
4190
4190
4196
4190
4197
4204
4207
4210
4211
4215
4215
4220
4223
4224
4229
4229
4232
4233
4239
4235
4241
4248
4251
4246
4250
4250
4259
4263
4262
4266
4260
4263
4264
4271
4273
4271
4274
4275
4277
4278
4279
4282
4283
4284
4286
4288
4288
4288
4289
4290
4291
4285
4290
4294
4294
4295
4289
4291
4299
4300
4294
4298
4300
4306
4305
4306
4306
4308
4307
4306
4306
4311
4314
4314
4315
4315
4311
4311
4314
4317
4316
4313
4313
4311
4311
4307
4306
4307
4306
4307
4305
4307
4309
4309
4311
4312
4313
4308
4311
4319
4317
4318
4314
4315
4319
4323
4320
4324
4324
4318
4320
4325
4324
4318
4317
4323
4320
4320
4317
4317
4316
4315
4315
4314
4314
4311
4310
4315
4315
4314
4315
4315
4314
4317
4315
4316
4315
4314
4317
4312
4313
4313
4311
4313
4308
4309
4306
4308
4308
4307
4302
4301
4309
4308
4306
4305
4302
4311
4310
4303
4308
4312
4313
4312
4312
4314
4312
4314
4310
4312
4314
4313
4313
4307
4310
4316
4314
4312
4314
4310
4310
4309
4309
4308
4302
4302
4300
4301
4299
4292
4290
4298
4294
4294
4289
4291
4287
4285
4294
4291
4291
4286
4288
4293
4294
4285
4286
4294
4296
4295
4294
4298
4293
4296
4292
4294
4293
4293
4290
4289
4286
4284
4281
4281
4273
4272
4274
4271
4262
4262
4262
4261
4258
4259
4257
4250
4251
4254
4255
4253
4248
4247
4251
4248
4247
4247
4244
4242
4242
4240
4240
4239
4237
4237
4235
4237
4233
4234
4236
4233
4235
4232
4232
4223
4226
4232
4230
4231
4228
4226
4222
4221
4226
4223
4218
4215
4221
4220
4219
4214
4212
4220
4215
4209
4207
4208
4210
4208
4208
4205
4203
4199
4199
4190
4192
4195
4192
4192
4189
4185
4184
4182
4180
4176
4175
4176
4174
4175
4173
4166
4166
4172
4169
4170
4166
4169
4165
4167
4163
4165
4161
4160
4153
4151
4149
4153
4148
4147
4145
4135
4133
4132
4131
4130
4125
4122
4119
4115
4112
4105
4104
4107
4104
4100
4098
4094
4093
4092
4085
4084
4086
4085
4081
4080
4077
4078
4074
4074
4072
4072
4070
4067
4068
4065
4062
4061
4056
4053
4049
4047
4044
4037
4035
4039
4033
4027
4023
4023
4024
4022
4021
4018
4017
4014
4014
4013
4012
4007
4006
4014
4011
4005
4004
4004
4010
4005
4005
4002
4003
4003
3999
4001
3998
3998
3996
3989
3989
3991
3993
3992
3990
3990
3989
3987
3986
3983
3984
3981
3980
3974
3974
3980
3973
3974
3971
3969
3967
3968
3958
3960
3958
3961
3959
3953
3952
3956
3954
3950
3951
3946
3946
3945
3937
3940
3943
3939
3937
3936
3934
3930
3929
3925
3925
3921
3918
3915
3914
3909
3903
3902
3905
3904
3898
3896
3894
3890
3890
3879
3880
3877
3879
3877
3873
3873
3867
3868
3862
3857
3857
3859
3858
3850
3849
3853
3850
3848
3844
3843
3833
3835
3838
3836
3834
3831
3830
3827
3823
3825
3821
3821
3819
3817
3815
3813
3812
3812
3806
3804
3804
3807
3804
3803
3802
3793
3794
3793
3796
3793
3793
3791
3787
3787
3784
3780
3777
3777
3775
3770
3772
3764
3763
3764
3765
3763
3755
3756
3758
3757
3754
3752
3751
3745
3746
3745
3743
3741
3743
3739
3734
3733
3738
3736
3733
3732
3732
3723
3724
3727
3725
3722
3719
3717
3715
3713
3711
3709
3708
3708
3704
3704
3699
3694
3694
3699
3695
3695
3693
3690
3685
3684
3687
3684
3682
3679
3678
3675
3673
3666
3662
3665
3660
3659
3656
3654
3653
3648
3648
3643
3638
3635
3636
3638
3636
3635
3631
3629
3629
3624
3621
3619
3622
3623
3614
3615
3615
3616
3615
3614
3613
3613
3609
3606
3606
3603
3604
3601
3595
3596
3597
3596
3595
3590
3588
3589
3584
3584
3582
3579
3575
3574
3577
3575
3568
3567
3572
3569
3567
3566
3563
3561
3561
3559
3557
3556
3554
3551
3551
3549
3546
3548
3545
3543
3542
3539
3538
3533
3532
3535
3534
3533
3528
3527
3530
3528
3521
3520
3520
3521
3520
3519
3517
3514
3513
3509
3505
3506
3507
3507
3503
3502
3499
3500
3498
3497
3496
3495
3493
3492
3492
3490
3485
3484
3490
3487
3486
3483
3480
3476
3473
3476
3475
3471
3470
3470
3465
3464
3464
3461
3456
3456
3459
3458
3456
3453
3451
3451
3450
3440
3441
3441
3441
3440
3434
3432
3436
3433
3426
3423
3422
3423
3419
3421
3419
3417
3418
3416
3407
3408
3413
3409
3408
3407
3404
3402
3399
3399
3395
3394
3393
3389
3387
3387
3384
3382
3381
3378
3376
3376
3376
3375
3372
3373
3372
3365
3368
3369
3371
3370
3365
3366
3367
3367
3366
3364
3364
3357
3356
3361
3356
3353
3352
3349
3343
3343
3346
3342
3342
3340
3337
3336
3333
3332
3332
3329
3329
3325
3323
3324
3329
3326
3325
3325
3324
3322
3322
3321
3319
3317
3318
3310
3308
3310
3310
3309
3302
3302
3305
3304
3300
3297
3296
3297
3294
3293
3293
3293
3292
3288
3285
3283
3286
3285
3279
3278
3278
3281
3279
3272
3273
3276
3273
3274
3273
3270
3270
3267
3266
3266
3264
3263
3262
3262
3261
3259
3259
3252
3250
3251
3253
3249
3248
3246
3244
3244
3241
3240
3239
3237
3237
3231
3233
3235
3235
3234
3228
3226
3231
3230
3228
3224
3224
3223
3223
3220
3219
3219
3217
3216
3215
3211
3211
3212
3212
3209
3201
3203
3203
3205
3203
3196
3197
3203
3200
3200
3199
3198
3191
3192
3198
3195
3190
3187
3188
3192
3190
3184
3185
3190
3188
3186
3183
3182
3182
3180
3179
3177
3176
3176
3175
3172
3173
3171
3168
3165
3165
3164
3166
3166
3165
3164
3161
3163
3161
3163
3161
3163
3163
3164
3163
3159
3156
3157
3160
3158
3150
3150
3154
3151
3149
3148
3147
3145
3143
3136
3138
3135
3138
3138
3135
3133
3132
3131
3131
3131
3130
3127
3124
3129
3127
3126
3124
3124
3119
3119
3125
3125
3123
3122
3122
3117
3117
3121
3119
3119
3117
3117
3114
3114
3111
3110
3108
3107
3105
3103
3102
3096
3096
3099
3094
3094
3093
3092
3090
3089
3082
3084
3090
3087
3084
3081
3081
3083
3082
3080
3080
3079
3079
3078
3076
3076
3071
3073
3077
3075
3073
3074
3072
3071
3071
3065
3067
3068
3071
3070
3064
3066
3071
3069
3066
3067
3065
3065
3066
3061
3061
3066
3063
3064
3063
3063
3062
3060
3060
3058
3057
3058
3059
3058
3056
3055
3054
3055
3054
3053
3046
3045
3049
3049
3043
3042
3039
3042
3040
3035
3034
3038
3035
3033
3031
3032
3032
3030
3025
3023
3028
3027
3026
3026
3024
3023
3023
3022
3023
3021
3021
3018
3018
3018
3018
3017
3015
3014
3014
3015
3014
3009
3009
3013
3013
3013
3010
3009
3011
3012
3010
3010
3009
3002
3000
3005
3004
3002
3002
2999
2995
2996
2998
2996
2994
2993
2992
2992
2989
2989
2987
2987
2986
2986
2987
2985
2980
2981
2985
2985
2978
2979
2980
2983
2983
2980
2980
2986
2984
2980
2980
2980
2982
2979
2978
2977
2977
2976
2976
2971
2970
2974
2973
2970
2969
2968
2969
2968
2966
2966
2966
2964
2964
2964
2964
2964
2964
2965
2963
2962
2962
2961
2960
2959
2953
2954
2960
2957
2956
2955
2954
2954
2953
2951
2952
2952
2953
2954
2950
2950
2953
2951
2946
2946
2947
2950
2949
2947
2946
2942
2942
2943
2946
2946
2945
2945
2944
2943
2941
2940
2939
2939
2938
2936
2935
2935
2933
2932
2928
2925
2930
2929
2922
2922
2925
2925
2925
2925
2923
2918
2920
2923
2924
2922
2921
2920
2915
2915
2919
2917
2918
2918
2917
2917
2917
2917
2919
2920
2917
2919
2923
2922
2916
2917
2920
2920
2918
2917
2916
2916
2915
2914
2913
2913
2912
2911
2910
2913
2907
2908
2909
2913
2912
2910
2910
2908
2908
2908
2907
2907
2906
2906
2900
2902
2906
2905
2904
2899
2900
2904
2903
2903
2902
2900
2899
2899
2897
2896
2896
2896
2893
2891
2889
2888
2888
2887
2888
2881
2882
2881
2885
2883
2877
2877
2882
2880
2878
2874
2874
2878
2877
2876
2876
2874
2874
2873
2873
2871
2871
2870
2868
2869
2867
2863
2862
2867
2865
2860
2863
2863
2866
2865
2863
2863
2862
2861
2858
2859
2858
2863
2862
2862
2861
2860
2860
2859
2857
2857
2857
2857
2856
2857
2856
2855
2855
2851
2851
2856
2854
2848
2848
2847
2850
2850
2845
2843
2847
2846
2846
2844
2842
2842
2840
2841
2838
2838
2838
2838
2833
2834
2838
2838
2837
2837
2837
2833
2834
2839
2839
2838
2838
2838
2837
2836
2830
2830
2834
2833
2832
2830
2832
2831
2830
2828
2827
2827
2826
2826
2826
2825
2821
2823
2824
2824
2823
2823
2823
2818
2819
2823
2821
2821
2818
2818
2823
2822
2822
2821
2821
2821
2820
2821
2821
2821
2821
2820
2819
2819
2818
2818
2812
2812
2818
2815
2815
2811
2812
2815
2814
2814
2813
2812
2810
2810
2810
2811
2806
2807
2814
2812
2811
2810
2811
2810
2809
2808
2807
2806
2806
2805
2805
2804
2804
2803
2799
2799
2799
2803
2801
2796
2797
2802
2800
2799
2798
2797
2796
2797
2796
2796
2796
2793
2794
2793
2793
2793
2791
2786
2785
2786
2789
2789
2783
2784
2790
2788
2787
2788
2787
2788
2788
2782
2783
2785
2787
2787
2786
2786
2786
2786
2787
2787
2787
2787
2786
2782
2785
2789
2788
2789
2786
2783
2788
2787
2786
2786
2785
2782
2781
2784
2782
2781
2781
2780
2778
2777
2777
2777
2777
2778
2778
2778
2778
2778
2778
2777
2776
2769
2770
2772
2775
2774
2773
2772
2767
2767
2771
2772
2771
2770
2770
2769
2769
2770
2770
2770
2767
2767
2771
2769
2765
2765
2767
2768
2768
2766
2765
2764
2763
2762
2761
2760
2759
2759
2759
2759
2757
2757
2758
2757
2756
2752
2753
2757
2756
2755
2752
2752
2757
2755
2752
2753
2753
2751
2751
2747
2748
2752
2752
2752
2751
2750
2750
2750
2745
2746
2750
2750
2749
2749
2749
2745
2747
2751
2751
2750
2750
2748
2748
2748
2744
2744
2750
2748
2748
2749
2747
2746
2745
2740
2740
2740
2743
2742
2742
2742
2737
2739
2742
2743
2743
2743
2742
2741
2740
2740
2739
2739
2739
2737
2737
2736
2736
2737
2735
2732
2732
2736
2736
2731
2731
2735
2733
2733
2732
2732
2728
2729
2733
2733
2730
2730
2729
2730
2729
2724
2727
2728
2731
2733
2735
2736
2738
2739
2737
2737
2739
2743
2743
2742
2742
2739
2739
2739
2737
2735
2734
2733
2733
2733
2731
2732
2730
2727
2727
2732
2731
2730
2729
2728
2726
2726
2726
2725
2719
2721
2721
2723
2721
2717
2718
2723
2723
2721
2717
2717
2720
2718
2713
2714
2716
2716
2715
2712
2711
2715
2714
2712
2712
2712
2711
2710
2710
2710
2710
2710
2708
2709
2708
2707
2708
2709
2709
2706
2706
2707
2711
2711
2711
2711
2705
2707
2706
2708
2708
2706
2705
2701
2701
2702
2705
2704
2704
2704
2703
2705
2700
2699
2700
2704
2704
2705
2704
2704
2705
2703
2700
2703
2698
2698
2703
2703
2703
2704
2704
2699
2701
2706
2705
2701
2701
2702
2705
2704
2704
2704
2703
2702
2701
2700
2701
2701
2699
2695
2696
2696
2700
2699
2699
2698
2693
2692
2696
2695
2695
2693
2692
2691
2690
2688
2688
2687
2688
2688
2683
2684
2688
2687
2686
2685
2685
2684
2686
2681
2682
2687
2688
2687
2687
2687
2688
2688
2688
2687
2686
2684
2684
2689
2687
2689
2689
2688
2687
2688
2684
2683
2688
2688
2688
2686
2687
2687
2688
2684
2685
2689
2687
2687
2685
2684
2684
2682
2682
2680
2680
2679
2679
2679
2678
2674
2674
2678
2680
2679
2676
2676
2680
2678
2678
2677
2676
2672
2673
2676
2675
2673
2673
2673
2671
2673
2673
2674
2675
2675
2671
2670
2672
2674
2674
2668
2669
2674
2673
2673
2673
2673
2672
2673
2673
2673
2671
2667
2668
2673
2672
2672
2671
2667
2667
2666
2671
2670
2665
2666
2671
2671
2671
2671
2670
2672
2672
2674
2674
2675
2671
2672
2677
2676
2675
2675
2674
2674
2673
2672
2672
2671
2671
2670
2670
2669
2669
2669
2668
2668
2663
2664
2665
2667
2666
2665
2665
2663
2663
2662
2662
2661
2656
2656
2659
2658
2658
2658
2658
2654
2654
2659
2658
2653
2655
2656
2659
2658
2659
2659
2658
2659
2659
2659
2658
2659
2660
2659
2659
2656
2659
2660
2664
2664
2663
2661
2656
2656
2658
2660
2658
2657
2657
2651
2651
2656
2657
2655
2651
2652
2656
2655
2655
2654
2653
2653
2652
2652
2652
2651
2651
2650
2650
2650
2649
2650
2650
2650
2650
2651
2652
2648
2648
2654
2653
2647
2649
2650
2653
2652
2652
2651
2651
2648
2648
2649
2647
2648
2647
2641
2642
2645
2646
2645
2642
2643
2649
2648
2648
2648
2648
2649
2650
2651
2651
2651
2651
2651
2650
2650
2647
2647
2642
2642
2645
2644
2643
2643
2643
2638
2639
2643
2643
2643
2643
2645
2644
2644
2640
2641
2643
2645
2645
2645
2646
2647
2648
2643
2642
2643
2647
2647
2646
2644
2638
2639
2640
2643
2643
2642
2640
2640
2638
2637
2635
2635
2640
2639
2639
2639
2637
2637
2636
2635
2637
2637
2637
2632
2632
2632
2637
2636
2636
2636
2636
2634
2631
2628
2628
2632
2631
2626
2626
2630
2629
2628
2627
2626
2621
2621
2627
2627
2627
2627
2627
2626
2627
2625
2626
2626
2626
2627
2628
2627
2627
2626
2627
2627
2627
2623
2623
2627
2626
2627
2626
2625
2624
2623
2623
2622
2623
2622
2621
2618
2618
2622
2621
2615
2617
2620
2620
2620
2616
2617
2621
2621
2616
2616
2617
2621
2621
2620
2619
2622
2623
2625
2626
2629
2628
2631
2638
2638
2638
2638
2636
2636
2636
2636
2635
2635
2634
2633
2632
2631
2630
2629
2627
2627
2626
2624
2624
2621
2621
2625
2624
2620
2619
2618
2622
2622
2617
2619
2621
2622
2621
2622
2622
2616
2617
2622
2621
2620
2619
2617
2617
2618
2618
2617
2615
2616
2615
2611
2613
2615
2614
2613
2612
2612
2608
2608
2613
2613
2612
2613
2613
2613
2614
2616
2618
2618
2618
2619
2617
2617
2617
2617
2613
2613
2618
2617
2616
2615
2614
2612
2613
2613
2612
2611
2608
2609
2613
2612
2609
2609
2614
2614
2612
2613
2612
2607
2608
2613
2610
2611
2610
2609
2609
2609
2609
2610
2610
2610
2609
2609
2608
2607
2609
2605
2605
2604
2609
2608
2604
2604
2609
2608
2609
2605
2605
2609
2608
2606
2605
2606
2604
2603
2608
2606
2605
2604
2600
2600
2601
2605
2603
2598
2597
2602
2601
2601
2602
2601
2602
2602
2603
2604
2603
2600
2600
2604
2603
2604
2604
2605
2605
2605
2606
2606
2607
2609
2609
2610
2609
2608
2608
2607
2607
2605
2606
2605
2602
2604
2607
2606
2605
2604
2605
2604
2603
2602
2602
2601
2602
2602
2602
2602
2598
2599
2603
2602
2598
2600
2600
2603
2603
2600
2602
2607
2607
2604
2606
2607
2610
2610
2610
2610
2609
2608
2608
2603
2602
2608
2608
2607
2607
2607
2605
2606
2606
2606
2605
2605
2606
2606
2606
2605
2604
2598
2599
2604
2602
2602
2596
2596
2601
2600
2596
2597
2598
2600
2599
2599
2598
2597
2598
2597
2597
2597
2597
2596
2594
2593
2592
2593
2592
2592
2589
2586
2586
2589
2588
2587
2588
2588
2587
2587
2582
2583
2588
2589
2589
2587
2587
2582
2583
2589
2590
2589
2589
2589
2589
2591
2586
2587
2589
2592
2591
2590
2589
2588
2589
2585
2584
2585
2589
2588
2587
2586
2586
2587
2586
2587
2588
2588
2591
2587
2589
2592
2596
2595
2595
2595
2595
2594
2589
2590
2589
2594
2592
2591
2590
2585
2585
2584
2588
2586
2586
2586
2586
2585
2584
2585
2586
2587
2588
2587
2587
2583
2583
2584
2587
2586
2586
2585
2582
2583
2582
2586
2586
2586
2585
2580
2579
2581
2586
2585
2585
2586
2586
2586
2587
2588
2588
2587
2588
2586
2588
2595
2593
2594
2592
2592
2597
2597
2591
2591
2592
2595
2594
2593
2591
2592
2592
2592
2591
2592
2589
2590
2593
2593
2591
2592
2592
2592
2593
2592
2591
2590
2589
2589
2589
2588
2587
2586
2586
2585
2587
2588
2588
2589
2589
2589
2589
2585
2587
2586
2590
2591
2590
2589
2589
2591
2591
2592
2594
2593
2594
2601
2601
2598
2599
2601
2609
2611
2610
2615
2623
2626
2630
2630
2634
2644
2649
2648
2656
2661
2668
2671
2677
2681
2685
2690
2695
2697
2702
2707
2710
2709
2714
2721
2724
2728
2731
2734
2732
2736
2743
2746
2749
2750
2751
2749
2751
