4743
4740
4740
4738
4735
4733
4731
4728
4723
4717
4712
4714
4707
4702
4699
4690
4684
4683
4681
4676
4667
4663
4663
4656
4652
4644
4638
4639
4633
4621
4619
4617
4614
4608
4604
4601
4594
4588
4585
4583
4578
4573
4569
4567
4564
4555
4553
4551
4550
4547
4539
4536
4540
4533
4532
4525
4524
4525
4523
4518
4517
4513
4511
4510
4507
4504
4500
4499
4496
4495
4491
4489
4489
4485
4484
4483
4481
4477
4473
4471
4471
4470
4463
4462
4465
4464
4462
4461
4458
4458
4458
4457
4455
4454
4452
4451
4445
4446
4449
4447
4444
4442
4440
4438
4438
4435
4433
4433
4431
4430
4430
4429
4421
4424
4427
4423
4424
4419
4418
4422
4422
4414
4417
4418
4419
4419
4420
4418
4419
4420
4420
4419
4420
4424
4426
4420
4421
4427
4423
4420
4417
4415
4416
4414
4412
4412
4409
4407
4405
4405
4404
4402
4400
4396
4396
4395
4397
4398
4389
4390
4396
4393
4392
4391
4392
4391
4390
4389
4390
4386
4387
4387
4387
4385
4381
4383
4386
4385
4387
4381
4380
4387
4384
4382
4379
4380
4379
4378
4379
4379
4381
4383
4383
4382
4383
4383
4383
4379
4380
4382
4383
4380
4378
4377
4377
4376
4370
4372
4373
4375
4377
4378
4377
4378
4378
4380
4384
4386
4380
4382
4384
4382
4376
4376
4371
4366
4367
4370
4369
4368
4368
4368
4365
4368
4366
4367
4364
4362
4361
4362
4360
4355
4358
4358
4358
4357
4355
4354
4355
4352
4352
4353
4353
4354
4353
4350
4350
4356
4354
4349
4350
4352
4356
4356
4360
4358
4361
4364
4362
4361
4365
4364
4364
4363
4364
4357
4357
4359
4361
4361
4357
4358
4363
4359
4358
4354
4355
4360
4358
4355
4358
4359
4358
4361
4358
4359
4366
4363
4363
4364
4364
4365
4362
4364
4365
4367
4366
4368
4367
4367
4364
4365
4370
4369
4371
4371
4372
4371
4372
4379
4377
4377
4380
4379
4375
4379
4383
4380
4381
4381
4380
4382
4384
4379
4382
4389
4388
4385
4390
4390
4396
4397
4398
4398
4400
4400
4400
4403
4405
4407
4406
4410
4410
4412
4411
4412
4420
4422
4423
4424
4424
4427
4429
4437
4436
4437
4441
4442
4443
4447
4450
4453
4457
4458
4455
4459
4463
4471
4471
4473
4477
4479
4482
4487
4488
4493
4498
4500
4504
4507
4507
4511
4517
4524
4528
4528
4533
4545
4546
4550
4552
4556
4567
4569
4576
4583
4587
4591
4595
4601
4605
4608
4614
4612
4621
4627
4633
4639
4645
4649
4654
4658
4664
4668
4672
4677
4685
4688
4693
4696
4703
4711
4720
4728
4728
4738
4752
4756
4764
4771
4777
4781
4791
4797
4801
4809
4813
4821
4833
4840
4847
4857
4859
4868
4879
4891
4902
4910
4919
4929
4937
4947
4959
4967
4974
4985
5001
5011
5021
5030
5041
5052
5064
5072
5085
5093
5107
5118
5128
5138
5151
5161
5168
5184
5193
5211
5223
5225
5241
5260
5268
5279
5284
5297
5313
5321
5332
5346
5357
5368
5381
5394
5405
5415
5431
5450
5464
5476
5487
5502
5519
5534
5543
5559
5576
5594
5607
5623
5637
5652
5670
5680
5697
5714
5734
5748
5766
5780
5798
5815
5829
5849
5861
5877
5892
5916
5931
5948
5963
5978
5994
6012
6024
6040
6057
6070
6087
6100
6111
6125
6135
6147
6160
6174
6190
6204
6218
6236
6244
6260
6280
6297
6315
6328
6351
6377
6392
6412
6431
6451
6471
6491
6504
6528
6555
6573
6591
6612
6630
6643
6665
6685
6700
6713
6731
6742
6753
6768
6786
6799
6807
6823
6837
6856
6869
6883
6895
6908
6919
6928
6937
6948
6958
6968
6982
6995
7007
7020
7033
7051
7063
7069
7083
7098
7111
7123
7133
7145
7164
7172
7179
7189
7199
7212
7224
7235
7251
7261
7278
7289
7300
7309
7324
7334
7350
7359
7370
7386
7400
7422
7433
7446
7461
7469
7486
7502
7518
7536
7553
7568
7585
7601
7612
7628
7639
7655
7667
7682
7696
7706
7722
7740
7761
7773
7786
7800
7814
7828
7842
7852
7869
7883
7894
7913
7929
7945
7965
7980
7988
8004
8019
8034
8044
8061
8074
8092
8106
8117
8129
8137
8152
8160
8164
8174
8189
8194
8199
8211
8223
8235
8247
8257
8266
8278
8289
8299
8307
8319
8327
8332
8334
8343
8355
8362
8372
8379
8389
8396
8408
8413
8422
8434
8441
8449
8454
8462
8468
8479
8490
8501
8509
8510
8518
8526
8530
8538
8544
8550
8555
8563
8562
8573
8587
8594
8602
8615
8622
8632
8641
8640
8652
8667
8675
8683
8695
8704
8711
8722
8732
8740
8750
8755
8762
8781
8788
8790
8794
8798
8802
8802
8792
8792
8797
8793
8794
8792
8798
8802
8803
8805
8810
8812
8815
8821
8827
8833
8840
8848
8856
8865
8874
8878
8890
8904
8913
8918
8930
8946
8956
8963
8966
8980
8996
9003
9014
9018
9025
9032
9038
9040
9041
9036
9039
9040
9045
9048
9046
9046
9051
9053
9058
9061
9068
9077
9085
9091
9102
9107
9118
9129
9140
9148
9158
9168
9170
9180
9192
9197
9200
9205
9211
9224
9233
9236
9243
9247
9256
9251
9249
9244
9230
9228
9225
9221
9218
9212
9208
9206
9199
9198
9196
9197
9193
9198
9209
9210
9213
9219
9221
9220
9221
9222
9221
9220
9220
9222
9221
9228
9241
9247
9251
9259
9269
9283
9296
9299
9307
9311
9314
9305
9306
9304
9302
9294
9290
9287
9284
9283
9284
9285
9285
9284
9286
9287
9290
9286
9281
9285
9290
9291
9293
9295
9288
9288
9294
9295
9293
9295
9293
9293
9288
9286
9278
9272
9262
9253
9252
9243
9236
9232
9230
9226
9224
9232
9231
9228
9223
9227
9232
9233
9230
9235
9246
9248
9253
9258
9266
9270
9277
9277
9281
9287
9289
9290
9297
9296
9292
9295
9306
9309
9310
9314
9319
9319
9314
9314
9313
9314
9315
9317
9307
9312
9320
9319
9317
9313
9312
9316
9316
9314
9313
9306
9308
9307
9310
9306
9304
9302
9301
9302
9302
9302
9306
9307
9309
9312
9315
9316
9313
9313
9318
9318
9313
9315
9321
9320
9315
9313
9310
9302
9300
9305
9302
9298
9294
9292
9290
9287
9283
9275
9264
9253
9238
9227
9211
9199
9182
9167
9152
9138
9122
9109
9089
9081
9078
9064
9054
9047
9038
9031
9026
9015
9017
9017
9019
9020
9023
9021
9019
9026
9033
9030
9031
9033
9036
9038
9042
9044
9050
9054
9054
9057
9070
9068
9072
9074
9075
9068
9068
9072
9069
9066
9068
9069
9070
9072
9069
9071
9079
9079
9081
9077
9076
9076
9070
9067
9064
9055
9048
9040
9030
9025
9020
9017
9004
8995
8997
8991
8984
8978
8973
8967
8959
8951
8943
8936
8931
8924
8923
8923
8920
8916
8917
8914
8915
8920
8919
8913
8909
8910
8903
8896
8891
8880
8877
8868
8864
8862
8854
8840
8834
8833
8822
8814
8811
8804
8799
8793
8789
8785
8778
8776
8779
8779
8776
8772
8776
8779
8776
8774
8772
8766
8760
8753
8746
8736
8726
8715
8703
8690
8675
8657
8643
8631
8613
8600
8582
8575
8560
8548
8546
8538
8530
8525
8519
8514
8513
8512
8510
8505
8505
8500
8495
8493
8488
8482
8477
8474
8476
8473
8467
8457
8453
8457
8447
8441
8435
8431
8430
8425
8428
8428
8426
8423
8423
8424
8424
8421
8420
8417
8418
8428
8427
8424
8420
8421
8425
8422
8414
8413
8414
8417
8411
8407
8401
8389
8386
8380
8374
8364
8357
8347
8329
8316
8306
8294
8285
8272
8263
8262
8253
8245
8237
8228
8220
8209
8199
8191
8173
8167
8162
8157
8152
8140
8133
8140
8135
8128
8124
8123
8120
8121
8120
8116
8115
8113
8109
8109
8103
8100
8099
8090
8089
8086
8081
8080
8075
8070
8077
8071
8064
8064
8062
8064
8062
8061
8057
8044
8045
8039
8044
8037
8030
8024
8030
8018
8015
8008
8002
8001
7997
7995
7993
7993
7990
7988
7991
7992
7989
7987
7981
7984
7985
7989
7988
7982
7981
7984
7977
7969
7963
7957
7956
7952
7948
7944
7933
7928
7927
7925
7919
7915
7910
7902
7899
7894
7887
7886
7879
7874
7871
7866
7864
7859
7858
7849
7846
7852
7847
7845
7839
7837
7837
7834
7824
7821
7826
7822
7812
7807
7798
7787
7777
7767
7759
7747
7741
7731
7712
7704
7697
7683
7664
7653
7644
7639
7631
7623
7619
7615
7614
7610
7603
7606
7608
7608
7608
7606
7604
7602
7600
7593
7595
7589
7587
7580
7579
7575
7576
7570
7566
7564
7559
7555
7551
7545
7543
7533
7533
7534
7529
7522
7516
7514
7515
7509
7502
7498
7496
7489
7488
7483
7478
7474
7465
7463
7455
7448
7441
7432
7420
7410
7412
7397
7384
7367
7358
7352
7342
7326
7322
7320
7313
7309
7306
7303
7294
7293
7295
7292
7283
7281
7275
7267
7261
7254
7253
7244
7244
7234
7229
7219
7212
7204
7198
7188
7182
7177
7173
7160
7161
7163
7156
7153
7147
7141
7132
7130
7132
7127
7122
7113
7112
7111
7108
7104
7100
7094
7092
7091
7093
7087
7082
7080
7082
7078
7075
7070
7065
7072
7068
7067
7064
7062
7057
7056
7051
7047
7046
7039
7036
7034
7028
7027
7024
7014
7012
7017
7008
7007
7000
6994
6997
6991
6989
6982
6980
6971
6971
6970
6966
6961
6957
6955
6952
6945
6941
6940
6934
6931
6927
6926
6923
6913
6914
6914
6908
6900
6892
6887
6875
6871
6869
6862
6848
6846
6847
6839
6835
6827
6821
6815
6810
6802
6797
6792
6779
6774
6772
6766
6761
6758
6754
6747
6743
6743
6741
6737
6729
6727
6724
6722
6715
6712
6703
6702
6702
6698
6691
6689
6683
6675
6670
6675
6670
6663
6657
6653
6653
6649
6638
6636
6640
6635
6631
6625
6619
6624
6619
6618
6611
6610
6605
6603
6599
6596
6590
6588
6583
6582
6575
6571
6569
6565
6562
6551
6547
6546
6548
6546
6539
6538
6534
6531
6528
6528
6523
6521
6519
6515
6511
6508
6507
6502
6501
6498
6488
6486
6488
6486
6478
6471
6470
6470
6464
6453
6450
6447
6448
6439
6433
6427
6417
6412
6409
6407
6402
6395
6392
6380
6380
6379
6379
6372
6371
6366
6361
6356
6353
6351
6345
6339
6338
6329
6327
6311
6307
6300
6297
6290
6276
6271
6273
6269
6266
6257
6253
6246
6244
6236
6233
6227
6225
6224
6221
6218
6218
6215
6218
6214
6213
6209
6209
6212
6207
6202
6201
6207
6203
6204
6199
6201
6196
6196
6189
6192
6190
6195
6193
6187
6186
6188
6181
6174
6170
6165
6155
6152
6145
6142
6136
6132
6131
6124
6119
6108
6106
6110
6105
6100
6095
6091
6094
6090
6086
6084
6080
6076
6075
6076
6076
6070
6066
6061
6059
6052
6044
6038
6037
6030
6025
6020
6017
6011
6007
6001
5999
5989
5990
5990
5992
5986
5985
5983
5983
5980
5978
5978
5975
5975
5970
5963
5964
5969
5968
5962
5960
5957
5954
5949
5948
5944
5943
5940
5938
5931
5928
5929
5924
5916
5917
5913
5917
5912
5905
5905
5911
5906
5901
5901
5898
5893
5891
5893
5888
5885
5882
5878
5876
5872
5869
5868
5861
5863
5858
5858
5853
5850
5848
5845
5844
5843
5841
5839
5833
5832
5836
5833
5831
5824
5825
5827
5826
5815
5814
5817
5815
5810
5805
5802
5808
5803
5803
5801
5799
5793
5789
5787
5782
5777
5772
5770
5763
5761
5765
5757
5758
5753
5754
5749
5748
5745
5741
5738
5734
5740
5735
5735
5731
5727
5725
5721
5719
5715
5712
5708
5707
5708
5703
5700
5696
5694
5691
5687
5681
5679
5678
5677
5668
5665
5663
5664
5662
5655
5653
5658
5654
5654
5649
5652
5648
5649
5646
5648
5641
5642
5641
5644
5642
5640
5639
5636
5637
5636
5635
5634
5632
5632
5630
5626
5627
5621
5621
5623
5620
5619
5620
5615
5617
5613
5613
5612
5611
5609
5607
5606
5604
5600
5595
5602
5598
5594
5591
5588
5581
5581
5578
5578
5567
5568
5567
5569
5564
5562
5557
5557
5555
5547
5548
5547
5551
5548
5548
5545
5545
5542
5541
5540
5538
5537
5535
5532
5530
5526
5524
5523
5525
5523
5518
5517
5513
5514
5510
5504
5502
5505
5499
5491
5490
5490
5488
5485
5480
5476
5470
5468
5472
5467
5464
5460
5456
5454
5452
5443
5441
5440
5441
5437
5435
5434
5432
5429
5427
5425
5425
5421
5421
5419
5416
5416
5415
5412
5410
5409
5402
5404
5407
5405
5403
5401
5400
5394
5395
5398
5397
5393
5390
5389
5394
5392
5386
5388
5385
5385
5382
5383
5378
5377
5374
5375
5368
5371
5362
5363
5363
5360
5350
5351
5349
5351
5347
5345
5344
5335
5337
5337
5337
5333
5329
5326
5328
5326
5324
5324
5320
5321
5316
5316
5316
5312
5310
5312
5309
5309
5308
5305
5301
5301
5307
5302
5302
5295
5294
5299
5296
5296
5292
5291
5289
5288
5285
5286
5278
5280
5280
5281
5279
5280
5279
5277
5274
5274
5274
5271
5271
5267
5263
5264
5268
5266
5263
5265
5263
5257
5259
5263
5262
5258
5258
5257
5251
5251
5255
5253
5254
5248
5249
5242
5240
5239
5236
5229
5228
5228
5231
5229
5227
5226
5222
5220
5216
5212
5211
5214
5211
5209
5206
5207
5204
5202
5200
5199
5193
5192
5197
5193
5193
5189
5187
5186
5186
5179
5181
5181
5182
5181
5175
5173
5178
5177
5176
5174
5173
5168
5166
5170
5164
5158
5155
5155
5155
5153
5146
5147
5142
5141
5138
5137
5134
5134
5132
5132
5131
5129
5129
5129
5127
5127
5122
5120
5117
5114
5111
5106
5106
5103
5103
5099
5095
5094
5092
5091
5087
5085
5091
5090
5082
5084
5084
5085
5088
5078
5079
5085
5081
5079
5075
5071
5076
5074
5071
5071
5068
5062
5063
5065
5065
5057
5058
5063
5061
5061
5059
5061
5058
5059
5055
5057
5055
5053
5055
5050
5050
5056
5057
5053
5053
5053
5053
5048
5050
5047
5048
5044
5044
5045
5043
5043
5044
5041
5040
5040
5038
5038
5042
5042
5040
5037
5038
5035
5032
5029
5029
5030
5025
5016
5013
5010
5013
5012
5009
5006
4996
4999
4998
5000
4999
4995
4994
4993
4991
4992
4988
4986
4985
4983
4986
4982
4977
4977
4977
4982
4979
4980
4982
4977
4981
4986
4990
4992
4989
4992
4991
4991
4987
4988
4983
4983
4978
4975
4972
4963
4960
4958
4960
4957
4950
4950
4950
4949
4945
4942
4942
4935
4936
4939
4937
4937
4934
4936
4936
4936
4931
4934
4942
4941
4938
4939
4937
4935
4933
4923
4924
4923
4924
4923
4919
4919
4918
4918
4919
4915
4918
4921
4918
4915
4915
4914
4914
4911
4913
4908
4910
4908
4909
4906
4907
4903
4902
4906
4903
4903
4902
4905
4900
4902
4899
4902
4905
4903
4899
4899
4900
4905
4903
4901
4902
4904
4900
4898
4894
4892
4897
4892
4885
4885
4882
4887
4882
4882
4879
4880
4878
4876
4877
4875
4876
4872
4872
4873
4872
4872
4870
4869
4867
4867
4864
4858
4859
4860
4862
4863
4863
4863
4856
4853
4861
4857
4858
4858
4858
4851
4851
4859
4855
4854
4854
4852
4852
4855
4848
4852
4851
4850
4849
4848
4845
4838
4840
4841
4840
4837
4835
4832
4832
4828
4828
4825
4826
4822
4822
4821
4820
4822
4820
4821
4818
4818
4817
4820
4812
4813
4820
4817
4819
4813
4815
4819
4817
4811
4810
4813
4815
4814
4809
4809
4817
4813
4813
4808
4808
4813
4811
4811
4807
4808
4806
4809
4805
4808
4805
4807
4806
4806
4805
4802
4803
4802
4802
4795
4794
4793
4796
4791
4787
4785
4789
4786
4780
4779
4779
4782
4779
4774
4774
4780
4777
4777
4773
4776
4773
4773
4772
4773
4772
4771
4773
4774
4775
4779
4775
4773
4772
4774
4774
4773
4771
4772
4771
4772
4767
4763
4761
4766
4763
4759
4760
4757
4756
4754
4755
4753
4753
4753
4753
4752
4751
4749
4749
4745
4745
4751
4748
4748
4746
4747
4741
4741
4748
4746
4747
4745
4746
4741
4743
4746
4745
4745
4745
4743
4739
4740
4742
4742
4739
4739
4738
4739
4736
4732
4733
4738
4735
4733
4732
4730
4729
4725
4727
4725
4725
4721
4721
4719
4717
4714
4713
4710
4709
4708
4704
4702
4704
4701
4701
4700
4700
4700
4699
4697
4698
4702
4699
4694
4693
4695
4696
4697
4695
4695
4692
4692
4690
4690
4687
4689
4690
4686
4687
4688
4689
4690
4683
4686
4689
4687
4686
4689
4688
4688
4688
4698
4694
4697
4695
4697
4694
4694
4688
4685
4687
4682
4679
4678
4674
4675
4672
4671
4670
4668
4666
4667
4672
4669
4667
4667
4667
4667
4667
4666
4663
4664
4660
4657
4655
4656
4656
4653
4648
4651
4655
4655
4652
4654
4653
4656
4655
4658
4653
4650
4648
4646
4649
4649
4645
4644
4638
4639
4636
4641
4638
4639
4636
4632
4630
4636
4633
4635
4633
4635
4632
4632
4633
4631
4631
4625
4626
4630
4630
4629
4628
4630
4629
4629
4629
4631
4631
4632
4626
4628
4627
4631
4629
4629
4626
4625
4625
4624
4624
4621
4619
4621
4623
4624
4620
4623
4620
4619
4619
4614
4614
4617
4616
4616
4611
4613
4617
4618
4614
4618
4618
4618
4619
4621
4621
4621
4621
4620
4615
4615
4620
4619
4614
4616
4620
4619
4618
4622
4621
4625
4625
4625
4622
4621
4614
4614
4614
4612
4608
4608
4604
4604
4601
4597
4596
4602
4598
4599
4597
4598
4598
4598
4595
4593
4603
4601
4602
4603
4604
4599
4603
4606
4606
4601
4598
4595
4598
4596
4595
4592
4593
4592
4593
4591
4592
4590
4591
4588
4590
4588
4591
4591
4594
4595
4596
4594
4594
4594
4590
4590
4588
4583
4582
4584
4585
4583
4580
4579
4573
4574
4577
4576
4573
4568
4569
4573
4572
4564
4568
4567
4570
4567
4568
4567
4567
4565
4562
4562
4561
4567
4568
4568
4567
4570
4571
4572
4570
4571
4572
4572
4570
4569
4567
4567
4565
4566
4564
4561
4560
4566
4562
4563
4557
4559
4563
4561
4555
4556
4557
4560
4561
4559
4558
4560
4560
4560
4560
4560
4560
4559
4560
4560
4557
4559
4561
4561
4561
4559
4562
4566
4562
4561
4554
4553
4557
4557
4551
4554
4554
4557
4558
4555
4554
4555
4551
4550
4553
4552
4546
4549
4552
4550
4550
4549
4549
4550
4549
4547
4550
4557
4554
4557
4553
4553
4559
4556
4556
4556
4552
4550
4553
4553
4552
4553
4552
4552
4554
4551
4547
4548
4552
4548
4547
4548
4546
4544
4542
4537
4536
4539
4537
4532
4531
4531
4534
4531
4530
4530
4530
4528
4528
4529
4528
4525
4525
4528
4527
4526
4528
4530
4528
4525
4527
4525
4524
4525
4524
4519
4519
4524
4522
4516
4519
4519
4524
4526
4520
4519
4526
4523
4521
4520
4520
4514
4514
4519
4518
4516
4514
4514
4516
4514
4510
4512
4522
4524
4522
4523
4524
4524
4523
4521
4521
4522
4521
4519
4512
4513
4516
4515
4510
4509
4509
4514
4514
4513
4512
4512
4511
4511
4512
4510
4508
4508
4508
4505
4503
4502
4502
4500
4501
4498
4502
4506
4505
4506
4501
4501
4505
4504
4498
4499
4500
4503
4499
4493
4493
4497
4493
4490
4490
4490
4488
4486
4485
4486
4486
4485
4483
4483
4482
4480
4479
4479
4477
4476
4476
4476
4475
4475
4470
4473
4475
4474
4476
4473
4475
4480
4478
4479
4479
4478
4477
4477
4480
4480
4473
4479
4480
4482
4481
4477
4477
4482
4480
4478
4478
4477
4476
4477
4477
4476
4478
4475
4476
4475
4475
4474
4472
4468
4470
4469
4471
4472
4470
4467
4461
4463
4463
4467
4462
4463
4463
4464
4467
4458
4460
4462
4465
4465
4465
4466
4459
4461
4464
4468
4468
4466
4468
4467
4467
4466
4467
4465
4459
4462
4468
4467
4467
4466
4466
4463
4463
4466
4465
4459
4460
4458
4461
4461
4457
4457
4458
4456
4455
4454
4454
4455
4454
4456
4456
4455
4455
4455
4458
4458
4456
4457
4458
4456
4455
4453
4455
4453
4452
4452
4453
4452
4451
4451
4447
4447
4453
4453
4448
4448
4449
4451
4450
4447
4446
4453
4452
4451
4448
4449
4446
4446
4453
4450
4451
4453
4453
4454
4455
4455
4457
4452
4455
4457
4461
4461
4459
4459
4457
4455
4454
4448
4451
4454
4452
4451
4450
4451
4451
4449
4450
4451
4447
4450
4446
4446
4445
4444
4442
4439
4438
4442
4441
4440
4434
4434
4436
4437
4439
4436
4435
4436
4439
4439
4441
4443
4443
4442
4444
4444
4441
4441
4447
4445
4437
4438
4439
4442
4440
4439
4437
4436
4433
4431
4431
4432
4432
4433
4427
4428
4433
4431
4430
4425
4423
4428
4429
4429
4429
4428
4428
4426
4422
4426
4431
4429
4425
4419
4421
4426
4424
4419
4420
4424
4423
4425
4428
4428
4428
4427
4422
4423
4423
4424
4425
4423
4421
4417
4418
4418
4420
4419
4420
4421
4420
4419
4418
4417
4417
4419
4419
4420
4419
4419
4419
4422
4424
4423
4424
4424
4425
4428
4430
4431
4430
4431
4432
4432
4431
4428
4427
4427
4429
4426
4426
4426
4427
4428
4425
4419
4421
4425
4423
4416
4417
4416
4416
4417
4410
4410
4414
4414
4406
4410
4406
4410
4410
4404
4402
4409
4407
4406
4403
4404
4399
4399
4402
4400
4400
4399
4397
4398
4397
4395
4395
4398
4399
4401
4397
4399
4404
4403
4403
4401
4402
4401
4400
4397
4398
4395
4397
4393
4394
4391
4391
4392
4393
4391
4387
4389
4390
4393
4393
4390
4390
4384
4386
4385
4389
4388
4385
4385
4388
4387
4389
4387
4386
4381
4382
4387
4386
4386
4384
4384
4385
4388
4386
4387
4389
4389
4389
4390
4390
4390
4389
4390
4389
4389
4389
4389
4387
4387
4386
4386
4384
4386
4386
4382
4382
4386
4386
4381
4384
4386
4391
4392
4397
4399
4396
4401
4404
4415
4420
4422
4428
4439
4445
4451
4455
4465
4478
4487
4491
4501
4514
4523
4532
4540
4545
4557
4563
4574
4581
4590
4599
4606
4608
4615
4629
4634
4641
4644
4650
4656
4662
4665
4670
4667
4673
4674
4680
4681
4677
4678
