4699
4695
4691
4690
4689
4686
4676
4676
4674
4673
4666
4663
4658
4654
4649
4644
4640
4633
4631
4622
4620
4614
4611
4605
4603
4594
4591
4586
4581
4575
4571
4568
4559
4556
4555
4552
4541
4539
4535
4534
4531
4521
4521
4521
4518
4513
4508
4506
4506
4504
4500
4498
4494
4493
4490
4490
4487
4486
4481
4480
4477
4477
4471
4472
4473
4472
4468
4468
4463
4461
4457
4451
4450
4451
4447
4446
4443
4439
4438
4433
4432
4428
4429
4425
4424
4422
4420
4415
4414
4417
4416
4415
4415
4413
4413
4413
4407
4408
4410
4407
4408
4401
4403
4406
4403
4397
4396
4396
4398
4398
4391
4391
4397
4393
4391
4392
4391
4391
4393
4394
4394
4392
4394
4392
4390
4391
4385
4385
4387
4386
4383
4382
4379
4378
4374
4375
4372
4373
4371
4371
4370
4369
4369
4369
4365
4366
4370
4373
4375
4372
4373
4364
4367
4366
4369
4368
4363
4364
4368
4367
4364
4364
4361
4357
4358
4352
4352
4356
4353
4350
4348
4347
4350
4349
4348
4347
4346
4346
4345
4345
4344
4344
4343
4341
4341
4340
4338
4336
4343
4341
4336
4337
4337
4340
4340
4338
4339
4338
4337
4337
4334
4335
4334
4335
4335
4336
4332
4331
4331
4336
4334
4335
4332
4329
4329
4331
4333
4333
4328
4329
4334
4331
4332
4330
4330
4329
4333
4334
4336
4336
4339
4337
4337
4336
4338
4337
4340
4340
4342
4337
4340
4343
4343
4342
4341
4341
4336
4336
4338
4337
4334
4334
4331
4329
4329
4334
4332
4332
4331
4333
4329
4330
4323
4325
4327
4327
4325
4326
4323
4326
4323
4324
4324
4319
4321
4323
4328
4327
4332
4335
4337
4339
4342
4341
4343
4335
4336
4340
4339
4337
4336
4336
4331
4329
4335
4332
4332
4331
4331
4328
4332
4337
4338
4337
4338
4339
4338
4342
4341
4346
4347
4348
4345
4348
4346
4352
4348
4343
4341
4346
4345
4345
4346
4344
4340
4342
4345
4344
4342
4344
4346
4347
4347
4348
4348
4350
4351
4353
4354
4354
4355
4354
4354
4354
4352
4351
4351
4355
4356
4354
4355
4363
4361
4365
4361
4365
4369
4371
4371
4371
4375
4377
4377
4381
4381
4378
4383
4388
4391
4392
4395
4396
4392
4396
4402
4405
4406
4408
4410
4413
4415
4416
4420
4420
4424
4426
4428
4431
4428
4435
4440
4444
4449
4446
4451
4460
4464
4466
4471
4474
4478
4483
4486
4492
4490
4499
4503
4513
4518
4518
4523
4534
4538
4542
4548
4555
4560
4565
4570
4574
4582
4588
4595
4601
4609
4609
4618
4629
4632
4638
4644
4652
4660
4664
4671
4677
4681
4684
4689
4697
4701
4708
4713
4716
4726
4736
4749
4756
4760
4768
4781
4788
4797
4801
4807
4812
4820
4825
4833
4839
4846
4855
4863
4875
4878
4890
4904
4911
4921
4928
4940
4944
4957
4972
4982
4994
5005
5017
5029
5042
5051
5063
5074
5081
5093
5100
5112
5130
5140
5151
5163
5175
5187
5201
5210
5224
5243
5255
5265
5282
5293
5304
5319
5340
5350
5365
5378
5394
5405
5421
5433
5449
5464
5475
5487
5502
5512
5526
5535
5553
5564
5580
5591
5607
5614
5632
5652
5666
5678
5690
5705
5724
5736
5747
5764
5783
5798
5812
5830
5839
5850
5863
5887
5898
5914
5919
5933
5947
5958
5962
5975
5988
6005
6015
6032
6043
6061
6073
6084
6095
6107
6118
6133
6139
6154
6176
6193
6206
6221
6236
6259
6277
6285
6305
6325
6344
6358
6371
6388
6413
6428
6439
6460
6477
6498
6514
6525
6544
6567
6584
6597
6610
6629
6648
6663
6677
6692
6699
6712
6724
6742
6755
6760
6772
6789
6799
6812
6824
6838
6850
6865
6875
6892
6909
6922
6942
6956
6972
6991
7009
7029
7046
7060
7079
7097
7113
7132
7149
7167
7183
7201
7219
7230
7248
7261
7276
7287
7301
7310
7323
7336
7348
7359
7372
7383
7401
7422
7440
7453
7470
7481
7501
7515
7537
7545
7556
7569
7591
7601
7616
7622
7637
7656
7667
7679
7689
7702
7715
7728
7736
7750
7761
7775
7779
7792
7805
7821
7828
7842
7859
7872
7889
7902
7912
7925
7942
7953
7963
7975
7982
7993
8005
8024
8036
8049
8061
8072
8088
8101
8112
8126
8148
8157
8175
8189
8204
8217
8231
8245
8253
8267
8273
8282
8291
8293
8296
8297
8302
8306
8307
8307
8308
8301
8308
8314
8317
8317
8329
8342
8356
8372
8377
8393
8417
8427
8448
8460
8475
8493
8507
8522
8537
8552
8568
8580
8591
8603
8612
8621
8626
8632
8639
8648
8654
8663
8666
8667
8671
8682
8688
8693
8699
8706
8708
8718
8736
8745
8752
8758
8766
8783
8786
8790
8795
8803
8803
8811
8823
8829
8839
8844
8852
8857
8861
8869
8875
8882
8885
8888
8895
8899
8897
8902
8909
8907
8907
8911
8917
8924
8928
8936
8947
8946
8959
8970
8983
8991
8997
9005
9013
9020
9026
9033
9045
9056
9063
9070
9084
9102
9109
9118
9126
9133
9134
9138
9139
9139
9140
9138
9138
9135
9137
9145
9149
9146
9152
9156
9171
9176
9179
9189
9185
9190
9193
9203
9203
9205
9208
9214
9218
9218
9219
9221
9221
9221
9225
9226
9230
9234
9239
9250
9256
9257
9268
9286
9292
9302
9298
9296
9301
9294
9281
9277
9273
9267
9259
9247
9247
9245
9243
9235
9234
9233
9238
9238
9239
9237
9238
9240
9241
9241
9245
9245
9246
9248
9255
9258
9263
9265
9270
9276
9278
9281
9285
9289
9292
9293
9293
9294
9295
9298
9299
9301
9299
9303
9311
9308
9308
9308
9307
9310
9308
9306
9304
9314
9313
9306
9309
9310
9315
9314
9312
9313
9323
9324
9322
9327
9328
9332
9338
9341
9347
9349
9352
9356
9366
9363
9368
9369
9360
9365
9364
9370
9367
9362
9364
9367
9367
9365
9364
9363
9355
9358
9364
9361
9361
9363
9364
9361
9365
9362
9363
9365
9361
9365
9362
9359
9360
9353
9345
9346
9341
9345
9340
9336
9332
9327
9322
9318
9310
9312
9314
9308
9307
9301
9296
9296
9290
9284
9281
9274
9270
9276
9268
9265
9263
9257
9259
9258
9253
9260
9262
9263
9262
9259
9258
9259
9256
9245
9243
9237
9237
9226
9213
9205
9189
9180
9174
9174
9163
9151
9146
9146
9139
9133
9126
9125
9120
9118
9112
9111
9101
9102
9102
9102
9092
9088
9082
9079
9070
9064
9055
9045
9034
9024
9007
9006
9004
9003
9001
8997
8998
8988
8991
8994
8996
8994
8997
8996
8995
8996
8994
8994
8990
8988
8989
8991
8992
8993
8997
8995
8990
8992
8997
8992
8987
8988
8994
8989
8991
8983
8986
8989
8983
8982
8978
8974
8966
8964
8966
8958
8956
8954
8947
8943
8943
8944
8939
8936
8935
8931
8931
8926
8926
8922
8916
8913
8908
8902
8897
8888
8883
8884
8875
8867
8860
8855
8846
8837
8830
8826
8828
8820
8820
8810
8805
8795
8783
8785
8770
8760
8751
8742
8736
8730
8727
8719
8717
8712
8705
8699
8698
8690
8686
8674
8672
8672
8671
8666
8662
8663
8667
8666
8660
8657
8654
8648
8645
8634
8631
8632
8622
8617
8608
8602
8601
8590
8582
8572
8565
8560
8554
8552
8545
8547
8542
8542
8539
8542
8537
8535
8526
8528
8531
8528
8531
8529
8529
8531
8529
8524
8526
8529
8522
8518
8509
8505
8504
8500
8496
8492
8487
8484
8481
8477
8473
8470
8467
8466
8464
8462
8453
8456
8460
8457
8455
8452
8454
8446
8447
8449
8448
8440
8441
8439
8443
8441
8435
8434
8424
8423
8425
8419
8410
8405
8396
8392
8383
8377
8366
8359
8350
8342
8335
8328
8320
8314
8309
8301
8294
8278
8273
8269
8261
8250
8244
8235
8227
8220
8210
8201
8202
8193
8181
8175
8166
8160
8151
8142
8139
8136
8137
8133
8122
8123
8124
8119
8111
8108
8102
8107
8103
8098
8094
8092
8087
8085
8080
8078
8080
8077
8074
8071
8068
8066
8063
8057
8054
8048
8041
8038
8034
8030
8022
8017
8013
8006
8001
7994
7991
7980
7976
7977
7971
7958
7956
7952
7952
7943
7939
7930
7919
7914
7914
7909
7902
7895
7888
7881
7876
7869
7868
7857
7849
7842
7840
7831
7822
7815
7805
7798
7790
7787
7776
7774
7767
7762
7757
7751
7742
7738
7744
7737
7730
7727
7727
7731
7729
7718
7721
7725
7722
7718
7719
7717
7716
7716
7713
7715
7710
7708
7705
7696
7691
7685
7681
7662
7656
7643
7636
7626
7610
7604
7599
7591
7581
7572
7568
7555
7552
7554
7547
7545
7538
7535
7528
7523
7512
7505
7509
7500
7497
7490
7486
7489
7479
7471
7468
7462
7461
7454
7452
7449
7444
7442
7438
7436
7434
7429
7424
7417
7412
7398
7395
7390
7388
7384
7371
7368
7368
7359
7354
7345
7339
7328
7325
7326
7322
7314
7308
7305
7306
7306
7300
7296
7296
7292
7291
7288
7284
7283
7279
7277
7274
7267
7266
7258
7251
7249
7249
7242
7232
7222
7219
7217
7206
7199
7189
7173
7172
7165
7159
7155
7149
7144
7143
7139
7136
7129
7124
7114
7108
7101
7092
7084
7073
7067
7064
7057
7044
7041
7042
7036
7032
7026
7022
7019
7017
7013
7010
7007
7003
6997
6996
6992
6990
6988
6985
6980
6980
6984
6981
6974
6975
6980
6975
6972
6964
6962
6966
6959
6953
6948
6939
6935
6928
6919
6913
6904
6900
6891
6883
6881
6877
6873
6868
6860
6855
6846
6840
6829
6821
6821
6812
6799
6794
6786
6778
6772
6768
6762
6754
6749
6744
6736
6733
6728
6722
6720
6714
6709
6707
6701
6695
6691
6687
6684
6679
6673
6673
6668
6666
6663
6659
6651
6648
6650
6649
6645
6638
6634
6640
6633
6630
6628
6624
6625
6619
6612
6612
6614
6612
6609
6605
6603
6601
6596
6594
6590
6587
6582
6575
6569
6566
6568
6566
6564
6563
6562
6559
6557
6554
6554
6547
6546
6542
6546
6542
6538
6539
6528
6527
6528
6529
6524
6523
6521
6512
6514
6516
6511
6508
6507
6502
6501
6498
6493
6493
6488
6482
6476
6465
6462
6460
6452
6446
6435
6428
6428
6422
6418
6411
6409
6400
6397
6394
6390
6380
6379
6382
6377
6375
6373
6371
6367
6365
6358
6355
6352
6350
6345
6339
6331
6325
6320
6309
6303
6295
6284
6281
6282
6273
6267
6261
6259
6258
6254
6244
6242
6248
6241
6236
6236
6233
6226
6227
6231
6225
6224
6220
6216
6212
6210
6205
6207
6201
6199
6199
6205
6203
6198
6197
6193
6192
6188
6184
6182
6174
6171
6168
6163
6160
6154
6150
6146
6140
6137
6135
6131
6126
6126
6123
6119
6118
6115
6112
6112
6112
6106
6106
6102
6101
6103
6099
6098
6094
6090
6087
6085
6085
6083
6076
6076
6073
6078
6075
6066
6065
6072
6068
6061
6057
6056
6058
6056
6052
6048
6048
6045
6040
6038
6037
6033
6031
6030
6026
6023
6017
6014
6014
6009
6005
6002
6001
5999
5995
5986
5983
5983
5977
5974
5968
5963
5960
5955
5943
5941
5942
5938
5937
5928
5923
5927
5922
5912
5910
5909
5908
5906
5903
5900
5896
5898
5895
5891
5891
5890
5887
5886
5886
5878
5877
5879
5875
5876
5869
5870
5877
5876
5873
5872
5875
5875
5870
5869
5866
5860
5855
5854
5842
5840
5845
5838
5835
5834
5829
5821
5820
5822
5816
5815
5811
5807
5806
5803
5798
5797
5791
5784
5781
5777
5772
5770
5769
5761
5760
5765
5757
5756
5754
5749
5749
5745
5742
5742
5734
5731
5729
5733
5731
5722
5724
5730
5723
5722
5715
5713
5718
5715
5710
5708
5705
5699
5696
5688
5683
5687
5682
5678
5676
5673
5669
5668
5664
5662
5657
5656
5653
5655
5654
5647
5646
5648
5643
5641
5640
5634
5633
5633
5625
5622
5625
5627
5625
5623
5625
5622
5622
5621
5617
5615
5613
5613
5608
5605
5602
5596
5593
5591
5587
5586
5583
5583
5579
5576
5572
5573
5575
5572
5570
5568
5559
5559
5561
5562
5558
5558
5555
5552
5552
5550
5548
5547
5542
5538
5541
5539
5533
5529
5529
5533
5531
5529
5527
5527
5526
5524
5518
5517
5515
5514
5510
5506
5503
5497
5490
5493
5488
5483
5480
5478
5478
5476
5470
5470
5470
5467
5459
5461
5458
5459
5457
5457
5453
5450
5449
5447
5445
5443
5440
5438
5431
5432
5435
5436
5431
5428
5429
5434
5428
5427
5427
5422
5420
5418
5411
5409
5414
5411
5407
5404
5401
5395
5394
5390
5387
5382
5380
5380
5373
5371
5376
5373
5366
5367
5367
5371
5370
5371
5368
5368
5366
5370
5369
5366
5365
5365
5362
5362
5363
5365
5361
5361
5361
5357
5357
5361
5359
5358
5356
5354
5353
5353
5348
5350
5346
5350
5350
5349
5346
5344
5344
5343
5340
5338
5335
5335
5339
5336
5334
5335
5334
5327
5326
5330
5329
5326
5326
5323
5324
5323
5318
5318
5313
5313
5313
5313
5311
5309
5305
5303
5301
5291
5289
5287
5293
5288
5287
5287
5282
5280
5280
5278
5275
5272
5271
5266
5265
5263
5258
5258
5253
5251
5257
5255
5246
5247
5245
5247
5244
5241
5237
5229
5229
5228
5228
5227
5221
5217
5222
5220
5215
5215
5212
5207
5208
5205
5203
5203
5200
5196
5191
5190
5192
5188
5182
5182
5179
5183
5183
5180
5179
5178
5176
5175
5176
5171
5171
5170
5167
5166
5166
5168
5164
5162
5163
5168
5165
5158
5163
5161
5167
5168
5164
5165
5165
5163
5159
5156
5156
5157
5152
5152
5152
5145
5144
5144
5147
5144
5139
5136
5133
5130
5127
5125
5122
5118
5115
5112
5112
5111
5108
5106
5099
5099
5104
5099
5097
5096
5093
5091
5090
5085
5085
5089
5090
5088
5081
5082
5086
5083
5077
5080
5083
5084
5083
5085
5083
5083
5083
5081
5079
5077
5076
5073
5070
5069
5066
5064
5065
5066
5063
5060
5061
5063
5062
5063
5062
5060
5056
5057
5061
5062
5054
5054
5056
5059
5059
5057
5059
5057
5055
5055
5056
5056
5057
5054
5052
5054
5053
5051
5051
5050
5049
5043
5044
5052
5045
5045
5044
5045
5043
5041
5034
5036
5035
5038
5038
5031
5031
5037
5035
5030
5026
5027
5031
5028
5026
5026
5025
5024
5022
5018
5017
5020
5018
5010
5009
5007
5012
5008
5004
5003
5001
4999
4999
4997
4993
4995
4994
4991
4992
4986
4985
4985
4992
4989
4988
4991
4987
4986
4986
4985
4984
4979
4981
4986
4982
4979
4979
4978
4982
4981
4982
4980
4978
4981
4979
4979
4981
4979
4978
4982
4980
4979
4981
4979
4977
4974
4976
4974
4970
4969
4968
4969
4967
4962
4960
4965
4965
4964
4957
4957
4962
4961
4958
4956
4959
4954
4952
4954
4950
4942
4944
4946
4945
4945
4944
4940
4936
4938
4942
4939
4939
4939
4937
4935
4933
4932
4931
4931
4926
4926
4929
4930
4927
4929
4930
4928
4928
4926
4926
4918
4921
4925
4919
4919
4916
4913
4907
4907
4910
4906
4905
4903
4901
4897
4896
4895
4893
4888
4886
4888
4890
4887
4887
4882
4882
4885
4882
4880
4881
4875
4873
4880
4880
4877
4874
4873
4877
4876
4877
4872
4873
4873
4871
4871
4872
4871
4871
4866
4867
4866
4872
4870
4869
4871
4871
4869
4869
4867
4866
4869
4870
4864
4862
4862
4867
4866
4864
4866
4861
4863
4870
4873
4869
4869
4870
4869
4873
4870
4870
4868
4863
4863
4861
4859
4858
4856
4854
4853
4849
4848
4846
4842
4840
4844
4843
4842
4836
4839
4843
4840
4835
4836
4836
4841
4837
4834
4834
4828
4827
4830
4830
4828
4829
4831
4831
4831
4832
4833
4833
4832
4831
4825
4824
4827
4826
4825
4821
4821
4815
4811
4816
4812
4809
4808
4808
4803
4805
4803
4801
4801
4801
4800
4801
4799
4797
4798
4795
4793
4797
4792
4791
4798
4795
4789
4791
4789
4790
4787
4782
4779
4781
4779
4778
4774
4773
4772
4771
4766
4765
4768
4766
4766
4762
4761
4756
4754
4758
4757
4753
4753
4751
4750
4748
4749
4747
4749
4749
4747
4743
4743
4749
4746
4744
4745
4745
4744
4744
4741
4740
4738
4740
4741
4739
4738
4737
4735
4733
4733
4736
4737
4736
4733
4732
4739
4736
4733
4733
4734
4740
4736
4732
4733
4736
4736
4735
4734
4736
4731
4732
4735
4732
4731
4728
4728
4729
4729
4728
4726
4728
4728
4727
4727
4727
4726
4725
4725
4723
4724
4720
4717
4714
4715
4717
4716
4717
4713
4713
4715
4713
4707
4709
4713
4711
4711
4710
4709
4705
4708
4713
4708
4707
4705
4703
4707
4706
4706
4703
4704
4702
4699
4702
4701
4700
4701
4699
4699
4700
4694
4696
4700
4697
4700
4698
4698
4698
4696
4699
4698
4693
4696
4701
4701
4699
4698
4701
4701
4702
4696
4696
4696
4702
4699
4702
4700
4699
4699
4693
4695
4693
4698
4697
4691
4693
4698
4697
4695
4690
4692
4694
4694
4692
4690
4685
4684
4685
4683
4682
4679
4677
4676
4674
4671
4673
4673
4671
4672
4667
4667
4669
4674
4673
4671
4673
4678
4677
4675
4672
4673
4668
4669
4667
4666
4665
4663
4661
4660
4660
4659
4658
4653
4653
4656
4661
4660
4656
4654
4662
4659
4660
4655
4653
4657
4655
4654
4654
4650
4649
4648
4652
4652
4651
4651
4643
4646
4646
4648
4648
4643
4645
4638
4640
4641
4641
4644
4641
4641
4642
4641
4642
4642
4640
4643
4640
4641
4640
4640
4642
4641
4645
4644
4645
4644
4643
4642
4642
4640
4636
4633
4630
4634
4632
4626
4624
4625
4627
4630
4624
4626
4630
4627
4627
4620
4622
4626
4624
4625
4624
4627
4627
4628
4627
4627
4629
4626
4622
4620
4616
4621
4618
4618
4616
4613
4612
4610
4611
4607
4601
4602
4602
4602
4599
4592
4595
4596
4596
4595
4595
4596
4593
4595
4594
4596
4596
4598
4600
4597
4599
4597
4598
4597
4595
4591
4591
4593
4598
4594
4596
4597
4592
4593
4592
4594
4591
4589
4589
4579
4579
4583
4584
4582
4581
4578
4571
4571
4573
4571
4567
4563
4561
4564
4562
4560
4560
4556
4556
4554
4554
4552
4551
4551
4549
4547
4548
4542
4543
4546
4546
4539
4540
4543
4543
4546
4543
4545
4540
4541
4543
4543
4545
4543
4544
4542
4543
4541
4544
4543
4543
4545
4540
4542
4548
4548
4547
4548
4548
4548
4548
4551
4549
4549
4549
4546
4547
4546
4546
4544
4543
4541
4541
4546
4545
4543
4544
4544
4545
4544
4541
4537
4544
4542
4537
4537
4539
4541
4538
4535
4535
4536
4540
4542
4544
4543
4548
4548
4544
4547
4554
4552
4552
4551
4550
4545
4547
4551
4549
4547
4544
4543
4542
4541
4538
4536
4534
4534
4533
4527
4527
4528
4530
4522
4524
4522
4529
4524
4525
4523
4518
4520
4519
4521
4519
4519
4519
4512
4511
4517
4516
4513
4514
4512
4512
4511
4515
4510
4512
4510
4511
4510
4508
4508
4509
4509
4507
4510
4505
4504
4511
4510
4507
4508
4510
4517
4516
4518
4518
4520
4517
4517
4513
4511
4517
4513
4511
4511
4508
4508
4505
4506
4503
4505
4505
4504
4506
4503
4504
4504
4509
4509
4501
4504
4506
4507
4509
4508
4507
4499
4497
4501
4502
4502
4501
4498
4497
4495
4494
4495
4492
4496
4493
4493
4492
4493
4493
4492
4488
4490
4495
4492
4488
4490
4497
4498
4499
4495
4498
4505
4505
4509
4507
4505
4504
4504
4500
4501
4492
4493
4491
4493
4491
4489
4491
4488
4489
4487
4487
4486
4488
4488
4482
4485
4488
4487
4487
4481
4484
4487
4483
4484
4483
4484
4477
4478
4483
4481
4482
4481
4481
4481
4480
4479
4481
4480
4480
4475
4477
4478
4478
4480
4477
4478
4477
4476
4474
4475
4473
4474
4472
4471
4473
4469
4466
4468
4470
4470
4468
4470
4468
4469
4469
4467
4469
4467
4468
4467
4467
4468
4462
4464
4465
4467
4467
4468
4465
4463
4462
4466
4467
4466
4466
4462
4462
4465
4467
4468
4461
4462
4468
4467
4468
4464
4466
4465
4465
4460
4459
4462
4462
4464
4461
4462
4462
4459
4460
4458
4460
4460
4459
4460
4456
4458
4457
4458
4459
4456
4453
4453
4459
4456
4454
4452
4450
4457
4454
4449
4450
4455
4455
4452
4449
4451
4455
4455
4452
4453
4453
4452
4453
4451
4454
4452
4451
4452
4449
4453
4452
4450
4448
4448
4453
4451
4452
4454
4453
4452
4454
4459
4458
4456
4453
4454
4458
4460
4459
4455
4456
4454
4452
4453
4451
4449
4449
4447
4447
4446
4445
4442
4440
4439
4444
4442
4443
4443
4441
4441
4441
4441
4441
4439
4436
4439
4443
4443
4439
4439
4443
4442
4442
4437
4439
4442
4440
4435
4436
4438
4441
4439
4438
4439
4436
4437
4437
4436
4436
4437
4436
4436
4436
4434
4434
4436
4435
4437
4438
4436
4437
4438
4436
4435
4435
4436
4432
4435
4433
4431
4429
4428
4432
4433
4427
4428
4434
4431
4430
4427
4427
4435
4434
4427
4431
4431
4434
4436
4434
4434
4437
4436
4437
4436
4436
4441
4440
4438
4439
4437
4436
4435
4436
4431
4433
4431
4430
4427
4427
4423
4421
4426
4424
4420
4422
4423
4423
4422
4421
4417
4421
4420
4413
4415
4417
4420
4420
4420
4416
4418
4420
4418
4418
4419
4420
4417
4416
4416
4419
4422
4420
4419
4419
4422
4424
4417
4421
4421
4421
4421
4421
4421
4420
4419
4417
4416
4413
4413
4411
4409
4409
4406
4407
4405
4402
4403
4403
4400
4401
4398
4399
4399
4399
4397
4397
4397
4398
4396
4396
4396
4395
4396
4392
4393
4397
4399
4398
4396
4395
4401
4399
4392
4394
4395
4397
4399
4398
4395
4397
4395
4395
4394
4394
4395
4392
4393
4391
4391
4392
4391
4390
4391
4389
4391
4390
4391
4392
4388
4390
4394
4396
4391
4392
4393
4395
4395
4394
4392
4389
4389
4393
4397
4399
4398
4400
4412
4414
4416
4422
4427
4439
4444
4448
4457
4470
4476
4485
4492
4500
4509
4515
4526
4532
4541
4548
4557
4565
4573
4583
4587
4597
4604
4610
4620
4628
4636
4642
4643
4652
4658
4670
4673
4674
4681
4689
4694
4694
4695
4697
4703
4705
4701
4700
