4803
4802
4795
4794
4790
4792
4788
4784
4782
4774
4769
4765
4766
4759
4754
4749
4744
4739
4733
4725
4718
4718
4713
4707
4701
4695
4689
4683
4680
4673
4666
4662
4657
4652
4649
4647
4639
4631
4628
4630
4625
4620
4617
4612
4609
4606
4596
4594
4596
4591
4586
4582
4578
4578
4575
4565
4563
4559
4560
4554
4549
4548
4544
4541
4539
4536
4534
4534
4530
4528
4526
4523
4523
4521
4521
4521
4514
4515
4517
4514
4513
4512
4508
4504
4502
4506
4504
4500
4500
4498
4497
4495
4491
4490
4492
4492
4491
4490
4490
4489
4489
4485
4485
4484
4487
4486
4485
4482
4477
4477
4478
4479
4478
4477
4475
4471
4470
4473
4472
4472
4469
4471
4469
4468
4469
4469
4469
4467
4466
4467
4466
4465
4465
4466
4467
4468
4465
4466
4471
4469
4467
4466
4465
4459
4461
4464
4462
4455
4456
4454
4457
4455
4453
4451
4450
4450
4447
4443
4444
4448
4446
4442
4442
4446
4446
4446
4445
4445
4445
4445
4446
4446
4446
4444
4442
4444
4443
4443
4444
4443
4442
4442
4438
4439
4445
4443
4438
4440
4441
4442
4438
4439
4438
4436
4436
4434
4430
4432
4435
4431
4432
4431
4429
4428
4429
4431
4431
4431
4435
4435
4437
4438
4437
4436
4431
4430
4433
4431
4430
4428
4428
4427
4426
4426
4425
4423
4423
4423
4419
4421
4424
4423
4422
4422
4422
4418
4414
4419
4417
4415
4415
4414
4412
4411
4411
4410
4405
4406
4405
4409
4410
4410
4410
4405
4407
4412
4412
4412
4414
4412
4409
4412
4417
4416
4418
4416
4415
4410
4411
4415
4413
4414
4414
4412
4410
4412
4414
4414
4415
4417
4418
4419
4420
4419
4420
4419
4421
4421
4423
4423
4423
4424
4428
4427
4428
4425
4425
4425
4424
4419
4420
4424
4423
4421
4421
4421
4420
4419
4414
4414
4413
4420
4419
4419
4422
4419
4419
4420
4424
4425
4423
4422
4424
4424
4424
4426
4428
4427
4428
4430
4431
4430
4431
4433
4433
4436
4433
4436
4442
4444
4444
4442
4446
4452
4453
4451
4454
4460
4462
4465
4468
4470
4472
4473
4470
4475
4476
4480
4482
4485
4485
4487
4488
4488
4491
4492
4489
4493
4501
4502
4503
4506
4508
4510
4514
4513
4517
4527
4529
4534
4537
4539
4544
4547
4549
4553
4556
4560
4564
4567
4572
4576
4581
4584
4591
4598
4607
4611
4616
4622
4622
4625
4631
4641
4645
4646
4648
4660
4663
4665
4665
4668
4680
4683
4687
4692
4696
4700
4703
4706
4712
4715
4717
4724
4729
4732
4733
4740
4749
4754
4760
4767
4773
4782
4790
4793
4800
4816
4824
4833
4840
4850
4859
4868
4873
4882
4899
4906
4914
4923
4933
4941
4948
4952
4961
4971
4981
4990
5000
5008
5009
5019
5035
5044
5052
5057
5069
5086
5096
5104
5116
5126
5135
5145
5150
5161
5176
5183
5193
5202
5211
5222
5232
5240
5252
5262
5274
5284
5296
5309
5322
5333
5337
5352
5364
5381
5393
5403
5414
5422
5435
5447
5464
5477
5486
5499
5508
5524
5539
5554
5570
5585
5597
5604
5620
5637
5648
5662
5678
5693
5711
5728
5740
5759
5780
5799
5816
5832
5850
5868
5887
5906
5924
5943
5967
5985
5998
6021
6047
6062
6080
6099
6117
6134
6154
6174
6191
6210
6222
6241
6261
6279
6291
6307
6326
6344
6360
6371
6390
6412
6428
6443
6461
6481
6497
6515
6532
6551
6571
6592
6610
6631
6653
6671
6689
6709
6727
6744
6763
6783
6799
6817
6843
6859
6871
6894
6910
6933
6948
6966
6982
6998
7017
7036
7048
7066
7089
7107
7121
7139
7158
7175
7191
7207
7225
7236
7251
7273
7287
7301
7314
7328
7344
7355
7369
7382
7392
7401
7417
7433
7447
7453
7470
7486
7495
7507
7520
7529
7539
7548
7561
7571
7578
7585
7602
7619
7632
7647
7664
7682
7702
7719
7733
7753
7778
7797
7812
7835
7857
7877
7897
7915
7932
7944
7962
7976
7995
8009
8022
8029
8040
8047
8050
8056
8066
8071
8077
8085
8096
8108
8116
8125
8131
8137
8148
8150
8150
8150
8155
8164
8169
8169
8175
8187
8196
8201
8213
8221
8230
8243
8251
8264
8275
8287
8298
8308
8319
8324
8337
8355
8360
8370
8376
8388
8399
8409
8420
8428
8441
8454
8467
8483
8497
8509
8528
8551
8565
8584
8600
8613
8628
8641
8656
8670
8685
8703
8713
8725
8734
8741
8748
8752
8757
8761
8763
8766
8764
8772
8778
8783
8787
8792
8800
8813
8821
8822
8832
8842
8856
8865
8879
8893
8898
8913
8922
8936
8940
8942
8949
8963
8968
8975
8983
8995
9004
9014
9023
9035
9045
9059
9068
9077
9082
9087
9097
9101
9110
9117
9125
9135
9142
9153
9173
9184
9196
9208
9220
9237
9247
9256
9264
9266
9273
9276
9285
9286
9283
9285
9291
9283
9279
9275
9271
9272
9269
9261
9257
9259
9254
9251
9249
9251
9248
9249
9256
9248
9240
9232
9221
9206
9199
9197
9189
9181
9178
9181
9177
9186
9188
9197
9199
9210
9214
9227
9228
9228
9235
9247
9247
9249
9250
9252
9259
9261
9260
9268
9272
9278
9287
9294
9304
9312
9320
9332
9343
9355
9364
9376
9392
9404
9417
9425
9437
9448
9457
9463
9467
9474
9475
9478
9474
9473
9464
9461
9459
9451
9446
9439
9435
9434
9432
9428
9432
9439
9439
9442
9444
9447
9450
9455
9452
9456
9458
9466
9466
9464
9464
9467
9462
9452
9447
9440
9435
9423
9416
9408
9401
9393
9388
9382
9378
9371
9372
9376
9376
9374
9379
9383
9387
9391
9396
9400
9403
9408
9407
9406
9405
9412
9415
9418
9422
9431
9434
9443
9454
9460
9466
9472
9478
9482
9484
9483
9488
9493
9491
9481
9477
9475
9478
9476
9467
9468
9475
9475
9477
9479
9485
9487
9491
9492
9490
9485
9480
9474
9470
9466
9467
9469
9471
9472
9475
9477
9480
9481
9484
9486
9489
9489
9493
9493
9498
9503
9504
9506
9503
9497
9497
9491
9487
9483
9475
9465
9460
9454
9458
9452
9444
9439
9439
9425
9415
9400
9389
9385
9375
9361
9356
9352
9350
9343
9336
9331
9336
9331
9330
9329
9328
9325
9327
9330
9329
9325
9322
9318
9314
9309
9308
9303
9303
9302
9299
9293
9293
9295
9293
9289
9290
9289
9291
9288
9290
9293
9294
9295
9289
9294
9294
9302
9304
9303
9305
9317
9316
9316
9316
9317
9313
9313
9304
9305
9310
9306
9306
9299
9301
9298
9299
9298
9298
9294
9290
9287
9293
9286
9282
9279
9271
9264
9259
9263
9254
9249
9247
9241
9234
9230
9224
9215
9204
9191
9184
9173
9163
9152
9140
9122
9113
9107
9094
9083
9073
9067
9056
9053
9055
9048
9045
9040
9038
9028
9023
9023
9017
9005
9000
8995
8993
8988
8976
8969
8971
8962
8956
8952
8946
8942
8938
8934
8930
8927
8926
8925
8923
8923
8920
8923
8925
8926
8928
8926
8927
8926
8922
8916
8912
8905
8896
8887
8882
8875
8863
8859
8859
8852
8846
8835
8830
8830
8826
8812
8811
8808
8806
8802
8799
8797
8785
8784
8779
8778
8771
8764
8758
8753
8746
8737
8734
8731
8730
8725
8721
8713
8708
8699
8690
8687
8680
8673
8670
8658
8658
8655
8657
8656
8647
8645
8648
8641
8630
8626
8620
8618
8607
8595
8586
8576
8565
8554
8546
8536
8532
8523
8518
8512
8508
8503
8502
8498
8496
8502
8500
8495
8494
8491
8483
8484
8488
8485
8475
8478
8476
8478
8474
8469
8470
8475
8468
8467
8464
8462
8458
8455
8452
8448
8439
8436
8432
8428
8417
8404
8394
8383
8372
8363
8352
8343
8338
8328
8319
8307
8300
8291
8280
8270
8265
8254
8246
8236
8229
8213
8199
8184
8176
8164
8144
8136
8127
8122
8113
8102
8094
8094
8083
8074
8061
8052
8048
8038
8031
8021
8015
8007
8002
8000
7995
7991
7989
7989
7988
7987
7990
7987
7990
7986
7988
7989
7988
7987
7984
7977
7975
7976
7970
7967
7966
7968
7972
7968
7965
7959
7954
7949
7943
7935
7932
7920
7920
7923
7918
7915
7912
7908
7904
7899
7890
7887
7888
7884
7879
7866
7862
7862
7852
7846
7838
7831
7824
7818
7808
7807
7804
7797
7789
7780
7775
7775
7766
7759
7754
7748
7743
7737
7735
7730
7725
7721
7719
7716
7713
7710
7706
7703
7701
7692
7695
7694
7696
7697
7689
7688
7695
7694
7691
7690
7690
7689
7691
7685
7683
7690
7685
7683
7673
7674
7677
7674
7668
7664
7662
7657
7651
7647
7643
7635
7629
7625
7617
7612
7604
7600
7592
7587
7578
7574
7571
7561
7555
7555
7552
7540
7536
7534
7532
7529
7522
7519
7514
7508
7501
7494
7488
7489
7481
7469
7466
7464
7456
7451
7445
7441
7431
7427
7427
7424
7418
7413
7410
7404
7400
7396
7393
7392
7385
7379
7377
7372
7367
7364
7356
7352
7349
7350
7341
7338
7335
7329
7326
7320
7311
7307
7309
7303
7291
7289
7289
7283
7280
7273
7271
7261
7259
7261
7256
7249
7246
7240
7227
7224
7228
7220
7214
7208
7200
7193
7183
7175
7167
7159
7152
7142
7135
7128
7117
7114
7107
7100
7096
7087
7081
7082
7075
7064
7062
7059
7058
7054
7047
7043
7048
7042
7038
7034
7033
7028
7024
7018
7018
7014
7008
7005
7002
7000
6998
6996
6987
6987
6988
6990
6986
6981
6981
6973
6969
6973
6970
6967
6964
6962
6951
6949
6953
6947
6941
6937
6931
6928
6925
6913
6911
6904
6900
6894
6878
6873
6872
6865
6858
6851
6844
6840
6833
6828
6821
6809
6809
6805
6804
6801
6799
6795
6793
6790
6790
6787
6784
6782
6779
6772
6769
6773
6770
6765
6761
6757
6756
6754
6752
6748
6746
6743
6738
6732
6730
6735
6729
6723
6723
6719
6712
6711
6716
6713
6709
6706
6707
6700
6696
6697
6694
6683
6681
6676
6678
6674
6670
6665
6658
6658
6656
6653
6648
6644
6640
6633
6630
6626
6622
6619
6611
6608
6606
6599
6594
6587
6585
6578
6573
6564
6563
6565
6561
6556
6551
6548
6541
6536
6536
6530
6525
6520
6517
6514
6509
6505
6502
6495
6496
6494
6495
6490
6487
6483
6480
6471
6466
6461
6456
6449
6441
6433
6427
6415
6407
6404
6404
6400
6392
6387
6387
6380
6374
6368
6361
6357
6355
6349
6346
6341
6338
6334
6331
6328
6326
6323
6321
6321
6319
6314
6313
6317
6315
6308
6307
6307
6309
6307
6305
6302
6294
6293
6293
6291
6289
6288
6284
6277
6276
6279
6279
6277
6271
6266
6268
6266
6253
6250
6245
6243
6237
6232
6223
6216
6210
6207
6202
6197
6188
6183
6182
6176
6172
6167
6164
6164
6159
6155
6154
6152
6150
6148
6147
6143
6141
6139
6135
6130
6128
6124
6120
6120
6115
6113
6111
6105
6103
6101
6099
6096
6090
6091
6093
6093
6089
6087
6087
6081
6077
6080
6077
6072
6067
6064
6068
6064
6063
6061
6059
6057
6056
6055
6053
6051
6049
6047
6046
6041
6036
6033
6035
6032
6027
6025
6024
6023
6022
6015
6014
6017
6015
6011
6006
6007
6004
6004
5999
6002
6007
6005
6004
6005
6003
6003
6002
5995
5997
5996
5998
6000
5995
5991
5988
5984
5975
5970
5964
5965
5960
5955
5951
5947
5943
5939
5934
5930
5928
5927
5918
5918
5916
5917
5914
5913
5912
5912
5909
5902
5901
5900
5901
5896
5886
5883
5885
5878
5872
5866
5864
5860
5857
5848
5848
5848
5847
5842
5831
5830
5831
5826
5819
5819
5816
5818
5815
5813
5810
5807
5801
5797
5790
5781
5774
5769
5766
5759
5754
5745
5741
5741
5734
5731
5724
5722
5719
5715
5715
5715
5712
5710
5708
5709
5706
5703
5701
5700
5697
5689
5691
5693
5693
5691
5687
5686
5690
5689
5686
5683
5682
5683
5683
5675
5676
5684
5681
5678
5676
5676
5679
5679
5679
5678
5678
5678
5677
5676
5674
5673
5671
5663
5661
5658
5658
5654
5652
5648
5645
5641
5638
5636
5635
5630
5628
5619
5617
5616
5613
5610
5603
5599
5603
5597
5597
5595
5595
5595
5592
5586
5586
5589
5585
5584
5579
5578
5583
5581
5578
5575
5573
5570
5570
5570
5570
5564
5564
5568
5568
5565
5563
5562
5555
5555
5562
5559
5556
5555
5554
5550
5549
5548
5546
5543
5540
5539
5536
5532
5525
5521
5525
5524
5521
5515
5516
5519
5516
5514
5511
5510
5508
5508
5507
5506
5503
5503
5502
5502
5500
5499
5497
5493
5492
5495
5494
5493
5492
5491
5488
5486
5485
5483
5479
5475
5474
5471
5468
5459
5460
5461
5462
5462
5457
5457
5462
5460
5458
5454
5453
5446
5446
5449
5449
5446
5446
5445
5438
5435
5438
5432
5429
5427
5423
5419
5416
5412
5409
5403
5402
5405
5402
5401
5393
5392
5395
5392
5386
5385
5383
5387
5383
5380
5377
5375
5373
5372
5369
5367
5368
5368
5367
5364
5364
5362
5360
5356
5352
5345
5343
5346
5339
5337
5333
5329
5323
5321
5320
5318
5315
5312
5309
5308
5305
5305
5301
5300
5301
5300
5295
5296
5300
5296
5297
5296
5294
5290
5292
5294
5291
5292
5289
5287
5282
5281
5283
5279
5277
5275
5272
5272
5269
5266
5264
5263
5262
5255
5255
5255
5254
5251
5245
5243
5246
5244
5242
5238
5238
5232
5230
5234
5230
5227
5227
5228
5229
5226
5226
5225
5224
5223
5224
5223
5222
5220
5218
5217
5218
5215
5212
5212
5210
5209
5204
5203
5206
5203
5203
5200
5198
5193
5194
5197
5194
5195
5193
5193
5189
5190
5196
5192
5193
5191
5190
5186
5188
5193
5190
5192
5188
5187
5186
5187
5187
5188
5188
5187
5187
5185
5182
5181
5178
5170
5167
5167
5168
5166
5160
5159
5164
5161
5161
5158
5160
5159
5160
5160
5159
5154
5154
5155
5159
5156
5150
5151
5156
5154
5151
5147
5148
5152
5153
5154
5155
5154
5153
5152
5152
5151
5150
5151
5150
5150
5150
5149
5149
5142
5141
5145
5141
5139
5137
5135
5136
5136
5135
5134
5127
5126
5125
5127
5127
5120
5121
5124
5123
5120
5118
5116
5117
5116
5114
5113
5111
5110
5108
5103
5101
5103
5101
5099
5098
5097
5095
5094
5097
5096
5094
5095
5095
5094
5096
5096
5097
5096
5094
5093
5086
5085
5088
5086
5082
5081
5079
5078
5075
5075
5073
5068
5067
5073
5071
5069
5064
5064
5068
5065
5059
5057
5056
5057
5055
5052
5051
5050
5047
5046
5046
5042
5037
5038
5041
5039
5040
5039
5039
5034
5036
5039
5038
5039
5040
5040
5041
5040
5038
5038
5037
5036
5036
5033
5033
5030
5028
5025
5023
5029
5027
5025
5021
5021
5025
5024
5015
5015
5016
5018
5017
5016
5017
5016
5013
5013
5014
5013
5015
5014
5009
5010
5015
5011
5011
5007
5009
5013
5013
5013
5014
5013
5012
5011
5007
5006
5010
5007
5006
5004
5000
5000
4996
4993
4991
4990
4989
4988
4985
4985
4989
4988
4983
4985
4987
4989
4986
4984
4982
4976
4976
4980
4978
4977
4976
4974
4974
4974
4973
4971
4973
4973
4972
4973
4972
4970
4970
4968
4970
4971
4969
4967
4967
4963
4964
4962
4962
4957
4956
4959
4956
4952
4951
4950
4950
4949
4947
4946
4940
4942
4941
4943
4942
4937
4936
4942
4939
4938
4938
4937
4937
4940
4941
4943
4938
4939
4939
4941
4937
4936
4934
4928
4931
4931
4934
4932
4928
4926
4930
4927
4923
4920
4918
4915
4913
4911
4908
4909
4908
4904
4900
4900
4905
4903
4901
4900
4899
4898
4896
4897
4894
4891
4891
4890
4888
4887
4886
4885
4884
4884
4879
4879
4879
4882
4883
4882
4882
4883
4883
4884
4880
4881
4884
4882
4881
4880
4879
4880
4880
4874
4876
4880
4881
4881
4882
4884
4879
4879
4882
4881
4877
4878
4879
4883
4881
4881
4880
4881
4880
4879
4876
4875
4874
4873
4871
4871
4864
4864
4862
4864
4861
4859
4860
4857
4856
4854
4852
4851
4848
4847
4851
4848
4842
4844
4843
4846
4843
4838
4838
4844
4842
4841
4836
4837
4841
4842
4840
4843
4843
4842
4843
4842
4841
4840
4836
4835
4835
4834
4833
4831
4832
4833
4829
4829
4829
4830
4831
4827
4828
4832
4829
4827
4827
4825
4825
4824
4823
4822
4819
4818
4818
4817
4816
4815
4817
4810
4812
4813
4816
4816
4811
4811
4817
4815
4814
4810
4813
4814
4813
4813
4814
4814
4812
4811
4811
4811
4812
4812
4805
4807
4807
4810
4809
4809
4809
4810
4810
4809
4807
4808
4813
4811
4806
4806
4810
4809
4809
4808
4808
4808
4806
4804
4803
4802
4801
4800
4798
4796
4796
4795
4793
4789
4788
4794
4793
4793
4794
4789
4790
4790
4794
4791
4787
4787
4792
4791
4789
4788
4787
4786
4786
4786
4786
4782
4781
4781
4786
4786
4785
4782
4783
4784
4783
4782
4782
4784
4783
4776
4781
4782
4788
4788
4783
4784
4789
4785
4785
4784
4783
4788
4786
4785
4783
4781
4780
4777
4772
4770
4776
4772
4771
4770
4770
4767
4766
4766
4766
4765
4763
4762
4760
4759
4756
4756
4756
4756
4750
4750
4749
4751
4749
4743
4742
4749
4746
4745
4747
4749
4746
4745
4749
4748
4744
4741
4737
4740
4740
4738
4736
4736
4734
4734
4734
4733
4733
4734
4734
4735
4735
4731
4732
4737
4735
4736
4736
4736
4735
4732
4730
4729
4727
4728
4725
4725
4724
4724
4726
4720
4720
4728
4727
4727
4726
4725
4719
4719
4723
4720
4716
4713
4715
4717
4716
4711
4711
4714
4713
4713
4712
4712
4713
4714
4714
4713
4712
4710
4709
4708
4706
4706
4706
4704
4705
4704
4703
4702
4700
4700
4706
4705
4706
4704
4705
4709
4707
4702
4705
4706
4709
4709
4703
4702
4707
4706
4705
4701
4704
4708
4707
4703
4701
4705
4706
4702
4701
4698
4694
4692
4689
4686
4687
4683
4682
4680
4680
4675
4675
4676
4678
4678
4678
4677
4676
4675
4676
4675
4675
4676
4675
4670
4671
4676
4675
4676
4677
4678
4675
4674
4669
4669
4672
4674
4673
4668
4668
4675
4673
4672
4671
4671
4670
4671
4671
4672
4671
4673
4676
4675
4675
4681
4680
4679
4678
4677
4676
4676
4674
4675
4674
4672
4670
4669
4669
4669
4669
4665
4665
4671
4667
4667
4668
4669
4669
4671
4664
4666
4669
4671
4670
4665
4667
4671
4670
4668
4667
4664
4661
4658
4663
4661
4659
4658
4658
4656
4657
4661
4659
4658
4659
4659
4658
4658
4659
4659
4657
4656
4657
4658
4656
4651
4651
4654
4652
4645
4647
4647
4650
4649
4647
4646
4640
4644
4645
4650
4650
4647
4648
4652
4652
4652
4652
4653
4654
4656
4657
4657
4657
4654
4653
4650
4649
4648
4647
4645
4644
4642
4644
4643
4639
4640
4642
4639
4633
4634
4633
4638
4639
4635
4637
4642
4637
4641
4643
4641
4641
4638
4634
4632
4632
4634
4634
4635
4634
4631
4632
4631
4631
4631
4631
4630
4629
4629
4629
4629
4630
4626
4627
4631
4632
4627
4627
4629
4630
4629
4626
4624
4627
4625
4626
4624
4621
4620
4621
4621
4623
4617
4617
4619
4621
4619
4619
4617
4618
4618
4616
4615
4615
4614
4614
4615
4616
4613
4616
4618
4621
4619
4618
4616
4614
4612
4612
4609
4612
4617
4617
4611
4612
4614
4616
4615
4614
4613
4612
4612
4606
4607
4606
4607
4607
4604
4606
4604
4603
4604
4602
4600
4600
4601
4600
4599
4597
4595
4597
4599
4598
4597
4596
4590
4591
4591
4595
4594
4594
4595
4595
4595
4594
4592
4593
4596
4597
4596
4594
4593
4592
4591
4596
4594
4592
4594
4591
4593
4595
4595
4594
4595
4597
4593
4597
4598
4603
4602
4600
4600
4605
4602
4601
4598
4597
4598
4599
4596
4594
4593
4592
4591
4588
4588
4587
4586
4588
4587
4586
4585
4583
4578
4579
4584
4583
4584
4584
4584
4584
4583
4583
4581
4580
4579
4578
4572
4570
4575
4573
4570
4569
4567
4567
4566
4562
4563
4568
4569
4570
4566
4568
4570
4568
4566
4567
4564
4562
4562
4562
4563
4559
4560
4568
4565
4565
4563
4563
4561
4562
4567
4564
4563
4560
4560
4564
4564
4562
4559
4559
4557
4557
4556
4558
4559
4557
4557
4559
4559
4560
4559
4556
4559
4564
4562
4560
4557
4559
4563
4561
4556
4556
4561
4559
4558
4558
4556
4557
4557
4557
4558
4559
4561
4562
4565
4567
4569
4570
4569
4566
4566
4568
4564
4563
4560
4558
4558
4555
4554
4556
4554
4552
4548
4549
4549
4552
4554
4557
4557
4558
4556
4553
4550
4549
4550
4550
4544
4543
4546
4544
4543
4537
4537
4540
4539
4538
4537
4539
4539
4539
4539
4539
4540
4539
4539
4538
4537
4539
4539
4534
4536
4541
4541
4543
4539
4540
4546
4546
4545
4544
4544
4541
4545
4552
4549
4548
4547
4544
4542
4541
4541
4540
4541
4542
4543
4543
4541
4538
4537
4539
4540
4537
4537
4535
4530
4531
4535
4534
4533
4533
4529
4526
4526
4531
4530
4528
4527
4524
4524
4524
4521
4521
4525
4524
4519
4521
4523
4528
4527
4526
4525
4523
4525
4526
4526
4525
4528
4532
4533
4534
4531
4531
4533
4537
4536
4536
4535
4533
4535
4536
4537
4538
4538
4539
4540
4538
4537
4535
4534
4529
4529
4534
4530
4525
4524
4525
4525
4523
4518
4517
4523
4523
4524
4522
4522
4524
4528
4524
4525
4528
4530
4529
4525
4526
4529
4527
4526
4525
4525
4523
4522
4522
4522
4523
4522
4524
4526
4526
4528
4528
4523
4523
4522
4523
4521
4516
4515
4520
4518
4516
4515
4510
4509
4508
4502
4502
4504
4502
4501
4499
4496
4495
4493
4494
4495
4494
4490
4490
4488
4490
4488
4490
4486
4485
4484
4491
4490
4491
4491
4487
4489
4487
4489
4488
4485
4484
4488
4486
4485
4485
4487
4486
4486
4485
4487
4487
4492
4496
4493
4498
4508
4510
4510
4519
4528
4539
4546
4556
4562
4567
4576
4588
4601
4610
4618
4629
4639
4648
4655
4664
4676
4690
4696
4705
4713
4721
4729
4738
4745
4752
4758
4764
4766
4773
4780
4790
4793
4796
4799
4809
4812
4815
4815
4818
