4645
4644
4644
4642
4636
4638
4635
4638
4634
4631
4628
4624
4621
4616
4611
4609
4602
4599
4595
4588
4582
4578
4576
4576
4568
4565
4559
4556
4550
4546
4536
4534
4535
4528
4527
4521
4517
4513
4509
4504
4498
4496
4490
4486
4484
4478
4475
4471
4462
4463
4462
4460
4456
4452
4449
4445
4442
4440
4436
4435
4432
4427
4422
4422
4425
4420
4415
4414
4413
4415
4416
4408
4406
4413
4405
4405
4398
4398
4401
4396
4389
4389
4388
4389
4387
4387
4385
4381
4379
4384
4379
4377
4374
4373
4370
4369
4364
4364
4362
4360
4362
4354
4355
4358
4355
4354
4355
4351
4350
4348
4349
4345
4345
4344
4343
4341
4343
4341
4340
4341
4339
4340
4340
4336
4337
4337
4330
4331
4334
4333
4333
4328
4327
4333
4330
4327
4329
4327
4327
4327
4321
4322
4326
4326
4326
4324
4326
4328
4327
4328
4326
4327
4327
4324
4321
4320
4324
4321
4320
4320
4317
4315
4315
4316
4313
4313
4312
4311
4308
4310
4311
4311
4303
4305
4308
4307
4309
4310
4309
4308
4308
4314
4315
4313
4311
4312
4310
4309
4308
4305
4306
4306
4303
4303
4304
4303
4304
4302
4299
4302
4303
4303
4303
4302
4299
4302
4299
4297
4299
4292
4294
4297
4294
4294
4288
4287
4292
4288
4288
4289
4283
4283
4283
4288
4289
4289
4288
4286
4288
4289
4297
4299
4301
4304
4304
4307
4307
4309
4309
4310
4308
4308
4306
4303
4301
4299
4296
4294
4298
4296
4288
4288
4289
4291
4291
4288
4290
4289
4288
4286
4283
4280
4284
4281
4280
4279
4277
4277
4276
4274
4272
4278
4278
4275
4276
4276
4274
4273
4275
4275
4275
4277
4277
4273
4272
4277
4277
4270
4274
4275
4276
4276
4271
4272
4277
4275
4276
4273
4275
4270
4270
4275
4274
4273
4276
4275
4274
4277
4278
4281
4282
4281
4283
4283
4282
4285
4285
4284
4285
4283
4285
4287
4292
4290
4292
4292
4291
4293
4295
4293
4296
4295
4295
4303
4303
4302
4305
4306
4306
4307
4301
4303
4308
4308
4308
4307
4309
4305
4308
4313
4310
4314
4309
4313
4321
4321
4320
4325
4331
4336
4340
4341
4346
4350
4350
4352
4355
4354
4354
4354
4354
4353
4354
4353
4351
4352
4353
4354
4355
4352
4354
4356
4362
4360
4361
4363
4365
4366
4364
4367
4372
4378
4381
4383
4386
4385
4390
4395
4402
4404
4405
4406
4417
4421
4421
4427
4431
4435
4440
4442
4447
4451
4455
4459
4464
4467
4472
4479
4478
4484
4491
4497
4502
4504
4509
4521
4525
4531
4537
4542
4547
4556
4557
4567
4579
4582
4589
4593
4598
4603
4607
4615
4618
4625
4629
4633
4647
4650
4656
4665
4668
4676
4681
4693
4701
4707
4716
4717
4728
4734
4747
4754
4756
4770
4783
4792
4798
4808
4818
4827
4837
4846
4857
4867
4876
4888
4895
4908
4918
4929
4935
4948
4963
4974
4985
4991
5002
5020
5027
5040
5046
5060
5075
5083
5098
5107
5121
5132
5145
5151
5165
5181
5192
5204
5215
5227
5235
5246
5255
5267
5276
5287
5296
5309
5319
5331
5344
5353
5369
5380
5394
5409
5423
5437
5442
5461
5478
5492
5503
5519
5533
5547
5562
5577
5595
5609
5627
5640
5653
5670
5692
5704
5720
5732
5750
5768
5782
5792
5808
5831
5844
5861
5875
5890
5905
5916
5932
5946
5959
5973
5985
6007
6020
6027
6046
6062
6079
6095
6106
6122
6142
6156
6174
6187
6202
6218
6233
6243
6262
6280
6297
6310
6325
6339
6354
6368
6376
6390
6400
6414
6425
6435
6444
6455
6462
6471
6480
6486
6496
6508
6522
6535
6541
6560
6573
6594
6608
6617
6637
6655
6671
6684
6698
6717
6730
6746
6762
6776
6782
6795
6808
6823
6836
6843
6859
6872
6884
6897
6915
6930
6941
6961
6982
7001
7014
7028
7048
7065
7080
7095
7110
7120
7136
7151
7170
7184
7193
7207
7228
7238
7250
7263
7271
7286
7301
7315
7330
7337
7353
7367
7388
7405
7416
7433
7448
7460
7472
7485
7496
7508
7521
7526
7542
7552
7568
7582
7594
7608
7622
7639
7651
7665
7672
7679
7689
7703
7710
7721
7726
7738
7748
7759
7772
7785
7799
7811
7824
7832
7846
7863
7876
7884
7898
7906
7917
7930
7936
7946
7965
7973
7981
7996
8010
8029
8044
8059
8075
8087
8107
8121
8144
8162
8172
8192
8214
8226
8241
8252
8262
8268
8274
8289
8300
8308
8318
8326
8328
8338
8349
8357
8365
8367
8376
8381
8385
8389
8395
8400
8402
8407
8413
8419
8430
8442
8452
8461
8473
8487
8497
8505
8514
8515
8524
8537
8543
8546
8556
8562
8571
8581
8590
8601
8618
8628
8642
8655
8664
8668
8680
8694
8699
8708
8714
8721
8735
8737
8738
8747
8754
8762
8769
8777
8784
8783
8793
8804
8810
8815
8815
8816
8827
8828
8827
8832
8837
8843
8849
8861
8870
8876
8887
8895
8907
8913
8923
8932
8931
8940
8955
8958
8966
8968
8974
8978
8984
8989
8993
8996
9002
9002
9007
9010
9001
9004
9007
9008
9006
8998
8997
9000
8994
8988
8982
8982
8989
8987
8992
8996
8997
8999
9001
9003
9004
9011
9016
9011
9019
9022
9029
9036
9035
9044
9056
9059
9063
9064
9067
9065
9069
9079
9083
9085
9093
9097
9100
9106
9108
9111
9114
9112
9112
9111
9109
9112
9109
9102
9102
9107
9107
9103
9102
9099
9094
9090
9086
9083
9081
9074
9074
9080
9080
9076
9075
9075
9071
9069
9071
9069
9072
9071
9076
9076
9077
9075
9075
9073
9072
9066
9071
9071
9080
9082
9078
9081
9093
9093
9096
9098
9103
9106
9105
9107
9112
9110
9113
9115
9109
9116
9130
9133
9131
9138
9147
9159
9159
9161
9162
9164
9165
9165
9156
9155
9153
9151
9143
9138
9135
9128
9120
9108
9100
9087
9083
9087
9087
9087
9083
9088
9094
9093
9089
9088
9085
9086
9085
9081
9083
9092
9088
9081
9078
9076
9071
9069
9068
9065
9058
9051
9041
9029
9021
9007
8997
8989
8984
8980
8980
8980
8979
8982
8985
8986
8986
8985
8992
8996
9000
8996
9001
9012
9010
9011
9014
9013
9006
9007
9014
9007
9005
9002
8994
8988
8987
8991
8990
8992
8993
8991
8991
8990
8986
8982
8979
8974
8973
8971
8964
8960
8955
8939
8938
8930
8927
8924
8910
8904
8908
8899
8899
8895
8892
8890
8892
8890
8886
8881
8884
8886
8895
8894
8897
8899
8895
8897
8901
8904
8900
8902
8897
8887
8883
8884
8883
8876
8868
8864
8859
8852
8839
8832
8828
8828
8818
8812
8805
8799
8798
8795
8791
8788
8787
8789
8789
8789
8787
8785
8786
8794
8791
8784
8789
8793
8793
8792
8792
8793
8788
8790
8798
8793
8790
8790
8789
8791
8791
8791
8792
8793
8790
8791
8793
8793
8794
8791
8785
8788
8785
8776
8774
8778
8773
8767
8758
8753
8740
8732
8728
8716
8708
8702
8689
8681
8670
8660
8653
8656
8647
8641
8639
8633
8628
8627
8617
8616
8623
8614
8612
8601
8599
8602
8595
8586
8583
8585
8584
8581
8574
8571
8568
8561
8552
8545
8536
8532
8525
8514
8513
8515
8502
8495
8485
8479
8470
8463
8454
8454
8455
8457
8456
8449
8451
8456
8451
8445
8438
8436
8424
8412
8403
8390
8379
8368
8355
8346
8335
8327
8318
8306
8301
8302
8297
8292
8290
8285
8281
8281
8288
8287
8286
8286
8287
8285
8284
8278
8278
8272
8272
8263
8260
8254
8251
8244
8236
8232
8225
8224
8219
8214
8207
8200
8197
8196
8184
8185
8187
8183
8180
8175
8171
8170
8164
8161
8151
8136
8131
8127
8124
8115
8108
8102
8095
8091
8077
8071
8067
8070
8062
8046
8039
8041
8033
8025
8019
8015
8011
8008
8003
8001
8001
7997
7998
7992
7991
7993
7989
7985
7984
7981
7973
7969
7978
7972
7964
7964
7960
7964
7956
7950
7948
7949
7944
7940
7929
7924
7916
7911
7903
7893
7884
7878
7870
7863
7853
7846
7840
7826
7822
7815
7812
7805
7791
7786
7786
7776
7771
7760
7751
7740
7734
7735
7722
7715
7706
7703
7687
7681
7682
7673
7665
7661
7653
7651
7644
7639
7637
7633
7630
7626
7622
7622
7627
7626
7617
7617
7621
7618
7617
7614
7611
7609
7604
7601
7598
7591
7591
7584
7583
7578
7575
7569
7566
7562
7559
7547
7545
7545
7540
7531
7531
7532
7531
7530
7521
7519
7525
7520
7517
7510
7507
7503
7499
7495
7490
7487
7482
7479
7475
7468
7465
7462
7456
7451
7444
7443
7436
7424
7421
7416
7412
7401
7394
7390
7380
7372
7376
7366
7360
7346
7344
7343
7337
7324
7323
7322
7317
7315
7310
7307
7302
7296
7293
7284
7282
7276
7267
7258
7252
7252
7246
7239
7238
7232
7225
7223
7226
7220
7218
7214
7213
7210
7207
7203
7201
7189
7185
7183
7179
7176
7169
7164
7162
7156
7147
7141
7136
7128
7122
7127
7118
7105
7104
7101
7104
7098
7096
7090
7087
7087
7086
7075
7072
7068
7064
7055
7049
7051
7046
7038
7034
7024
7023
7015
7002
6997
6990
6989
6985
6982
6978
6969
6962
6955
6946
6941
6934
6923
6917
6912
6905
6902
6895
6893
6888
6887
6884
6880
6880
6875
6875
6869
6863
6859
6864
6854
6848
6839
6834
6833
6825
6818
6814
6806
6803
6796
6800
6794
6792
6787
6782
6780
6777
6774
6770
6766
6761
6752
6750
6750
6748
6747
6738
6737
6741
6734
6728
6724
6721
6717
6711
6709
6703
6694
6689
6690
6691
6687
6679
6676
6674
6675
6673
6666
6661
6666
6656
6653
6648
6642
6636
6638
6638
6636
6628
6625
6629
6623
6619
6611
6606
6608
6603
6600
6596
6592
6589
6586
6581
6582
6580
6576
6574
6571
6566
6564
6560
6554
6551
6549
6545
6544
6540
6537
6525
6528
6531
6527
6523
6517
6514
6505
6507
6509
6507
6498
6495
6495
6497
6492
6486
6481
6474
6470
6465
6458
6453
6443
6439
6431
6421
6416
6411
6402
6395
6386
6375
6368
6366
6361
6357
6348
6344
6331
6329
6329
6327
6323
6316
6313
6314
6311
6305
6302
6295
6292
6289
6283
6283
6278
6275
6268
6266
6262
6256
6256
6260
6258
6248
6248
6251
6253
6250
6245
6244
6240
6240
6236
6235
6234
6237
6236
6230
6226
6226
6222
6219
6212
6210
6213
6210
6198
6197
6192
6198
6191
6187
6178
6173
6164
6156
6150
6144
6137
6132
6128
6122
6116
6110
6106
6110
6105
6103
6102
6097
6097
6094
6085
6086
6093
6090
6091
6086
6086
6079
6083
6083
6083
6080
6079
6077
6073
6068
6066
6063
6060
6058
6054
6051
6049
6043
6043
6044
6043
6038
6037
6036
6032
6030
6029
6027
6024
6021
6018
6012
6013
6015
6007
6004
6002
5994
5991
5986
5978
5975
5977
5971
5960
5960
5957
5958
5956
5949
5950
5953
5953
5950
5950
5947
5939
5936
5937
5933
5927
5926
5919
5919
5914
5914
5910
5908
5906
5903
5903
5899
5901
5898
5895
5895
5894
5892
5892
5884
5886
5887
5883
5883
5878
5879
5872
5872
5874
5870
5863
5861
5861
5862
5861
5853
5852
5855
5854
5850
5845
5845
5842
5842
5832
5832
5836
5834
5831
5830
5825
5825
5821
5822
5817
5814
5813
5811
5804
5803
5805
5801
5796
5794
5792
5793
5787
5784
5780
5777
5772
5769
5765
5762
5758
5755
5749
5746
5738
5729
5727
5727
5720
5714
5710
5708
5705
5703
5700
5696
5687
5683
5686
5675
5676
5670
5668
5664
5662
5654
5653
5650
5654
5648
5646
5646
5635
5636
5635
5635
5631
5629
5625
5621
5621
5617
5613
5609
5607
5602
5600
5595
5595
5589
5589
5583
5584
5581
5577
5579
5575
5573
5570
5570
5572
5573
5568
5570
5559
5557
5556
5557
5555
5545
5544
5543
5539
5532
5524
5521
5521
5516
5505
5505
5504
5506
5501
5502
5498
5499
5495
5494
5494
5490
5491
5488
5489
5488
5486
5483
5481
5478
5475
5479
5475
5468
5468
5467
5468
5464
5466
5465
5463
5461
5461
5461
5461
5460
5457
5456
5459
5455
5456
5454
5453
5453
5451
5451
5442
5443
5443
5445
5442
5439
5439
5437
5437
5434
5435
5433
5432
5430
5422
5422
5427
5423
5420
5416
5412
5418
5413
5414
5411
5405
5402
5400
5400
5398
5397
5396
5394
5391
5390
5384
5383
5386
5385
5382
5379
5378
5375
5372
5367
5367
5371
5367
5367
5366
5364
5364
5359
5360
5353
5352
5351
5348
5349
5345
5340
5340
5347
5341
5340
5335
5334
5338
5332
5327
5325
5326
5326
5325
5321
5321
5313
5314
5316
5315
5311
5307
5308
5304
5301
5299
5297
5296
5293
5288
5285
5285
5276
5278
5276
5279
5274
5273
5271
5262
5264
5269
5268
5265
5266
5264
5259
5259
5256
5253
5251
5248
5247
5242
5241
5240
5236
5232
5228
5227
5231
5227
5227
5224
5225
5222
5219
5217
5215
5220
5219
5216
5218
5216
5215
5214
5212
5212
5203
5205
5206
5208
5208
5203
5201
5204
5202
5201
5199
5196
5195
5191
5188
5187
5184
5183
5180
5174
5174
5177
5173
5170
5169
5164
5161
5157
5165
5162
5154
5157
5158
5157
5155
5154
5152
5150
5152
5150
5150
5149
5144
5143
5147
5147
5140
5137
5140
5139
5135
5132
5131
5127
5127
5123
5119
5116
5116
5112
5109
5108
5100
5100
5097
5101
5099
5098
5096
5093
5094
5091
5088
5089
5094
5088
5089
5088
5085
5087
5085
5081
5079
5085
5086
5084
5085
5083
5081
5078
5078
5075
5075
5074
5070
5064
5068
5069
5069
5061
5063
5067
5066
5061
5061
5059
5058
5053
5051
5049
5047
5047
5042
5042
5038
5037
5037
5035
5033
5033
5026
5026
5032
5029
5022
5021
5023
5024
5023
5017
5020
5022
5017
5019
5015
5017
5015
5014
5012
5012
5010
5009
5007
5000
5000
5002
4999
4997
4997
4993
4992
4991
4990
4988
4987
4985
4986
4984
4983
4978
4978
4983
4980
4977
4975
4974
4980
4980
4976
4976
4973
4972
4969
4970
4970
4968
4970
4962
4968
4965
4972
4970
4968
4967
4972
4969
4970
4967
4967
4964
4963
4958
4955
4959
4955
4955
4951
4948
4943
4941
4932
4931
4930
4934
4932
4930
4930
4928
4928
4925
4921
4921
4924
4921
4913
4915
4920
4919
4916
4917
4914
4916
4914
4916
4915
4916
4915
4916
4913
4915
4917
4916
4913
4909
4908
4907
4905
4901
4901
4890
4891
4886
4890
4886
4887
4884
4885
4883
4885
4882
4884
4880
4882
4885
4885
4883
4882
4881
4880
4878
4875
4876
4868
4870
4869
4875
4870
4865
4864
4870
4865
4864
4857
4857
4859
4857
4857
4856
4850
4849
4848
4851
4849
4849
4844
4844
4843
4842
4839
4840
4838
4839
4837
4838
4836
4836
4834
4832
4830
4836
4833
4832
4834
4831
4833
4832
4828
4827
4833
4829
4830
4827
4826
4827
4825
4827
4826
4827
4826
4828
4822
4824
4826
4824
4820
4821
4815
4818
4817
4814
4814
4822
4819
4820
4816
4818
4811
4814
4818
4816
4814
4809
4806
4811
4806
4801
4798
4800
4799
4798
4795
4797
4796
4796
4794
4795
4796
4793
4791
4782
4784
4790
4784
4786
4782
4782
4781
4782
4780
4783
4780
4781
4779
4777
4777
4782
4780
4780
4782
4782
4785
4783
4786
4785
4786
4786
4786
4783
4783
4781
4781
4769
4772
4770
4771
4768
4766
4766
4760
4763
4765
4765
4763
4758
4758
4762
4761
4754
4756
4755
4761
4759
4758
4754
4756
4756
4754
4755
4752
4750
4751
4746
4745
4752
4748
4748
4746
4747
4739
4743
4745
4745
4743
4742
4739
4741
4737
4736
4735
4737
4738
4738
4732
4733
4738
4733
4735
4732
4734
4731
4734
4732
4732
4733
4734
4734
4735
4734
4737
4735
4732
4733
4736
4735
4733
4728
4724
4727
4725
4722
4722
4717
4716
4713
4711
4707
4707
4706
4706
4703
4700
4707
4704
4698
4702
4704
4707
4705
4707
4705
4707
4705
4705
4705
4705
4702
4702
4700
4701
4692
4694
4693
4697
4692
4690
4690
4694
4691
4691
4690
4691
4690
4691
4690
4693
4690
4693
4690
4688
4687
4692
4693
4693
4692
4692
4692
4691
4689
4687
4680
4681
4682
4683
4679
4676
4675
4678
4678
4670
4671
4668
4676
4672
4673
4672
4673
4669
4669
4666
4669
4668
4670
4668
4670
4669
4669
4670
4666
4666
4671
4670
4671
4669
4665
4663
4662
4666
4662
4662
4657
4657
4652
4651
4654
4651
4650
4645
4644
4640
4639
4643
4642
4643
4642
4642
4643
4643
4642
4640
4641
4638
4638
4635
4636
4634
4634
4634
4634
4628
4629
4632
4633
4633
4630
4630
4628
4629
4621
4625
4627
4629
4630
4625
4624
4632
4627
4625
4621
4621
4627
4624
4622
4620
4619
4619
4618
4618
4615
4618
4617
4615
4617
4618
4621
4620
4618
4619
4613
4615
4615
4618
4618
4611
4610
4616
4615
4609
4608
4604
4609
4607
4604
4603
4600
4599
4598
4596
4595
4594
4594
4595
4593
4594
4593
4591
4588
4586
4595
4592
4592
4592
4590
4591
4592
4592
4591
4586
4589
4589
4594
4593
4586
4586
4593
4591
4589
4586
4587
4584
4586
4583
4583
4585
4582
4583
4582
4581
4581
4579
4572
4575
4576
4578
4576
4572
4570
4574
4573
4570
4567
4567
4572
4572
4573
4573
4571
4569
4568
4573
4568
4568
4566
4566
4562
4563
4562
4560
4560
4558
4556
4557
4559
4558
4563
4563
4566
4567
4568
4568
4567
4569
4565
4568
4570
4571
4562
4564
4561
4563
4563
4560
4558
4559
4556
4556
4553
4552
4548
4550
4555
4554
4555
4553
4554
4549
4551
4554
4553
4546
4545
4547
4552
4550
4548
4550
4546
4545
4542
4541
4540
4535
4538
4533
4533
4531
4528
4529
4532
4532
4530
4530
4528
4528
4528
4531
4530
4526
4526
4533
4533
4532
4527
4528
4530
4530
4531
4529
4528
4525
4525
4529
4527
4528
4526
4524
4524
4521
4523
4521
4520
4521
4514
4516
4516
4518
4519
4513
4515
4519
4516
4515
4515
4513
4512
4513
4506
4507
4513
4513
4512
4511
4511
4510
4509
4511
4508
4508
4505
4506
4500
4500
4503
4501
4502
4501
4499
4502
4499
4499
4501
4500
4498
4501
4498
4498
4493
4494
4500
4497
4499
4492
4496
4499
4500
4499
4499
4495
4495
4494
4498
4496
4495
4495
4491
4495
4491
4491
4491
4486
4486
4490
4489
4487
4485
4486
4479
4481
4485
4483
4481
4477
4480
4484
4481
4476
4479
4485
4482
4482
4484
4482
4482
4483
4485
4483
4486
4481
4481
4484
4481
4482
4479
4478
4476
4476
4476
4473
4474
4470
4472
4471
4469
4464
4465
4470
4467
4469
4466
4468
4466
4465
4467
4465
4465
4465
4466
4465
4465
4462
4463
4466
4468
4468
4467
4470
4463
4465
4467
4466
4464
4461
4457
4453
4452
4456
4453
4452
4452
4453
4451
4451
4451
4450
4449
4450
4448
4450
4451
4448
4450
4451
4452
4442
4445
4443
4450
4448
4442
4444
4450
4448
4449
4448
4448
4442
4444
4447
4447
4445
4447
4444
4445
4443
4442
4443
4442
4444
4442
4444
4444
4445
4444
4444
4444
4440
4441
4441
4449
4449
4445
4445
4453
4449
4451
4448
4448
4442
4442
4445
4441
4442
4440
4438
4440
4437
4432
4433
4437
4438
4437
4434
4432
4439
4435
4437
4434
4433
4433
4433
4432
4433
4434
4438
4437
4442
4439
4443
4443
4444
4447
4445
4446
4444
4440
4440
4444
4445
4439
4444
4441
4449
4446
4445
4442
4437
4433
4435
4434
4434
4429
4430
4427
4428
4427
4426
4425
4418
4420
4424
4419
4419
4418
4417
4417
4417
4415
4415
4423
4421
4424
4422
4423
4420
4417
4417
4417
4413
4411
4411
4416
4412
4414
4412
4409
4412
4413
4420
4419
4418
4415
4410
4410
4410
4411
4408
4403
4402
4404
4401
4401
4398
4395
4396
4397
4394
4395
4394
4391
4392
4393
4393
4396
4394
4397
4397
4397
4395
4394
4399
4396
4398
4396
4399
4399
4398
4395
4394
4402
4401
4394
4396
4396
4401
4398
4398
4396
4393
4394
4391
4392
4388
4388
4388
4381
4383
4383
4386
4383
4384
4385
4385
4384
4378
4381
4381
4385
4384
4384
4380
4380
4382
4380
4380
4379
4374
4376
4379
4379
4373
4375
4374
4380
4377
4373
4373
4381
4378
4377
4376
4375
4376
4377
4377
4378
4376
4377
4375
4377
4375
4372
4373
4376
4375
4376
4376
4376
4375
4374
4373
4373
4373
4373
4374
4368
4369
4375
4374
4375
4373
4373
4380
4377
4374
4373
4377
4378
4380
4377
4378
4376
4379
4377
4378
4377
4377
4375
4371
4371
4376
4374
4374
4372
4371
4364
4365
4371
4367
4368
4367
4369
4368
4368
4365
4366
4371
4368
4370
4367
4368
4365
4364
4365
4362
4364
4359
4362
4365
4365
4363
4366
4363
4365
4365
4365
4368
4365
4370
4368
4367
4368
4364
4367
4358
4361
4367
4366
4363
4364
4361
4362
4361
4363
4361
4361
4358
4360
4362
4363
4357
4358
4361
4361
4360
4361
4362
4362
4365
4365
4366
4367
4364
4364
4369
4366
4365
4363
4361
4360
4361
4365
4363
4357
4357
4361
4360
4357
4351
4348
4353
4352
4349
4350
4348
4347
4347
4353
4350
4351
4353
4355
4354
4357
4356
4357
4356
4355
4354
4355
4358
4355
4357
4355
4354
4352
4350
4348
4343
4342
4344
4343
4341
4342
4338
4337
4335
4340
4337
4338
4334
4336
4334
4335
4329
4329
4331
4330
4328
4327
4328
4327
4329
4323
4326
4330
4331
4328
4329
4327
4330
4331
4333
4331
4334
4331
4330
4329
4327
4327
4329
4324
4325
4325
4330
4326
4323
4323
4328
4325
4326
4325
4324
4323
4320
4327
4325
4326
4326
4326
4326
4327
4324
4324
4324
4326
4328
4328
4331
4330
4334
4333
4335
4331
4331
4331
4335
4332
4330
4329
4324
4326
4322
4328
4327
4328
4328
4327
4330
4332
4339
4342
4346
4350
4350
4358
4366
4376
4381
4384
4392
4404
4413
4414
4424
4432
4443
4452
4456
4465
4478
4487
4494
4502
4511
4517
4527
4533
4541
4550
4555
4563
4571
4575
4578
4585
4595
4601
4603
4605
4611
4613
4615
4614
4616
4617
