4624
4621
4620
4620
4619
4617
4614
4609
4606
4604
4600
4591
4589
4590
4585
4580
4573
4571
4561
4555
4558
4553
4546
4537
4535
4535
4527
4525
4518
4514
4510
4505
4501
4496
4492
4490
4480
4478
4476
4475
4473
4468
4464
4464
4458
4453
4453
4447
4445
4441
4437
4434
4427
4425
4421
4421
4421
4416
4414
4412
4408
4408
4400
4398
4400
4398
4390
4389
4388
4389
4387
4385
4384
4381
4382
4379
4380
4378
4372
4373
4376
4375
4373
4371
4369
4368
4366
4363
4362
4357
4356
4357
4361
4358
4354
4354
4352
4349
4348
4347
4346
4347
4346
4340
4342
4345
4345
4342
4337
4335
4337
4332
4329
4328
4327
4323
4322
4317
4314
4319
4316
4314
4315
4313
4315
4312
4308
4307
4310
4309
4305
4305
4303
4301
4302
4300
4302
4299
4295
4295
4299
4301
4294
4298
4297
4302
4300
4297
4299
4304
4303
4299
4301
4299
4299
4299
4293
4296
4299
4298
4296
4297
4298
4295
4297
4295
4295
4296
4294
4294
4294
4291
4295
4293
4293
4290
4290
4291
4287
4284
4283
4287
4285
4282
4280
4277
4281
4282
4273
4276
4276
4276
4276
4275
4273
4270
4272
4273
4275
4273
4272
4273
4271
4273
4272
4272
4273
4272
4271
4272
4271
4265
4268
4264
4267
4266
4263
4264
4264
4261
4262
4258
4259
4260
4257
4259
4258
4253
4254
4252
4256
4256
4255
4255
4255
4254
4251
4251
4251
4256
4253
4254
4253
4253
4255
4256
4256
4257
4264
4263
4262
4261
4263
4260
4261
4261
4262
4258
4258
4263
4263
4262
4257
4257
4264
4262
4261
4262
4262
4258
4258
4266
4265
4267
4267
4268
4263
4262
4267
4264
4263
4263
4261
4261
4262
4260
4260
4261
4261
4258
4259
4259
4258
4258
4254
4257
4266
4263
4263
4264
4263
4257
4256
4263
4263
4263
4262
4262
4259
4259
4261
4262
4262
4261
4263
4257
4259
4264
4261
4256
4260
4260
4265
4267
4267
4267
4268
4270
4269
4268
4269
4273
4273
4274
4274
4276
4276
4277
4278
4281
4282
4284
4285
4288
4289
4293
4294
4290
4292
4297
4294
4296
4296
4298
4300
4301
4297
4297
4304
4305
4309
4313
4315
4320
4322
4319
4325
4324
4331
4332
4331
4332
4335
4337
4337
4338
4340
4342
4346
4349
4354
4358
4361
4365
4366
4373
4383
4385
4384
4388
4391
4396
4398
4400
4404
4401
4405
4409
4414
4416
4420
4421
4422
4423
4422
4426
4430
4436
4437
4440
4444
4448
4452
4457
4457
4461
4473
4477
4476
4483
4491
4499
4503
4508
4512
4518
4522
4527
4533
4537
4545
4552
4557
4565
4567
4575
4580
4591
4597
4597
4607
4618
4622
4627
4635
4642
4647
4654
4660
4669
4677
4682
4689
4694
4703
4715
4723
4733
4740
4747
4753
4762
4775
4785
4794
4804
4812
4822
4834
4842
4852
4858
4870
4877
4885
4896
4912
4922
4927
4936
4953
4959
4967
4975
4985
4995
5007
5017
5026
5034
5045
5055
5065
5076
5083
5095
5109
5118
5126
5136
5144
5153
5162
5166
5178
5188
5199
5208
5212
5222
5239
5248
5258
5267
5278
5286
5299
5317
5327
5335
5347
5358
5371
5383
5392
5406
5424
5439
5451
5464
5482
5497
5513
5530
5546
5562
5578
5596
5611
5627
5642
5659
5676
5692
5710
5728
5747
5759
5780
5804
5822
5840
5858
5878
5895
5915
5941
5957
5975
5996
6014
6033
6050
6063
6081
6106
6122
6142
6152
6170
6191
6208
6221
6237
6250
6261
6273
6287
6301
6314
6328
6340
6350
6367
6383
6395
6409
6423
6434
6446
6458
6471
6487
6494
6509
6528
6541
6554
6562
6577
6594
6605
6612
6625
6640
6656
6668
6673
6687
6708
6719
6730
6743
6756
6771
6785
6801
6817
6833
6848
6865
6880
6895
6913
6930
6943
6964
6983
7005
7025
7044
7062
7078
7095
7110
7130
7147
7167
7184
7195
7214
7235
7250
7264
7286
7301
7318
7336
7355
7370
7387
7403
7420
7433
7449
7474
7486
7500
7517
7531
7541
7555
7574
7583
7596
7607
7619
7628
7636
7644
7650
7660
7673
7679
7686
7698
7711
7719
7727
7734
7745
7754
7764
7780
7796
7812
7823
7832
7847
7865
7882
7894
7909
7919
7937
7952
7965
7977
7993
8003
8017
8039
8048
8055
8067
8079
8091
8100
8106
8112
8118
8122
8130
8135
8144
8158
8162
8172
8180
8187
8196
8207
8222
8229
8241
8249
8261
8272
8279
8283
8294
8303
8313
8319
8328
8339
8352
8357
8365
8368
8376
8378
8384
8391
8395
8395
8397
8405
8409
8413
8419
8424
8425
8432
8446
8452
8454
8460
8465
8471
8473
8475
8479
8482
8490
8496
8502
8512
8521
8528
8532
8542
8555
8567
8577
8585
8596
8614
8621
8632
8642
8650
8659
8665
8671
8679
8684
8689
8695
8701
8706
8712
8717
8717
8724
8735
8741
8747
8748
8758
8770
8779
8787
8793
8798
8808
8813
8821
8828
8828
8836
8847
8853
8861
8860
8866
8875
8876
8871
8877
8878
8883
8885
8887
8892
8896
8899
8907
8913
8919
8924
8928
8927
8936
8940
8948
8951
8950
8955
8961
8963
8962
8968
8970
8974
8976
8980
8983
8991
8994
8995
9003
9007
9012
9014
9013
9018
9023
9026
9026
9021
9018
9013
9012
9002
8998
8996
8998
8997
8994
8994
8989
8995
8999
9008
9013
9018
9023
9028
9032
9035
9038
9044
9047
9053
9052
9054
9055
9056
9056
9045
9045
9048
9046
9037
9042
9042
9047
9049
9051
9050
9044
9049
9052
9057
9054
9056
9055
9054
9058
9063
9068
9072
9077
9084
9099
9107
9113
9120
9123
9125
9125
9127
9129
9128
9129
9133
9131
9136
9133
9139
9142
9142
9141
9140
9140
9137
9136
9136
9134
9127
9131
9130
9135
9131
9124
9122
9126
9121
9120
9121
9119
9112
9114
9118
9116
9109
9108
9111
9117
9116
9116
9117
9114
9114
9114
9108
9106
9106
9103
9101
9100
9097
9097
9093
9093
9095
9096
9095
9096
9099
9098
9097
9092
9084
9082
9089
9086
9085
9080
9077
9070
9070
9075
9072
9069
9067
9067
9073
9069
9070
9070
9067
9063
9056
9051
9044
9030
9025
9025
9013
9006
8998
8995
8998
8991
8986
8982
8979
8976
8971
8970
8968
8963
8965
8974
8970
8970
8968
8966
8957
8959
8961
8956
8953
8949
8945
8941
8939
8940
8936
8933
8929
8927
8926
8923
8917
8912
8905
8903
8900
8890
8889
8891
8884
8875
8877
8881
8886
8887
8889
8888
8887
8885
8883
8879
8877
8871
8870
8868
8864
8855
8856
8855
8857
8849
8844
8839
8835
8826
8817
8808
8796
8786
8772
8753
8745
8738
8731
8722
8717
8711
8706
8701
8691
8693
8692
8697
8696
8697
8696
8697
8697
8700
8695
8694
8700
8698
8695
8695
8688
8681
8681
8686
8682
8678
8678
8679
8683
8683
8683
8683
8679
8685
8694
8692
8688
8686
8682
8676
8672
8674
8669
8665
8658
8657
8652
8651
8645
8640
8633
8628
8620
8609
8605
8607
8601
8591
8590
8590
8586
8581
8586
8580
8579
8578
8578
8576
8573
8568
8567
8562
8554
8546
8537
8528
8522
8513
8504
8495
8482
8473
8461
8444
8434
8429
8418
8408
8400
8390
8378
8371
8367
8359
8350
8342
8334
8330
8324
8313
8311
8308
8301
8297
8291
8290
8288
8284
8285
8282
8282
8280
8280
8280
8280
8273
8275
8281
8277
8272
8273
8271
8273
8271
8264
8258
8253
8248
8242
8236
8230
8221
8211
8202
8187
8183
8174
8164
8157
8146
8130
8122
8120
8107
8092
8083
8077
8075
8069
8064
8058
8055
8048
8050
8055
8053
8053
8055
8056
8057
8056
8057
8056
8050
8050
8056
8054
8050
8047
8042
8038
8035
8024
8023
8014
8012
8005
8002
7997
7982
7975
7969
7963
7958
7951
7942
7935
7927
7921
7912
7906
7894
7892
7892
7888
7880
7876
7871
7867
7864
7868
7865
7863
7860
7860
7859
7859
7860
7858
7853
7856
7865
7862
7859
7853
7850
7846
7845
7836
7833
7833
7832
7831
7825
7818
7808
7802
7795
7790
7780
7772
7760
7749
7735
7720
7710
7699
7687
7672
7650
7637
7630
7616
7605
7591
7581
7583
7574
7567
7559
7555
7549
7546
7545
7541
7540
7539
7532
7532
7530
7522
7517
7520
7514
7502
7502
7499
7498
7490
7486
7479
7473
7464
7454
7447
7439
7430
7421
7414
7409
7399
7395
7392
7394
7389
7383
7382
7388
7384
7382
7383
7383
7378
7377
7383
7382
7379
7380
7378
7372
7371
7375
7373
7370
7366
7363
7362
7358
7356
7354
7349
7345
7342
7333
7330
7331
7321
7315
7312
7305
7295
7287
7279
7273
7267
7260
7256
7251
7247
7243
7237
7227
7227
7227
7224
7220
7216
7213
7207
7209
7213
7207
7204
7199
7196
7199
7195
7195
7192
7188
7185
7184
7181
7178
7176
7173
7166
7165
7162
7165
7161
7152
7150
7152
7147
7144
7141
7138
7132
7129
7126
7125
7121
7117
7113
7111
7107
7100
7100
7104
7097
7092
7087
7085
7080
7076
7076
7070
7063
7056
7048
7041
7032
7027
7021
7006
7001
6997
6997
6991
6987
6980
6971
6970
6965
6963
6956
6944
6940
6940
6931
6923
6916
6910
6904
6894
6888
6885
6875
6871
6867
6865
6857
6851
6847
6836
6829
6823
6819
6814
6810
6804
6798
6793
6787
6780
6776
6769
6764
6767
6761
6756
6752
6749
6741
6740
6741
6738
6731
6730
6727
6732
6724
6726
6724
6723
6721
6717
6714
6713
6716
6711
6712
6708
6708
6705
6704
6703
6697
6696
6693
6690
6684
6682
6680
6677
6669
6667
6668
6661
6658
6653
6651
6642
6638
6628
6626
6625
6621
6614
6606
6601
6598
6592
6586
6581
6575
6564
6562
6564
6554
6547
6541
6535
6530
6526
6520
6517
6513
6511
6498
6498
6496
6498
6491
6490
6486
6477
6477
6472
6474
6473
6469
6469
6461
6458
6457
6458
6455
6450
6446
6439
6433
6431
6427
6423
6417
6413
6407
6403
6406
6403
6399
6396
6398
6390
6388
6392
6386
6381
6373
6366
6355
6351
6351
6346
6342
6340
6335
6330
6332
6328
6327
6324
6321
6318
6318
6315
6310
6307
6312
6310
6309
6307
6306
6307
6306
6297
6298
6302
6295
6292
6284
6280
6280
6276
6271
6265
6259
6252
6247
6245
6241
6235
6228
6223
6219
6215
6208
6200
6189
6186
6183
6176
6170
6163
6158
6147
6142
6146
6140
6132
6128
6124
6118
6117
6107
6106
6104
6104
6102
6095
6094
6095
6093
6093
6090
6086
6086
6085
6083
6079
6078
6077
6074
6068
6070
6074
6068
6062
6062
6062
6061
6061
6054
6052
6057
6054
6051
6047
6043
6040
6039
6037
6033
6025
6025
6022
6025
6021
6017
6016
6012
6009
6007
6007
6003
5998
5995
5991
5988
5984
5981
5981
5974
5974
5978
5975
5965
5963
5961
5962
5956
5946
5946
5946
5940
5937
5935
5932
5929
5924
5923
5922
5918
5914
5913
5905
5903
5904
5896
5886
5888
5883
5884
5882
5878
5875
5869
5866
5864
5859
5856
5850
5847
5840
5835
5824
5822
5817
5815
5812
5806
5801
5795
5792
5790
5787
5785
5776
5777
5780
5775
5772
5773
5771
5764
5763
5771
5769
5764
5765
5765
5770
5770
5771
5771
5769
5765
5762
5761
5756
5754
5748
5747
5744
5740
5735
5732
5728
5724
5720
5717
5715
5712
5708
5701
5700
5703
5699
5688
5691
5690
5691
5691
5686
5682
5688
5687
5683
5680
5680
5682
5681
5680
5678
5675
5675
5670
5666
5665
5655
5652
5656
5651
5645
5643
5641
5634
5632
5631
5626
5624
5619
5618
5621
5619
5617
5614
5614
5608
5610
5606
5606
5604
5601
5593
5592
5594
5595
5594
5585
5583
5588
5585
5583
5581
5579
5574
5573
5577
5575
5573
5573
5572
5570
5568
5564
5560
5553
5551
5547
5547
5543
5540
5538
5532
5529
5525
5525
5518
5519
5516
5517
5512
5508
5505
5503
5505
5504
5496
5496
5498
5498
5495
5492
5490
5484
5486
5491
5487
5486
5480
5481
5476
5476
5475
5472
5470
5467
5468
5466
5461
5462
5460
5453
5453
5453
5456
5455
5454
5452
5448
5448
5446
5443
5439
5443
5440
5434
5433
5438
5435
5433
5430
5430
5427
5428
5424
5423
5423
5419
5417
5421
5420
5418
5414
5414
5411
5410
5403
5402
5406
5402
5394
5397
5397
5399
5397
5385
5386
5389
5384
5382
5374
5372
5374
5371
5365
5363
5361
5359
5357
5353
5351
5348
5349
5345
5345
5342
5341
5340
5339
5335
5333
5335
5332
5326
5326
5329
5327
5325
5323
5320
5320
5316
5313
5310
5317
5307
5310
5308
5307
5307
5307
5299
5301
5306
5304
5300
5300
5297
5299
5295
5294
5294
5290
5290
5286
5285
5284
5278
5276
5280
5277
5274
5268
5268
5270
5267
5257
5260
5257
5261
5257
5256
5252
5252
5252
5250
5251
5249
5247
5247
5238
5240
5240
5240
5236
5235
5231
5222
5223
5225
5221
5216
5213
5209
5205
5201
5193
5192
5193
5194
5191
5189
5189
5183
5182
5185
5181
5178
5173
5170
5166
5160
5160
5156
5157
5151
5154
5153
5155
5149
5150
5148
5151
5144
5144
5142
5140
5137
5136
5135
5133
5124
5125
5127
5126
5120
5121
5118
5115
5113
5107
5106
5110
5106
5104
5098
5099
5100
5098
5092
5091
5095
5095
5092
5091
5088
5090
5090
5089
5090
5090
5084
5086
5093
5090
5091
5093
5090
5090
5088
5086
5086
5082
5079
5077
5075
5075
5068
5066
5071
5065
5064
5062
5060
5056
5054
5056
5054
5047
5049
5053
5055
5056
5055
5052
5054
5050
5050
5048
5045
5038
5033
5036
5029
5024
5024
5018
5013
5012
5013
5011
5004
5004
5003
5003
5002
4999
4996
5002
4998
4997
4997
4993
4993
4990
4991
4987
4988
4985
4987
4985
4985
4983
4981
4980
4980
4978
4979
4979
4974
4975
4977
4977
4970
4971
4968
4972
4970
4968
4970
4961
4961
4962
4964
4963
4959
4961
4952
4954
4955
4956
4958
4954
4958
4964
4962
4962
4962
4957
4959
4957
4957
4957
4957
4955
4952
4951
4948
4945
4944
4949
4946
4944
4946
4942
4944
4943
4939
4938
4941
4941
4937
4937
4936
4930
4932
4936
4933
4931
4931
4930
4927
4929
4930
4928
4929
4929
4926
4929
4927
4928
4926
4925
4922
4920
4919
4919
4923
4921
4915
4916
4912
4915
4911
4905
4903
4906
4903
4899
4894
4895
4895
4895
4888
4889
4892
4888
4886
4883
4882
4882
4879
4875
4875
4875
4878
4878
4878
4876
4875
4877
4874
4874
4871
4872
4870
4868
4871
4864
4866
4864
4871
4867
4862
4862
4868
4866
4863
4863
4859
4859
4856
4856
4855
4854
4856
4854
4857
4853
4850
4852
4856
4857
4853
4850
4847
4853
4846
4839
4839
4836
4841
4838
4838
4839
4839
4839
4838
4834
4837
4840
4838
4838
4833
4831
4830
4825
4823
4821
4817
4815
4814
4810
4809
4809
4806
4805
4805
4803
4803
4800
4798
4800
4797
4797
4795
4796
4804
4806
4804
4800
4799
4802
4798
4796
4794
4793
4790
4788
4784
4783
4787
4786
4784
4780
4781
4775
4774
4779
4775
4769
4771
4769
4773
4771
4770
4772
4769
4767
4767
4765
4765
4765
4763
4764
4761
4761
4759
4758
4755
4756
4747
4748
4753
4751
4752
4752
4751
4745
4746
4752
4748
4751
4751
4752
4748
4749
4755
4752
4751
4752
4752
4752
4752
4752
4753
4752
4752
4755
4753
4753
4746
4750
4753
4752
4752
4746
4747
4747
4746
4746
4743
4739
4742
4739
4737
4738
4732
4730
4734
4732
4731
4730
4730
4727
4727
4721
4722
4722
4726
4724
4718
4721
4725
4725
4725
4723
4725
4730
4729
4731
4728
4729
4729
4728
4727
4728
4724
4724
4724
4723
4723
4722
4718
4717
4714
4710
4708
4708
4712
4708
4708
4709
4706
4706
4704
4703
4705
4698
4700
4701
4701
4692
4690
4692
4694
4690
4692
4690
4690
4693
4692
4692
4693
4692
4694
4695
4692
4688
4687
4688
4692
4689
4687
4684
4684
4686
4684
4681
4682
4688
4686
4680
4687
4686
4689
4687
4679
4677
4682
4678
4674
4671
4670
4668
4667
4666
4665
4662
4662
4660
4657
4656
4656
4655
4649
4648
4649
4654
4653
4650
4649
4656
4658
4661
4663
4664
4656
4655
4657
4653
4650
4648
4646
4642
4640
4638
4638
4637
4635
4634
4633
4636
4629
4629
4636
4634
4633
4630
4631
4632
4631
4629
4628
4629
4629
4627
4625
4626
4620
4621
4624
4623
4623
4619
4621
4622
4622
4625
4625
4620
4624
4622
4626
4627
4626
4625
4626
4628
4626
4626
4623
4623
4624
4621
4621
4622
4622
4620
4618
4619
4619
4617
4616
4614
4615
4614
4613
4604
4607
4612
4609
4606
4605
4606
4599
4603
4608
4605
4605
4601
4603
4605
4607
4599
4601
4605
4604
4602
4599
4599
4599
4598
4598
4595
4594
4594
4592
4592
4588
4590
4590
4588
4591
4592
4586
4588
4595
4595
4590
4589
4590
4592
4589
4590
4589
4587
4589
4591
4596
4594
4591
4591
4596
4592
4592
4589
4587
4585
4584
4584
4583
4577
4575
4578
4582
4579
4578
4578
4576
4577
4577
4574
4575
4573
4572
4572
4571
4570
4567
4563
4569
4568
4568
4568
4562
4561
4562
4568
4565
4563
4563
4563
4560
4563
4561
4562
4563
4564
4565
4565
4565
4565
4567
4571
4571
4570
4569
4562
4563
4564
4566
4563
4559
4558
4557
4556
4553
4547
4548
4551
4550
4549
4548
4549
4546
4547
4552
4551
4550
4550
4552
4553
4550
4548
4547
4546
4545
4545
4542
4540
4534
4535
4538
4537
4532
4531
4531
4536
4535
4535
4534
4536
4535
4536
4535
4534
4528
4529
4533
4527
4525
4525
4524
4525
4522
4517
4517
4524
4523
4520
4516
4515
4521
4520
4519
4521
4519
4520
4520
4521
4521
4520
4521
4520
4519
4518
4520
4518
4514
4515
4521
4520
4525
4527
4530
4527
4530
4537
4536
4535
4535
4534
4533
4532
4527
4527
4534
4530
4529
4521
4520
4523
4521
4518
4516
4514
4509
4506
4509
4509
4506
4502
4500
4497
4493
4494
4492
4490
4487
4486
4484
4483
4478
4477
4481
4480
4478
4477
4474
4473
4476
4472
4475
4468
4470
4475
4475
4474
4473
4473
4469
4471
4478
4475
4476
4475
4473
4473
4473
4474
4475
4472
4470
4473
4477
4477
4475
4475
4475
4474
4474
4472
4471
4473
4472
4472
4472
4469
4462
4464
4467
4468
4463
4463
4464
4466
4466
4468
4468
4468
4467
4468
4468
4469
4468
4467
4468
4466
4467
4467
4467
4467
4466
4465
4465
4461
4463
4465
4467
4467
4465
4464
4470
4471
4470
4473
4472
4467
4468
4476
4473
4471
4472
4471
4465
4464
4468
4468
4467
4466
4465
4464
4465
4465
4463
4462
4462
4463
4464
4463
4463
4463
4465
4468
4468
4469
4469
4469
4470
4466
4468
4473
4471
4465
4461
4460
4463
4459
4456
4453
4453
4451
4450
4445
4445
4448
4446
4440
4439
4440
4443
4442
4440
4441
4443
4441
4439
4436
4439
4442
4439
4436
4437
4443
4443
4442
4442
4441
4441
4441
4442
4441
4442
4443
4441
4437
4437
4440
4441
4439
4438
4438
4431
4430
4436
4434
4433
4432
4431
4429
4429
4428
4429
4427
4426
4425
4423
4423
4420
4421
4426
4425
4423
4426
4427
4423
4422
4427
4423
4418
4418
4417
4420
4418
4418
4420
4422
4423
4421
4421
4422
4423
4422
4415
4416
4419
4421
4419
4413
4413
4416
4414
4411
4409
4407
4408
4408
4409
4408
4407
4406
4407
4407
4407
4405
4405
4400
4403
4406
4409
4408
4401
4402
4407
4407
4406
4405
4402
4403
4404
4403
4403
4396
4396
4395
4398
4398
4394
4396
4400
4396
4397
4397
4397
4393
4394
4400
4400
4399
4397
4398
4399
4399
4398
4399
4398
4397
4395
4395
4394
4393
4392
4390
4387
4385
4383
4384
4386
4385
4383
4382
4378
4379
4381
4385
4382
4380
4379
4384
4385
4383
4384
4386
4386
4388
4388
4390
4392
4391
4390
4388
4389
4384
4384
4388
4385
4385
4385
4383
4379
4377
4384
4381
4380
4378
4380
4382
4382
4380
4380
4382
4377
4378
4380
4378
4376
4373
4371
4372
4371
4371
4370
4372
4373
4375
4377
4379
4379
4379
4379
4377
4377
4374
4373
4372
4370
4374
4373
4367
4368
4372
4373
4371
4370
4369
4364
4364
4370
4368
4366
4366
4366
4362
4362
4368
4365
4363
4362
4363
4365
4364
4363
4362
4361
4360
4360
4360
4361
4360
4360
4360
4362
4362
4362
4360
4359
4356
4356
4358
4357
4354
4354
4358
4358
4357
4356
4355
4354
4355
4354
4355
4349
4350
4354
4354
4351
4352
4351
4351
4350
4350
4350
4348
4345
4345
4351
4350
4346
4346
4351
4351
4351
4350
4350
4346
4344
4350
4350
4349
4343
4343
4348
4346
4345
4345
4345
4344
4345
4342
4345
4338
4342
4345
4346
4344
4346
4348
4353
4353
4354
4357
4358
4357
4358
4352
4353
4357
4354
4354
4353
4352
4347
4349
4354
4353
4348
4347
4348
4352
4352
4351
4349
4347
4347
4347
4344
4343
4342
4341
4340
4337
4335
4331
4333
4337
4334
4329
4330
4337
4336
4335
4335
4334
4334
4334
4334
4333
4331
4331
4331
4331
4330
4328
4327
4327
4326
4327
4325
4324
4318
4320
4325
4322
4323
4317
4315
4321
4320
4320
4319
4317
4316
4315
4316
4316
4316
4317
4316
4316
4313
4315
4316
4310
4310
4316
4316
4317
4312
4312
4316
4316
4317
4316
4315
4315
4315
4311
4311
4317
4315
4314
4313
4313
4313
4313
4311
4311
4310
4310
4312
4310
4307
4313
4313
4312
4312
4312
4312
4312
4306
4308
4312
4309
4307
4307
4308
4313
4313
4314
4316
4316
4315
4317
4315
4314
4311
4311
4311
4308
4309
4307
4306
4304
4305
4306
4303
4302
4303
4302
4299
4301
4306
4304
4307
4309
4308
4306
4309
4316
4313
4309
4314
4314
4318
4318
4320
4325
4321
4324
4327
4334
4338
4336
4342
4352
4356
4359
4367
4373
4384
4393
4395
4404
4421
4424
4438
4446
4453
4463
4472
4474
4480
4489
4500
4508
4513
4519
4527
4534
4540
4546
4551
4557
4564
4568
4574
4578
4583
4586
4590
4594
4596
4598
4600
4602
4603
4598
4598
