4576
4571
4570
4569
4571
4570
4567
4566
4562
4559
4556
4551
4548
4540
4536
4536
4531
4527
4523
4519
4513
4508
4502
4499
4494
4491
4485
4480
4477
4472
4470
4461
4458
4455
4456
4449
4442
4440
4439
4434
4431
4424
4422
4422
4416
4408
4406
4406
4404
4402
4397
4393
4386
4384
4387
4383
4380
4379
4375
4372
4370
4365
4362
4361
4358
4356
4352
4353
4351
4348
4344
4341
4339
4342
4337
4336
4334
4332
4332
4329
4327
4326
4325
4323
4316
4314
4314
4318
4317
4309
4309
4312
4310
4307
4304
4305
4308
4304
4303
4303
4303
4302
4301
4297
4297
4297
4294
4294
4295
4294
4291
4289
4286
4287
4291
4290
4285
4281
4282
4287
4284
4280
4279
4278
4278
4278
4275
4275
4276
4272
4273
4273
4271
4267
4267
4271
4269
4263
4263
4267
4268
4268
4267
4268
4265
4268
4272
4270
4269
4270
4271
4267
4267
4271
4269
4266
4266
4265
4266
4265
4264
4263
4262
4260
4260
4262
4261
4256
4255
4261
4259
4256
4256
4255
4254
4252
4251
4251
4251
4249
4252
4251
4252
4253
4253
4254
4253
4254
4254
4255
4250
4252
4256
4255
4252
4249
4247
4253
4253
4245
4247
4247
4252
4252
4249
4249
4250
4249
4249
4249
4248
4246
4245
4243
4243
4241
4241
4238
4238
4236
4232
4232
4239
4237
4237
4230
4229
4233
4233
4231
4232
4229
4228
4225
4230
4230
4225
4224
4231
4231
4231
4232
4234
4232
4233
4232
4234
4233
4231
4230
4230
4229
4230
4231
4230
4231
4233
4239
4238
4241
4239
4235
4236
4236
4239
4234
4234
4234
4234
4233
4233
4229
4228
4232
4228
4224
4226
4231
4232
4230
4230
4231
4233
4233
4233
4234
4233
4235
4233
4233
4233
4229
4230
4232
4236
4237
4236
4235
4230
4232
4237
4238
4238
4234
4235
4238
4238
4239
4239
4240
4237
4237
4240
4238
4236
4235
4236
4236
4236
4237
4236
4238
4239
4240
4240
4242
4242
4240
4236
4238
4243
4241
4241
4240
4243
4238
4240
4247
4247
4248
4246
4247
4252
4250
4251
4252
4253
4253
4252
4249
4250
4256
4257
4257
4258
4256
4257
4260
4262
4263
4264
4266
4268
4270
4271
4269
4273
4281
4282
4284
4287
4288
4291
4293
4292
4294
4304
4303
4307
4310
4312
4311
4312
4321
4322
4324
4329
4332
4338
4342
4341
4346
4350
4353
4356
4358
4362
4364
4367
4371
4373
4378
4383
4389
4391
4396
4406
4412
4417
4422
4428
4431
4436
4439
4440
4441
4443
4446
4453
4457
4455
4460
4470
4474
4477
4481
4484
4489
4492
4491
4497
4502
4511
4515
4521
4526
4526
4534
4542
4549
4553
4561
4566
4573
4579
4588
4595
4602
4610
4618
4623
4632
4644
4651
4658
4666
4675
4685
4694
4704
4713
4724
4734
4744
4753
4762
4770
4780
4785
4798
4810
4823
4832
4838
4848
4866
4874
4883
4887
4898
4914
4923
4932
4941
4950
4963
4973
4983
4995
5003
5016
5019
5035
5044
5062
5073
5079
5094
5112
5123
5134
5146
5159
5171
5182
5194
5208
5220
5231
5244
5254
5268
5285
5298
5310
5322
5338
5352
5364
5376
5389
5403
5417
5433
5442
5459
5479
5493
5501
5515
5533
5548
5560
5570
5583
5593
5605
5618
5630
5642
5656
5665
5675
5683
5698
5707
5719
5732
5741
5746
5760
5780
5794
5806
5818
5832
5851
5864
5872
5887
5907
5922
5935
5949
5966
5987
6002
6019
6037
6055
6073
6090
6107
6126
6143
6163
6175
6193
6210
6233
6250
6268
6285
6302
6321
6337
6351
6371
6383
6402
6424
6438
6454
6466
6484
6504
6518
6530
6547
6566
6586
6602
6618
6632
6650
6666
6684
6698
6711
6728
6745
6760
6775
6792
6808
6826
6837
6854
6873
6891
6904
6920
6936
6949
6964
6976
6990
6992
7007
7024
7032
7042
7052
7063
7068
7080
7099
7105
7113
7126
7136
7146
7157
7166
7174
7182
7194
7206
7221
7233
7244
7256
7263
7281
7291
7311
7323
7335
7348
7359
7375
7387
7394
7403
7419
7427
7438
7453
7459
7470
7488
7506
7518
7526
7542
7556
7567
7582
7598
7614
7626
7642
7657
7669
7681
7692
7704
7719
7728
7738
7750
7767
7783
7796
7805
7818
7839
7851
7858
7873
7891
7909
7918
7932
7947
7963
7976
7984
7986
8000
8014
8024
8037
8050
8064
8075
8084
8093
8104
8113
8118
8124
8135
8146
8157
8167
8176
8193
8212
8224
8236
8252
8266
8280
8290
8295
8308
8321
8334
8343
8353
8365
8374
8384
8395
8405
8418
8427
8436
8450
8459
8457
8462
8462
8468
8467
8465
8464
8462
8465
8467
8470
8478
8487
8493
8495
8508
8524
8530
8539
8546
8557
8566
8574
8580
8590
8598
8601
8608
8621
8621
8620
8626
8632
8633
8634
8641
8642
8641
8647
8658
8655
8654
8654
8654
8657
8654
8655
8660
8660
8659
8657
8654
8651
8653
8654
8658
8666
8676
8685
8701
8703
8716
8734
8743
8753
8760
8766
8771
8778
8791
8799
8804
8812
8817
8825
8832
8828
8838
8845
8850
8852
8856
8863
8875
8879
8885
8890
8895
8900
8908
8915
8913
8905
8904
8899
8896
8888
8881
8875
8869
8867
8869
8872
8874
8879
8885
8891
8897
8899
8902
8901
8904
8906
8907
8907
8902
8906
8907
8915
8916
8914
8920
8931
8933
8932
8933
8937
8944
8946
8939
8945
8953
8956
8959
8965
8972
8979
8984
8992
8997
9004
9009
9014
9014
9017
9018
9018
9014
9012
9006
9003
9005
9004
9005
9003
9010
9016
9023
9028
9032
9033
9040
9047
9054
9052
9054
9057
9053
9052
9046
9042
9039
9038
9040
9035
9032
9027
9025
9023
9023
9024
9025
9027
9029
9032
9033
9036
9037
9038
9041
9044
9047
9052
9051
9053
9057
9054
9059
9066
9064
9057
9059
9059
9065
9064
9057
9063
9071
9072
9074
9068
9070
9076
9074
9073
9075
9075
9075
9074
9077
9076
9078
9076
9076
9072
9068
9065
9056
9044
9034
9036
9023
9016
9005
9000
8987
8980
8982
8975
8972
8967
8966
8960
8961
8968
8969
8970
8974
8981
8987
8991
8992
8999
9009
9015
9018
9020
9023
9025
9027
9029
9032
9032
9032
9035
9041
9041
9045
9046
9042
9045
9044
9045
9042
9029
9022
9021
9014
9008
8997
8995
8997
8990
8986
8980
8974
8969
8961
8957
8953
8945
8941
8935
8931
8926
8923
8918
8918
8916
8911
8912
8913
8918
8917
8915
8914
8914
8912
8904
8900
8897
8901
8896
8888
8884
8888
8884
8880
8871
8871
8868
8862
8855
8843
8835
8826
8817
8808
8796
8781
8766
8752
8736
8721
8704
8689
8669
8657
8651
8637
8623
8609
8598
8591
8576
8562
8551
8541
8531
8518
8510
8501
8495
8491
8482
8474
8471
8468
8457
8447
8440
8432
8428
8424
8422
8419
8419
8419
8421
8424
8426
8430
8433
8430
8431
8440
8434
8428
8422
8420
8421
8417
8408
8408
8415
8411
8410
8403
8401
8402
8399
8395
8393
8389
8384
8385
8391
8394
8395
8396
8400
8406
8406
8406
8408
8409
8404
8401
8399
8396
8391
8389
8382
8377
8368
8361
8354
8348
8339
8330
8326
8327
8318
8310
8307
8307
8309
8307
8301
8299
8290
8280
8270
8256
8248
8243
8236
8228
8223
8218
8209
8207
8210
8210
8209
8207
8202
8202
8202
8209
8208
8209
8207
8205
8204
8205
8203
8200
8199
8198
8197
8190
8184
8175
8169
8158
8148
8145
8133
8128
8117
8107
8100
8091
8077
8075
8079
8073
8066
8062
8056
8052
8050
8046
8039
8034
8026
8020
8016
8011
7998
7995
7994
7992
7987
7981
7979
7982
7981
7972
7973
7972
7974
7972
7965
7960
7952
7945
7939
7933
7925
7917
7907
7890
7884
7878
7871
7866
7859
7852
7841
7841
7844
7837
7834
7830
7828
7821
7821
7825
7822
7818
7817
7815
7813
7809
7805
7801
7796
7787
7785
7776
7770
7757
7753
7754
7747
7744
7739
7736
7732
7731
7723
7723
7721
7724
7723
7718
7718
7724
7721
7716
7712
7709
7710
7704
7699
7694
7692
7685
7682
7678
7675
7670
7665
7659
7655
7651
7650
7645
7639
7634
7625
7622
7620
7618
7612
7598
7596
7597
7585
7572
7567
7556
7553
7543
7529
7515
7503
7489
7476
7463
7452
7443
7435
7429
7422
7419
7412
7408
7404
7400
7391
7390
7396
7394
7391
7385
7385
7391
7388
7386
7383
7381
7374
7365
7355
7345
7344
7332
7323
7314
7309
7300
7296
7294
7289
7283
7278
7274
7269
7267
7260
7258
7266
7259
7258
7256
7255
7255
7250
7248
7246
7242
7235
7233
7228
7225
7221
7220
7218
7213
7213
7206
7204
7206
7198
7192
7189
7183
7177
7174
7165
7165
7168
7162
7157
7149
7140
7125
7116
7115
7103
7088
7080
7075
7073
7067
7056
7055
7058
7053
7048
7045
7043
7038
7035
7030
7028
7024
7016
7015
7014
7007
7004
6997
6992
6989
6984
6979
6977
6964
6962
6965
6958
6952
6947
6943
6933
6929
6934
6928
6923
6919
6914
6911
6907
6904
6899
6898
6892
6889
6876
6869
6869
6860
6844
6835
6829
6824
6812
6804
6796
6790
6781
6773
6761
6757
6749
6742
6740
6735
6723
6720
6719
6721
6717
6709
6707
6711
6703
6698
6694
6692
6682
6679
6682
6675
6667
6659
6654
6652
6643
6637
6631
6627
6624
6619
6614
6611
6608
6602
6598
6593
6590
6584
6580
6576
6573
6570
6569
6561
6554
6550
6551
6543
6536
6531
6523
6519
6513
6509
6506
6502
6501
6491
6490
6486
6490
6490
6481
6480
6482
6477
6473
6470
6465
6456
6455
6459
6453
6443
6443
6443
6446
6443
6439
6436
6437
6433
6433
6424
6424
6426
6424
6424
6422
6417
6416
6412
6410
6407
6406
6403
6395
6394
6394
6399
6394
6391
6389
6386
6384
6381
6381
6377
6376
6375
6372
6371
6366
6365
6360
6357
6352
6340
6338
6339
6333
6331
6322
6318
6320
6316
6306
6304
6303
6303
6300
6298
6296
6294
6292
6284
6280
6277
6278
6275
6271
6268
6266
6261
6259
6255
6252
6248
6245
6241
6236
6232
6219
6217
6219
6212
6198
6191
6188
6187
6180
6176
6168
6157
6155
6154
6147
6143
6135
6131
6126
6122
6116
6111
6107
6103
6097
6095
6090
6086
6079
6070
6066
6062
6066
6061
6051
6050
6051
6045
6040
6034
6031
6036
6031
6031
6027
6024
6021
6019
6017
6017
6009
6010
6011
6008
6007
6005
6002
6002
6001
6000
5999
5996
5989
5988
5991
5989
5985
5983
5977
5976
5969
5965
5963
5954
5953
5952
5948
5945
5935
5933
5936
5932
5926
5925
5924
5922
5922
5918
5914
5909
5910
5908
5910
5904
5899
5895
5891
5885
5880
5874
5875
5870
5868
5865
5860
5849
5846
5842
5842
5835
5826
5821
5824
5817
5815
5810
5805
5795
5792
5794
5788
5784
5780
5778
5774
5773
5773
5769
5767
5764
5763
5757
5757
5759
5755
5754
5752
5748
5741
5741
5743
5741
5738
5738
5735
5734
5731
5730
5727
5720
5721
5726
5721
5721
5722
5721
5721
5721
5719
5719
5717
5714
5712
5718
5713
5713
5709
5708
5707
5700
5692
5690
5694
5689
5688
5682
5678
5673
5672
5673
5670
5665
5665
5660
5657
5657
5655
5650
5647
5643
5637
5631
5630
5630
5624
5620
5617
5606
5606
5603
5606
5603
5592
5591
5593
5593
5590
5586
5586
5580
5579
5583
5579
5577
5576
5574
5572
5569
5566
5565
5562
5562
5560
5559
5557
5555
5552
5551
5548
5548
5544
5542
5546
5544
5543
5541
5534
5533
5535
5537
5535
5534
5532
5531
5529
5529
5525
5521
5517
5518
5525
5519
5519
5516
5514
5511
5506
5497
5493
5494
5491
5484
5478
5473
5469
5465
5455
5452
5453
5455
5451
5443
5441
5446
5441
5437
5432
5430
5427
5425
5418
5416
5419
5418
5414
5412
5412
5409
5408
5400
5398
5395
5397
5392
5389
5385
5382
5380
5377
5374
5374
5371
5368
5368
5365
5360
5358
5356
5358
5356
5352
5350
5342
5343
5342
5346
5344
5343
5343
5341
5339
5337
5334
5330
5336
5336
5336
5336
5333
5333
5332
5334
5332
5324
5324
5329
5322
5319
5316
5311
5309
5305
5301
5298
5294
5289
5286
5282
5279
5274
5270
5266
5261
5257
5259
5257
5255
5252
5244
5245
5241
5243
5240
5234
5234
5231
5229
5228
5222
5223
5226
5225
5224
5222
5221
5218
5217
5218
5216
5210
5212
5217
5215
5216
5215
5215
5208
5207
5214
5211
5213
5212
5210
5209
5208
5207
5204
5199
5196
5196
5198
5195
5194
5190
5189
5189
5187
5186
5184
5177
5178
5182
5177
5177
5169
5169
5173
5172
5167
5168
5169
5169
5166
5164
5162
5159
5157
5154
5151
5148
5145
5144
5142
5140
5131
5131
5128
5131
5128
5127
5124
5119
5117
5115
5114
5114
5112
5110
5104
5104
5108
5106
5105
5098
5099
5104
5103
5100
5100
5098
5096
5092
5091
5088
5088
5086
5083
5083
5083
5079
5079
5082
5080
5074
5077
5076
5080
5080
5075
5078
5086
5084
5081
5081
5081
5078
5077
5071
5069
5070
5070
5067
5064
5063
5061
5059
5059
5059
5057
5054
5053
5050
5049
5055
5052
5053
5053
5052
5046
5044
5050
5047
5045
5043
5044
5045
5047
5047
5049
5049
5046
5045
5041
5041
5038
5033
5025
5022
5020
5022
5016
5010
5008
5010
5006
5004
5003
5002
5000
4999
4997
4995
4993
4991
4990
4984
4985
4988
4985
4983
4980
4980
4975
4976
4981
4981
4979
4976
4978
4978
4978
4975
4972
4977
4974
4972
4972
4970
4962
4961
4966
4963
4956
4954
4955
4958
4957
4957
4954
4947
4949
4953
4954
4951
4950
4951
4950
4950
4947
4949
4947
4942
4942
4946
4946
4944
4941
4940
4938
4939
4935
4934
4936
4933
4931
4932
4931
4926
4923
4926
4926
4926
4925
4924
4924
4922
4919
4919
4918
4918
4917
4916
4915
4915
4913
4912
4911
4908
4907
4904
4910
4909
4907
4908
4901
4901
4901
4904
4903
4895
4895
4900
4899
4897
4895
4896
4890
4890
4895
4894
4891
4892
4891
4890
4891
4892
4893
4892
4892
4893
4892
4893
4890
4890
4888
4884
4881
4876
4877
4880
4876
4874
4873
4870
4872
4870
4864
4866
4872
4870
4868
4865
4862
4861
4860
4857
4856
4847
4846
4846
4846
4845
4837
4836
4841
4837
4835
4833
4831
4829
4827
4821
4823
4827
4823
4821
4818
4816
4821
4818
4810
4814
4813
4818
4817
4816
4816
4815
4812
4810
4810
4809
4810
4809
4808
4806
4798
4800
4801
4807
4806
4802
4802
4801
4802
4801
4800
4798
4797
4797
4798
4796
4793
4792
4793
4796
4793
4793
4793
4792
4793
4793
4793
4792
4786
4788
4792
4790
4787
4785
4785
4784
4783
4782
4779
4777
4777
4776
4779
4777
4772
4772
4778
4774
4773
4767
4767
4772
4770
4762
4762
4761
4763
4761
4760
4757
4756
4755
4755
4754
4752
4751
4748
4748
4749
4748
4745
4745
4743
4743
4740
4742
4739
4738
4738
4735
4735
4736
4735
4730
4732
4732
4733
4731
4727
4727
4733
4730
4724
4727
4728
4732
4730
4728
4728
4730
4732
4731
4733
4733
4734
4736
4733
4734
4732
4731
4730
4727
4725
4718
4717
4723
4719
4715
4715
4716
4710
4709
4713
4709
4708
4704
4702
4704
4703
4701
4700
4699
4696
4694
4695
4695
4692
4690
4694
4693
4693
4690
4689
4682
4684
4691
4690
4688
4688
4690
4690
4690
4690
4689
4689
4686
4688
4691
4690
4684
4686
4692
4689
4686
4685
4683
4681
4679
4675
4676
4674
4669
4668
4672
4672
4669
4670
4671
4671
4670
4670
4671
4666
4667
4674
4676
4676
4677
4676
4669
4669
4673
4672
4667
4661
4657
4656
4653
4646
4643
4646
4646
4645
4640
4638
4639
4638
4638
4639
4637
4635
4633
4634
4635
4635
4635
4637
4634
4635
4638
4637
4629
4631
4633
4631
4630
4626
4625
4628
4625
4625
4624
4623
4620
4622
4621
4620
4619
4618
4619
4613
4613
4617
4616
4615
4614
4612
4610
4610
4610
4613
4611
4614
4607
4607
4608
4613
4611
4610
4610
4610
4608
4607
4607
4607
4601
4603
4606
4605
4601
4600
4598
4605
4601
4604
4605
4606
4609
4610
4605
4605
4610
4609
4606
4603
4603
4598
4595
4599
4598
4592
4591
4595
4596
4596
4595
4593
4590
4589
4590
4589
4586
4587
4584
4587
4585
4586
4584
4585
4584
4584
4583
4583
4581
4582
4583
4582
4581
4578
4579
4583
4581
4575
4576
4578
4582
4581
4574
4577
4583
4580
4581
4580
4580
4580
4577
4571
4574
4576
4576
4574
4573
4574
4572
4569
4567
4569
4569
4568
4566
4561
4561
4568
4565
4563
4560
4561
4556
4558
4562
4559
4559
4559
4560
4555
4557
4560
4559
4560
4559
4560
4558
4558
4558
4557
4554
4552
4552
4550
4549
4546
4542
4540
4540
4539
4538
4539
4541
4540
4536
4537
4541
4538
4537
4538
4536
4535
4534
4529
4530
4530
4532
4532
4526
4525
4530
4528
4528
4526
4525
4524
4527
4527
4526
4527
4528
4528
4531
4532
4527
4533
4541
4540
4539
4535
4538
4543
4542
4534
4533
4534
4532
4529
4527
4525
4523
4522
4517
4517
4518
4522
4521
4520
4521
4520
4518
4516
4515
4512
4511
4511
4508
4507
4505
4504
4503
4504
4500
4498
4498
4495
4497
4496
4500
4499
4498
4497
4496
4495
4495
4495
4496
4492
4495
4505
4505
4503
4500
4501
4505
4504
4495
4495
4498
4495
4495
4494
4492
4488
4490
4495
4491
4490
4486
4488
4485
4486
4486
4486
4486
4485
4483
4477
4480
4484
4482
4481
4481
4478
4478
4480
4477
4478
4478
4477
4475
4479
4477
4470
4471
4475
4474
4470
4468
4468
4472
4471
4474
4474
4475
4474
4475
4475
4474
4475
4473
4472
4472
4472
4465
4466
4471
4469
4465
4469
4471
4475
4472
4469
4469
4472
4468
4471
4471
4470
4471
4470
4465
4464
4468
4467
4467
4464
4463
4461
4460
4459
4458
4456
4452
4451
4451
4450
4444
4446
4450
4449
4449
4448
4448
4447
4447
4442
4443
4442
4445
4446
4443
4447
4449
4451
4452
4454
4453
4453
4454
4449
4448
4453
4448
4448
4445
4442
4442
4440
4434
4433
4433
4438
4435
4431
4431
4437
4435
4434
4432
4434
4431
4433
4439
4435
4437
4437
4435
4436
4434
4428
4429
4435
4433
4433
4429
4429
4428
4428
4425
4423
4427
4428
4428
4428
4427
4427
4428
4425
4425
4424
4422
4420
4421
4423
4419
4421
4419
4420
4420
4418
4420
4418
4416
4416
4414
4415
4419
4420
4415
4414
4422
4421
4420
4423
4423
4420
4425
4424
4425
4426
4422
4423
4427
4426
4423
4423
4424
4424
4424
4418
4418
4421
4420
4420
4417
4415
4415
4414
4411
4411
4410
4410
4408
4404
4405
4407
4407
4406
4405
4403
4401
4400
4401
4397
4398
4397
4398
4400
4398
4397
4398
4402
4402
4402
4402
4400
4399
4398
4401
4402
4393
4396
4397
4397
4398
4394
4394
4398
4396
4396
4395
4393
4393
4394
4394
4392
4393
4392
4393
4392
4392
4395
4391
4390
4392
4392
4394
4393
4390
4392
4395
4394
4388
4389
4389
4391
4393
4393
4391
4384
4386
4386
4390
4387
4389
4390
4390
4389
4389
4388
4391
4391
4388
4384
4383
4386
4385
4384
4384
4383
4383
4384
4379
4378
4379
4381
4384
4381
4381
4375
4375
4379
4379
4376
4372
4371
4376
4373
4371
4373
4372
4370
4368
4368
4369
4369
4369
4367
4366
4365
4369
4369
4367
4368
4367
4367
4367
4365
4364
4360
4360
4364
4361
4361
4362
4359
4359
4363
4358
4360
4362
4369
4372
4366
4370
4373
4372
4372
4370
4370
4368
4366
4366
4365
4357
4358
4358
4361
4359
4358
4359
4357
4358
4356
4356
4355
4349
4351
4355
4352
4352
4350
4347
4349
4349
4347
4349
4342
4345
4344
4349
4346
4348
4346
4342
4341
4342
4348
4346
4346
4344
4344
4341
4344
4343
4346
4347
4350
4351
4352
4349
4350
4351
4359
4356
4350
4350
4355
4351
4349
4346
4345
4337
4338
4344
4342
4337
4335
4337
4340
4338
4338
4336
4335
4334
4335
4333
4335
4333
4333
4334
4335
4335
4334
4335
4335
4335
4335
4337
4333
4330
4331
4333
4334
4327
4329
4332
4327
4326
4323
4323
4325
4322
4323
4323
4323
4323
4324
4320
4321
4325
4325
4324
4321
4323
4324
4324
4320
4321
4326
4326
4323
4321
4322
4326
4324
4326
4324
4324
4324
4326
4326
4325
4323
4324
4324
4323
4324
4324
4323
4322
4324
4322
4322
4321
4324
4321
4319
4321
4328
4327
4327
4325
4326
4329
4328
4328
4327
4325
4326
4326
4327
4329
4323
4327
4331
4329
4330
4329
4328
4325
4325
4325
4323
4322
4322
4322
4318
4317
4321
4318
4313
4311
4307
4313
4311
4303
4306
4312
4311
4312
4309
4311
4316
4316
4313
4310
4312
4310
4308
4306
4304
4305
4301
4300
4298
4299
4293
4295
4299
4298
4300
4301
4301
4300
4302
4300
4299
4306
4306
4307
4302
4302
4303
4302
4299
4298
4295
4292
4293
4295
4292
4286
4289
4291
4288
4288
4288
4286
4283
4284
4285
4284
4282
4282
4283
4284
4281
4282
4282
4282
4281
4282
4282
4282
4277
4278
4285
4282
4280
4280
4279
4280
4280
4278
4281
4280
4274
4275
4280
4281
4272
4274
4279
4280
4277
4277
4275
4275
4277
4270
4271
4274
4275
4275
4270
4271
4277
4276
4277
4274
4279
4286
4286
4286
4289
4289
4286
4286
4286
4287
4284
4285
4286
4284
4286
4281
4282
4289
4287
4283
4282
4285
4287
4286
4286
4286
4283
4283
4281
4280
4278
4277
4277
4274
4275
4276
4275
4272
4274
4275
4275
4273
4275
4274
4275
4269
4270
4274
4273
4272
4273
4275
4276
4275
4273
4274
4277
4278
4276
4274
4272
4272
4270
4268
4268
4264
4267
4269
4275
4275
4272
4276
4280
4277
4278
4277
4277
4284
4285
4281
4286
4295
4297
4303
4303
4308
4320
4325
4328
4334
4340
4347
4352
4361
4367
4370
4378
4388
4399
4408
4410
4419
4433
4438
4441
4450
4457
4469
4477
4483
4490
4498
4505
4508
4514
4520
4527
4531
4537
4540
4545
4549
4552
4554
4555
4555
