4558
4557
4556
4556
4554
4552
4552
4549
4542
4542
4537
4540
4535
4528
4528
4522
4517
4514
4507
4504
4501
4496
4487
4486
4487
4479
4477
4468
4465
4462
4458
4454
4446
4443
4440
4434
4428
4425
4417
4413
4412
4410
4405
4402
4396
4396
4391
4383
4383
4380
4383
4380
4375
4371
4375
4370
4366
4363
4361
4357
4354
4352
4348
4347
4346
4342
4337
4338
4339
4339
4332
4330
4331
4334
4331
4331
4328
4323
4321
4320
4320
4315
4311
4309
4310
4308
4307
4304
4304
4301
4298
4301
4300
4297
4295
4294
4292
4291
4290
4288
4286
4286
4282
4280
4281
4274
4274
4279
4276
4275
4275
4274
4275
4275
4273
4271
4268
4266
4267
4271
4269
4270
4266
4268
4266
4267
4267
4266
4262
4261
4264
4264
4261
4257
4258
4263
4260
4260
4260
4259
4257
4261
4256
4257
4265
4264
4263
4264
4262
4260
4260
4256
4253
4261
4258
4256
4256
4254
4254
4252
4247
4247
4250
4249
4247
4245
4245
4238
4238
4245
4242
4241
4239
4238
4239
4240
4237
4234
4233
4231
4230
4234
4231
4229
4229
4229
4228
4227
4226
4226
4226
4226
4221
4222
4222
4226
4227
4224
4224
4228
4227
4225
4226
4225
4224
4224
4220
4221
4225
4226
4226
4223
4222
4222
4222
4222
4223
4224
4224
4223
4224
4225
4225
4227
4222
4223
4222
4226
4226
4221
4222
4228
4227
4226
4221
4222
4227
4225
4226
4225
4226
4223
4222
4221
4222
4222
4221
4220
4217
4219
4221
4218
4213
4215
4218
4217
4215
4214
4213
4213
4212
4212
4212
4215
4216
4217
4219
4220
4220
4220
4219
4219
4218
4215
4214
4221
4220
4215
4217
4217
4221
4218
4218
4218
4216
4216
4215
4210
4211
4214
4213
4212
4213
4211
4212
4211
4211
4211
4210
4211
4213
4214
4215
4211
4212
4216
4216
4215
4216
4217
4216
4218
4214
4216
4224
4223
4221
4221
4224
4228
4229
4230
4233
4234
4235
4237
4234
4236
4240
4238
4236
4235
4235
4233
4233
4232
4232
4232
4232
4232
4229
4229
4233
4233
4233
4232
4233
4234
4236
4234
4239
4246
4244
4239
4241
4244
4248
4249
4244
4246
4252
4252
4254
4254
4254
4258
4258
4260
4263
4258
4262
4265
4272
4274
4278
4280
4279
4281
4283
4284
4287
4290
4292
4296
4300
4302
4305
4308
4309
4313
4309
4315
4323
4325
4327
4327
4330
4338
4339
4339
4341
4343
4347
4350
4354
4357
4356
4363
4370
4375
4378
4380
4383
4388
4391
4390
4393
4397
4404
4407
4412
4417
4422
4427
4432
4436
4442
4446
4451
4450
4456
4462
4469
4474
4475
4482
4492
4495
4501
4505
4510
4516
4522
4529
4537
4538
4548
4556
4565
4572
4580
4586
4586
4595
4604
4613
4618
4623
4631
4630
4638
4651
4658
4665
4669
4678
4690
4697
4705
4713
4721
4727
4737
4747
4756
4762
4772
4779
4787
4798
4800
4814
4824
4835
4840
4849
4860
4874
4886
4895
4906
4916
4929
4942
4955
4966
4977
4989
5004
5015
5028
5037
5048
5054
5065
5080
5087
5088
5097
5107
5120
5130
5138
5147
5158
5167
5175
5187
5197
5210
5222
5234
5245
5257
5270
5283
5291
5306
5326
5339
5348
5362
5376
5394
5408
5417
5432
5451
5462
5474
5487
5502
5511
5526
5546
5557
5570
5587
5603
5618
5636
5652
5666
5679
5696
5712
5727
5743
5757
5773
5787
5802
5816
5831
5848
5859
5874
5896
5910
5921
5936
5950
5969
5980
5988
6002
6024
6038
6051
6064
6077
6091
6107
6119
6133
6146
6159
6171
6181
6195
6214
6227
6242
6253
6269
6283
6296
6311
6323
6334
6349
6362
6375
6386
6393
6408
6427
6437
6453
6465
6477
6497
6511
6521
6538
6555
6570
6582
6592
6604
6615
6626
6638
6648
6660
6673
6684
6696
6711
6724
6736
6753
6763
6778
6798
6814
6832
6848
6863
6877
6895
6912
6927
6936
6951
6969
6980
6991
6999
7011
7025
7037
7043
7059
7076
7096
7110
7122
7134
7149
7162
7176
7186
7197
7205
7218
7229
7240
7250
7266
7274
7296
7309
7324
7339
7346
7362
7372
7391
7403
7416
7429
7446
7460
7472
7482
7497
7515
7528
7541
7552
7563
7576
7586
7598
7610
7624
7637
7652
7667
7678
7687
7694
7692
7698
7713
7720
7723
7732
7742
7754
7763
7768
7777
7791
7799
7808
7817
7830
7845
7857
7868
7880
7893
7901
7916
7931
7941
7953
7966
7977
7992
8003
8014
8023
8037
8050
8064
8074
8087
8095
8104
8111
8123
8133
8141
8148
8158
8169
8174
8187
8205
8215
8220
8228
8239
8255
8267
8275
8288
8300
8312
8326
8332
8345
8364
8369
8380
8388
8399
8409
8420
8426
8439
8458
8467
8477
8489
8497
8505
8512
8518
8526
8535
8545
8554
8564
8570
8575
8579
8589
8588
8589
8590
8591
8586
8588
8597
8596
8600
8604
8607
8611
8612
8607
8608
8613
8612
8610
8608
8611
8621
8618
8621
8623
8628
8632
8638
8640
8647
8648
8654
8657
8660
8661
8655
8659
8663
8660
8654
8658
8658
8666
8669
8667
8676
8686
8690
8694
8701
8707
8714
8721
8718
8728
8736
8747
8754
8757
8762
8768
8766
8771
8775
8777
8780
8786
8785
8790
8791
8792
8794
8791
8790
8793
8789
8787
8786
8783
8780
8777
8779
8776
8778
8778
8780
8782
8784
8788
8791
8798
8804
8804
8813
8818
8830
8835
8839
8848
8864
8868
8874
8875
8879
8888
8895
8893
8900
8912
8912
8914
8919
8920
8917
8920
8928
8928
8930
8934
8936
8942
8941
8939
8937
8936
8932
8932
8930
8933
8936
8939
8935
8937
8934
8933
8925
8918
8913
8910
8906
8903
8898
8892
8888
8883
8874
8870
8871
8869
8867
8865
8865
8859
8864
8873
8871
8873
8873
8878
8880
8884
8878
8877
8872
8876
8874
8871
8869
8870
8870
8874
8880
8883
8885
8889
8900
8899
8895
8889
8884
8880
8877
8874
8870
8864
8870
8871
8876
8879
8876
8876
8885
8885
8885
8885
8886
8894
8895
8895
8899
8899
8899
8897
8893
8894
8889
8887
8889
8887
8890
8887
8890
8880
8879
8882
8875
8869
8862
8860
8859
8855
8849
8848
8839
8840
8841
8847
8844
8843
8844
8844
8844
8843
8839
8832
8830
8829
8831
8831
8831
8829
8828
8828
8829
8824
8823
8830
8827
8829
8829
8830
8825
8830
8840
8839
8838
8838
8839
8838
8838
8829
8832
8833
8836
8831
8823
8822
8824
8819
8810
8803
8801
8805
8800
8796
8793
8789
8789
8785
8783
8780
8779
8774
8771
8767
8762
8753
8750
8743
8735
8730
8724
8709
8706
8701
8697
8691
8683
8676
8668
8662
8656
8644
8642
8643
8636
8629
8625
8615
8606
8602
8602
8599
8588
8585
8589
8588
8587
8581
8581
8589
8583
8582
8579
8576
8574
8572
8569
8563
8559
8556
8553
8548
8543
8546
8547
8543
8541
8539
8536
8537
8531
8530
8529
8526
8523
8522
8523
8512
8512
8512
8503
8493
8487
8485
8480
8470
8456
8448
8446
8440
8431
8425
8417
8406
8398
8391
8381
8374
8366
8359
8349
8343
8340
8332
8322
8312
8305
8295
8290
8279
8271
8257
8250
8253
8246
8239
8234
8232
8232
8228
8225
8224
8219
8219
8222
8225
8224
8220
8226
8229
8235
8231
8227
8229
8235
8228
8224
8224
8219
8213
8212
8216
8211
8209
8208
8205
8204
8202
8200
8196
8195
8195
8188
8183
8184
8184
8183
8181
8177
8167
8166
8163
8165
8161
8153
8152
8157
8151
8147
8134
8133
8135
8130
8124
8115
8111
8108
8103
8098
8092
8082
8077
8077
8068
8059
8052
8046
8037
8028
8019
8015
8009
8004
7998
7995
7987
7983
7979
7977
7972
7966
7962
7957
7953
7949
7940
7939
7935
7935
7934
7921
7917
7922
7915
7907
7904
7902
7896
7893
7877
7872
7871
7865
7856
7850
7845
7832
7828
7827
7819
7813
7803
7797
7786
7780
7781
7773
7763
7760
7750
7747
7741
7736
7730
7722
7718
7712
7699
7692
7694
7688
7674
7670
7671
7670
7663
7661
7659
7648
7649
7645
7643
7636
7627
7625
7623
7617
7609
7605
7599
7594
7588
7581
7576
7571
7562
7557
7553
7549
7545
7541
7539
7538
7535
7533
7534
7530
7525
7518
7517
7508
7500
7499
7498
7493
7489
7486
7480
7480
7474
7467
7465
7466
7458
7445
7443
7439
7437
7431
7422
7416
7419
7411
7399
7396
7388
7387
7382
7372
7373
7375
7372
7370
7366
7363
7357
7355
7351
7347
7340
7333
7326
7324
7314
7310
7308
7303
7298
7294
7283
7282
7283
7278
7273
7267
7262
7251
7249
7252
7246
7232
7231
7228
7230
7227
7215
7211
7214
7210
7204
7198
7195
7191
7185
7179
7171
7157
7157
7151
7152
7145
7136
7136
7138
7135
7131
7127
7127
7117
7115
7116
7108
7106
7101
7098
7095
7094
7089
7085
7083
7077
7076
7071
7067
7056
7055
7061
7052
7048
7045
7042
7032
7029
7034
7029
7024
7018
7016
7015
7012
7006
7004
7000
6999
6995
6993
6990
6982
6979
6985
6980
6977
6969
6966
6970
6964
6961
6954
6950
6946
6941
6944
6939
6934
6932
6926
6923
6918
6912
6910
6904
6900
6898
6892
6888
6886
6881
6870
6869
6872
6866
6861
6858
6850
6845
6842
6837
6830
6818
6817
6811
6813
6804
6796
6790
6779
6769
6763
6750
6741
6741
6732
6717
6712
6707
6701
6691
6681
6671
6667
6657
6648
6639
6631
6624
6617
6613
6606
6602
6598
6593
6592
6586
6583
6584
6576
6577
6573
6568
6566
6570
6568
6557
6555
6559
6552
6546
6537
6531
6532
6525
6517
6512
6508
6502
6497
6495
6494
6487
6485
6482
6478
6480
6480
6476
6469
6472
6475
6474
6473
6470
6469
6466
6463
6459
6457
6455
6448
6444
6444
6440
6429
6428
6422
6422
6417
6409
6405
6400
6395
6383
6376
6373
6371
6367
6362
6357
6354
6348
6348
6341
6339
6333
6329
6333
6325
6317
6310
6299
6299
6292
6285
6281
6273
6269
6261
6261
6257
6244
6243
6245
6237
6233
6229
6224
6221
6217
6214
6209
6207
6205
6202
6201
6197
6197
6189
6180
6179
6177
6178
6174
6167
6163
6167
6161
6157
6154
6149
6148
6145
6136
6134
6134
6134
6134
6131
6132
6125
6123
6128
6121
6117
6117
6110
6108
6104
6101
6097
6091
6086
6082
6074
6071
6060
6058
6058
6058
6054
6051
6047
6043
6041
6033
6032
6029
6032
6031
6023
6025
6027
6026
6020
6018
6017
6017
6015
6009
6006
6007
6009
6007
6006
6002
6001
5999
5990
5991
5988
5991
5986
5985
5984
5980
5978
5975
5973
5969
5966
5963
5961
5957
5953
5946
5945
5946
5946
5936
5933
5935
5929
5925
5918
5916
5911
5907
5898
5899
5896
5899
5895
5891
5888
5887
5881
5881
5875
5872
5870
5868
5863
5860
5865
5861
5859
5852
5853
5856
5851
5852
5848
5845
5842
5837
5834
5828
5825
5821
5817
5813
5807
5804
5799
5797
5792
5792
5790
5790
5781
5782
5784
5781
5768
5772
5770
5772
5770
5765
5765
5766
5760
5756
5748
5742
5734
5728
5724
5721
5714
5711
5705
5698
5697
5697
5694
5683
5681
5680
5680
5678
5672
5667
5665
5662
5660
5656
5655
5648
5646
5650
5647
5643
5641
5644
5635
5636
5639
5637
5637
5633
5630
5622
5618
5620
5615
5606
5603
5600
5600
5596
5591
5590
5586
5585
5580
5575
5574
5571
5567
5565
5562
5557
5556
5555
5554
5551
5546
5546
5552
5549
5546
5543
5540
5539
5535
5531
5530
5535
5535
5534
5533
5535
5526
5528
5532
5528
5525
5521
5521
5518
5512
5504
5501
5500
5497
5496
5488
5484
5487
5482
5481
5475
5471
5470
5466
5467
5461
5456
5457
5457
5458
5457
5455
5454
5451
5449
5445
5445
5441
5433
5433
5435
5432
5427
5424
5424
5419
5417
5416
5413
5411
5409
5406
5405
5404
5396
5397
5400
5398
5394
5389
5389
5391
5389
5384
5383
5374
5371
5369
5370
5367
5362
5359
5356
5354
5353
5349
5347
5339
5338
5343
5336
5336
5333
5333
5335
5330
5325
5326
5331
5326
5324
5323
5319
5317
5314
5314
5310
5308
5306
5302
5300
5299
5297
5295
5290
5290
5287
5293
5291
5283
5285
5290
5290
5290
5286
5284
5293
5288
5289
5289
5287
5289
5286
5280
5283
5286
5284
5281
5279
5277
5269
5270
5271
5267
5265
5263
5263
5260
5260
5256
5255
5254
5252
5252
5248
5247
5251
5249
5248
5244
5242
5239
5238
5240
5238
5231
5232
5235
5232
5230
5227
5228
5224
5218
5218
5213
5211
5209
5204
5202
5202
5200
5199
5199
5195
5194
5192
5190
5186
5181
5187
5183
5180
5181
5178
5172
5173
5177
5175
5174
5168
5170
5174
5169
5171
5166
5166
5168
5166
5166
5166
5164
5163
5158
5156
5156
5159
5155
5156
5153
5149
5148
5145
5149
5146
5137
5136
5138
5135
5132
5131
5130
5126
5124
5116
5113
5117
5114
5111
5110
5105
5105
5101
5101
5099
5098
5095
5096
5093
5094
5092
5090
5088
5085
5084
5079
5076
5079
5077
5068
5067
5067
5068
5066
5062
5061
5066
5064
5063
5060
5063
5062
5062
5056
5056
5058
5059
5055
5054
5052
5050
5047
5048
5045
5043
5042
5040
5032
5031
5033
5027
5027
5023
5020
5021
5018
5017
5014
5012
5006
5007
5009
5005
5000
4997
5002
4998
4994
4992
4991
4988
4987
4986
4983
4980
4973
4972
4976
4974
4973
4970
4973
4976
4978
4975
4976
4982
4980
4972
4972
4968
4970
4968
4966
4965
4964
4962
4961
4961
4959
4954
4953
4950
4950
4946
4943
4944
4940
4937
4938
4935
4932
4931
4928
4924
4920
4925
4925
4917
4921
4922
4926
4927
4920
4920
4927
4923
4919
4920
4916
4912
4908
4906
4904
4901
4901
4897
4895
4894
4895
4894
4887
4889
4889
4892
4892
4888
4888
4887
4885
4885
4885
4886
4883
4885
4889
4887
4880
4881
4879
4885
4880
4873
4875
4879
4876
4872
4871
4871
4866
4865
4869
4867
4865
4865
4865
4865
4863
4864
4863
4863
4864
4862
4863
4862
4860
4862
4861
4859
4859
4860
4861
4858
4860
4866
4862
4860
4857
4856
4859
4857
4854
4855
4860
4854
4854
4847
4848
4851
4846
4847
4846
4845
4841
4839
4838
4836
4835
4835
4834
4830
4831
4831
4832
4824
4826
4835
4831
4830
4833
4830
4831
4830
4825
4826
4828
4832
4830
4831
4828
4822
4824
4825
4828
4827
4826
4830
4820
4824
4829
4827
4827
4827
4826
4825
4822
4819
4815
4812
4810
4807
4805
4804
4800
4797
4792
4791
4788
4791
4790
4789
4788
4784
4781
4783
4788
4785
4783
4781
4771
4774
4774
4777
4774
4768
4769
4774
4774
4772
4769
4768
4766
4768
4766
4765
4762
4760
4760
4759
4757
4756
4755
4754
4754
4753
4752
4750
4744
4747
4752
4750
4749
4746
4746
4749
4749
4743
4745
4748
4744
4742
4739
4741
4744
4743
4740
4737
4735
4737
4734
4734
4732
4730
4727
4727
4726
4725
4725
4723
4717
4717
4721
4721
4720
4719
4719
4713
4712
4717
4715
4715
4713
4713
4709
4710
4713
4711
4708
4708
4707
4706
4705
4705
4704
4697
4699
4700
4705
4707
4703
4701
4701
4702
4702
4703
4701
4701
4700
4698
4696
4693
4692
4690
4685
4686
4691
4685
4685
4686
4685
4686
4684
4679
4681
4686
4684
4681
4677
4676
4680
4679
4679
4679
4677
4673
4674
4677
4675
4671
4672
4677
4673
4673
4669
4671
4676
4676
4675
4673
4675
4674
4675
4675
4674
4675
4676
4672
4674
4671
4670
4668
4662
4662
4668
4667
4667
4665
4664
4663
4663
4661
4662
4659
4659
4658
4654
4652
4657
4654
4653
4650
4650
4649
4649
4648
4648
4644
4643
4644
4647
4646
4640
4640
4645
4642
4639
4636
4635
4635
4635
4629
4629
4630
4629
4628
4622
4622
4627
4625
4624
4625
4624
4622
4625
4630
4630
4631
4629
4630
4628
4627
4624
4622
4620
4618
4616
4616
4613
4615
4611
4610
4609
4609
4607
4605
4606
4604
4606
4605
4604
4606
4605
4601
4601
4605
4602
4596
4597
4598
4600
4601
4599
4602
4609
4610
4609
4610
4611
4606
4604
4605
4604
4601
4599
4598
4598
4595
4589
4589
4595
4592
4589
4586
4586
4589
4587
4588
4586
4588
4587
4584
4582
4580
4586
4584
4575
4578
4578
4583
4583
4580
4582
4580
4580
4579
4579
4576
4575
4573
4571
4568
4567
4564
4563
4561
4560
4558
4558
4558
4556
4555
4550
4551
4556
4557
4554
4555
4555
4557
4560
4554
4555
4560
4558
4556
4556
4554
4554
4551
4546
4548
4554
4551
4549
4549
4549
4549
4548
4546
4547
4545
4543
4543
4548
4546
4547
4547
4541
4543
4543
4548
4547
4541
4542
4548
4544
4543
4543
4544
4544
4546
4539
4540
4541
4543
4539
4540
4541
4541
4540
4537
4538
4536
4535
4534
4534
4534
4533
4530
4531
4530
4530
4527
4527
4532
4528
4528
4527
4527
4531
4530
4529
4528
4520
4517
4516
4518
4515
4513
4513
4506
4507
4506
4508
4507
4505
4506
4505
4504
4502
4501
4499
4499
4499
4498
4498
4498
4498
4499
4496
4498
4504
4501
4495
4497
4499
4503
4501
4501
4499
4494
4495
4497
4498
4495
4495
4494
4494
4494
4490
4490
4490
4492
4490
4488
4489
4489
4488
4488
4483
4482
4485
4482
4480
4479
4478
4477
4477
4478
4478
4477
4477
4476
4476
4477
4473
4474
4477
4477
4472
4472
4473
4478
4478
4475
4474
4474
4474
4471
4468
4467
4472
4470
4464
4464
4472
4469
4468
4468
4468
4466
4466
4466
4464
4463
4462
4462
4462
4460
4459
4460
4458
4456
4456
4459
4459
4453
4454
4459
4457
4457
4452
4452
4456
4453
4451
4449
4447
4445
4446
4438
4438
4442
4439
4437
4434
4435
4435
4435
4435
4433
4433
4432
4431
4431
4431
4430
4431
4425
4426
4427
4431
4430
4430
4430
4428
4429
4428
4426
4427
4426
4426
4426
4425
4423
4425
4424
4424
4425
4420
4422
4428
4425
4425
4421
4421
4424
4424
4421
4421
4421
4418
4417
4421
4419
4415
4418
4422
4419
4418
4418
4418
4418
4418
4419
4418
4416
4417
4416
4415
4415
4415
4415
4412
4412
4411
4410
4412
4407
4408
4413
4411
4411
4406
4406
4411
4411
4411
4409
4411
4409
4409
4412
4413
4409
4410
4412
4414
4414
4416
4415
4414
4415
4415
4413
4411
4410
4408
4403
4405
4411
4408
4406
4404
4404
4402
4400
4401
4399
4398
4395
4394
4395
4394
4393
4392
4388
4390
4391
4394
4392
4388
4389
4393
4392
4392
4387
4387
4390
4388
4387
4389
4387
4387
4385
4382
4384
4389
4387
4387
4385
4385
4385
4383
4384
4384
4384
4385
4385
4381
4382
4387
4384
4378
4380
4381
4383
4382
4383
4381
4381
4381
4381
4381
4380
4380
4380
4381
4380
4374
4375
4378
4381
4380
4381
4379
4379
4376
4375
4372
4370
4373
4372
4370
4372
4370
4372
4373
4369
4369
4373
4372
4371
4370
4369
4363
4363
4368
4366
4358
4361
4361
4361
4361
4357
4357
4361
4360
4362
4364
4364
4363
4363
4363
4362
4363
4362
4361
4360
4360
4357
4358
4356
4359
4358
4361
4361
4358
4361
4366
4365
4363
4363
4362
4356
4356
4360
4358
4355
4354
4352
4352
4350
4346
4348
4351
4348
4346
4344
4347
4352
4352
4347
4349
4355
4354
4352
4353
4353
4351
4348
4346
4343
4343
4344
4343
4344
4345
4341
4342
4344
4344
4341
4341
4340
4339
4338
4336
4335
4335
4332
4332
4337
4336
4337
4338
4338
4337
4337
4338
4339
4340
4339
4339
4339
4337
4335
4335
4340
4338
4334
4334
4334
4338
4337
4335
4335
4329
4330
4330
4333
4333
4328
4328
4334
4334
4333
4335
4337
4338
4341
4341
4343
4342
4342
4340
4336
4337
4340
4338
4336
4334
4334
4331
4331
4330
4330
4330
4331
4328
4328
4328
4329
4328
4328
4327
4324
4323
4327
4333
4332
4334
4335
4337
4338
4339
4339
4340
4339
4338
4332
4332
4333
4334
4334
4327
4326
4332
4328
4323
4323
4323
4325
4323
4317
4316
4320
4317
4315
4313
4311
4309
4307
4307
4306
4304
4303
4303
4306
4305
4304
4302
4301
4300
4299
4299
4298
4299
4299
4301
4302
4303
4303
4304
4304
4305
4301
4303
4305
4306
4306
4307
4306
4306
4305
4301
4300
4299
4304
4303
4300
4300
4301
4301
4303
4303
4304
4300
4301
4308
4305
4301
4300
4299
4303
4302
4298
4299
4306
4306
4306
4305
4304
4304
4300
4300
4298
4297
4292
4294
4295
4294
4292
4293
4291
4290
4291
4291
4290
4288
4288
4286
4284
4286
4285
4284
4280
4281
4287
4286
4284
4281
4281
4286
4287
4281
4283
4285
4288
4287
4285
4288
4295
4297
4298
4300
4300
4303
4304
4303
4304
4302
4301
4301
4299
4298
4297
4296
4296
4295
4293
4290
4289
4289
4288
4282
4283
4288
4285
4283
4276
4278
4282
4283
4274
4277
4276
4279
4279
4277
4276
4273
4274
4275
4280
4278
4276
4278
4286
4285
4287
4285
4287
4287
4287
4285
4283
4281
4280
4278
4277
4276
4273
4272
4273
4273
4271
4270
4272
4275
4275
4275
4274
4273
4272
4272
4272
4272
4268
4269
4262
4264
4265
4266
4265
4265
4265
4263
4265
4265
4265
4263
4263
4264
4265
4265
4260
4261
4263
4267
4265
4263
4265
4265
4265
4264
4260
4263
4268
4267
4263
4265
4266
4267
4267
4263
4262
4267
4265
4264
4264
4264
4262
4262
4256
4257
4262
4260
4260
4256
4256
4259
4259
4259
4259
4258
4259
4260
4261
4260
4258
4258
4258
4259
4258
4254
4254
4258
4258
4257
4256
4255
4254
4255
4255
4256
4257
4258
4259
4259
4258
4258
4256
4251
4250
4254
4256
4257
4258
4260
4264
4266
4268
4268
4269
4268
4267
4266
4267
4260
4261
4260
4260
4257
4252
4252
4255
4253
4252
4252
4254
4253
4255
4262
4265
4262
4271
4275
4283
4288
4291
4298
4310
4314
4320
4323
4332
4342
4351
4359
4367
4374
4382
4390
4399
4406
4414
4422
4431
4436
4444
4452
4459
4469
4474
4478
4486
4492
4502
4508
4510
4515
4524
4526
4530
4532
4534
4537
4537
4538
