8663
8661
8659
8658
8659
8660
8659
8653
8654
8660
8659
8659
8656
8659
8660
8659
8657
8658
8651
8655
8655
8661
8658
8653
8656
8662
8658
8657
8654
8654
8657
8654
8647
8647
8647
8649
8647
8644
8643
8642
8641
8639
8637
8635
8632
8633
8625
8626
8629
8626
8620
8617
8611
8604
8596
8585
8582
8570
8562
8551
8536
8524
8512
8501
8492
8477
8466
8455
8445
8439
8431
8424
8420
8417
8415
8415
8417
8417
8408
8409
8410
8413
8415
8415
8415
8411
8413
8421
8422
8422
8419
8420
8426
8424
8426
8425
8421
8424
8422
8417
8416
8422
8418
8413
8410
8411
8401
8400
8404
8400
8396
8395
8392
8386
8385
8382
8379
8367
8364
8358
8352
8344
8334
8324
8321
8314
8304
8300
8293
8295
8289
8289
8284
8283
8280
8276
8273
8267
8254
8252
8253
8244
8239
8233
8226
8216
8209
8201
8196
8189
8181
8175
8171
8168
8155
8153
8159
8152
8150
8145
8142
8145
8141
8136
8131
8127
8117
8114
8111
8107
8095
8091
8090
8085
8083
8080
8078
8074
8073
8070
8069
8068
8068
8065
8061
8064
8072
8072
8071
8067
8062
8054
8050
8044
8037
8030
8022
8016
8014
8006
7994
7984
7976
7968
7962
7950
7944
7944
7936
7919
7919
7912
7912
7907
7903
7895
7890
7884
7875
7867
7856
7845
7836
7825
7817
7803
7799
7794
7794
7785
7771
7764
7768
7759
7756
7746
7742
7747
7740
7737
7735
7736
7734
7735
7728
7729
7734
7730
7730
7732
7734
7735
7736
7736
7736
7730
7728
7724
7723
7719
7711
7703
7697
7689
7683
7678
7673
7670
7664
7652
7647
7643
7637
7630
7617
7610
7609
7600
7583
7576
7570
7568
7560
7554
7549
7535
7532
7530
7529
7523
7521
7519
7516
7515
7515
7517
7514
7513
7514
7514
7513
7508
7507
7509
7512
7507
7498
7500
7504
7503
7497
7494
7493
7487
7483
7472
7470
7474
7464
7455
7452
7447
7442
7438
7427
7425
7420
7421
7416
7412
7407
7405
7399
7388
7381
7375
7373
7363
7356
7347
7340
7332
7323
7311
7304
7303
7298
7292
7287
7283
7279
7274
7270
7268
7255
7253
7248
7246
7239
7226
7225
7228
7224
7210
7206
7200
7199
7190
7182
7174
7169
7161
7156
7150
7146
7143
7140
7136
7130
7123
7114
7110
7109
7106
7098
7091
7082
7081
7079
7082
7081
7078
7074
7071
7068
7064
7061
7059
7052
7046
7053
7048
7046
7041
7035
7030
7031
7035
7030
7019
7019
7016
7021
7015
7012
7011
7006
7003
7001
7000
6999
6998
6994
6993
6988
6983
6976
6975
6977
6973
6966
6961
6956
6948
6940
6930
6927
6929
6921
6917
6911
6908
6903
6899
6890
6888
6891
6886
6879
6873
6870
6863
6859
6860
6854
6846
6844
6841
6842
6837
6829
6827
6823
6819
6814
6809
6806
6801
6795
6792
6788
6783
6780
6775
6769
6766
6761
6757
6751
6750
6746
6742
6740
6729
6726
6733
6727
6723
6714
6712
6714
6710
6700
6697
6696
6693
6689
6681
6679
6681
6673
6671
6665
6662
6654
6650
6647
6640
6629
6628
6625
6624
6621
6615
6608
6603
6601
6596
6586
6583
6577
6574
6563
6560
6563
6557
6551
6545
6541
6537
6533
6529
6526
6520
6515
6513
6509
6504
6499
6493
6485
6477
6470
6469
6462
6449
6444
6443
6436
6430
6420
6418
6417
6414
6399
6400
6396
6397
6391
6390
6387
6384
6380
6372
6369
6365
6366
6362
6356
6354
6348
6343
6339
6333
6329
6322
6317
6314
6309
6303
6298
6293
6290
6287
6282
6276
6269
6264
6263
6262
6260
6253
6248
6244
6241
6236
6228
6223
6228
6223
6217
6218
6211
6205
6201
6203
6201
6194
6194
6187
6185
6183
6181
6179
6171
6172
6177
6172
6168
6164
6162
6165
6162
6161
6157
6159
6154
6154
6154
6155
6147
6151
6150
6149
6147
6141
6138
6140
6134
6131
6127
6126
6115
6110
6113
6110
6105
6100
6098
6092
6089
6086
6083
6080
6075
6074
6069
6070
6062
6062
6057
6054
6046
6040
6039
6039
6035
6032
6028
6025
6019
6017
6007
6004
6003
6000
5997
5992
5988
5981
5976
5968
5963
5953
5952
5953
5947
5945
5936
5937
5938
5937
5932
5930
5929
5926
5925
5914
5913
5917
5912
5909
5904
5906
5902
5899
5895
5890
5888
5883
5883
5875
5874
5865
5863
5865
5861
5858
5854
5851
5848
5848
5837
5840
5837
5839
5834
5834
5831
5825
5825
5829
5825
5821
5816
5814
5818
5815
5813
5811
5811
5807
5804
5803
5800
5800
5796
5796
5792
5791
5781
5783
5784
5781
5773
5774
5768
5774
5768
5763
5760
5749
5743
5738
5738
5730
5721
5716
5708
5705
5699
5694
5689
5684
5682
5674
5673
5664
5664
5660
5661
5656
5654
5650
5640
5639
5634
5638
5633
5627
5625
5630
5629
5626
5623
5622
5611
5612
5617
5615
5609
5608
5605
5606
5603
5600
5593
5590
5588
5583
5578
5574
5572
5569
5561
5561
5556
5554
5550
5548
5546
5538
5535
5542
5539
5538
5539
5536
5539
5536
5537
5534
5533
5529
5527
5519
5517
5519
5514
5510
5507
5501
5493
5490
5492
5485
5475
5476
5473
5475
5472
5472
5471
5466
5466
5466
5464
5459
5459
5457
5454
5452
5446
5445
5441
5434
5431
5434
5428
5426
5421
5420
5416
5412
5409
5408
5404
5400
5398
5396
5395
5385
5386
5388
5386
5382
5378
5375
5381
5379
5373
5371
5374
5372
5367
5365
5362
5354
5350
5354
5351
5349
5345
5342
5340
5337
5335
5334
5333
5331
5328
5328
5326
5325
5324
5314
5316
5316
5318
5315
5308
5307
5314
5311
5307
5306
5301
5296
5294
5297
5294
5288
5288
5283
5277
5274
5279
5276
5272
5271
5266
5265
5261
5257
5255
5253
5248
5248
5241
5241
5237
5232
5231
5228
5222
5217
5218
5220
5218
5215
5214
5207
5205
5204
5207
5203
5203
5200
5200
5195
5194
5189
5191
5182
5184
5189
5188
5182
5181
5181
5188
5185
5186
5185
5187
5185
5185
5186
5184
5185
5186
5183
5181
5178
5176
5173
5178
5174
5175
5172
5168
5164
5163
5165
5167
5165
5166
5162
5165
5160
5163
5162
5161
5160
5160
5159
5159
5154
5155
5155
5155
5151
5151
5147
5143
5142
5146
5143
5135
5135
5136
5133
5128
5123
5120
5126
5121
5120
5116
5116
5111
5108
5114
5113
5115
5111
5112
5112
5110
5109
5104
5102
5101
5098
5093
5090
5087
5086
5079
5076
5069
5068
5065
5068
5064
5062
5058
5055
5055
5055
5053
5053
5050
5047
5046
5043
5045
5042
5043
5038
5041
5043
5040
5036
5033
5033
5035
5033
5026
5027
5030
5026
5025
5019
5020
5022
5022
5020
5015
5016
5012
5013
5010
5010
5008
5005
5004
5003
5001
4997
4994
4999
4995
4990
4986
4990
4990
4992
4988
4987
4980
4981
4987
4983
4983
4981
4978
4979
4977
4977
4977
4975
4975
4973
4972
4972
4969
4970
4967
4968
4965
4963
4962
4953
4953
4956
4954
4953
4953
4950
4945
4943
4950
4945
4944
4941
4939
4938
4937
4932
4930
4929
4931
4925
4923
4922
4919
4920
4915
4918
4916
4910
4908
4914
4912
4910
4910
4909
4904
4902
4908
4905
4904
4902
4900
4896
4897
4893
4891
4885
4884
4887
4886
4881
4880
4880
4878
4874
4870
4870
4871
4874
4870
4871
4871
4866
4867
4865
4867
4864
4862
4861
4866
4864
4858
4859
4857
4864
4859
4858
4857
4855
4854
4852
4853
4850
4850
4846
4843
4841
4840
4836
4836
4826
4828
4831
4830
4830
4829
4831
4825
4824
4829
4823
4817
4815
4812
4815
4811
4805
4804
4809
4806
4805
4802
4803
4799
4801
4799
4798
4789
4790
4787
4791
4788
4787
4782
4782
4781
4782
4778
4778
4781
4781
4781
4780
4780
4778
4778
4772
4773
4778
4775
4774
4774
4773
4773
4770
4767
4765
4769
4769
4764
4767
4764
4765
4763
4764
4762
4763
4760
4762
4759
4760
4760
4757
4752
4752
4753
4757
4757
4751
4753
4756
4757
4752
4753
4751
4746
4743
4750
4746
4746
4745
4747
4746
4746
4747
4744
4744
4741
4739
4738
4735
4730
4729
4719
4719
4715
4719
4714
4708
4709
4711
4711
4709
4707
4706
4707
4704
4700
4698
4706
4702
4703
4700
4700
4697
4697
4702
4698
4697
4691
4691
4694
4692
4690
4690
4686
4687
4683
4683
4681
4680
4680
4677
4679
4676
4678
4676
4674
4674
4682
4680
4678
4678
4678
4676
4679
4676
4678
4674
4674
4675
4674
4676
4675
4677
4671
4675
4673
4679
4676
4670
4668
4673
4668
4667
4663
4661
4667
4665
4667
4666
4665
4660
4663
4664
4665
4662
4663
4657
4654
4656
4658
4658
4655
4653
4653
4650
4649
4645
4643
4640
4640
4637
4637
4634
4630
4634
4638
4640
4639
4639
4641
4638
4638
4635
4634
4628
4629
4632
4629
4626
4626
4620
4619
4617
4615
4613
4607
4605
4605
4607
4606
4599
4601
4602
4602
4599
4599
4598
4595
4595
4595
4595
4594
4589
4591
4592
4592
4590
4590
4588
4585
4587
4591
4588
4586
4585
4592
4590
4593
4590
4588
4590
4587
4589
4589
4586
4585
4583
4585
4580
4576
4577
4581
4581
4576
4578
4576
4576
4575
4572
4571
4572
4569
4570
4563
4565
4571
4568
4567
4563
4561
4568
4565
4564
4565
4563
4564
4563
4560
4561
4566
4568
4562
4567
4569
4575
4577
4577
4575
4576
4572
4572
4572
4568
4567
4566
4559
4560
4560
4562
4560
4560
4561
4555
4557
4559
4556
4556
4554
4555
4553
4549
4551
4549
4550
4545
4545
4547
4549
4546
4544
4545
4544
4544
4542
4545
4543
4543
4545
4543
4544
4543
4543
4540
4539
4546
4543
4540
4543
4541
4539
4539
4533
4533
4537
4536
4534
4533
4531
4525
4527
4527
4526
4524
4521
4522
4516
4515
4521
4516
4515
4513
4512
4511
4512
4510
4509
4507
4502
4505
4508
4505
4506
4505
4504
4504
4502
4501
4503
4500
4500
4494
4498
4495
4500
4500
4494
4496
4500
4498
4496
4493
4495
4499
4497
4497
4496
4497
4496
4498
4497
4496
4494
4496
4501
4502
4500
4494
4496
4498
4498
4497
4496
4495
4494
4492
4493
4493
4492
4493
4493
4493
4495
4487
4488
4492
4488
4487
4483
4482
4480
4477
4475
4475
4467
4468
4469
4472
4469
4467
4467
4465
4465
4463
4463
4463
4463
4461
4463
4463
4457
4461
4461
4464
4465
4459
4460
4467
4464
4465
4464
4464
4458
4456
4462
4461
4457
4458
4456
4457
4453
4451
4453
4456
4455
4455
4451
4452
4457
4456
4450
4451
4456
4455
4456
4455
4452
4453
4451
4449
4450
4448
4447
4447
4444
4444
4443
4442
4442
4443
4442
4438
4437
4444
4440
4438
4438
4436
4435
4436
4429
4430
4434
4431
4432
4430
4428
4428
4426
4423
4424
4422
4422
4423
4415
4415
4422
4417
4418
4416
4415
4416
4415
4415
4414
4416
4416
4416
4416
4417
4414
4412
4418
4416
4415
4411
4409
4415
4412
4406
4407
4408
4409
4408
4404
4403
4409
4405
4405
4405
4404
4403
4403
4403
4401
4397
4400
4398
4405
4404
4404
4405
4406
4405
4404
4404
4402
4402
4401
4399
4400
4393
4396
4393
4398
4396
4395
4395
4387
4389
4390
4392
4393
4385
4388
4393
4391
4390
4391
4391
4385
4387
4393
4389
4389
4388
4388
4389
4389
4388
4390
4389
4389
4391
4391
4390
4391
4392
4392
4393
4391
4388
4388
4393
4392
4390
4389
4381
4381
4381
4384
4381
4377
4376
4379
4378
4376
4377
4376
4374
4373
4374
4373
4373
4371
4371
4369
4369
4364
4364
4369
4368
4368
4367
4368
4367
4368
4370
4373
4373
4370
4372
4377
4377
4378
4376
4376
4377
4375
4374
4372
4366
4364
4369
4366
4364
4360
4359
4363
4362
4361
4361
4359
4359
4361
4356
4357
4364
4362
4359
4362
4361
4361
4360
4360
4358
4356
4356
4355
4354
4352
4346
4349
4355
4354
4355
4353
4352
4352
4351
4346
4345
4348
4348
4348
4347
4345
4346
4343
4335
4339
4336
4339
4338
4339
4337
4337
4336
4336
4334
4334
4339
4340
4333
4335
4338
4338
4338
4339
4339
4333
4334
4338
4337
4337
4335
4335
4335
4335
4335
4335
4335
4337
4336
4336
4335
4334
4335
4331
4328
4328
4331
4330
4329
4327
4322
4322
4322
4325
4324
4323
4325
4324
4324
4322
4324
4324
4323
4323
4319
4319
4323
4323
4324
4319
4321
4326
4324
4323
4322
4323
4321
4319
4318
4319
4318
4317
4317
4313
4315
4318
4317
4315
4315
4312
4313
4309
4306
4304
4307
4306
4299
4301
4302
4303
4302
4302
4302
4298
4299
4299
4303
4301
4300
4298
4299
4297
4297
4296
4296
4292
4292
4299
4298
4300
4301
4301
4301
4300
4300
4300
4299
4299
4298
4298
4297
4297
4296
4290
4293
4295
4296
4293
4293
4290
4292
4291
4289
4290
4289
4284
4285
4290
4290
4282
4284
4284
4286
4286
4282
4283
4289
4288
4286
4285
4286
4290
4290
4292
4292
4292
4293
4296
4296
4297
4297
4298
4298
4298
4298
4300
4299
4300
4297
4297
4296
4295
4292
4291
4285
4287
4288
4288
4282
4279
4280
4284
4283
4276
4278
4285
4283
4282
4282
4281
4280
4282
4283
4282
4281
4279
4280
4280
4282
4279
4282
4287
4287
4287
4290
4291
4292
4295
4285
4288
4286
4288
4285
4279
4279
4283
4281
4278
4273
4273
4278
4275
4276
4276
4276
4277
4277
4278
4277
4277
4278
4277
4277
4275
4270
4269
4272
4268
4267
4264
4263
4260
4259
4258
4257
4254
4255
4261
4259
4259
4258
4257
4258
4258
4252
4254
4253
4255
4254
4253
4252
4252
4250
4249
4247
4249
4247
4246
4243
4244
4249
4248
4249
4249
4249
4248
4249
4242
4244
4244
4247
4247
4247
4247
4243
4244
4247
4249
4247
4249
4246
4248
4247
4242
4244
4243
4247
4246
4244
4243
4242
4242
4240
4235
4236
4239
4238
4237
4236
4234
4232
4233
4235
4234
4233
4233
4233
4230
4229
4231
4231
4231
4231
4230
4231
4231
4230
4230
4228
4228
4227
4227
4226
4224
4223
4227
4228
4224
4223
4229
4229
4229
4225
4227
4230
4227
4223
4226
4224
4228
4226
4221
4224
4229
4226
4228
4227
4226
4227
4225
4225
4226
4225
4226
4224
4224
4224
4220
4223
4223
4223
4222
4218
4220
4224
4221
4221
4219
4218
4218
4218
4214
4215
4220
4219
4213
4213
4214
4218
4217
4216
4215
4215
4214
4214
4214
4214
4216
4214
4210
4211
4211
4214
4213
4213
4215
4215
4213
4215
4217
4215
4216
4216
4212
4213
4218
4215
4214
4211
4212
4217
4217
4215
4217
4215
4214
4214
4214
4215
4215
4216
4213
4214
4215
4214
4214
4211
4215
4218
4218
4217
4212
4213
4218
4219
4213
4216
4218
4220
4219
4218
4219
4213
4213
4217
4215
4215
4215
4213
4212
4212
4211
4212
4210
4210
4209
4209
4210
4209
4208
4208
4207
4208
4207
4207
4201
4202
4207
4207
4207
4204
4204
4210
4208
4203
4205
4205
4211
4210
4211
4212
4208
4209
4213
4215
4214
4216
4216
4215
4217
4216
4217
4216
4214
4213
4211
4210
4208
4208
4205
4205
4204
4205
4206
4205
4205
4206
4205
4207
4205
4206
4210
4209
4204
4205
4205
4206
4206
4206
4206
4208
4207
4207
4204
4205
4209
4208
4207
4206
4204
4202
4201
4205
4204
4202
4201
4200
4198
4199
4194
4192
4197
4194
4194
4194
4191
4187
4187
4190
4189
4187
4187
4186
4185
4186
4187
4189
4190
4193
4195
4197
4197
4194
4194
4195
4193
4193
4192
4192
4192
4189
4191
4189
4190
4189
4190
4188
4188
4187
4187
4186
4187
4186
4186
4186
4182
4183
4186
4184
4179
4182
4182
4187
4188
4188
4187
4186
4188
4190
4192
4196
4198
4203
4212
4216
4218
4226
4232
4243
4249
4251
4259
4274
4277
4285
4287
4298
4307
4316
4316
4325
4335
4346
4351
4358
4367
4374
4382
4390
4395
4401
4406
4412
4420
4425
4426
4432
4436
4446
4449
4449
4453
4460
4462
4463
