4820
4819
4818
4818
4817
4816
4813
4810
4808
4800
4796
4797
4792
4788
4783
4776
4768
4764
4764
4756
4748
4741
4737
4735
4729
4719
4716
4715
4709
4703
4695
4692
4690
4684
4680
4674
4670
4666
4659
4655
4648
4643
4637
4632
4628
4622
4618
4614
4609
4603
4599
4597
4595
4590
4589
4581
4580
4583
4579
4574
4570
4567
4560
4557
4559
4554
4551
4546
4546
4544
4543
4534
4533
4538
4535
4533
4532
4531
4526
4523
4528
4526
4525
4524
4522
4519
4520
4519
4520
4518
4518
4515
4511
4511
4505
4503
4507
4504
4501
4496
4494
4499
4497
4496
4496
4494
4493
4492
4491
4491
4485
4483
4487
4484
4483
4479
4479
4481
4479
4473
4473
4472
4476
4476
4476
4477
4471
4472
4473
4475
4473
4473
4471
4467
4469
4470
4471
4469
4468
4467
4467
4469
4470
4470
4469
4470
4470
4469
4471
4471
4471
4470
4467
4465
4462
4461
4459
4456
4456
4453
4452
4452
4452
4446
4446
4451
4447
4447
4445
4446
4449
4448
4449
4448
4448
4443
4443
4447
4444
4446
4446
4445
4443
4443
4442
4441
4440
4440
4440
4440
4440
4440
4440
4437
4437
4443
4442
4441
4438
4437
4442
4440
4436
4437
4439
4440
4441
4440
4437
4439
4439
4440
4440
4440
4437
4435
4439
4438
4434
4435
4435
4436
4436
4435
4435
4433
4436
4433
4432
4433
4439
4439
4439
4436
4436
4435
4433
4433
4432
4427
4426
4431
4429
4427
4426
4426
4427
4428
4423
4426
4431
4433
4434
4430
4430
4436
4434
4432
4433
4431
4431
4430
4427
4425
4424
4423
4423
4422
4421
4422
4421
4420
4422
4423
4422
4423
4425
4428
4426
4427
4435
4435
4435
4436
4439
4443
4442
4441
4437
4438
4437
4436
4433
4431
4425
4426
4428
4427
4427
4422
4421
4424
4422
4422
4422
4423
4420
4422
4427
4428
4428
4429
4428
4426
4427
4427
4426
4427
4428
4424
4425
4425
4430
4431
4426
4429
4436
4436
4436
4438
4439
4440
4442
4437
4439
4441
4445
4444
4445
4445
4445
4447
4449
4451
4451
4455
4455
4456
4456
4459
4458
4459
4458
4459
4464
4464
4465
4466
4466
4465
4467
4471
4474
4473
4479
4485
4490
4489
4492
4494
4494
4496
4494
4496
4501
4505
4507
4510
4512
4515
4518
4521
4523
4526
4527
4530
4532
4535
4536
4538
4543
4550
4552
4557
4561
4561
4568
4571
4581
4583
4586
4589
4596
4601
4605
4605
4611
4619
4623
4628
4633
4638
4642
4647
4654
4658
4663
4666
4672
4677
4683
4690
4696
4700
4707
4709
4718
4724
4734
4741
4745
4751
4765
4770
4775
4783
4792
4803
4811
4819
4828
4837
4844
4853
4857
4867
4881
4887
4895
4904
4914
4924
4932
4937
4946
4958
4968
4975
4981
4989
4997
5005
5013
5023
5031
5040
5048
5057
5065
5074
5085
5094
5104
5114
5121
5131
5148
5157
5164
5177
5191
5203
5216
5227
5239
5249
5262
5276
5288
5301
5313
5325
5333
5343
5359
5365
5375
5385
5396
5401
5413
5434
5445
5454
5467
5481
5499
5511
5527
5540
5554
5569
5584
5598
5611
5627
5642
5658
5674
5687
5702
5717
5732
5747
5755
5773
5786
5800
5815
5821
5836
5848
5862
5881
5893
5909
5922
5936
5948
5964
5989
6002
6020
6033
6051
6072
6086
6103
6119
6136
6152
6170
6187
6203
6216
6233
6249
6264
6278
6292
6308
6326
6341
6355
6374
6391
6403
6424
6446
6462
6479
6496
6509
6526
6543
6565
6579
6594
6612
6621
6636
6654
6677
6693
6707
6728
6752
6770
6787
6806
6827
6843
6862
6880
6898
6915
6933
6951
6970
6989
7002
7025
7051
7064
7077
7087
7094
7105
7114
7127
7139
7150
7156
7168
7182
7191
7203
7216
7224
7235
7249
7267
7282
7291
7308
7332
7346
7364
7380
7398
7415
7433
7448
7462
7472
7484
7497
7513
7526
7540
7557
7569
7583
7599
7616
7632
7646
7662
7680
7696
7713
7725
7741
7762
7781
7801
7820
7837
7851
7869
7893
7909
7924
7932
7939
7948
7958
7968
7974
7982
7991
7998
8013
8026
8047
8060
8073
8088
8107
8121
8135
8150
8164
8174
8184
8190
8204
8216
8228
8239
8243
8255
8272
8282
8296
8310
8320
8331
8346
8359
8375
8388
8405
8417
8431
8446
8458
8470
8478
8492
8511
8523
8536
8547
8559
8573
8586
8594
8609
8621
8639
8653
8662
8677
8698
8706
8719
8731
8743
8756
8768
8773
8783
8799
8807
8812
8816
8825
8839
8843
8848
8854
8859
8865
8869
8876
8877
8881
8881
8876
8873
8870
8868
8872
8878
8880
8883
8888
8896
8905
8913
8917
8930
8944
8951
8959
8968
8977
8984
8992
8991
9003
9012
9023
9028
9038
9048
9055
9063
9068
9076
9086
9099
9108
9118
9126
9135
9142
9154
9159
9170
9185
9195
9203
9212
9223
9230
9239
9243
9253
9265
9269
9274
9284
9293
9301
9306
9303
9308
9318
9316
9315
9319
9321
9319
9320
9318
9317
9313
9312
9310
9308
9306
9306
9304
9302
9302
9304
9310
9312
9317
9322
9319
9328
9332
9342
9347
9348
9353
9364
9370
9373
9374
9382
9392
9400
9407
9416
9420
9427
9435
9450
9457
9466
9477
9487
9499
9506
9516
9526
9534
9541
9548
9557
9566
9574
9583
9588
9594
9597
9604
9611
9616
9618
9621
9627
9633
9633
9623
9623
9619
9619
9611
9605
9598
9597
9593
9589
9588
9589
9587
9589
9597
9599
9600
9604
9605
9604
9607
9615
9611
9614
9613
9616
9618
9617
9610
9610
9616
9612
9608
9600
9598
9600
9597
9591
9591
9583
9580
9581
9586
9586
9586
9586
9582
9580
9578
9573
9572
9568
9567
9574
9572
9569
9568
9569
9569
9569
9570
9572
9568
9572
9575
9581
9583
9579
9584
9595
9594
9598
9598
9601
9603
9603
9600
9599
9602
9605
9605
9608
9613
9614
9614
9607
9601
9601
9602
9596
9587
9586
9590
9583
9582
9581
9578
9574
9573
9568
9565
9564
9558
9553
9547
9542
9530
9524
9517
9504
9489
9477
9461
9449
9440
9424
9415
9411
9411
9407
9405
9403
9403
9406
9406
9403
9412
9423
9429
9436
9442
9447
9452
9462
9474
9476
9476
9482
9494
9496
9495
9496
9493
9486
9485
9492
9488
9484
9481
9473
9467
9459
9443
9436
9433
9424
9416
9408
9398
9389
9382
9373
9367
9361
9353
9343
9340
9332
9325
9323
9314
9304
9303
9301
9297
9287
9288
9292
9289
9289
9291
9289
9292
9294
9297
9302
9305
9304
9309
9317
9316
9311
9316
9317
9322
9320
9316
9315
9314
9312
9313
9318
9317
9317
9312
9309
9303
9297
9290
9283
9274
9267
9263
9253
9240
9236
9232
9234
9232
9231
9228
9223
9220
9215
9213
9208
9203
9195
9188
9175
9167
9156
9145
9134
9123
9107
9093
9083
9068
9051
9031
9021
9014
9008
8996
8992
8992
8993
8990
8985
8984
8989
8991
8989
8988
8989
8988
8985
8985
8979
8976
8974
8967
8961
8961
8957
8954
8960
8958
8956
8954
8954
8950
8949
8950
8946
8944
8945
8943
8942
8940
8934
8933
8940
8931
8929
8928
8924
8921
8918
8912
8909
8908
8905
8897
8881
8875
8871
8859
8852
8844
8836
8830
8823
8816
8813
8806
8802
8795
8785
8777
8766
8758
8757
8747
8736
8730
8724
8722
8716
8706
8703
8708
8701
8695
8694
8690
8689
8688
8676
8676
8672
8674
8667
8660
8655
8648
8641
8633
8623
8615
8600
8590
8587
8574
8560
8549
8539
8528
8517
8508
8499
8490
8484
8471
8461
8456
8442
8434
8432
8425
8415
8407
8401
8397
8392
8383
8375
8362
8355
8349
8347
8340
8333
8333
8332
8329
8327
8326
8326
8325
8326
8326
8326
8324
8323
8324
8329
8328
8326
8325
8333
8331
8332
8325
8326
8332
8333
8333
8328
8328
8327
8322
8315
8310
8305
8299
8295
8289
8284
8273
8269
8261
8246
8233
8219
8203
8187
8170
8149
8135
8127
8114
8103
8092
8080
8064
8054
8045
8033
8019
8005
7994
7988
7983
7974
7968
7960
7951
7945
7933
7925
7926
7918
7913
7911
7907
7903
7898
7889
7886
7890
7885
7882
7880
7875
7871
7870
7865
7862
7853
7853
7852
7852
7850
7841
7842
7849
7843
7841
7840
7842
7847
7847
7848
7848
7848
7846
7844
7838
7838
7843
7841
7838
7835
7834
7832
7832
7824
7825
7831
7825
7823
7821
7818
7815
7812
7811
7808
7803
7802
7800
7794
7794
7785
7784
7788
7780
7778
7776
7771
7771
7768
7760
7759
7758
7758
7756
7749
7746
7747
7740
7737
7732
7726
7721
7715
7704
7700
7702
7694
7688
7681
7676
7668
7658
7649
7639
7628
7617
7606
7599
7591
7583
7575
7569
7563
7556
7544
7538
7537
7528
7515
7510
7507
7507
7503
7499
7496
7491
7491
7484
7478
7475
7478
7473
7471
7469
7465
7461
7455
7454
7446
7443
7437
7429
7422
7417
7411
7405
7402
7400
7390
7390
7388
7389
7385
7378
7372
7373
7367
7362
7357
7355
7353
7350
7348
7348
7346
7346
7345
7344
7339
7339
7340
7337
7336
7329
7321
7319
7320
7310
7299
7293
7290
7284
7280
7268
7262
7262
7255
7245
7243
7237
7237
7232
7227
7222
7216
7207
7204
7200
7195
7189
7183
7176
7169
7163
7157
7150
7141
7133
7124
7120
7114
7108
7104
7094
7091
7091
7085
7079
7074
7069
7058
7051
7051
7046
7033
7027
7025
7020
7016
7009
7006
7009
7003
6999
6995
6989
6987
6984
6980
6976
6970
6966
6962
6956
6948
6944
6940
6930
6926
6929
6925
6921
6919
6917
6910
6911
6913
6910
6908
6904
6905
6911
6907
6907
6905
6903
6901
6900
6893
6892
6895
6888
6884
6882
6878
6877
6871
6867
6860
6855
6852
6847
6842
6837
6829
6826
6829
6825
6821
6819
6817
6814
6811
6803
6802
6802
6799
6795
6790
6785
6781
6779
6777
6774
6770
6762
6759
6759
6756
6748
6746
6743
6744
6738
6730
6728
6730
6723
6719
6715
6714
6710
6704
6701
6696
6693
6689
6683
6683
6678
6674
6672
6663
6660
6657
6655
6650
6646
6641
6632
6628
6627
6622
6615
6605
6601
6599
6592
6586
6580
6576
6572
6566
6561
6556
6553
6550
6548
6545
6540
6532
6528
6529
6523
6517
6509
6503
6491
6487
6486
6479
6467
6461
6454
6451
6444
6438
6430
6424
6418
6413
6406
6402
6398
6393
6385
6381
6382
6378
6374
6368
6363
6359
6353
6346
6342
6335
6326
6324
6324
6319
6315
6311
6310
6304
6301
6305
6303
6302
6303
6302
6302
6302
6295
6294
6298
6295
6293
6292
6290
6287
6283
6278
6277
6272
6270
6269
6264
6265
6269
6267
6266
6265
6263
6262
6259
6252
6253
6257
6255
6252
6251
6250
6247
6246
6238
6238
6242
6241
6238
6235
6234
6227
6225
6230
6227
6223
6223
6221
6219
6217
6213
6210
6207
6206
6205
6202
6200
6201
6198
6197
6196
6193
6189
6187
6191
6185
6178
6176
6177
6175
6170
6162
6158
6160
6153
6148
6145
6140
6136
6131
6126
6120
6123
6117
6113
6109
6105
6101
6098
6093
6087
6078
6074
6070
6072
6068
6058
6057
6058
6054
6048
6047
6044
6043
6038
6034
6033
6028
6024
6019
6021
6020
6016
6015
6010
6005
6004
6001
5997
5995
5991
5981
5978
5976
5979
5981
5979
5976
5971
5964
5958
5952
5946
5938
5934
5936
5929
5921
5917
5913
5915
5912
5908
5904
5899
5896
5893
5890
5886
5880
5876
5879
5876
5871
5866
5862
5866
5865
5863
5864
5857
5854
5851
5853
5851
5849
5848
5847
5844
5844
5843
5843
5843
5842
5840
5839
5839
5836
5838
5839
5842
5843
5843
5844
5842
5839
5835
5834
5828
5826
5828
5825
5821
5814
5812
5812
5808
5804
5804
5801
5797
5797
5802
5799
5797
5793
5789
5786
5782
5779
5777
5774
5771
5762
5761
5760
5762
5758
5750
5747
5750
5749
5745
5741
5740
5744
5742
5736
5736
5739
5736
5732
5722
5719
5718
5713
5710
5704
5701
5694
5693
5694
5692
5690
5687
5682
5680
5677
5675
5671
5668
5666
5662
5660
5658
5657
5656
5654
5652
5652
5652
5650
5649
5648
5648
5645
5645
5645
5643
5642
5640
5639
5638
5637
5636
5636
5635
5635
5638
5635
5628
5629
5634
5633
5631
5627
5627
5630
5629
5620
5618
5619
5618
5616
5612
5612
5616
5612
5606
5603
5600
5602
5598
5590
5587
5591
5584
5584
5580
5579
5572
5568
5560
5556
5549
5544
5540
5534
5530
5519
5516
5513
5510
5506
5498
5496
5499
5494
5494
5491
5490
5485
5485
5488
5488
5490
5491
5490
5489
5487
5483
5478
5476
5472
5470
5468
5464
5461
5456
5456
5450
5448
5444
5442
5436
5434
5430
5430
5424
5423
5423
5427
5425
5420
5421
5424
5422
5417
5417
5417
5420
5419
5417
5417
5410
5411
5410
5412
5410
5407
5407
5407
5407
5405
5403
5402
5397
5396
5399
5396
5391
5389
5388
5392
5391
5392
5392
5391
5388
5386
5383
5384
5388
5387
5379
5379
5376
5379
5376
5374
5372
5368
5366
5364
5362
5359
5358
5355
5355
5354
5351
5350
5348
5345
5344
5341
5342
5341
5342
5339
5337
5337
5331
5330
5336
5335
5335
5334
5336
5331
5332
5336
5336
5335
5334
5332
5329
5330
5334
5331
5332
5332
5332
5332
5329
5330
5328
5321
5321
5325
5323
5322
5316
5315
5317
5313
5306
5306
5303
5305
5303
5301
5297
5293
5292
5291
5287
5286
5279
5277
5281
5278
5275
5276
5275
5272
5272
5270
5268
5266
5263
5262
5261
5259
5258
5255
5254
5254
5253
5249
5251
5255
5255
5250
5251
5253
5252
5250
5246
5245
5238
5237
5243
5239
5236
5232
5230
5228
5225
5230
5226
5223
5221
5223
5222
5221
5220
5221
5217
5215
5211
5214
5211
5209
5208
5208
5206
5204
5200
5200
5204
5201
5198
5195
5194
5192
5190
5187
5187
5181
5180
5183
5180
5178
5176
5178
5178
5178
5172
5175
5171
5174
5170
5166
5164
5164
5157
5155
5150
5147
5149
5149
5146
5144
5143
5143
5141
5141
5140
5141
5140
5141
5140
5139
5138
5138
5138
5136
5137
5135
5135
5130
5128
5131
5128
5127
5127
5121
5117
5116
5119
5115
5110
5111
5116
5113
5111
5107
5108
5112
5109
5107
5106
5105
5105
5102
5103
5100
5099
5098
5096
5097
5096
5103
5102
5097
5098
5102
5100
5100
5095
5095
5097
5098
5098
5100
5100
5097
5097
5101
5099
5100
5100
5101
5101
5102
5101
5100
5098
5097
5096
5095
5094
5094
5091
5089
5087
5085
5085
5084
5083
5082
5082
5082
5078
5079
5082
5082
5082
5082
5082
5074
5073
5079
5075
5072
5070
5069
5063
5063
5067
5065
5064
5062
5061
5054
5053
5058
5054
5053
5051
5051
5048
5048
5042
5043
5048
5045
5044
5043
5044
5046
5045
5047
5046
5048
5049
5051
5048
5050
5055
5055
5051
5049
5047
5043
5041
5034
5033
5037
5033
5032
5030
5029
5026
5027
5025
5022
5022
5018
5017
5014
5013
5016
5015
5011
5012
5011
5016
5013
5013
5011
5006
5007
5007
5010
5009
5009
5008
5006
5006
5005
5008
5007
5005
5008
5005
5008
5012
5011
5012
5012
5010
5004
5004
5009
5006
5006
5001
5001
5005
5002
4999
4997
4994
4992
4991
4991
4990
4989
4988
4984
4982
4979
4971
4971
4975
4971
4970
4968
4966
4960
4960
4964
4962
4955
4957
4956
4960
4958
4958
4957
4958
4958
4956
4955
4955
4954
4955
4954
4953
4952
4952
4951
4951
4950
4950
4948
4947
4946
4946
4942
4943
4944
4942
4936
4936
4939
4941
4941
4938
4940
4945
4945
4944
4942
4942
4937
4936
4940
4938
4937
4936
4934
4933
4931
4932
4931
4930
4929
4925
4923
4924
4924
4924
4924
4923
4917
4920
4920
4926
4927
4926
4926
4926
4926
4927
4922
4922
4925
4922
4920
4919
4918
4917
4914
4908
4906
4909
4907
4906
4903
4903
4902
4900
4894
4894
4898
4896
4896
4893
4894
4898
4896
4892
4893
4896
4895
4892
4890
4888
4886
4883
4881
4878
4876
4874
4873
4873
4873
4870
4871
4869
4868
4865
4860
4857
4863
4861
4859
4857
4856
4854
4853
4852
4853
4851
4851
4851
4846
4846
4852
4851
4849
4853
4852
4848
4848
4851
4851
4849
4849
4846
4845
4844
4848
4846
4844
4845
4851
4848
4849
4849
4849
4848
4847
4842
4843
4844
4848
4847
4847
4847
4849
4846
4846
4845
4843
4842
4839
4839
4838
4831
4832
4834
4838
4836
4836
4835
4831
4833
4833
4835
4834
4831
4831
4834
4832
4832
4832
4830
4829
4830
4830
4830
4825
4827
4828
4833
4830
4831
4830
4831
4829
4831
4829
4828
4829
4829
4823
4826
4828
4830
4829
4827
4827
4826
4824
4825
4824
4823
4818
4818
4822
4820
4815
4816
4817
4821
4820
4819
4818
4818
4817
4814
4814
4814
4819
4820
4821
4821
4817
4819
4819
4825
4824
4818
4820
4826
4824
4823
4819
4817
4814
4811
4811
4808
4805
4804
4801
4801
4800
4799
4798
4798
4797
4797
4795
4795
4795
4798
4799
4797
4797
4793
4795
4796
4796
4797
4795
4794
4793
4792
4790
4789
4788
4787
4784
4783
4781
4778
4778
4773
4773
4779
4776
4774
4775
4775
4772
4776
4782
4783
4778
4778
4777
4781
4779
4778
4776
4778
4778
4777
4778
4778
4774
4772
4776
4773
4772
4767
4768
4771
4770
4769
4768
4763
4763
4762
4766
4764
4764
4763
4760
4757
4757
4752
4753
4757
4755
4749
4749
4750
4753
4753
4752
4749
4748
4747
4744
4743
4743
4740
4740
4736
4737
4742
4736
4735
4735
4733
4734
4735
4734
4734
4735
4734
4735
4736
4734
4736
4735
4733
4733
4733
4738
4736
4733
4736
4741
4740
4740
4739
4738
4737
4737
4734
4732
4730
4727
4727
4725
4725
4720
4720
4722
4722
4721
4717
4718
4722
4719
4718
4717
4716
4717
4715
4716
4714
4714
4713
4714
4709
4712
4716
4715
4712
4714
4720
4722
4722
4718
4718
4722
4721
4718
4716
4714
4708
4706
4706
4703
4705
4702
4701
4697
4698
4700
4699
4696
4696
4700
4698
4697
4694
4696
4694
4693
4693
4693
4692
4693
4691
4691
4690
4688
4687
4687
4686
4686
4686
4686
4681
4683
4685
4686
4687
4686
4684
4685
4685
4686
4687
4688
4683
4683
4687
4687
4681
4682
4681
4685
4685
4680
4681
4686
4684
4680
4679
4679
4683
4682
4682
4682
4682
4680
4681
4680
4680
4676
4674
4680
4678
4677
4678
4677
4676
4675
4672
4673
4672
4672
4672
4668
4669
4674
4672
4672
4671
4670
4668
4669
4664
4665
4671
4669
4668
4670
4669
4668
4666
4666
4666
4667
4667
4667
4667
4668
4665
4668
4675
4675
4676
4676
4678
4674
4677
4682
4683
4685
4683
4683
4679
4678
4681
4675
4674
4669
4669
4668
4666
4665
4665
4657
4655
4655
4658
4656
4650
4651
4654
4649
4648
4643
4642
4646
4645
4646
4646
4644
4643
4642
4641
4641
4637
4638
4640
4636
4635
4637
4636
4637
4638
4633
4635
4637
4640
4641
4641
4641
4640
4641
4639
4639
4637
4634
4633
4632
4630
4629
4627
4625
4620
4620
4622
4619
4614
4616
4615
4618
4617
4613
4615
4620
4619
4618
4618
4616
4615
4613
4614
4615
4610
4612
4613
4616
4615
4614
4615
4614
4614
4614
4614
4612
4612
4613
4612
4613
4614
4614
4615
4611
4613
4618
4615
4610
4612
4613
4615
4616
4612
4611
4615
4614
4614
4609
4610
4615
4614
4608
4610
4615
4614
4612
4612
4613
4612
4612
4613
4613
4613
4611
4612
4610
4611
4611
4610
4613
4611
4608
4609
4609
4604
4607
4611
4612
4610
4609
4608
4607
4607
4607
4608
4608
4606
4604
4603
4604
4603
4602
4602
4601
4600
4594
4594
4598
4595
4591
4592
4589
4593
4592
4588
4587
4587
4586
4585
4585
4585
4581
4582
4588
4587
4586
4582
4584
4590
4588
4585
4587
4591
4593
4593
4593
4591
4587
4587
4593
4591
4593
4591
4591
4587
4587
4591
4589
4586
4585
4584
4583
4583
4582
4582
4581
4581
4580
4576
4578
4582
4580
4578
4577
4575
4573
4572
4570
4568
4569
4568
4567
4564
4564
4569
4569
4568
4568
4567
4566
4565
4566
4567
4564
4566
4572
4573
4574
4569
4570
4575
4575
4569
4569
4571
4574
4573
4572
4572
4573
4574
4576
4573
4575
4576
4574
4573
4572
4571
4571
4570
4571
4572
4573
4572
4573
4575
4574
4570
4570
4575
4574
4572
4573
4576
4575
4572
4566
4564
4567
4565
4565
4564
4564
4562
4562
4563
4563
4558
4561
4563
4566
4565
4563
4563
4562
4561
4557
4558
4559
4561
4558
4555
4557
4558
4558
4559
4560
4559
4559
4560
4556
4557
4555
4552
4551
4554
4553
4546
4547
4549
4550
4549
4543
4544
4548
4546
4545
4547
4546
4546
4545
4542
4543
4549
4547
4545
4544
4545
4545
4544
4543
4544
4543
4543
4542
4543
4540
4542
4542
4541
4542
4543
4538
4537
4544
4543
4537
4539
4540
4544
4545
4544
4544
4544
4545
4544
4543
4543
4541
4541
4545
4544
4538
4540
4540
4542
4543
4538
4539
4545
4541
4542
4541
4541
4539
4539
4539
4540
4539
4540
4540
4536
4537
4540
4538
4538
4538
4539
4538
4538
4539
4539
4538
4538
4539
4538
4539
4535
4535
4541
4541
4536
4536
4535
4538
4538
4538
4536
4534
4533
4534
4537
4536
4537
4534
4534
4535
4535
4536
4534
4531
4532
4539
4537
4538
4536
4538
4536
4536
4537
4537
4537
4538
4538
4534
4535
4540
4540
4537
4538
4539
4542
4542
4541
4541
4536
4537
4540
4540
4536
4535
4534
4533
4530
4530
4530
4529
4529
4528
4527
4527
4521
4522
4522
4527
4527
4526
4526
4524
4524
4524
4522
4523
4523
4522
4521
4521
4518
4517
4515
4515
4513
4512
4511
4510
4508
4509
4508
4509
4510
4510
4511
4514
4512
4513
4513
4519
4519
4519
4520
4519
4525
4526
4533
4537
4537
4542
4552
4558
4565
4569
4577
4590
4598
4602
4612
4622
4635
4644
4649
4659
4674
4682
4686
4696
4705
4718
4727
4730
4738
4751
4760
4766
4771
4779
4790
4797
4803
4810
4816
4821
4828
4837
4840
4845
4848
4851
4853
