4440
4440
4435
4435
4439
4435
4433
4432
4429
4427
4423
4414
4414
4415
4410
4406
4402
4397
4388
4384
4386
4378
4371
4366
4360
4361
4354
4350
4346
4341
4337
4333
4328
4325
4320
4316
4311
4305
4304
4299
4295
4291
4288
4284
4281
4279
4272
4272
4268
4265
4263
4259
4252
4251
4249
4250
4247
4240
4239
4241
4238
4234
4227
4226
4228
4223
4218
4218
4218
4215
4213
4211
4211
4204
4203
4208
4204
4202
4199
4198
4196
4194
4191
4191
4189
4188
4185
4184
4182
4181
4181
4179
4178
4179
4181
4180
4175
4176
4181
4177
4176
4177
4175
4172
4172
4172
4172
4170
4166
4166
4168
4167
4167
4166
4161
4161
4162
4166
4165
4159
4160
4163
4161
4160
4156
4156
4154
4154
4153
4152
4150
4146
4145
4149
4148
4142
4142
4145
4145
4146
4145
4145
4143
4143
4144
4143
4144
4142
4143
4143
4143
4143
4142
4141
4140
4139
4135
4135
4141
4139
4136
4134
4133
4135
4133
4128
4128
4134
4132
4130
4124
4124
4128
4127
4126
4128
4126
4125
4124
4125
4124
4117
4119
4122
4125
4123
4124
4124
4124
4124
4126
4126
4127
4122
4124
4126
4126
4125
4123
4121
4121
4120
4119
4117
4115
4113
4115
4115
4115
4114
4114
4111
4112
4117
4116
4117
4114
4113
4116
4115
4116
4115
4113
4111
4111
4111
4111
4110
4110
4110
4108
4107
4107
4107
4105
4105
4110
4108
4107
4107
4106
4101
4104
4109
4106
4104
4106
4106
4106
4104
4102
4102
4104
4105
4102
4101
4100
4103
4102
4105
4106
4107
4102
4103
4110
4109
4108
4106
4106
4103
4103
4107
4106
4105
4106
4108
4109
4109
4110
4109
4109
4107
4110
4107
4108
4107
4107
4106
4106
4103
4104
4105
4107
4106
4102
4104
4108
4106
4102
4102
4101
4106
4104
4100
4100
4107
4104
4105
4106
4105
4106
4107
4107
4107
4109
4111
4112
4108
4109
4113
4114
4112
4114
4113
4117
4117
4119
4121
4122
4124
4127
4125
4128
4133
4136
4137
4136
4137
4138
4141
4140
4142
4142
4145
4144
4145
4146
4148
4151
4150
4152
4153
4155
4158
4161
4164
4168
4170
4175
4176
4179
4177
4179
4183
4182
4184
4182
4183
4185
4187
4184
4187
4195
4196
4195
4197
4200
4199
4201
4207
4212
4213
4217
4223
4231
4232
4236
4237
4240
4240
4241
4244
4249
4257
4260
4262
4264
4261
4268
4271
4276
4278
4283
4287
4286
4291
4296
4301
4306
4306
4311
4321
4325
4329
4334
4339
4338
4344
4354
4360
4363
4368
4374
4382
4388
4388
4394
4408
4413
4416
4422
4432
4439
4445
4448
4458
4469
4477
4484
4491
4498
4506
4513
4520
4528
4535
4543
4550
4556
4566
4580
4587
4597
4605
4612
4624
4632
4640
4650
4659
4668
4676
4681
4692
4707
4716
4724
4734
4744
4748
4758
4773
4782
4783
4792
4804
4815
4822
4833
4843
4846
4858
4872
4879
4888
4896
4906
4915
4926
4932
4944
4955
4973
4984
4994
5007
5019
5033
5044
5057
5071
5085
5097
5111
5125
5140
5152
5167
5178
5192
5208
5222
5233
5247
5260
5266
5281
5300
5310
5317
5333
5346
5362
5372
5387
5399
5413
5430
5440
5452
5467
5486
5499
5512
5525
5539
5551
5561
5572
5585
5593
5608
5620
5629
5645
5660
5673
5689
5704
5714
5731
5751
5770
5785
5798
5814
5838
5852
5862
5881
5897
5920
5938
5953
5973
5990
6007
6027
6040
6057
6081
6096
6113
6132
6147
6160
6177
6192
6204
6219
6235
6241
6253
6267
6282
6294
6304
6314
6325
6336
6344
6355
6367
6380
6389
6406
6420
6429
6444
6461
6481
6499
6513
6529
6547
6562
6577
6595
6610
6623
6643
6661
6678
6696
6704
6719
6736
6744
6744
6757
6770
6781
6790
6795
6809
6829
6842
6858
6875
6894
6910
6926
6944
6964
6980
7000
7017
7035
7060
7078
7097
7115
7134
7151
7168
7186
7205
7220
7227
7244
7268
7280
7290
7301
7318
7335
7346
7355
7369
7381
7398
7407
7421
7434
7441
7452
7460
7474
7487
7501
7513
7515
7528
7540
7545
7558
7564
7570
7577
7588
7595
7603
7611
7624
7635
7643
7655
7660
7672
7681
7691
7701
7703
7713
7728
7740
7748
7760
7770
7780
7787
7798
7806
7817
7827
7836
7844
7856
7864
7877
7899
7909
7916
7929
7940
7959
7968
7978
7987
8003
8011
8026
8034
8048
8056
8067
8073
8085
8100
8114
8122
8129
8140
8149
8157
8168
8174
8180
8182
8187
8198
8199
8197
8205
8209
8217
8221
8221
8220
8216
8215
8213
8209
8203
8201
8207
8201
8204
8210
8205
8201
8196
8191
8188
8186
8185
8189
8193
8193
8193
8202
8205
8199
8204
8211
8220
8222
8222
8230
8244
8247
8251
8258
8264
8265
8273
8277
8282
8286
8296
8302
8307
8319
8331
8339
8355
8368
8379
8389
8402
8409
8422
8438
8446
8457
8463
8473
8474
8481
8493
8497
8499
8502
8502
8503
8507
8507
8507
8507
8508
8506
8509
8510
8505
8510
8502
8501
8506
8505
8506
8499
8498
8504
8501
8493
8496
8496
8500
8497
8500
8502
8499
8503
8503
8504
8507
8504
8504
8510
8506
8510
8508
8512
8512
8510
8509
8510
8506
8505
8508
8512
8517
8511
8518
8528
8529
8532
8536
8538
8540
8542
8544
8550
8547
8550
8555
8563
8565
8566
8565
8568
8570
8572
8572
8575
8583
8588
8585
8592
8597
8606
8608
8608
8609
8613
8614
8609
8609
8610
8615
8613
8604
8607
8613
8611
8608
8613
8612
8611
8612
8613
8613
8611
8607
8606
8607
8603
8597
8595
8600
8599
8594
8590
8592
8589
8592
8587
8588
8592
8597
8598
8597
8598
8594
8600
8600
8603
8603
8601
8599
8598
8598
8594
8589
8593
8595
8594
8592
8595
8594
8592
8587
8583
8583
8580
8574
8571
8569
8565
8559
8558
8554
8552
8546
8543
8537
8532
8533
8535
8534
8527
8530
8537
8536
8534
8529
8526
8534
8531
8522
8522
8524
8528
8523
8523
8523
8522
8519
8518
8513
8511
8500
8499
8502
8495
8486
8483
8476
8481
8479
8466
8470
8477
8470
8471
8468
8469
8477
8480
8481
8485
8486
8483
8484
8478
8473
8467
8463
8458
8449
8444
8442
8435
8430
8425
8419
8419
8414
8410
8405
8400
8399
8393
8388
8380
8376
8373
8373
8373
8362
8356
8362
8357
8352
8350
8348
8343
8338
8346
8343
8337
8332
8328
8331
8324
8321
8317
8309
8303
8302
8303
8297
8295
8289
8281
8283
8280
8283
8279
8280
8272
8268
8265
8263
8257
8252
8249
8242
8239
8232
8227
8226
8223
8215
8212
8202
8196
8199
8192
8188
8176
8173
8175
8168
8160
8160
8154
8151
8149
8146
8140
8133
8132
8134
8134
8133
8128
8129
8121
8118
8124
8122
8115
8107
8105
8107
8101
8098
8092
8090
8082
8079
8075
8070
8057
8053
8053
8047
8044
8031
8028
8031
8022
8019
8017
8010
8006
7998
7992
7985
7980
7975
7967
7964
7956
7950
7945
7935
7931
7933
7927
7923
7916
7912
7897
7888
7889
7879
7868
7859
7854
7846
7841
7838
7831
7826
7818
7814
7814
7810
7799
7801
7800
7799
7794
7787
7785
7783
7778
7772
7771
7768
7759
7760
7765
7761
7751
7751
7746
7749
7745
7740
7739
7737
7733
7729
7727
7723
7719
7718
7715
7712
7710
7708
7703
7694
7688
7693
7684
7674
7672
7666
7666
7660
7656
7650
7643
7639
7635
7633
7629
7623
7623
7617
7613
7605
7600
7598
7599
7594
7582
7582
7583
7575
7573
7569
7563
7553
7550
7552
7545
7541
7531
7529
7517
7514
7511
7504
7495
7490
7484
7474
7469
7464
7456
7448
7439
7436
7428
7420
7407
7402
7403
7393
7388
7382
7375
7373
7367
7355
7353
7357
7351
7344
7333
7331
7329
7326
7322
7317
7314
7307
7303
7293
7289
7289
7283
7274
7266
7260
7260
7253
7246
7244
7236
7234
7230
7224
7222
7217
7218
7212
7210
7205
7201
7196
7194
7189
7183
7184
7177
7175
7173
7166
7164
7155
7153
7160
7149
7146
7146
7141
7138
7133
7125
7124
7120
7121
7116
7107
7107
7107
7104
7095
7089
7086
7086
7080
7079
7074
7069
7067
7063
7055
7051
7052
7047
7042
7039
7031
7029
7028
7021
7018
7012
7009
7004
6999
6996
6993
6993
6987
6985
6975
6973
6973
6972
6971
6960
6960
6961
6956
6948
6950
6940
6933
6930
6932
6927
6920
6918
6911
6907
6901
6896
6894
6879
6879
6873
6875
6866
6861
6855
6861
6854
6846
6842
6836
6824
6822
6827
6818
6811
6805
6800
6804
6798
6791
6791
6785
6778
6774
6768
6766
6762
6758
6750
6748
6741
6737
6731
6724
6720
6714
6707
6703
6698
6691
6687
6682
6672
6668
6667
6662
6656
6651
6646
6641
6638
6631
6629
6625
6621
6617
6607
6606
6607
6601
6593
6587
6586
6585
6582
6573
6569
6574
6569
6565
6553
6555
6557
6553
6548
6543
6541
6531
6532
6533
6527
6524
6521
6519
6516
6511
6505
6503
6496
6489
6486
6480
6477
6473
6467
6458
6454
6455
6447
6441
6436
6426
6416
6410
6413
6407
6401
6399
6390
6389
6386
6387
6381
6379
6379
6374
6371
6367
6362
6358
6352
6348
6342
6338
6334
6331
6324
6320
6315
6310
6311
6306
6304
6301
6292
6291
6297
6292
6290
6283
6281
6283
6280
6272
6271
6272
6274
6271
6263
6259
6263
6256
6250
6249
6242
6240
6233
6232
6227
6217
6215
6213
6217
6210
6211
6205
6195
6195
6192
6193
6188
6187
6183
6178
6175
6179
6175
6174
6171
6169
6167
6162
6163
6161
6155
6156
6153
6153
6149
6147
6145
6142
6139
6138
6135
6133
6127
6127
6127
6124
6116
6108
6103
6104
6095
6093
6089
6082
6077
6072
6077
6070
6069
6064
6063
6055
6050
6051
6043
6039
6031
6024
6017
6014
6014
6009
6004
5997
5985
5980
5979
5976
5972
5967
5963
5958
5952
5950
5946
5942
5940
5937
5937
5933
5930
5927
5922
5923
5915
5915
5911
5905
5904
5900
5892
5891
5893
5890
5887
5884
5882
5877
5871
5868
5861
5860
5855
5849
5845
5841
5839
5833
5826
5824
5828
5823
5819
5814
5811
5812
5811
5809
5805
5804
5798
5800
5802
5802
5800
5799
5797
5791
5789
5779
5777
5777
5771
5765
5762
5758
5756
5753
5743
5743
5745
5738
5735
5731
5726
5717
5715
5713
5706
5698
5695
5690
5683
5682
5677
5672
5668
5663
5662
5652
5648
5651
5644
5643
5639
5637
5634
5632
5632
5631
5622
5619
5624
5621
5619
5609
5610
5613
5609
5607
5606
5604
5602
5602
5597
5595
5596
5593
5591
5587
5586
5582
5580
5572
5572
5574
5570
5570
5562
5559
5565
5562
5556
5552
5553
5549
5548
5548
5548
5541
5537
5537
5538
5533
5528
5523
5529
5523
5522
5520
5514
5514
5512
5511
5507
5504
5502
5499
5495
5494
5484
5485
5489
5484
5480
5475
5475
5465
5466
5470
5466
5460
5460
5456
5454
5454
5450
5448
5437
5440
5436
5440
5434
5435
5433
5430
5430
5426
5421
5419
5420
5417
5413
5410
5408
5402
5396
5395
5392
5382
5382
5386
5385
5380
5376
5374
5380
5379
5376
5373
5371
5367
5365
5360
5359
5360
5354
5351
5346
5342
5347
5343
5340
5336
5333
5333
5329
5327
5325
5325
5324
5327
5325
5326
5317
5315
5316
5310
5299
5299
5296
5296
5288
5283
5279
5285
5278
5278
5276
5274
5271
5269
5270
5265
5268
5267
5266
5265
5263
5258
5258
5261
5259
5258
5255
5255
5252
5253
5251
5251
5243
5245
5245
5251
5251
5251
5249
5246
5244
5241
5234
5233
5237
5233
5225
5225
5226
5225
5221
5216
5214
5218
5211
5209
5208
5205
5201
5201
5191
5188
5193
5186
5185
5184
5179
5177
5174
5173
5171
5168
5167
5162
5160
5159
5156
5155
5153
5153
5151
5144
5146
5148
5149
5145
5142
5141
5138
5137
5131
5128
5135
5129
5124
5125
5122
5121
5116
5110
5108
5113
5108
5104
5102
5101
5090
5090
5091
5086
5082
5079
5080
5076
5075
5074
5069
5067
5065
5063
5055
5053
5057
5054
5054
5053
5053
5054
5052
5051
5049
5046
5044
5042
5034
5034
5039
5034
5034
5032
5027
5024
5022
5026
5026
5025
5022
5020
5018
5020
5013
5013
5015
5014
5006
5008
5007
5011
5010
5006
5005
5010
5007
5006
5008
5003
5005
5002
5003
5004
5001
5001
5002
5002
4999
5002
4998
4995
4996
4993
4987
4986
4988
4987
4982
4979
4976
4970
4970
4974
4968
4968
4963
4960
4960
4959
4955
4956
4951
4951
4950
4946
4944
4939
4934
4939
4934
4928
4930
4932
4932
4934
4931
4934
4931
4932
4930
4931
4933
4925
4924
4927
4922
4916
4913
4910
4913
4908
4906
4904
4901
4899
4897
4896
4894
4891
4891
4892
4889
4883
4884
4884
4888
4885
4886
4886
4883
4882
4882
4882
4883
4876
4878
4880
4880
4879
4880
4879
4876
4875
4878
4877
4868
4871
4870
4875
4871
4871
4870
4861
4863
4861
4864
4864
4860
4859
4855
4857
4854
4853
4855
4854
4852
4852
4849
4842
4841
4839
4844
4841
4835
4837
4841
4837
4833
4834
4832
4832
4831
4823
4826
4828
4829
4829
4824
4827
4829
4827
4824
4822
4822
4819
4816
4815
4811
4808
4807
4804
4802
4800
4797
4798
4794
4795
4789
4789
4786
4789
4787
4785
4784
4782
4780
4777
4776
4777
4775
4777
4773
4773
4775
4776
4775
4772
4769
4775
4769
4768
4768
4763
4762
4760
4766
4765
4764
4765
4762
4763
4763
4759
4760
4752
4755
4757
4757
4756
4755
4751
4744
4744
4743
4746
4741
4738
4738
4735
4735
4729
4728
4730
4733
4733
4733
4732
4732
4732
4728
4728
4729
4723
4723
4729
4725
4722
4720
4721
4724
4721
4720
4719
4716
4714
4712
4711
4712
4704
4707
4711
4710
4709
4706
4706
4701
4706
4705
4702
4700
4698
4698
4702
4698
4699
4696
4697
4696
4697
4699
4699
4701
4703
4701
4700
4697
4696
4697
4689
4691
4692
4689
4686
4684
4683
4685
4683
4676
4676
4679
4677
4676
4668
4669
4673
4671
4674
4672
4672
4671
4669
4664
4663
4667
4666
4662
4662
4661
4658
4658
4657
4657
4653
4654
4652
4652
4650
4646
4647
4639
4640
4638
4641
4638
4635
4636
4635
4632
4632
4633
4630
4627
4627
4631
4629
4628
4626
4625
4622
4621
4616
4614
4618
4614
4614
4608
4608
4613
4610
4611
4608
4606
4606
4606
4604
4606
4603
4604
4604
4602
4604
4604
4601
4599
4600
4605
4606
4603
4601
4601
4603
4603
4601
4601
4597
4592
4592
4594
4594
4589
4586
4594
4591
4590
4589
4591
4588
4591
4589
4587
4588
4587
4585
4586
4583
4584
4584
4581
4581
4579
4578
4578
4569
4568
4573
4569
4569
4567
4568
4564
4562
4563
4560
4558
4552
4553
4555
4554
4553
4552
4550
4547
4547
4553
4550
4550
4551
4549
4549
4550
4545
4547
4554
4551
4548
4551
4552
4557
4556
4551
4550
4554
4554
4551
4550
4552
4551
4548
4550
4548
4545
4544
4542
4540
4540
4540
4538
4537
4538
4534
4531
4530
4534
4533
4531
4527
4528
4527
4526
4521
4521
4526
4526
4525
4524
4525
4519
4522
4526
4525
4522
4523
4521
4521
4518
4515
4513
4519
4516
4516
4513
4512
4513
4510
4509
4511
4509
4509
4511
4505
4504
4509
4506
4500
4501
4501
4504
4503
4500
4502
4500
4499
4495
4497
4494
4500
4501
4501
4500
4503
4502
4502
4501
4499
4494
4495
4498
4495
4496
4496
4496
4494
4493
4497
4495
4494
4492
4491
4485
4486
4491
4486
4488
4486
4484
4485
4483
4482
4483
4481
4480
4479
4478
4478
4476
4476
4475
4474
4469
4468
4470
4472
4475
4470
4470
4476
4472
4472
4469
4467
4466
4466
4465
4463
4464
4460
4460
4462
4460
4455
4457
4459
4460
4459
4455
4457
4460
4459
4453
4453
4453
4458
4455
4453
4452
4445
4446
4446
4448
4446
4446
4446
4444
4443
4438
4437
4439
4445
4447
4448
4447
4447
4450
4448
4446
4447
4446
4447
4443
4443
4441
4444
4441
4439
4439
4432
4434
4436
4437
4437
4436
4433
4434
4432
4432
4432
4430
4430
4429
4427
4429
4427
4427
4424
4424
4423
4421
4420
4420
4417
4414
4413
4412
4413
4413
4410
4410
4404
4404
4404
4408
4404
4399
4399
4403
4403
4402
4397
4396
4400
4397
4397
4397
4394
4391
4392
4397
4394
4389
4391
4396
4393
4393
4394
4392
4390
4392
4391
4390
4392
4392
4394
4388
4391
4395
4395
4392
4392
4394
4388
4389
4395
4392
4392
4392
4390
4388
4387
4388
4387
4384
4385
4384
4384
4384
4385
4385
4386
4387
4386
4382
4386
4391
4388
4386
4386
4382
4381
4382
4388
4388
4381
4380
4387
4385
4382
4383
4384
4377
4375
4383
4379
4376
4375
4375
4375
4373
4371
4368
4367
4367
4366
4365
4362
4357
4359
4364
4362
4360
4357
4357
4361
4359
4358
4360
4360
4358
4356
4356
4356
4357
4356
4355
4357
4355
4355
4356
4351
4353
4360
4357
4357
4356
4357
4352
4353
4357
4355
4351
4349
4348
4354
4351
4349
4349
4350
4349
4348
4350
4348
4349
4350
4351
4350
4351
4350
4349
4349
4349
4352
4351
4347
4348
4348
4351
4353
4348
4347
4351
4350
4347
4343
4341
4345
4345
4344
4343
4343
4340
4341
4334
4336
4339
4338
4339
4341
4341
4342
4342
4342
4339
4339
4338
4334
4330
4333
4339
4338
4333
4335
4338
4343
4341
4338
4338
4336
4335
4331
4328
4328
4331
4328
4328
4327
4326
4325
4325
4323
4320
4318
4318
4312
4313
4313
4319
4317
4314
4315
4318
4317
4313
4315
4314
4312
4312
4308
4310
4313
4313
4313
4307
4307
4312
4313
4313
4314
4313
4311
4310
4314
4313
4312
4308
4308
4308
4308
4306
4306
4302
4304
4307
4307
4308
4307
4307
4308
4309
4308
4309
4308
4308
4309
4309
4310
4311
4310
4306
4308
4308
4310
4309
4303
4304
4308
4307
4305
4300
4298
4300
4298
4297
4296
4292
4288
4288
4290
4290
4288
4286
4285
4285
4286
4282
4283
4284
4281
4280
4281
4281
4280
4279
4276
4273
4279
4279
4275
4275
4275
4274
4272
4269
4269
4273
4276
4275
4276
4277
4273
4272
4280
4279
4279
4274
4277
4281
4278
4279
4277
4277
4274
4274
4271
4271
4278
4276
4277
4276
4276
4278
4274
4270
4271
4274
4271
4272
4269
4266
4262
4261
4265
4261
4262
4261
4258
4258
4259
4253
4252
4255
4256
4256
4256
4256
4257
4261
4262
4262
4265
4265
4261
4261
4260
4260
4259
4257
4253
4253
4258
4256
4257
4254
4255
4254
4255
4253
4254
4249
4252
4256
4256
4254
4255
4255
4255
4258
4251
4254
4255
4258
4256
4256
4256
4249
4250
4254
4254
4253
4249
4249
4253
4250
4249
4246
4245
4241
4244
4246
4243
4242
4244
4242
4239
4238
4235
4236
4235
4233
4232
4232
4229
4231
4232
4233
4236
4232
4234
4235
4237
4236
4235
4233
4226
4229
4229
4229
4229
4229
4229
4224
4224
4227
4229
4228
4226
4226
4226
4227
4226
4225
4224
4224
4224
4229
4228
4221
4225
4227
4230
4228
4224
4225
4230
4229
4228
4228
4226
4220
4219
4224
4222
4219
4218
4219
4218
4216
4215
4216
4215
4214
4214
4216
4215
4212
4214
4215
4213
4212
4212
4212
4214
4213
4212
4212
4207
4210
4210
4214
4213
4213
4213
4211
4212
4212
4213
4212
4208
4209
4215
4213
4210
4210
4209
4212
4212
4207
4209
4213
4213
4213
4213
4213
4211
4211
4213
4213
4213
4208
4213
4217
4217
4217
4219
4214
4215
4217
4220
4218
4214
4215
4218
4215
4214
4213
4214
4210
4209
4218
4217
4218
4215
4216
4218
4217
4214
4211
4210
4208
4205
4205
4204
4201
4198
4198
4200
4199
4197
4194
4189
4190
4195
4193
4192
4190
4191
4193
4192
4194
4195
4195
4192
4192
4193
4192
4194
4190
4186
4187
4189
4193
4190
4186
4188
4195
4192
4192
4190
4189
4192
4194
4194
4195
4193
4192
4192
4189
4191
4193
4192
4195
4194
4194
4194
4195
4195
4194
4191
4191
4192
4192
4186
4188
4186
4186
4186
4181
4179
4179
4182
4182
4180
4180
4180
4180
4181
4181
4181
4179
4179
4179
4179
4180
4178
4180
4183
4182
4178
4179
4180
4180
4177
4178
4177
4170
4172
4178
4172
4174
4168
4170
4171
4170
4172
4171
4170
4169
4168
4170
4170
4169
4169
4168
4166
4166
4166
4167
4165
4165
4158
4160
4163
4168
4166
4164
4164
4164
4164
4167
4167
4166
4162
4166
4171
4169
4168
4169
4170
4170
4167
4161
4164
4168
4165
4165
4163
4162
4166
4164
4164
4162
4164
4164
4163
4158
4161
4168
4164
4163
4163
4164
4161
4161
4160
4160
4159
4157
4157
4153
4154
4155
4156
4151
4151
4151
4155
4155
4155
4152
4153
4151
4153
4153
4154
4153
4154
4150
4152
4156
4157
4152
4154
4154
4156
4160
4156
4157
4156
4160
4159
4153
4152
4155
4153
4152
4149
4149
4150
4151
4148
4148
4149
4149
4148
4143
4146
4149
4149
4147
4149
4148
4150
4149
4152
4151
4147
4149
4154
4154
4155
4151
4152
4156
4155
4157
4156
4157
4156
4154
4153
4151
4151
4149
4148
4146
4145
4144
4143
4139
4139
4144
4141
4142
4140
4142
4141
4141
4142
4143
4142
4137
4137
4142
4141
4135
4135
4136
4139
4138
4131
4134
4139
4138
4137
4137
4137
4137
4138
4138
4138
4139
4139
4137
4137
4137
4133
4134
4137
4134
4132
4134
4133
4134
4135
4130
4131
4135
4137
4139
4138
4139
4138
4137
4136
4136
4137
4133
4131
4137
4134
4133
4133
4134
4135
4134
4133
4133
4134
4135
4134
4135
4135
4133
4134
4131
4133
4137
4135
4135
4131
4132
4136
4132
4126
4127
4127
4132
4131
4129
4127
4129
4130
4131
4132
4133
4130
4134
4143
4145
4141
4145
4152
4158
4163
4160
4167
4179
4182
4190
4198
4202
4210
4218
4221
4231
4239
4251
4256
4259
4269
4283
4289
4295
4302
4310
4317
4324
4332
4337
4343
4350
4358
4362
4370
4369
4376
4386
4391
4395
4396
4399
4402
4405
4401
4405
4409
4409
