4399
4399
4397
4399
4399
4398
4397
4393
4390
4392
4389
4386
4383
4378
4370
4368
4370
4365
4361
4356
4352
4345
4340
4340
4334
4324
4322
4318
4319
4314
4311
4307
4302
4299
4293
4288
4285
4280
4276
4268
4267
4269
4263
4258
4254
4252
4244
4242
4246
4240
4238
4234
4231
4227
4224
4222
4220
4218
4216
4216
4209
4209
4213
4208
4206
4205
4202
4201
4199
4197
4194
4193
4190
4187
4184
4181
4179
4176
4170
4169
4168
4170
4166
4165
4165
4164
4163
4159
4157
4159
4162
4158
4156
4156
4150
4151
4150
4153
4149
4144
4143
4148
4144
4142
4142
4141
4141
4141
4141
4140
4136
4137
4138
4140
4138
4138
4137
4133
4133
4129
4130
4124
4126
4123
4122
4119
4118
4116
4115
4116
4113
4110
4110
4115
4114
4112
4110
4110
4105
4106
4112
4110
4107
4102
4103
4109
4108
4107
4105
4104
4104
4105
4104
4103
4103
4102
4097
4098
4098
4103
4104
4098
4102
4109
4110
4112
4109
4112
4117
4116
4116
4115
4113
4112
4112
4112
4110
4110
4110
4109
4109
4109
4109
4109
4111
4110
4109
4108
4108
4107
4105
4103
4102
4100
4100
4097
4094
4092
4097
4094
4089
4089
4094
4092
4091
4092
4090
4083
4084
4088
4086
4086
4084
4084
4081
4082
4087
4085
4085
4084
4083
4083
4083
4077
4078
4081
4082
4082
4081
4080
4079
4078
4072
4073
4075
4077
4075
4073
4070
4076
4074
4073
4074
4073
4073
4073
4068
4069
4073
4071
4070
4069
4070
4071
4072
4073
4074
4074
4075
4074
4068
4069
4076
4074
4074
4074
4073
4071
4069
4069
4069
4068
4067
4068
4066
4068
4067
4070
4067
4068
4068
4068
4069
4070
4073
4068
4070
4073
4075
4076
4069
4070
4073
4072
4069
4069
4071
4074
4073
4070
4070
4075
4076
4075
4075
4077
4079
4078
4078
4080
4077
4075
4076
4079
4080
4080
4078
4075
4076
4076
4077
4079
4082
4081
4078
4082
4083
4089
4088
4088
4088
4089
4090
4091
4091
4091
4087
4088
4092
4093
4094
4093
4092
4092
4094
4095
4096
4096
4099
4099
4101
4104
4104
4105
4101
4103
4106
4111
4112
4110
4112
4119
4119
4121
4124
4124
4121
4123
4129
4128
4130
4132
4132
4130
4133
4141
4142
4145
4146
4148
4150
4151
4154
4157
4160
4162
4165
4169
4172
4174
4176
4175
4178
4187
4189
4190
4190
4193
4201
4203
4204
4207
4212
4214
4217
4215
4219
4229
4231
4230
4234
4239
4248
4251
4253
4256
4260
4264
4268
4274
4278
4284
4290
4295
4299
4305
4309
4316
4314
4320
4330
4337
4343
4348
4354
4359
4365
4365
4372
4384
4391
4396
4401
4408
4408
4418
4430
4435
4440
4446
4453
4458
4466
4480
4484
4491
4498
4507
4514
4521
4527
4536
4543
4550
4557
4564
4570
4577
4583
4584
4594
4604
4615
4622
4629
4638
4644
4653
4656
4664
4671
4684
4692
4702
4712
4715
4726
4736
4748
4759
4767
4776
4783
4791
4801
4814
4823
4832
4841
4848
4860
4875
4884
4894
4901
4914
4928
4937
4947
4958
4971
4982
4994
5001
5013
5033
5043
5054
5064
5069
5076
5083
5090
5099
5104
5113
5120
5136
5148
5153
5166
5182
5192
5204
5216
5226
5238
5249
5263
5279
5290
5302
5318
5330
5345
5360
5373
5387
5403
5419
5429
5443
5463
5477
5487
5502
5519
5533
5547
5560
5578
5594
5608
5623
5634
5652
5675
5691
5704
5723
5746
5759
5774
5789
5805
5816
5833
5840
5855
5870
5887
5901
5915
5930
5943
5955
5968
5980
5992
6004
6017
6037
6049
6065
6080
6096
6111
6125
6133
6152
6175
6187
6204
6214
6229
6246
6255
6268
6281
6294
6304
6318
6327
6342
6364
6372
6389
6404
6418
6430
6447
6459
6476
6492
6507
6523
6534
6548
6564
6580
6594
6610
6622
6635
6652
6673
6686
6696
6714
6738
6754
6770
6789
6804
6816
6834
6858
6872
6884
6898
6912
6933
6947
6959
6972
6986
7000
7014
7028
7037
7050
7060
7071
7084
7097
7109
7120
7130
7140
7152
7161
7169
7181
7189
7193
7206
7225
7231
7240
7251
7265
7276
7288
7294
7310
7330
7343
7357
7368
7380
7385
7397
7414
7422
7432
7437
7448
7462
7470
7473
7481
7496
7506
7515
7524
7530
7537
7544
7550
7563
7576
7592
7605
7623
7633
7647
7664
7678
7688
7701
7713
7726
7730
7745
7759
7773
7783
7788
7798
7815
7820
7825
7833
7837
7843
7847
7849
7852
7854
7863
7869
7875
7878
7880
7883
7872
7876
7874
7877
7874
7869
7864
7869
7868
7861
7863
7863
7868
7872
7873
7876
7873
7881
7885
7895
7899
7905
7911
7918
7924
7932
7941
7953
7962
7973
7985
8000
8012
8022
8031
8040
8046
8051
8051
8056
8055
8058
8055
8058
8070
8065
8060
8060
8064
8068
8072
8070
8071
8079
8079
8083
8085
8086
8085
8087
8099
8103
8112
8119
8127
8134
8144
8155
8163
8172
8180
8188
8195
8203
8211
8216
8220
8233
8246
8252
8263
8267
8278
8287
8296
8295
8306
8315
8323
8324
8319
8320
8326
8325
8332
8339
8347
8350
8361
8375
8381
8387
8393
8401
8405
8406
8415
8414
8414
8413
8413
8412
8408
8403
8403
8398
8397
8391
8388
8389
8392
8394
8390
8391
8397
8393
8394
8394
8394
8397
8396
8401
8399
8402
8406
8407
8402
8403
8416
8417
8422
8425
8429
8443
8448
8454
8460
8470
8476
8484
8492
8500
8501
8512
8525
8531
8535
8537
8540
8548
8550
8550
8556
8559
8562
8562
8565
8568
8571
8574
8578
8577
8581
8587
8592
8598
8605
8606
8618
8629
8640
8644
8639
8638
8634
8634
8639
8643
8642
8644
8643
8642
8641
8638
8639
8638
8640
8643
8639
8643
8657
8658
8664
8668
8672
8672
8678
8686
8685
8687
8685
8678
8679
8680
8681
8682
8675
8677
8680
8686
8683
8681
8678
8674
8671
8670
8665
8663
8658
8652
8642
8641
8639
8636
8629
8614
8608
8604
8593
8582
8575
8564
8555
8547
8541
8538
8533
8526
8522
8521
8521
8518
8518
8517
8519
8519
8517
8521
8529
8529
8524
8528
8533
8535
8530
8522
8516
8522
8519
8508
8509
8506
8512
8511
8503
8506
8514
8511
8506
8508
8505
8502
8502
8499
8498
8497
8494
8493
8492
8489
8488
8489
8486
8485
8483
8479
8477
8478
8471
8466
8459
8453
8445
8437
8432
8427
8426
8420
8417
8415
8410
8403
8402
8411
8409
8408
8407
8407
8409
8409
8405
8403
8409
8405
8400
8398
8399
8405
8399
8396
8388
8398
8396
8392
8389
8384
8376
8377
8380
8376
8373
8367
8365
8361
8364
8359
8356
8352
8350
8349
8346
8342
8336
8326
8321
8315
8304
8298
8291
8278
8267
8257
8247
8238
8225
8216
8213
8202
8190
8183
8174
8171
8165
8161
8155
8145
8145
8152
8147
8146
8147
8147
8143
8142
8133
8133
8130
8135
8132
8124
8127
8131
8125
8122
8117
8116
8119
8114
8110
8108
8106
8103
8099
8088
8087
8088
8081
8073
8071
8068
8055
8054
8056
8049
8037
8034
8029
8024
8015
8010
7999
7992
7985
7979
7969
7964
7959
7953
7947
7940
7936
7934
7931
7925
7918
7918
7913
7909
7904
7902
7897
7894
7902
7900
7898
7895
7892
7893
7891
7897
7894
7893
7891
7892
7890
7888
7879
7879
7880
7876
7870
7867
7861
7858
7851
7838
7834
7832
7825
7808
7804
7801
7800
7798
7788
7789
7790
7784
7779
7775
7768
7766
7760
7758
7756
7747
7743
7737
7731
7725
7720
7712
7706
7702
7696
7686
7680
7681
7671
7662
7656
7648
7647
7639
7627
7620
7606
7597
7590
7585
7577
7568
7562
7556
7550
7543
7541
7538
7534
7533
7528
7527
7518
7517
7517
7518
7511
7509
7506
7500
7496
7495
7490
7484
7478
7479
7480
7477
7470
7468
7469
7473
7467
7459
7459
7462
7458
7455
7452
7449
7446
7441
7441
7438
7433
7433
7429
7427
7420
7418
7411
7402
7402
7398
7396
7393
7389
7380
7367
7362
7356
7350
7341
7331
7320
7322
7313
7305
7297
7293
7283
7275
7266
7254
7248
7241
7231
7224
7219
7212
7206
7195
7192
7191
7192
7190
7186
7184
7184
7185
7183
7184
7179
7169
7167
7165
7157
7146
7137
7131
7132
7122
7118
7113
7099
7097
7090
7092
7089
7077
7074
7071
7064
7060
7057
7052
7044
7042
7035
7030
7037
7036
7033
7030
7028
7019
7018
7024
7014
7010
7001
7000
6995
6986
6983
6978
6971
6965
6962
6955
6950
6946
6943
6931
6927
6924
6924
6917
6914
6907
6895
6893
6889
6888
6883
6874
6870
6877
6872
6868
6863
6862
6859
6858
6858
6855
6852
6852
6848
6846
6843
6843
6839
6830
6831
6826
6827
6826
6822
6820
6817
6817
6816
6810
6809
6811
6806
6794
6795
6794
6788
6783
6776
6767
6763
6758
6752
6747
6741
6735
6729
6726
6720
6716
6712
6707
6700
6698
6701
6700
6696
6694
6688
6685
6680
6682
6673
6661
6654
6656
6649
6643
6636
6635
6622
6623
6625
6618
6616
6609
6602
6600
6592
6588
6585
6578
6575
6572
6570
6566
6561
6557
6564
6561
6558
6549
6549
6551
6548
6543
6540
6538
6534
6532
6524
6524
6528
6517
6513
6505
6497
6492
6485
6477
6470
6473
6468
6462
6458
6455
6449
6446
6434
6435
6433
6431
6430
6425
6422
6415
6413
6417
6416
6411
6408
6408
6404
6401
6398
6397
6393
6389
6386
6382
6377
6378
6376
6367
6368
6364
6356
6353
6342
6334
6334
6324
6315
6302
6296
6295
6284
6272
6268
6265
6263
6258
6256
6247
6243
6237
6234
6228
6222
6219
6217
6212
6207
6202
6202
6199
6205
6202
6199
6199
6190
6189
6185
6183
6179
6174
6167
6159
6158
6155
6155
6151
6146
6141
6137
6131
6126
6120
6114
6110
6102
6098
6092
6081
6084
6078
6082
6078
6070
6070
6071
6066
6061
6051
6051
6049
6044
6039
6032
6029
6025
6022
6019
6011
6011
6005
6003
6000
5996
5991
5988
5995
5991
5988
5987
5984
5984
5982
5979
5975
5970
5966
5959
5954
5948
5943
5940
5930
5925
5933
5929
5922
5917
5911
5916
5910
5899
5898
5895
5895
5894
5884
5883
5889
5885
5883
5880
5877
5872
5869
5873
5868
5862
5861
5857
5852
5852
5848
5844
5844
5842
5838
5836
5831
5830
5826
5820
5819
5812
5811
5809
5810
5807
5798
5798
5801
5796
5791
5787
5785
5782
5777
5775
5774
5770
5769
5768
5757
5759
5759
5753
5752
5747
5742
5741
5737
5732
5729
5719
5721
5720
5718
5717
5717
5712
5712
5708
5706
5702
5701
5704
5702
5700
5698
5695
5691
5691
5682
5682
5687
5683
5683
5680
5677
5676
5673
5672
5667
5659
5659
5655
5654
5653
5643
5642
5646
5641
5636
5634
5627
5623
5619
5608
5607
5605
5602
5597
5594
5593
5590
5586
5584
5581
5577
5576
5573
5569
5568
5565
5559
5553
5552
5547
5548
5545
5539
5540
5530
5529
5529
5532
5525
5518
5516
5519
5516
5515
5513
5510
5509
5507
5505
5506
5505
5503
5500
5497
5493
5494
5489
5486
5486
5482
5474
5474
5472
5467
5466
5459
5456
5454
5447
5445
5439
5438
5437
5427
5427
5424
5426
5425
5416
5411
5416
5413
5406
5399
5398
5400
5397
5394
5392
5390
5389
5388
5384
5381
5387
5387
5384
5379
5379
5374
5372
5373
5370
5361
5364
5358
5360
5356
5344
5345
5347
5344
5342
5335
5336
5338
5336
5333
5334
5332
5327
5324
5323
5320
5317
5316
5311
5307
5306
5305
5303
5300
5298
5298
5296
5293
5289
5288
5291
5290
5281
5282
5287
5285
5280
5278
5275
5273
5268
5268
5265
5260
5259
5257
5251
5248
5251
5248
5242
5236
5235
5236
5232
5224
5223
5226
5221
5221
5212
5211
5215
5212
5210
5206
5205
5204
5201
5201
5200
5198
5196
5197
5194
5194
5193
5193
5191
5190
5190
5189
5188
5187
5188
5181
5182
5188
5185
5184
5179
5179
5182
5181
5177
5174
5173
5169
5167
5166
5162
5162
5160
5157
5153
5149
5144
5142
5134
5131
5135
5129
5127
5119
5114
5118
5118
5107
5108
5107
5107
5107
5103
5100
5094
5095
5099
5098
5097
5093
5092
5093
5089
5090
5087
5088
5085
5086
5076
5078
5082
5081
5079
5077
5078
5077
5078
5074
5075
5072
5070
5067
5067
5064
5064
5062
5053
5054
5050
5053
5049
5048
5048
5043
5043
5039
5033
5033
5035
5033
5025
5025
5030
5030
5026
5026
5025
5016
5017
5023
5019
5019
5015
5014
5019
5018
5016
5016
5017
5016
5015
5016
5014
5008
5011
5016
5013
5012
5008
5004
5003
4998
4997
4994
4991
4985
4983
4986
4985
4976
4976
4977
4976
4976
4975
4972
4970
4971
4969
4968
4966
4960
4957
4962
4960
4950
4952
4950
4953
4953
4951
4951
4950
4948
4946
4948
4945
4943
4940
4939
4935
4935
4933
4929
4927
4928
4931
4929
4928
4926
4925
4918
4917
4921
4917
4911
4909
4908
4912
4909
4904
4902
4903
4902
4899
4896
4896
4896
4892
4893
4891
4888
4886
4886
4885
4883
4879
4879
4881
4880
4878
4875
4876
4872
4870
4874
4872
4866
4866
4866
4871
4869
4863
4865
4870
4867
4866
4865
4864
4856
4859
4865
4860
4859
4860
4858
4855
4853
4853
4851
4848
4847
4845
4841
4839
4837
4834
4827
4827
4826
4832
4828
4826
4824
4816
4816
4816
4820
4815
4814
4811
4813
4812
4811
4809
4808
4806
4805
4801
4802
4807
4807
4806
4800
4800
4804
4805
4796
4800
4800
4803
4802
4799
4798
4804
4804
4800
4802
4797
4799
4797
4794
4794
4790
4789
4788
4794
4793
4790
4788
4789
4788
4783
4785
4784
4783
4782
4779
4779
4778
4775
4773
4768
4766
4770
4767
4764
4763
4760
4762
4762
4763
4764
4762
4759
4759
4757
4754
4751
4751
4749
4746
4741
4741
4739
4742
4741
4736
4733
4738
4736
4733
4728
4726
4730
4726
4718
4720
4722
4722
4722
4721
4721
4718
4718
4716
4712
4713
4716
4715
4713
4715
4707
4709
4707
4712
4712
4710
4709
4710
4709
4709
4707
4707
4704
4703
4707
4706
4704
4703
4702
4701
4699
4700
4698
4692
4693
4694
4695
4695
4691
4690
4689
4687
4687
4683
4683
4683
4681
4679
4677
4671
4670
4668
4675
4671
4666
4664
4670
4668
4668
4666
4664
4660
4659
4664
4663
4661
4654
4657
4657
4654
4654
4651
4648
4648
4646
4641
4642
4639
4637
4635
4635
4635
4632
4632
4632
4629
4623
4625
4626
4627
4629
4627
4624
4621
4621
4626
4626
4624
4623
4622
4615
4615
4621
4618
4616
4612
4611
4616
4613
4613
4611
4608
4609
4606
4606
4605
4607
4605
4602
4603
4602
4601
4602
4602
4601
4603
4601
4601
4601
4603
4597
4598
4602
4598
4597
4591
4594
4600
4597
4594
4593
4598
4597
4593
4588
4587
4591
4591
4588
4588
4587
4585
4583
4583
4583
4582
4581
4584
4582
4580
4585
4583
4581
4579
4577
4575
4573
4569
4567
4570
4570
4567
4567
4566
4566
4562
4564
4562
4560
4561
4557
4554
4555
4559
4557
4557
4556
4550
4550
4551
4556
4552
4552
4551
4551
4549
4550
4548
4547
4546
4546
4542
4540
4539
4535
4531
4538
4536
4533
4532
4531
4533
4530
4528
4524
4529
4529
4527
4526
4526
4523
4520
4524
4523
4519
4519
4520
4523
4523
4523
4520
4518
4519
4517
4515
4512
4514
4515
4515
4515
4517
4518
4517
4514
4514
4518
4513
4514
4513
4511
4511
4509
4514
4511
4510
4511
4507
4508
4510
4505
4505
4511
4508
4507
4505
4502
4497
4496
4499
4498
4493
4493
4494
4497
4496
4495
4493
4491
4487
4486
4485
4483
4482
4482
4481
4480
4476
4476
4476
4481
4477
4470
4471
4475
4470
4470
4468
4466
4462
4461
4466
4462
4460
4460
4458
4456
4456
4458
4456
4455
4455
4457
4455
4455
4453
4456
4455
4454
4454
4453
4454
4447
4448
4453
4449
4449
4449
4447
4444
4446
4444
4443
4435
4436
4437
4439
4440
4439
4439
4431
4433
4433
4433
4432
4425
4424
4431
4429
4427
4424
4425
4422
4423
4428
4430
4430
4429
4426
4425
4425
4418
4418
4425
4423
4420
4419
4419
4419
4417
4411
4412
4417
4415
4413
4417
4418
4419
4423
4416
4421
4420
4424
4421
4420
4420
4418
4418
4418
4417
4415
4413
4411
4412
4410
4408
4407
4406
4398
4396
4401
4401
4392
4396
4396
4399
4401
4401
4402
4399
4400
4399
4399
4397
4395
4395
4395
4395
4390
4390
4392
4397
4394
4387
4390
4397
4393
4394
4391
4392
4391
4392
4392
4391
4388
4384
4387
4390
4389
4382
4383
4389
4390
4387
4387
4387
4386
4384
4379
4382
4382
4385
4384
4382
4379
4380
4381
4380
4379
4381
4376
4378
4384
4383
4383
4384
4383
4384
4386
4380
4379
4385
4385
4383
4381
4381
4381
4380
4380
4377
4377
4377
4376
4375
4374
4374
4375
4367
4370
4371
4375
4374
4367
4365
4370
4369
4369
4365
4366
4361
4362
4366
4365
4363
4365
4364
4357
4359
4364
4363
4359
4361
4361
4360
4361
4360
4360
4360
4360
4358
4357
4356
4355
4355
4351
4348
4349
4353
4354
4348
4350
4352
4352
4349
4348
4348
4348
4351
4348
4347
4353
4354
4354
4347
4349
4354
4354
4353
4352
4352
4356
4356
4355
4356
4354
4355
4351
4352
4350
4346
4344
4349
4348
4347
4344
4344
4342
4341
4342
4341
4336
4335
4335
4338
4338
4334
4334
4331
4331
4336
4335
4336
4331
4330
4335
4334
4329
4329
4329
4334
4334
4332
4331
4330
4330
4329
4330
4328
4322
4324
4329
4325
4327
4327
4328
4325
4324
4324
4325
4325
4326
4329
4329
4330
4333
4334
4333
4334
4332
4329
4331
4334
4332
4331
4331
4329
4324
4324
4319
4319
4316
4316
4306
4307
4306
4307
4308
4303
4302
4307
4303
4301
4297
4296
4301
4302
4300
4298
4298
4298
4296
4296
4297
4296
4296
4296
4294
4295
4292
4292
4293
4293
4292
4292
4290
4287
4286
4291
4289
4285
4284
4291
4289
4288
4288
4288
4284
4284
4289
4289
4287
4288
4289
4289
4290
4291
4295
4298
4299
4303
4299
4298
4303
4298
4298
4296
4294
4289
4287
4293
4288
4286
4286
4282
4282
4280
4279
4280
4274
4273
4276
4279
4278
4275
4276
4272
4273
4272
4273
4273
4270
4270
4268
4266
4261
4262
4263
4265
4267
4261
4262
4267
4264
4265
4264
4266
4264
4263
4258
4258
4265
4263
4262
4263
4261
4260
4261
4262
4259
4262
4261
4264
4264
4265
4268
4266
4267
4264
4266
4268
4269
4261
4262
4266
4265
4261
4256
4255
4259
4258
4258
4257
4254
4254
4252
4253
4253
4247
4248
4249
4253
4251
4249
4250
4257
4254
4252
4253
4249
4251
4250
4247
4250
4248
4247
4250
4249
4251
4247
4245
4253
4249
4248
4247
4244
4244
4243
4237
4240
4242
4243
4243
4239
4241
4241
4238
4232
4234
4234
4239
4237
4237
4237
4236
4236
4234
4234
4233
4228
4230
4234
4234
4226
4229
4228
4236
4234
4233
4235
4243
4243
4242
4241
4240
4240
4237
4237
4234
4234
4234
4232
4229
4230
4227
4228
4223
4224
4225
4225
4226
4220
4219
4222
4220
4220
4213
4216
4221
4221
4222
4220
4222
4221
4219
4220
4219
4218
4215
4217
4214
4214
4215
4211
4213
4211
4209
4211
4209
4209
4210
4210
4211
4212
4211
4214
4212
4212
4207
4207
4212
4210
4207
4207
4209
4214
4214
4212
4214
4219
4218
4215
4212
4212
4215
4215
4210
4210
4208
4210
4212
4205
4205
4211
4209
4207
4206
4203
4202
4201
4198
4199
4196
4197
4195
4195
4197
4191
4195
4198
4199
4196
4198
4197
4199
4200
4201
4203
4202
4205
4203
4201
4203
4209
4210
4209
4211
4211
4209
4210
4216
4215
4214
4213
4212
4211
4209
4202
4202
4203
4200
4198
4193
4194
4190
4187
4183
4180
4187
4183
4183
4180
4180
4182
4180
4183
4183
4184
4185
4184
4186
4186
4184
4184
4178
4177
4178
4180
4180
4180
4177
4178
4177
4176
4177
4177
4177
4177
4184
4183
4180
4176
4175
4183
4180
4180
4179
4172
4172
4172
4175
4176
4168
4170
4174
4173
4172
4170
4172
4164
4168
4173
4170
4171
4168
4170
4170
4171
4169
4171
4168
4168
4169
4166
4167
4165
4164
4164
4162
4163
4166
4163
4165
4164
4166
4168
4164
4163
4162
4166
4166
4165
4170
4164
4166
4167
4172
4172
4167
4168
4175
4171
4172
4167
4166
4170
4166
4167
4166
4165
4165
4165
4164
4162
4162
4161
4160
4158
4157
4156
4156
4154
4154
4155
4154
4155
4151
4152
4159
4160
4155
4156
4159
4163
4161
4157
4159
4161
4159
4154
4151
4153
4154
4154
4154
4151
4153
4151
4151
4152
4150
4151
4152
4151
4152
4149
4147
4146
4153
4150
4151
4149
4151
4151
4150
4149
4149
4154
4152
4152
4154
4151
4153
4151
4148
4150
4153
4151
4151
4149
4149
4151
4148
4149
4147
4143
4141
4142
4147
4145
4140
4141
4145
4143
4143
4138
4138
4144
4144
4143
4143
4146
4146
4147
4147
4145
4142
4142
4146
4147
4144
4139
4140
4143
4144
4143
4143
4145
4142
4142
4144
4143
4144
4144
4143
4144
4145
4142
4144
4145
4144
4146
4143
4140
4141
4139
4140
4135
4135
4137
4134
4136
4137
4136
4137
4132
4131
4133
4135
4133
4129
4129
4133
4135
4127
4128
4127
4132
4132
4124
4126
4132
4130
4130
4128
4128
4130
4128
4129
4127
4128
4126
4126
4123
4123
4125
4123
4120
4122
4124
4129
4131
4130
4131
4127
4126
4128
4130
4131
4126
4129
4134
4132
4132
4127
4127
4126
4123
4124
4124
4123
4126
4128
4125
4126
4124
4124
4125
4124
4125
4122
4120
4121
4117
4117
4116
4114
4110
4109
4111
4112
4110
4110
4110
4109
4112
4107
4110
4114
4114
4112
4111
4115
4120
4122
4121
4122
4132
4132
4135
4136
4139
4149
4153
4152
4160
4168
4175
4180
4186
4194
4196
4204
4217
4223
4231
4239
4246
4252
4260
4269
4276
4283
4292
4299
4302
4310
4321
4328
4334
4340
4344
4350
4353
4360
4363
4369
4371
4373
4378
4378
4381
