4362
4361
4359
4354
4355
4358
4353
4349
4346
4349
4346
4342
4333
4332
4331
4328
4324
4319
4317
4311
4305
4298
4294
4296
4289
4284
4282
4278
4273
4271
4266
4261
4257
4254
4250
4248
4244
4237
4231
4235
4229
4229
4220
4219
4218
4215
4211
4209
4205
4202
4200
4196
4194
4192
4187
4184
4182
4179
4172
4171
4171
4171
4167
4166
4166
4164
4160
4156
4154
4158
4157
4154
4151
4152
4150
4148
4145
4143
4146
4145
4141
4134
4135
4136
4133
4130
4126
4125
4123
4120
4120
4120
4119
4118
4114
4110
4109
4115
4111
4111
4108
4109
4108
4110
4107
4107
4111
4111
4110
4109
4108
4106
4104
4104
4103
4100
4100
4096
4091
4091
4094
4093
4085
4086
4089
4088
4084
4083
4084
4081
4082
4077
4077
4078
4081
4079
4077
4078
4076
4076
4075
4075
4075
4073
4073
4068
4068
4074
4073
4072
4069
4065
4073
4071
4068
4069
4068
4065
4064
4068
4067
4064
4063
4062
4063
4064
4063
4062
4064
4062
4063
4063
4063
4059
4061
4063
4062
4060
4057
4057
4054
4055
4053
4050
4047
4046
4050
4051
4047
4049
4047
4047
4049
4047
4047
4048
4043
4045
4049
4047
4044
4044
4044
4049
4049
4041
4046
4048
4048
4046
4047
4048
4045
4045
4045
4043
4042
4044
4042
4039
4039
4040
4039
4034
4034
4033
4039
4039
4034
4037
4040
4039
4041
4040
4041
4042
4041
4038
4038
4045
4045
4042
4042
4042
4035
4036
4041
4037
4037
4035
4034
4033
4035
4031
4033
4033
4033
4033
4031
4033
4036
4037
4035
4036
4039
4035
4036
4043
4042
4043
4043
4041
4043
4044
4042
4044
4038
4038
4040
4042
4041
4039
4041
4042
4042
4039
4040
4040
4045
4041
4041
4043
4041
4040
4041
4041
4039
4039
4039
4038
4036
4036
4034
4033
4039
4038
4036
4036
4032
4034
4031
4038
4037
4036
4038
4033
4033
4035
4040
4039
4034
4038
4042
4041
4041
4041
4041
4043
4044
4043
4046
4046
4046
4048
4048
4049
4052
4052
4052
4054
4057
4056
4059
4062
4064
4059
4061
4065
4067
4069
4069
4069
4073
4073
4070
4074
4077
4081
4083
4086
4085
4089
4090
4093
4088
4091
4097
4099
4093
4098
4100
4102
4105
4102
4104
4107
4109
4110
4115
4115
4119
4119
4122
4124
4123
4125
4126
4123
4128
4136
4133
4139
4142
4143
4147
4151
4148
4151
4162
4163
4165
4170
4174
4171
4177
4185
4188
4186
4194
4199
4207
4211
4212
4214
4227
4231
4235
4237
4241
4247
4252
4250
4258
4266
4273
4278
4282
4285
4294
4297
4302
4309
4313
4317
4324
4324
4328
4341
4345
4350
4357
4360
4366
4373
4381
4386
4393
4400
4406
4415
4421
4428
4437
4442
4450
4459
4461
4471
4483
4488
4491
4500
4509
4518
4524
4529
4538
4550
4559
4563
4574
4582
4590
4601
4603
4615
4632
4634
4644
4653
4661
4669
4678
4686
4696
4703
4713
4723
4731
4741
4753
4761
4766
4778
4787
4803
4814
4818
4829
4845
4855
4865
4875
4885
4898
4907
4919
4931
4939
4948
4963
4977
4987
4996
5006
5023
5036
5047
5060
5074
5085
5098
5113
5126
5138
5151
5164
5175
5188
5202
5213
5224
5234
5249
5267
5277
5284
5292
5311
5318
5327
5338
5348
5367
5375
5386
5400
5410
5418
5427
5446
5456
5469
5483
5491
5505
5521
5541
5555
5571
5586
5601
5620
5633
5644
5657
5668
5677
5692
5702
5715
5726
5738
5752
5765
5775
5790
5799
5814
5829
5843
5857
5871
5888
5897
5913
5930
5951
5964
5975
5992
6005
6022
6034
6043
6057
6076
6088
6091
6105
6120
6129
6141
6146
6161
6177
6188
6190
6204
6210
6220
6226
6220
6228
6236
6238
6242
6250
6253
6261
6267
6278
6285
6302
6313
6330
6343
6359
6371
6388
6406
6420
6442
6454
6475
6496
6513
6526
6544
6558
6581
6600
6614
6629
6644
6661
6675
6689
6702
6714
6732
6754
6772
6789
6810
6824
6841
6856
6874
6890
6905
6923
6935
6953
6967
6983
6999
7016
7032
7048
7064
7081
7097
7114
7123
7142
7165
7176
7190
7202
7212
7234
7243
7252
7265
7280
7294
7307
7314
7327
7345
7353
7366
7377
7386
7391
7401
7416
7420
7425
7425
7434
7434
7441
7444
7451
7457
7464
7469
7479
7483
7496
7504
7503
7511
7522
7529
7536
7543
7550
7551
7557
7573
7577
7586
7596
7604
7614
7623
7629
7644
7655
7673
7681
7693
7703
7716
7723
7734
7745
7752
7761
7770
7775
7785
7798
7805
7812
7817
7827
7834
7843
7844
7854
7860
7875
7882
7888
7896
7895
7900
7901
7905
7909
7916
7922
7926
7932
7949
7954
7962
7974
7983
7984
7996
8011
8020
8026
8031
8037
8041
8047
8049
8058
8065
8072
8081
8083
8096
8108
8104
8098
8098
8095
8099
8100
8098
8097
8093
8098
8099
8104
8104
8099
8106
8119
8124
8131
8136
8148
8158
8168
8170
8183
8200
8208
8218
8228
8239
8247
8258
8265
8273
8280
8288
8290
8290
8289
8289
8285
8287
8285
8280
8273
8271
8277
8276
8278
8281
8287
8288
8292
8303
8305
8303
8305
8301
8299
8305
8297
8306
8312
8314
8308
8311
8315
8325
8327
8329
8335
8335
8339
8341
8347
8349
8345
8351
8359
8364
8366
8373
8376
8377
8382
8395
8398
8401
8411
8413
8420
8425
8430
8440
8445
8447
8453
8455
8457
8467
8468
8477
8483
8488
8487
8490
8494
8491
8487
8485
8479
8476
8472
8458
8460
8465
8464
8457
8461
8466
8473
8477
8473
8475
8483
8484
8484
8483
8483
8473
8473
8478
8470
8462
8457
8457
8455
8453
8451
8444
8442
8437
8436
8433
8429
8429
8428
8422
8420
8416
8415
8414
8406
8413
8417
8416
8410
8402
8402
8404
8401
8397
8398
8385
8391
8391
8395
8392
8386
8389
8394
8392
8391
8391
8389
8388
8384
8377
8376
8381
8381
8383
8380
8378
8380
8376
8372
8368
8366
8364
8361
8361
8358
8358
8358
8358
8362
8359
8359
8363
8364
8366
8361
8361
8362
8367
8368
8362
8365
8370
8371
8371
8369
8369
8376
8376
8376
8376
8379
8379
8381
8381
8376
8368
8365
8366
8365
8358
8358
8354
8342
8345
8352
8348
8345
8345
8344
8344
8343
8343
8343
8342
8334
8340
8343
8341
8339
8333
8325
8322
8319
8319
8313
8312
8311
8305
8304
8303
8297
8297
8302
8300
8299
8292
8290
8286
8279
8273
8273
8276
8267
8262
8255
8252
8242
8238
8228
8219
8211
8208
8199
8193
8186
8189
8184
8181
8180
8176
8172
8165
8154
8152
8153
8147
8142
8136
8131
8127
8119
8114
8111
8102
8099
8094
8085
8084
8088
8086
8081
8078
8075
8072
8072
8061
8059
8068
8060
8066
8064
8065
8066
8063
8059
8063
8068
8068
8068
8065
8069
8065
8063
8058
8059
8058
8062
8054
8049
8047
8052
8047
8043
8039
8034
8029
8025
8021
8019
8016
8014
8011
8011
8006
8004
8003
7998
7997
7990
7988
7985
7982
7980
7969
7969
7967
7965
7959
7953
7948
7952
7945
7942
7937
7933
7925
7920
7924
7915
7910
7903
7900
7890
7887
7877
7871
7855
7848
7838
7832
7821
7806
7799
7801
7790
7785
7782
7775
7773
7766
7765
7759
7749
7746
7744
7743
7738
7731
7725
7714
7711
7712
7709
7706
7702
7699
7695
7694
7687
7686
7682
7680
7676
7676
7675
7664
7666
7663
7668
7665
7662
7659
7657
7657
7656
7655
7652
7645
7640
7642
7635
7632
7626
7621
7614
7609
7608
7603
7599
7597
7591
7585
7579
7581
7578
7572
7569
7566
7565
7562
7558
7552
7551
7545
7544
7537
7536
7535
7528
7523
7520
7525
7520
7515
7511
7511
7507
7500
7498
7499
7492
7493
7488
7482
7478
7480
7473
7464
7460
7459
7458
7453
7449
7443
7440
7432
7430
7420
7414
7414
7409
7398
7392
7391
7388
7381
7370
7367
7366
7359
7351
7345
7338
7335
7325
7318
7313
7313
7306
7302
7295
7295
7281
7279
7279
7274
7265
7260
7258
7252
7247
7240
7238
7229
7229
7224
7220
7214
7209
7205
7200
7194
7186
7178
7174
7176
7167
7167
7159
7154
7151
7142
7137
7133
7122
7118
7119
7115
7107
7102
7095
7088
7083
7087
7079
7074
7069
7065
7061
7055
7046
7044
7042
7039
7034
7027
7021
7007
7003
7006
6999
6991
6982
6976
6973
6963
6955
6952
6944
6940
6932
6929
6923
6921
6918
6914
6911
6910
6908
6900
6899
6892
6884
6877
6877
6873
6865
6849
6846
6848
6840
6833
6829
6824
6820
6815
6807
6805
6802
6800
6797
6792
6787
6783
6776
6773
6766
6764
6754
6755
6748
6746
6738
6736
6730
6718
6715
6715
6713
6707
6706
6698
6695
6693
6697
6690
6682
6685
6689
6682
6677
6668
6666
6667
6662
6655
6649
6645
6643
6634
6629
6621
6617
6608
6603
6599
6591
6589
6586
6577
6572
6577
6568
6566
6555
6553
6553
6549
6545
6540
6538
6531
6526
6531
6525
6517
6516
6512
6513
6503
6494
6492
6491
6487
6481
6477
6476
6471
6466
6458
6456
6451
6445
6440
6436
6433
6426
6422
6417
6410
6405
6399
6393
6388
6379
6374
6366
6363
6355
6349
6345
6340
6329
6324
6325
6318
6314
6303
6303
6303
6301
6292
6290
6294
6293
6292
6285
6285
6287
6285
6282
6281
6278
6272
6270
6274
6268
6259
6257
6255
6259
6256
6255
6249
6248
6240
6236
6229
6222
6215
6212
6198
6196
6196
6189
6183
6181
6174
6169
6164
6160
6156
6154
6150
6145
6137
6134
6141
6134
6131
6127
6125
6122
6121
6118
6116
6112
6113
6108
6102
6100
6103
6099
6089
6090
6085
6091
6085
6085
6079
6072
6068
6070
6068
6064
6057
6052
6056
6053
6050
6046
6041
6040
6035
6035
6031
6026
6025
6020
6019
6018
6017
6013
6012
6008
6006
6004
5999
5996
5991
5983
5976
5979
5973
5966
5957
5955
5954
5947
5935
5936
5931
5935
5930
5920
5917
5921
5914
5910
5906
5902
5895
5890
5894
5890
5887
5884
5882
5882
5878
5873
5871
5878
5872
5870
5868
5867
5863
5863
5860
5858
5854
5856
5851
5848
5846
5845
5843
5840
5840
5834
5828
5825
5832
5826
5826
5822
5823
5816
5816
5814
5811
5805
5807
5802
5798
5797
5793
5788
5777
5776
5776
5771
5763
5758
5753
5748
5744
5738
5735
5731
5724
5721
5726
5718
5717
5714
5711
5710
5709
5700
5698
5702
5700
5691
5689
5686
5689
5688
5686
5684
5679
5677
5677
5667
5664
5664
5663
5658
5658
5655
5653
5649
5640
5638
5641
5638
5634
5631
5628
5626
5624
5615
5615
5616
5614
5613
5611
5607
5597
5597
5598
5596
5593
5591
5587
5587
5582
5579
5574
5574
5570
5564
5562
5558
5555
5549
5541
5538
5538
5536
5532
5528
5526
5522
5519
5516
5511
5508
5499
5499
5501
5498
5488
5485
5484
5487
5482
5481
5475
5466
5466
5467
5466
5459
5458
5453
5450
5450
5446
5446
5441
5440
5436
5429
5426
5434
5428
5426
5421
5421
5419
5416
5413
5409
5406
5403
5402
5409
5405
5405
5400
5400
5395
5393
5388
5387
5382
5382
5369
5370
5367
5369
5366
5362
5361
5356
5357
5352
5349
5346
5351
5351
5348
5349
5346
5344
5343
5345
5342
5334
5335
5336
5331
5328
5323
5320
5313
5311
5299
5299
5297
5298
5295
5295
5292
5292
5291
5288
5282
5283
5285
5283
5281
5279
5275
5276
5273
5270
5271
5266
5262
5259
5258
5253
5249
5248
5239
5238
5242
5239
5233
5230
5230
5230
5228
5225
5222
5217
5214
5212
5216
5213
5202
5204
5209
5205
5203
5197
5194
5197
5193
5190
5189
5188
5182
5183
5182
5179
5179
5177
5177
5176
5174
5174
5174
5170
5167
5166
5164
5164
5160
5158
5153
5150
5155
5153
5150
5150
5149
5142
5141
5144
5139
5139
5137
5134
5135
5133
5126
5126
5131
5130
5130
5128
5125
5126
5125
5114
5117
5118
5116
5114
5105
5104
5109
5105
5098
5098
5095
5086
5088
5088
5084
5082
5079
5077
5073
5070
5070
5065
5063
5061
5056
5054
5052
5049
5048
5040
5037
5042
5038
5034
5033
5029
5024
5024
5028
5023
5024
5021
5022
5019
5020
5012
5010
5014
5013
5010
5008
5005
5007
5002
4995
4994
4997
4997
4996
4993
4992
4990
4986
4985
4983
4980
4980
4974
4969
4968
4969
4969
4967
4960
4961
4964
4961
4960
4957
4954
4950
4947
4952
4950
4948
4947
4946
4944
4943
4942
4943
4937
4938
4939
4937
4936
4935
4931
4923
4923
4926
4921
4921
4912
4914
4918
4913
4914
4911
4911
4907
4907
4912
4912
4910
4908
4910
4908
4906
4907
4908
4904
4908
4906
4903
4901
4903
4901
4901
4900
4898
4897
4895
4890
4887
4877
4874
4878
4872
4865
4859
4861
4863
4858
4856
4856
4854
4852
4851
4845
4844
4847
4844
4841
4837
4839
4831
4830
4835
4832
4828
4828
4827
4822
4821
4817
4816
4821
4819
4816
4814
4816
4815
4813
4814
4812
4810
4811
4812
4812
4815
4809
4813
4818
4815
4814
4814
4813
4807
4807
4809
4806
4802
4800
4799
4797
4796
4795
4795
4794
4791
4789
4783
4781
4782
4780
4774
4770
4774
4772
4771
4772
4770
4765
4764
4769
4765
4762
4759
4757
4760
4758
4756
4754
4752
4750
4752
4745
4745
4748
4747
4745
4743
4743
4741
4741
4741
4741
4739
4740
4736
4735
4735
4733
4730
4731
4729
4729
4728
4725
4727
4725
4720
4721
4725
4725
4725
4722
4722
4726
4724
4719
4717
4718
4724
4724
4722
4722
4719
4719
4721
4724
4722
4720
4717
4714
4710
4708
4708
4706
4704
4704
4702
4701
4700
4699
4697
4694
4689
4682
4681
4684
4681
4679
4672
4672
4672
4669
4663
4663
4663
4665
4660
4662
4661
4659
4659
4654
4652
4653
4655
4653
4648
4646
4653
4652
4648
4643
4646
4649
4646
4649
4646
4645
4645
4644
4641
4641
4642
4638
4637
4636
4635
4633
4631
4626
4627
4629
4627
4628
4625
4624
4624
4624
4623
4624
4620
4619
4619
4622
4622
4623
4620
4614
4615
4615
4620
4618
4616
4617
4614
4615
4611
4609
4607
4601
4600
4603
4600
4597
4596
4595
4593
4594
4586
4586
4592
4586
4584
4580
4578
4583
4582
4581
4582
4580
4578
4575
4581
4580
4578
4578
4576
4577
4575
4577
4577
4574
4575
4576
4574
4574
4573
4572
4572
4571
4569
4568
4567
4564
4563
4563
4560
4559
4558
4553
4548
4549
4551
4547
4547
4544
4547
4550
4549
4549
4551
4544
4542
4550
4546
4546
4542
4541
4548
4546
4540
4540
4542
4542
4541
4537
4536
4540
4536
4536
4534
4536
4532
4530
4530
4528
4526
4524
4523
4517
4516
4522
4521
4519
4516
4515
4514
4511
4513
4512
4506
4507
4514
4511
4509
4511
4510
4506
4506
4510
4510
4510
4504
4505
4511
4509
4507
4509
4507
4508
4508
4505
4504
4503
4499
4499
4500
4495
4497
4496
4492
4492
4499
4495
4496
4489
4491
4493
4492
4487
4487
4488
4491
4488
4488
4489
4490
4488
4488
4486
4484
4481
4479
4480
4475
4475
4472
4471
4471
4469
4469
4469
4469
4467
4465
4461
4460
4465
4460
4453
4455
4456
4456
4455
4452
4455
4455
4455
4456
4459
4459
4454
4454
4461
4457
4451
4453
4452
4454
4453
4453
4454
4453
4454
4454
4457
4454
4454
4454
4452
4450
4444
4443
4443
4447
4444
4442
4443
4434
4435
4440
4438
4438
4440
4434
4435
4435
4433
4434
4436
4431
4429
4435
4432
4432
4429
4428
4422
4424
4427
4424
4426
4426
4423
4424
4423
4429
4427
4421
4424
4427
4427
4426
4425
4424
4423
4421
4421
4422
4421
4419
4419
4417
4416
4414
4414
4414
4415
4414
4409
4412
4415
4416
4412
4414
4416
4420
4418
4418
4416
4417
4417
4418
4416
4419
4422
4423
4419
4419
4418
4415
4412
4411
4409
4401
4400
4405
4405
4403
4400
4403
4407
4407
4407
4405
4405
4403
4401
4399
4397
4401
4401
4399
4395
4394
4392
4390
4388
4387
4386
4382
4383
4381
4379
4379
4378
4375
4378
4375
4376
4372
4370
4370
4374
4375
4375
4377
4380
4379
4380
4388
4387
4380
4384
4386
4388
4389
4386
4385
4376
4380
4378
4382
4383
4375
4377
4380
4377
4375
4374
4369
4370
4367
4365
4364
4360
4360
4360
4358
4355
4355
4355
4353
4352
4351
4348
4347
4352
4354
4355
4353
4355
4356
4350
4353
4352
4351
4351
4346
4346
4346
4351
4349
4344
4344
4351
4350
4348
4345
4344
4349
4348
4346
4346
4348
4349
4350
4347
4345
4345
4344
4336
4337
4335
4338
4336
4333
4330
4329
4326
4325
4322
4319
4315
4318
4316
4312
4312
4308
4307
4313
4311
4308
4307
4306
4306
4303
4305
4305
4301
4302
4298
4298
4299
4305
4303
4303
4305
4304
4304
4303
4303
4301
4295
4296
4300
4300
4295
4294
4292
4298
4296
4294
4294
4293
4292
4293
4292
4290
4287
4286
4293
4290
4288
4289
4289
4288
4288
4282
4283
4289
4287
4286
4287
4287
4285
4285
4286
4285
4285
4281
4282
4285
4282
4282
4282
4282
4279
4281
4284
4282
4282
4281
4282
4281
4281
4282
4283
4275
4277
4282
4279
4279
4277
4278
4274
4273
4280
4278
4276
4276
4274
4276
4275
4276
4275
4269
4271
4269
4276
4276
4275
4275
4273
4273
4272
4270
4269
4274
4274
4268
4268
4270
4274
4273
4272
4275
4271
4271
4276
4279
4276
4278
4276
4277
4276
4275
4274
4274
4275
4273
4272
4272
4273
4274
4272
4272
4272
4272
4270
4265
4265
4269
4267
4265
4262
4262
4256
4256
4262
4258
4258
4256
4256
4253
4254
4249
4249
4252
4255
4255
4254
4256
4255
4252
4254
4254
4252
4248
4249
4253
4253
4245
4247
4248
4250
4249
4249
4249
4248
4249
4247
4246
4247
4246
4244
4239
4241
4246
4245
4246
4244
4244
4245
4243
4245
4244
4243
4239
4241
4242
4243
4238
4237
4239
4240
4238
4234
4236
4240
4238
4239
4237
4235
4231
4233
4235
4234
4234
4233
4232
4229
4229
4234
4234
4235
4233
4234
4235
4235
4234
4234
4235
4234
4233
4234
4235
4229
4231
4236
4233
4228
4229
4229
4234
4232
4228
4228
4227
4227
4227
4226
4225
4223
4223
4221
4220
4222
4219
4219
4216
4213
4220
4219
4212
4213
4215
4218
4218
4213
4213
4218
4215
4216
4215
4214
4212
4212
4215
4213
4212
4212
4214
4210
4210
4207
4205
4213
4209
4210
4209
4211
4208
4209
4207
4207
4204
4201
4202
4206
4206
4199
4199
4204
4204
4202
4199
4201
4200
4198
4198
4197
4196
4197
4198
4196
4198
4191
4192
4195
4194
4195
4188
4190
4193
4192
4193
4191
4194
4192
4191
4193
4192
4196
4196
4195
4194
4195
4199
4198
4191
4192
4196
4194
4194
4193
4190
4186
4184
4191
4189
4185
4187
4185
4188
4187
4180
4183
4183
4188
4186
4180
4184
4184
4184
4182
4182
4182
4180
4181
4179
4179
4178
4177
4177
4178
4178
4178
4176
4172
4173
4173
4178
4176
4178
4177
4172
4175
4177
4177
4178
4175
4177
4174
4174
4171
4173
4173
4175
4176
4175
4173
4174
4174
4173
4171
4173
4173
4171
4173
4171
4172
4172
4171
4168
4166
4172
4172
4169
4172
4170
4169
4172
4166
4167
4172
4170
4170
4166
4165
4169
4169
4168
4168
4164
4166
4165
4170
4170
4169
4167
4169
4167
4167
4168
4166
4169
4168
4168
4169
4169
4162
4164
4167
4168
4163
4162
4167
4167
4166
4165
4165
4161
4161
4167
4164
4164
4164
4164
4161
4159
4159
4160
4161
4158
4160
4153
4155
4159
4157
4156
4156
4156
4155
4155
4152
4153
4155
4152
4151
4149
4151
4145
4146
4150
4149
4149
4145
4145
4150
4150
4149
4146
4148
4147
4146
4143
4144
4138
4139
4143
4143
4143
4145
4143
4139
4140
4144
4143
4141
4142
4140
4139
4139
4132
4135
4136
4138
4138
4138
4139
4137
4138
4136
4138
4136
4135
4136
4134
4136
4136
4133
4135
4131
4132
4136
4135
4129
4133
4135
4135
4134
4135
4133
4129
4129
4135
4134
4133
4131
4131
4128
4126
4132
4131
4128
4129
4129
4128
4128
4121
4124
4126
4129
4128
4123
4125
4128
4129
4126
4125
4126
4119
4122
4124
4124
4125
4123
4123
4120
4121
4123
4120
4122
4122
4118
4118
4117
4123
4121
4122
4121
4118
4120
4120
4117
4117
4115
4113
4109
4111
4110
4115
4112
4109
4106
4114
4111
4110
4111
4110
4112
4110
4111
4110
4109
4109
4110
4109
4105
4107
4108
4110
4109
4109
4105
4105
4109
4110
4107
4109
4104
4105
4105
4110
4108
4104
4104
4110
4110
4106
4105
4103
4110
4106
4101
4102
4103
4105
4106
4104
4104
4098
4099
4102
4103
4104
4103
4104
4100
4101
4099
4101
4100
4097
4095
4102
4100
4099
4099
4098
4099
4098
4100
4100
4101
4099
4101
4101
4102
4098
4099
4104
4100
4102
4101
4100
4100
4099
4099
4097
4093
4094
4094
4099
4097
4098
4096
4091
4091
4094
4095
4093
4091
4090
4097
4093
4094
4092
4094
4093
4092
4093
4090
4092
4092
4093
4094
4093
4094
4094
4095
4095
4095
4093
4094
4089
4091
4094
4093
4092
4092
4092
4090
4091
4083
4086
4089
4084
4084
4084
4083
4082
4081
4078
4079
4082
4082
4083
4077
4079
4082
4083
4077
4077
4079
4082
4082
4080
4080
4080
4081
4080
4080
4077
4079
4080
4077
4079
4074
4073
4073
4076
4076
4074
4077
4075
4074
4074
4074
4074
4074
4076
4068
4072
4072
4076
4075
4071
4071
4076
4075
4077
4076
4073
4076
4077
4076
4075
4075
4076
4077
4076
4077
4077
4078
4076
4075
4077
4075
4077
4075
4075
4076
4074
4076
4074
4075
4069
4071
4076
4075
4072
4070
4073
4075
4075
4069
4069
4077
4071
4072
4070
4069
4067
4070
4064
4067
4070
4075
4077
4073
4078
4085
4088
4089
4093
4099
4111
4113
4116
4123
4136
4142
4148
4155
4162
4171
4179
4184
4194
4199
4207
4214
4219
4229
4238
4248
4252
4260
4264
4273
4278
4285
4293
4291
4300
4305
4316
4320
4325
4328
4334
4335
4336
4340
4342
4344
4344
