4267
4266
4264
4263
4263
4262
4260
4256
4253
4250
4248
4242
4237
4234
4237
4231
4228
4223
4218
4209
4206
4208
4203
4199
4195
4192
4186
4182
4183
4178
4172
4164
4164
4162
4158
4155
4152
4143
4140
4137
4139
4133
4131
4128
4126
4122
4119
4116
4113
4111
4109
4107
4104
4101
4099
4097
4090
4088
4092
4087
4085
4084
4081
4082
4077
4071
4071
4075
4072
4070
4062
4062
4065
4064
4062
4060
4061
4059
4058
4053
4051
4055
4053
4051
4047
4047
4041
4040
4042
4041
4038
4036
4034
4033
4032
4031
4028
4027
4026
4023
4024
4022
4023
4023
4019
4021
4024
4023
4021
4020
4021
4016
4015
4019
4017
4017
4014
4012
4014
4013
4015
4015
4016
4016
4016
4019
4017
4019
4015
4011
4010
4010
4013
4011
4011
4009
4001
4000
4001
4005
4006
4007
4007
4002
4004
4007
4009
4006
4001
3998
4002
3999
3998
3995
3994
3994
3995
3994
3995
3994
3993
3992
3985
3987
3989
3989
3986
3986
3984
3982
3983
3985
3981
3983
3982
3982
3981
3983
3982
3980
3979
3978
3976
3977
3977
3972
3973
3976
3974
3973
3974
3974
3972
3974
3971
3971
3977
3976
3971
3972
3972
3976
3975
3976
3974
3971
3971
3973
3973
3973
3975
3975
3975
3975
3973
3971
3972
3977
3974
3974
3972
3972
3973
3973
3967
3968
3971
3970
3963
3963
3964
3966
3964
3959
3958
3963
3961
3960
3961
3960
3960
3961
3964
3968
3971
3973
3975
3975
3975
3978
3979
3979
3977
3976
3976
3972
3973
3971
3969
3968
3967
3966
3966
3962
3962
3967
3969
3965
3968
3970
3975
3974
3967
3968
3975
3973
3972
3970
3970
3965
3967
3972
3969
3966
3962
3965
3967
3968
3965
3967
3967
3966
3965
3964
3964
3964
3966
3965
3964
3965
3967
3966
3968
3968
3962
3962
3964
3968
3967
3963
3966
3971
3970
3967
3967
3968
3973
3973
3969
3970
3979
3979
3981
3981
3983
3983
3984
3983
3984
3983
3984
3985
3985
3984
3984
3985
3985
3985
3988
3988
3988
3990
3993
3991
3992
3994
3999
3999
3997
3998
4003
4005
4002
4000
4003
4010
4008
4005
4008
4015
4015
4015
4016
4019
4016
4020
4026
4027
4031
4032
4036
4040
4041
4042
4043
4044
4046
4045
4046
4050
4052
4055
4052
4056
4060
4066
4070
4073
4078
4076
4080
4085
4094
4096
4099
4100
4102
4102
4106
4109
4112
4113
4117
4123
4125
4127
4129
4133
4137
4138
4140
4144
4140
4148
4156
4165
4169
4168
4177
4190
4191
4195
4197
4199
4208
4212
4215
4217
4220
4224
4228
4234
4237
4240
4244
4250
4255
4260
4266
4271
4277
4284
4284
4290
4298
4308
4315
4321
4327
4328
4336
4348
4355
4363
4370
4378
4382
4390
4398
4405
4411
4420
4428
4432
4440
4454
4461
4470
4474
4483
4497
4506
4515
4522
4532
4543
4552
4561
4571
4575
4589
4604
4611
4621
4630
4640
4643
4653
4669
4676
4684
4694
4704
4712
4719
4731
4741
4750
4763
4775
4784
4797
4805
4817
4831
4842
4852
4861
4870
4881
4892
4903
4913
4925
4932
4944
4962
4974
4984
4994
5006
5016
5026
5033
5045
5061
5069
5083
5093
5104
5115
5128
5142
5151
5161
5173
5187
5204
5216
5229
5244
5251
5268
5286
5297
5310
5325
5336
5344
5360
5376
5389
5398
5407
5418
5429
5437
5450
5463
5473
5485
5498
5511
5524
5529
5545
5565
5576
5588
5598
5611
5628
5642
5651
5666
5677
5690
5707
5724
5736
5749
5765
5781
5800
5814
5823
5836
5844
5858
5879
5892
5904
5920
5935
5949
5967
5981
5997
6014
6032
6048
6060
6081
6102
6119
6134
6152
6167
6183
6198
6208
6226
6247
6258
6274
6285
6296
6318
6331
6344
6359
6375
6386
6402
6419
6432
6447
6456
6470
6485
6499
6512
6526
6533
6548
6570
6580
6594
6606
6620
6634
6646
6657
6669
6679
6682
6697
6711
6721
6734
6738
6749
6756
6765
6783
6793
6801
6809
6822
6827
6836
6841
6851
6870
6881
6890
6902
6913
6923
6933
6948
6956
6960
6979
6991
7008
7019
7027
7040
7043
7054
7071
7077
7083
7089
7091
7094
7102
7107
7110
7117
7121
7132
7142
7152
7157
7169
7179
7187
7201
7207
7221
7242
7252
7265
7278
7292
7300
7317
7335
7344
7349
7364
7379
7398
7406
7412
7429
7447
7453
7465
7475
7481
7492
7495
7500
7508
7516
7525
7537
7544
7556
7566
7576
7591
7604
7613
7620
7632
7640
7648
7647
7651
7657
7665
7664
7660
7660
7672
7673
7668
7673
7677
7686
7686
7690
7692
7693
7702
7710
7716
7723
7728
7734
7748
7756
7759
7763
7772
7782
7788
7796
7803
7811
7818
7825
7835
7843
7855
7863
7865
7877
7883
7895
7904
7902
7910
7927
7930
7939
7946
7955
7962
7968
7974
7983
7988
7996
8003
8012
8019
8025
8034
8034
8042
8048
8059
8062
8063
8065
8061
8063
8070
8073
8075
8073
8075
8073
8067
8064
8063
8064
8071
8072
8075
8079
8084
8090
8096
8102
8109
8125
8133
8141
8149
8155
8160
8168
8172
8176
8181
8185
8184
8185
8186
8180
8178
8181
8176
8164
8166
8168
8171
8173
8164
8170
8179
8183
8184
8183
8188
8195
8194
8195
8200
8201
8210
8215
8215
8218
8222
8224
8228
8232
8237
8236
8240
8236
8237
8249
8251
8249
8248
8250
8254
8252
8257
8257
8259
8260
8262
8258
8258
8264
8261
8262
8262
8263
8262
8263
8259
8260
8268
8270
8270
8272
8275
8280
8282
8284
8290
8297
8294
8294
8288
8287
8293
8292
8281
8286
8284
8288
8287
8284
8287
8288
8288
8291
8291
8294
8295
8297
8300
8302
8304
8308
8310
8309
8306
8291
8288
8289
8275
8265
8257
8248
8236
8230
8225
8218
8217
8213
8210
8204
8201
8198
8193
8189
8192
8191
8196
8200
8192
8195
8203
8196
8194
8187
8187
8187
8179
8164
8160
8155
8147
8142
8134
8121
8111
8103
8102
8094
8085
8077
8067
8061
8055
8048
8043
8040
8034
8035
8033
8030
8024
8023
8019
8014
8009
8008
8005
8002
8000
8001
7998
8000
7997
8001
8005
8006
8004
8006
8009
8015
8019
8022
8025
8026
8024
8023
8023
8021
8026
8022
8012
8014
8020
8017
8013
8014
8012
8011
8013
8009
8011
8014
8022
8023
8024
8028
8020
8028
8032
8040
8038
8034
8037
8036
8037
8039
8041
8040
8039
8039
8046
8046
8042
8043
8045
8040
8043
8051
8048
8047
8049
8050
8047
8049
8049
8046
8044
8046
8044
8042
8042
8040
8038
8038
8036
8024
8026
8023
8024
8021
8015
8009
8002
7998
7996
7997
7991
7983
7979
7974
7969
7967
7961
7959
7949
7947
7949
7948
7933
7936
7931
7932
7923
7913
7902
7898
7889
7883
7877
7872
7857
7855
7855
7845
7832
7825
7821
7820
7813
7811
7803
7799
7798
7790
7783
7783
7782
7781
7777
7774
7773
7769
7765
7757
7755
7755
7746
7738
7730
7723
7714
7709
7706
7703
7701
7700
7700
7698
7700
7695
7696
7703
7696
7694
7696
7694
7687
7689
7692
7690
7685
7684
7685
7692
7690
7687
7687
7682
7674
7675
7673
7666
7663
7655
7643
7638
7635
7628
7620
7610
7603
7602
7591
7581
7572
7562
7554
7549
7536
7531
7530
7520
7509
7503
7496
7489
7482
7471
7469
7466
7464
7460
7458
7453
7450
7447
7442
7442
7436
7434
7431
7429
7426
7413
7412
7406
7404
7397
7385
7380
7380
7369
7358
7345
7339
7336
7324
7320
7316
7308
7305
7301
7299
7297
7292
7292
7286
7282
7279
7274
7272
7267
7263
7254
7254
7255
7253
7250
7247
7247
7247
7245
7237
7237
7237
7240
7240
7238
7236
7232
7234
7232
7223
7222
7224
7220
7218
7214
7209
7204
7198
7198
7189
7175
7171
7170
7162
7157
7154
7148
7141
7135
7128
7118
7110
7101
7089
7077
7072
7073
7063
7056
7047
7043
7035
7028
7031
7025
7019
7015
7012
7004
6999
6990
6989
6994
6989
6986
6979
6977
6973
6973
6967
6965
6960
6958
6957
6954
6948
6941
6938
6941
6939
6937
6927
6930
6934
6928
6931
6931
6928
6929
6925
6917
6915
6917
6913
6907
6903
6900
6893
6891
6881
6878
6872
6865
6862
6855
6850
6846
6839
6823
6823
6816
6815
6808
6803
6796
6784
6780
6779
6776
6771
6763
6762
6762
6754
6750
6743
6732
6730
6719
6708
6700
6701
6691
6687
6673
6671
6674
6671
6659
6660
6659
6660
6657
6654
6650
6648
6648
6645
6640
6638
6635
6633
6633
6629
6627
6625
6620
6617
6613
6615
6609
6604
6599
6592
6579
6577
6575
6570
6555
6551
6549
6541
6535
6526
6520
6511
6505
6498
6490
6485
6482
6474
6475
6470
6467
6465
6458
6458
6452
6458
6457
6453
6449
6444
6442
6439
6442
6436
6427
6426
6428
6424
6417
6413
6408
6404
6397
6395
6387
6383
6376
6374
6374
6372
6368
6365
6362
6361
6356
6354
6353
6352
6347
6346
6344
6339
6336
6335
6327
6327
6322
6320
6313
6312
6306
6301
6300
6289
6286
6292
6287
6281
6276
6270
6275
6271
6268
6265
6258
6249
6247
6246
6243
6236
6234
6223
6218
6214
6215
6210
6205
6200
6194
6191
6187
6184
6180
6170
6168
6173
6167
6164
6162
6158
6149
6146
6148
6140
6133
6124
6121
6123
6115
6111
6108
6101
6101
6096
6087
6086
6086
6081
6076
6070
6066
6063
6058
6054
6050
6045
6041
6038
6035
6031
6029
6026
6018
6019
6016
6013
6010
6005
6000
6008
6001
5997
5994
5994
5984
5982
5983
5977
5967
5963
5960
5961
5958
5952
5946
5936
5933
5935
5930
5922
5915
5910
5903
5898
5894
5889
5885
5879
5878
5873
5869
5866
5861
5856
5854
5849
5852
5852
5842
5841
5844
5843
5840
5835
5833
5829
5824
5822
5822
5815
5812
5811
5809
5803
5797
5795
5792
5794
5788
5780
5779
5779
5777
5766
5763
5762
5761
5757
5750
5745
5734
5733
5728
5729
5721
5717
5713
5708
5708
5703
5700
5699
5694
5695
5685
5685
5691
5687
5680
5678
5675
5670
5671
5660
5658
5656
5656
5655
5646
5643
5647
5641
5639
5637
5633
5631
5625
5620
5619
5620
5617
5613
5612
5611
5609
5607
5598
5598
5600
5602
5601
5599
5595
5594
5594
5589
5589
5589
5581
5582
5579
5575
5568
5565
5562
5564
5561
5558
5553
5549
5545
5543
5533
5531
5534
5528
5527
5523
5518
5516
5515
5513
5510
5503
5500
5502
5500
5496
5493
5491
5481
5478
5484
5479
5477
5475
5473
5472
5466
5467
5464
5460
5458
5454
5447
5446
5447
5446
5436
5434
5433
5431
5429
5426
5423
5418
5416
5412
5410
5409
5406
5405
5404
5401
5399
5395
5394
5397
5394
5387
5386
5390
5385
5384
5381
5376
5371
5368
5373
5371
5367
5365
5361
5353
5348
5353
5345
5339
5337
5330
5328
5324
5320
5317
5309
5308
5305
5309
5306
5304
5303
5300
5301
5300
5303
5299
5298
5296
5294
5289
5287
5284
5283
5279
5276
5268
5265
5267
5262
5262
5259
5255
5248
5245
5248
5244
5242
5236
5236
5234
5229
5221
5221
5220
5221
5218
5213
5211
5208
5205
5198
5197
5196
5199
5195
5196
5193
5192
5191
5189
5189
5188
5187
5184
5185
5184
5181
5180
5178
5185
5184
5182
5183
5177
5177
5176
5180
5176
5175
5172
5165
5164
5162
5167
5163
5162
5161
5156
5157
5154
5152
5152
5151
5151
5149
5147
5140
5138
5136
5137
5134
5132
5127
5120
5119
5116
5118
5113
5111
5110
5107
5105
5103
5096
5096
5099
5094
5085
5083
5086
5083
5078
5078
5073
5071
5069
5064
5064
5060
5059
5055
5056
5050
5042
5040
5042
5040
5039
5030
5028
5032
5029
5020
5020
5018
5022
5022
5018
5019
5017
5015
5016
5009
5009
5011
5010
5009
5007
5007
5005
5004
5003
5000
5000
4995
4997
4993
4994
4993
4989
4991
4985
4986
4981
4978
4976
4973
4967
4963
4970
4963
4959
4955
4952
4955
4951
4944
4946
4943
4941
4941
4933
4933
4938
4933
4925
4926
4924
4930
4928
4925
4927
4926
4925
4925
4923
4923
4926
4922
4920
4917
4915
4913
4909
4909
4904
4902
4904
4899
4899
4899
4896
4894
4896
4892
4890
4890
4887
4885
4887
4885
4883
4878
4878
4880
4879
4875
4867
4867
4868
4865
4856
4854
4852
4854
4851
4843
4844
4846
4845
4840
4838
4838
4841
4839
4839
4836
4836
4834
4832
4830
4830
4824
4827
4831
4831
4826
4826
4826
4826
4823
4816
4818
4822
4825
4823
4824
4820
4822
4818
4819
4815
4814
4814
4809
4809
4806
4804
4804
4802
4797
4794
4799
4796
4794
4793
4788
4783
4782
4787
4781
4781
4777
4776
4775
4774
4771
4770
4770
4765
4759
4758
4760
4762
4762
4753
4755
4760
4758
4756
4757
4756
4753
4752
4750
4750
4740
4742
4742
4744
4743
4734
4734
4740
4736
4736
4731
4732
4735
4734
4730
4732
4729
4730
4725
4722
4722
4721
4717
4711
4710
4709
4713
4708
4703
4701
4707
4704
4703
4700
4700
4696
4698
4697
4698
4697
4694
4693
4691
4690
4689
4687
4682
4680
4681
4681
4680
4677
4677
4674
4672
4673
4671
4672
4670
4669
4668
4671
4669
4669
4666
4660
4659
4663
4660
4656
4654
4653
4645
4645
4645
4645
4635
4638
4637
4639
4637
4638
4636
4631
4630
4634
4635
4635
4632
4632
4627
4627
4626
4622
4621
4614
4615
4619
4619
4617
4620
4620
4620
4619
4616
4613
4619
4614
4612
4611
4609
4604
4601
4607
4602
4601
4599
4598
4598
4597
4598
4594
4590
4588
4590
4591
4591
4591
4588
4589
4588
4584
4580
4579
4583
4581
4581
4579
4579
4576
4576
4576
4573
4571
4569
4576
4572
4572
4572
4570
4570
4571
4570
4568
4567
4563
4563
4569
4567
4561
4560
4566
4563
4561
4562
4560
4562
4562
4563
4564
4563
4565
4562
4561
4556
4551
4550
4553
4549
4553
4550
4550
4547
4545
4541
4539
4539
4540
4540
4532
4535
4536
4534
4532
4529
4529
4527
4527
4520
4521
4521
4525
4521
4522
4519
4518
4520
4519
4518
4516
4517
4514
4510
4510
4518
4514
4515
4510
4508
4513
4513
4511
4513
4511
4506
4506
4509
4508
4506
4507
4505
4506
4505
4504
4504
4498
4499
4503
4502
4502
4499
4498
4495
4496
4496
4494
4493
4491
4490
4490
4490
4490
4489
4489
4486
4484
4479
4478
4481
4478
4478
4475
4477
4468
4471
4475
4473
4472
4472
4472
4469
4471
4472
4471
4463
4465
4470
4468
4464
4460
4459
4462
4461
4453
4456
4454
4462
4458
4456
4457
4459
4460
4457
4456
4452
4453
4448
4448
4445
4444
4442
4439
4437
4432
4439
4434
4433
4432
4432
4432
4430
4430
4428
4430
4429
4427
4428
4424
4424
4422
4419
4417
4423
4421
4421
4422
4420
4416
4416
4424
4419
4421
4419
4418
4418
4415
4417
4410
4414
4410
4411
4410
4409
4403
4401
4407
4403
4402
4402
4400
4398
4399
4396
4397
4393
4392
4390
4394
4395
4393
4394
4389
4388
4387
4393
4393
4385
4388
4391
4391
4390
4388
4388
4386
4386
4379
4380
4380
4383
4384
4383
4381
4376
4377
4379
4382
4380
4380
4379
4378
4379
4377
4377
4377
4370
4373
4376
4375
4375
4373
4374
4372
4374
4375
4375
4373
4374
4376
4374
4374
4372
4372
4379
4375
4374
4373
4371
4363
4364
4369
4367
4361
4363
4362
4366
4362
4361
4360
4357
4358
4356
4355
4355
4352
4352
4349
4350
4350
4350
4349
4346
4344
4349
4346
4346
4345
4342
4337
4339
4342
4342
4335
4338
4340
4342
4345
4344
4344
4343
4342
4342
4339
4339
4332
4333
4337
4338
4334
4337
4337
4339
4341
4339
4339
4339
4337
4337
4334
4333
4331
4331
4329
4329
4322
4323
4325
4325
4326
4322
4320
4321
4317
4317
4316
4316
4311
4308
4317
4317
4315
4314
4316
4309
4310
4318
4315
4309
4309
4307
4311
4308
4302
4302
4306
4304
4301
4301
4300
4300
4300
4298
4299
4299
4297
4299
4298
4297
4295
4296
4301
4299
4297
4298
4295
4296
4296
4293
4295
4296
4294
4294
4288
4289
4294
4292
4290
4289
4290
4285
4285
4288
4287
4281
4280
4281
4283
4282
4281
4279
4276
4279
4276
4282
4280
4280
4280
4280
4278
4280
4280
4279
4278
4276
4276
4276
4275
4274
4273
4272
4270
4268
4266
4270
4268
4266
4262
4260
4263
4263
4261
4259
4257
4255
4256
4255
4254
4250
4249
4256
4253
4255
4248
4247
4254
4251
4246
4246
4246
4251
4250
4248
4249
4247
4247
4247
4246
4246
4245
4246
4246
4248
4244
4244
4245
4250
4250
4250
4249
4248
4247
4248
4248
4245
4242
4242
4247
4244
4244
4241
4243
4242
4240
4235
4235
4242
4239
4239
4238
4237
4236
4236
4234
4236
4233
4227
4226
4230
4229
4228
4228
4227
4222
4223
4227
4226
4225
4225
4222
4224
4223
4222
4223
4223
4223
4220
4222
4219
4218
4217
4221
4220
4220
4217
4218
4215
4216
4211
4210
4218
4216
4214
4215
4212
4215
4215
4211
4212
4213
4212
4215
4209
4210
4215
4213
4208
4208
4211
4211
4209
4209
4208
4209
4208
4207
4209
4208
4206
4207
4201
4200
4207
4203
4200
4198
4196
4193
4192
4199
4200
4198
4197
4195
4188
4190
4193
4189
4186
4189
4185
4185
4186
4179
4181
4187
4184
4184
4184
4183
4184
4182
4182
4183
4179
4178
4176
4181
4180
4179
4179
4173
4174
4175
4179
4178
4173
4173
4180
4177
4178
4176
4177
4178
4176
4175
4175
4175
4176
4176
4176
4176
4174
4176
4183
4185
4183
4179
4181
4185
4184
4183
4181
4181
4178
4178
4177
4175
4173
4174
4170
4167
4168
4172
4172
4166
4168
4172
4171
4171
4169
4168
4168
4167
4165
4167
4163
4163
4163
4162
4163
4157
4158
4161
4163
4160
4155
4156
4160
4160
4158
4158
4158
4158
4156
4155
4154
4158
4157
4157
4152
4153
4157
4155
4149
4150
4151
4154
4151
4147
4148
4151
4150
4151
4149
4146
4146
4144
4143
4144
4140
4139
4140
4145
4142
4143
4145
4145
4143
4142
4144
4143
4144
4142
4145
4146
4144
4146
4146
4145
4144
4145
4141
4142
4141
4139
4140
4138
4132
4131
4137
4135
4132
4129
4129
4135
4133
4134
4133
4133
4135
4136
4134
4134
4142
4140
4138
4139
4140
4136
4136
4142
4141
4139
4138
4137
4134
4133
4137
4136
4129
4129
4133
4129
4129
4128
4126
4122
4123
4126
4124
4125
4122
4122
4119
4118
4119
4118
4114
4115
4116
4110
4110
4117
4113
4108
4111
4110
4115
4116
4114
4114
4115
4113
4114
4111
4110
4115
4114
4113
4113
4113
4111
4113
4110
4110
4110
4111
4109
4109
4109
4108
4108
4105
4105
4108
4109
4107
4104
4104
4104
4104
4108
4107
4107
4105
4106
4107
4104
4106
4107
4104
4105
4104
4105
4102
4104
4103
4096
4099
4096
4102
4102
4095
4097
4101
4097
4097
4098
4097
4095
4096
4096
4097
4097
4093
4095
4095
4094
4094
4094
4089
4089
4090
4094
4092
4088
4089
4094
4093
4092
4090
4091
4086
4086
4093
4088
4089
4089
4089
4087
4088
4088
4088
4088
4087
4086
4086
4086
4085
4087
4081
4081
4084
4087
4086
4086
4086
4085
4084
4080
4080
4082
4087
4084
4081
4081
4087
4084
4085
4081
4082
4086
4085
4086
4086
4082
4083
4084
4085
4083
4083
4084
4083
4082
4084
4082
4083
4081
4083
4083
4081
4082
4076
4076
4082
4080
4079
4078
4076
4075
4077
4082
4082
4076
4079
4083
4082
4081
4078
4078
4081
4080
4079
4078
4078
4077
4076
4077
4076
4076
4074
4073
4074
4073
4074
4074
4072
4070
4065
4066
4068
4072
4069
4068
4070
4070
4069
4070
4066
4067
4071
4070
4065
4069
4070
4070
4071
4066
4069
4074
4072
4071
4070
4070
4071
4068
4069
4068
4066
4066
4066
4064
4064
4069
4067
4061
4063
4065
4067
4066
4065
4065
4060
4059
4065
4062
4063
4063
4063
4057
4057
4063
4063
4061
4060
4059
4058
4059
4059
4058
4056
4056
4056
4056
4056
4056
4057
4055
4056
4057
4052
4053
4058
4054
4048
4049
4050
4054
4051
4048
4048
4052
4050
4049
4049
4048
4048
4049
4041
4042
4048
4047
4046
4046
4045
4044
4046
4045
4044
4043
4044
4044
4040
4040
4045
4044
4044
4043
4043
4041
4041
4041
4042
4041
4040
4038
4039
4039
4041
4038
4037
4038
4037
4038
4036
4037
4038
4033
4034
4036
4037
4037
4032
4033
4038
4037
4033
4032
4032
4038
4035
4031
4030
4038
4036
4036
4033
4035
4038
4038
4037
4039
4038
4041
4041
4041
4040
4040
4041
4037
4038
4038
4040
4039
4038
4037
4033
4033
4031
4035
4036
4034
4034
4034
4032
4031
4032
4032
4028
4029
4032
4031
4030
4030
4029
4024
4025
4030
4028
4027
4026
4027
4028
4029
4028
4026
4028
4026
4027
4026
4025
4026
4024
4025
4025
4024
4023
4023
4021
4021
4027
4027
4020
4021
4021
4025
4024
4025
4023
4024
4024
4021
4019
4022
4027
4026
4027
4028
4025
4025
4026
4024
4024
4030
4028
4028
4028
4028
4028
4025
4020
4022
4027
4026
4026
4023
4022
4018
4018
4023
4019
4018
4016
4017
4016
4015
4010
4009
4016
4015
4014
4015
4014
4015
4017
4018
4020
4019
4021
4023
4024
4023
4022
4025
4020
4022
4021
4025
4022
4023
4022
4019
4020
4020
4018
4018
4014
4016
4020
4018
4017
4018
4016
4017
4015
4009
4009
4014
4013
4012
4007
4007
4012
4012
4006
4010
4009
4013
4012
4012
4012
4013
4012
4012
4009
4008
4002
4004
4008
4008
4007
4003
4003
4005
4004
4002
4002
3997
4000
4001
4003
4004
4003
4003
4001
4004
4005
4005
4004
4005
4005
4005
4006
4007
4007
4006
4006
4006
4008
4010
4009
4010
4011
4006
4007
4012
4014
4010
4013
4016
4019
4023
4028
4033
4038
4045
4046
4052
4064
4074
4079
4080
4089
4103
4109
4116
4117
4126
4136
4144
4151
4155
4162
4168
4177
4184
4190
4195
4201
4207
4214
4220
4223
4228
4237
4240
4240
4246
4250
4257
4258
4262
4262
4263
