4223
4222
4220
4215
4214
4218
4215
4213
4212
4208
4200
4198
4199
4195
4190
4186
4182
4179
4177
4173
4169
4166
4160
4157
4153
4148
4140
4136
4137
4131
4128
4126
4122
4115
4111
4113
4107
4105
4102
4098
4094
4091
4088
4087
4084
4082
4074
4072
4070
4072
4068
4062
4061
4064
4060
4057
4052
4050
4046
4044
4041
4038
4036
4036
4034
4027
4026
4029
4026
4023
4022
4021
4016
4014
4017
4016
4015
4014
4014
4011
4009
4008
4005
4004
4003
4002
4003
4000
3999
3998
3991
3991
3995
3992
3990
3989
3986
3982
3980
3985
3980
3979
3975
3973
3975
3973
3970
3970
3968
3965
3964
3961
3961
3970
3969
3969
3968
3969
3970
3970
3963
3965
3968
3966
3964
3963
3960
3959
3957
3956
3956
3955
3954
3951
3951
3950
3950
3951
3946
3948
3948
3952
3949
3945
3945
3950
3945
3948
3947
3945
3944
3943
3938
3939
3940
3942
3942
3941
3940
3934
3935
3940
3938
3936
3937
3937
3937
3937
3935
3935
3934
3933
3933
3933
3933
3933
3931
3931
3930
3931
3926
3928
3931
3930
3929
3929
3927
3928
3929
3928
3928
3924
3928
3928
3933
3931
3927
3928
3934
3933
3931
3930
3930
3925
3927
3931
3930
3925
3925
3926
3927
3927
3926
3924
3923
3921
3921
3921
3920
3920
3919
3914
3915
3917
3919
3919
3917
3919
3919
3918
3914
3915
3918
3923
3922
3923
3922
3919
3921
3919
3924
3923
3923
3922
3916
3916
3918
3919
3919
3917
3917
3916
3915
3914
3915
3916
3917
3918
3917
3917
3913
3914
3914
3919
3919
3918
3917
3918
3918
3919
3920
3920
3916
3918
3922
3922
3922
3921
3921
3920
3920
3918
3917
3918
3917
3918
3917
3917
3917
3916
3917
3916
3915
3913
3914
3917
3916
3912
3912
3916
3915
3916
3913
3915
3919
3916
3917
3918
3919
3920
3920
3916
3918
3924
3922
3921
3921
3921
3921
3923
3918
3922
3929
3931
3934
3931
3932
3938
3939
3940
3941
3944
3937
3938
3943
3940
3939
3939
3939
3939
3939
3940
3940
3941
3939
3939
3940
3942
3944
3945
3942
3946
3954
3953
3957
3956
3958
3959
3958
3962
3961
3960
3960
3962
3966
3967
3961
3965
3969
3970
3970
3971
3972
3969
3970
3977
3976
3978
3980
3981
3984
3987
3989
3992
3995
3998
4003
4006
4007
4006
4009
4017
4017
4018
4020
4022
4023
4023
4023
4026
4030
4036
4040
4043
4045
4045
4050
4056
4061
4065
4067
4071
4075
4078
4083
4086
4090
4093
4098
4104
4107
4111
4117
4120
4124
4128
4134
4140
4146
4152
4156
4157
4163
4172
4174
4173
4179
4188
4192
4198
4199
4205
4217
4222
4222
4229
4237
4246
4251
4256
4263
4267
4275
4280
4288
4293
4298
4305
4316
4324
4330
4336
4341
4345
4351
4357
4365
4370
4378
4386
4387
4394
4405
4411
4418
4424
4431
4439
4445
4452
4460
4462
4470
4484
4489
4496
4501
4509
4523
4530
4538
4546
4554
4561
4573
4577
4586
4600
4606
4614
4621
4631
4639
4648
4656
4666
4678
4688
4700
4706
4718
4734
4743
4746
4759
4771
4785
4797
4808
4817
4830
4841
4854
4865
4875
4889
4899
4908
4923
4942
4954
4967
4981
4994
5003
5019
5037
5050
5062
5073
5084
5094
5105
5115
5123
5133
5142
5152
5163
5172
5181
5193
5211
5222
5233
5242
5257
5274
5283
5290
5303
5313
5330
5340
5351
5363
5376
5390
5402
5414
5428
5440
5454
5463
5479
5499
5511
5523
5535
5547
5559
5573
5589
5602
5614
5628
5642
5655
5669
5675
5692
5706
5721
5732
5739
5753
5775
5784
5789
5804
5814
5831
5843
5847
5862
5881
5892
5903
5916
5927
5941
5956
5963
5979
5993
6011
6024
6040
6059
6069
6084
6098
6112
6126
6140
6154
6166
6183
6188
6201
6215
6230
6244
6247
6261
6283
6291
6304
6319
6331
6342
6355
6364
6377
6389
6400
6412
6422
6433
6438
6455
6474
6485
6498
6511
6529
6540
6557
6565
6581
6599
6615
6628
6642
6652
6663
6674
6677
6694
6704
6723
6732
6746
6760
6771
6786
6795
6806
6818
6834
6842
6851
6860
6871
6879
6889
6896
6906
6908
6924
6940
6951
6963
6971
6982
6990
7001
7012
7022
7030
7041
7049
7059
7069
7078
7085
7096
7103
7114
7117
7127
7146
7152
7156
7169
7177
7192
7197
7206
7215
7221
7232
7241
7244
7257
7269
7277
7286
7294
7301
7308
7315
7328
7334
7335
7347
7356
7360
7368
7370
7380
7389
7395
7399
7401
7409
7415
7423
7427
7437
7453
7461
7469
7478
7490
7501
7511
7518
7528
7538
7547
7558
7562
7573
7581
7590
7594
7603
7610
7615
7621
7634
7641
7645
7651
7659
7665
7674
7678
7687
7699
7707
7713
7723
7728
7739
7745
7748
7753
7762
7760
7765
7767
7769
7770
7773
7774
7777
7777
7781
7783
7788
7792
7791
7794
7803
7804
7805
7806
7811
7820
7824
7823
7831
7838
7851
7859
7866
7876
7885
7893
7899
7907
7917
7924
7935
7943
7949
7949
7959
7967
7977
7979
7987
7988
7988
7983
7979
7974
7970
7962
7961
7967
7964
7963
7962
7961
7958
7959
7961
7964
7975
7977
7980
7976
7982
7991
7989
7988
7984
7981
7974
7975
7978
7974
7967
7963
7952
7944
7936
7938
7933
7931
7925
7922
7918
7917
7912
7907
7909
7908
7912
7913
7917
7919
7927
7935
7944
7947
7955
7968
7981
7990
7993
8006
8020
8025
8035
8038
8040
8046
8051
8054
8058
8060
8066
8072
8069
8077
8089
8088
8084
8082
8080
8074
8071
8068
8069
8070
8069
8063
8068
8071
8077
8080
8078
8085
8098
8100
8103
8104
8103
8103
8105
8099
8103
8109
8112
8116
8118
8117
8115
8120
8120
8120
8125
8123
8128
8135
8136
8130
8134
8136
8138
8135
8131
8127
8119
8117
8115
8112
8108
8104
8103
8112
8108
8096
8095
8090
8091
8088
8080
8074
8070
8064
8056
8051
8052
8049
8046
8044
8044
8045
8046
8046
8047
8044
8038
8041
8047
8046
8046
8047
8047
8046
8049
8042
8042
8043
8047
8044
8041
8043
8051
8051
8052
8055
8057
8058
8063
8057
8058
8064
8062
8062
8057
8058
8064
8061
8061
8061
8058
8055
8052
8049
8045
8031
8026
8026
8019
8013
8006
8003
7998
7995
7992
7990
7990
7990
7989
7984
7982
7970
7963
7956
7953
7941
7923
7917
7913
7904
7895
7886
7880
7879
7876
7873
7871
7868
7865
7862
7853
7852
7853
7851
7844
7845
7844
7848
7848
7845
7845
7854
7852
7852
7852
7851
7854
7854
7854
7855
7851
7855
7854
7858
7859
7853
7851
7859
7855
7852
7849
7848
7847
7843
7839
7835
7833
7830
7827
7819
7819
7817
7813
7800
7796
7789
7785
7773
7764
7759
7751
7742
7735
7722
7717
7719
7714
7699
7701
7699
7695
7691
7683
7679
7681
7673
7670
7666
7665
7662
7657
7652
7649
7648
7652
7652
7650
7649
7650
7650
7649
7645
7639
7636
7630
7619
7615
7617
7616
7610
7605
7604
7598
7590
7595
7596
7593
7589
7586
7585
7585
7580
7576
7568
7564
7562
7560
7553
7538
7532
7529
7520
7510
7498
7493
7485
7475
7467
7464
7463
7458
7453
7449
7442
7433
7429
7431
7424
7418
7410
7407
7400
7393
7389
7385
7383
7378
7377
7377
7372
7366
7364
7369
7358
7355
7349
7344
7339
7334
7332
7329
7324
7320
7319
7324
7328
7326
7325
7328
7328
7327
7332
7332
7328
7332
7339
7337
7336
7335
7332
7329
7326
7315
7313
7316
7313
7309
7302
7299
7299
7295
7291
7284
7282
7271
7270
7272
7266
7261
7258
7251
7247
7243
7233
7231
7234
7228
7225
7218
7214
7209
7205
7201
7197
7185
7181
7178
7176
7168
7158
7152
7154
7149
7139
7133
7129
7124
7118
7116
7114
7110
7105
7100
7092
7088
7090
7085
7074
7069
7066
7065
7056
7052
7046
7042
7038
7035
7033
7030
7028
7024
7023
7019
7015
7012
7008
7012
7003
7002
6994
6981
6974
6969
6963
6953
6942
6931
6923
6908
6900
6890
6881
6871
6865
6857
6851
6843
6837
6833
6833
6830
6822
6818
6821
6815
6814
6810
6806
6800
6796
6797
6794
6793
6784
6784
6790
6783
6775
6778
6776
6776
6774
6769
6765
6761
6757
6746
6744
6741
6743
6737
6733
6731
6723
6722
6719
6716
6712
6706
6698
6701
6694
6688
6683
6675
6671
6668
6661
6657
6653
6650
6647
6639
6639
6642
6638
6637
6632
6632
6625
6623
6627
6625
6615
6615
6616
6613
6610
6603
6602
6594
6592
6586
6580
6574
6571
6564
6561
6555
6542
6541
6535
6535
6525
6519
6513
6504
6499
6495
6489
6484
6481
6476
6466
6465
6465
6458
6455
6446
6443
6442
6434
6428
6420
6415
6403
6402
6400
6395
6386
6382
6384
6380
6377
6375
6371
6371
6366
6366
6361
6354
6354
6349
6345
6338
6336
6330
6325
6325
6321
6319
6314
6303
6303
6299
6298
6292
6283
6280
6280
6274
6260
6261
6255
6256
6251
6244
6241
6234
6234
6227
6225
6221
6218
6214
6211
6205
6203
6199
6193
6187
6185
6189
6185
6182
6182
6178
6172
6173
6171
6168
6161
6157
6156
6159
6152
6146
6141
6146
6140
6136
6133
6127
6120
6118
6118
6114
6108
6103
6102
6097
6093
6089
6085
6081
6074
6072
6070
6066
6056
6056
6060
6056
6050
6043
6042
6042
6037
6032
6029
6023
6014
6010
5999
5992
5993
5987
5981
5976
5974
5969
5962
5959
5954
5943
5938
5941
5938
5935
5927
5926
5929
5923
5920
5913
5910
5902
5900
5896
5891
5881
5882
5877
5879
5876
5873
5868
5869
5867
5865
5863
5861
5855
5856
5859
5855
5850
5848
5844
5839
5836
5837
5834
5825
5824
5821
5814
5813
5808
5805
5804
5798
5794
5790
5787
5792
5788
5787
5784
5775
5777
5776
5782
5776
5772
5771
5765
5763
5758
5751
5747
5732
5728
5728
5721
5717
5707
5704
5696
5692
5694
5689
5687
5682
5680
5678
5673
5668
5667
5672
5670
5668
5665
5664
5659
5656
5654
5646
5643
5637
5636
5632
5626
5617
5614
5618
5615
5611
5609
5605
5598
5597
5600
5596
5593
5590
5584
5577
5575
5581
5575
5570
5571
5565
5562
5560
5551
5550
5552
5548
5543
5541
5538
5535
5533
5531
5528
5523
5518
5519
5516
5514
5509
5508
5508
5509
5506
5504
5505
5500
5499
5491
5488
5488
5489
5486
5477
5474
5481
5473
5473
5466
5466
5473
5466
5464
5462
5460
5458
5457
5455
5451
5448
5443
5438
5434
5427
5423
5419
5407
5406
5406
5402
5396
5386
5385
5385
5380
5375
5373
5365
5358
5357
5358
5354
5350
5348
5346
5341
5341
5339
5335
5334
5329
5330
5327
5327
5319
5321
5322
5319
5319
5314
5312
5308
5310
5309
5309
5307
5306
5306
5305
5302
5296
5295
5296
5292
5288
5287
5283
5277
5275
5278
5275
5274
5270
5270
5268
5268
5268
5264
5264
5264
5259
5260
5257
5256
5254
5254
5251
5245
5243
5242
5245
5244
5241
5239
5228
5232
5232
5230
5229
5224
5222
5225
5223
5219
5218
5216
5215
5211
5204
5204
5206
5203
5200
5197
5191
5190
5183
5184
5178
5173
5172
5168
5165
5164
5161
5159
5148
5149
5146
5150
5147
5143
5141
5140
5138
5136
5130
5128
5133
5129
5123
5121
5124
5125
5121
5120
5116
5110
5112
5114
5109
5107
5102
5101
5095
5092
5090
5085
5083
5080
5077
5072
5069
5074
5072
5067
5063
5062
5053
5051
5056
5053
5049
5048
5046
5041
5042
5040
5036
5035
5032
5027
5028
5025
5023
5023
5016
5016
5016
5020
5015
5012
5006
5009
5008
5000
4999
5000
5001
5000
4991
4991
4995
4992
4988
4987
4986
4982
4979
4978
4979
4977
4976
4974
4972
4972
4963
4965
4967
4966
4962
4962
4959
4959
4959
4950
4952
4951
4956
4954
4950
4949
4952
4950
4947
4945
4942
4941
4937
4936
4932
4931
4925
4924
4923
4919
4919
4914
4914
4909
4909
4909
4906
4898
4897
4904
4900
4896
4894
4890
4882
4880
4882
4878
4878
4875
4872
4868
4864
4870
4868
4861
4863
4859
4863
4859
4855
4854
4846
4849
4852
4853
4851
4851
4847
4848
4846
4844
4841
4838
4833
4831
4833
4827
4822
4820
4817
4812
4811
4808
4808
4804
4804
4800
4801
4797
4794
4794
4797
4794
4793
4793
4790
4785
4784
4789
4785
4784
4782
4780
4779
4777
4775
4773
4767
4765
4769
4769
4770
4770
4769
4764
4764
4771
4768
4770
4769
4768
4762
4763
4765
4765
4766
4766
4766
4761
4761
4764
4763
4755
4751
4749
4750
4745
4743
4738
4736
4730
4728
4725
4722
4713
4713
4716
4713
4709
4707
4707
4707
4704
4704
4702
4700
4701
4699
4699
4696
4695
4697
4689
4689
4689
4693
4694
4695
4692
4689
4692
4691
4696
4696
4692
4691
4697
4693
4692
4688
4689
4683
4683
4690
4685
4685
4685
4683
4681
4678
4674
4674
4670
4668
4665
4665
4663
4660
4660
4657
4658
4654
4654
4650
4650
4646
4646
4645
4637
4639
4640
4643
4640
4635
4637
4639
4638
4634
4630
4629
4632
4630
4623
4627
4629
4630
4630
4627
4627
4625
4624
4621
4618
4619
4620
4618
4617
4617
4616
4616
4616
4611
4607
4611
4609
4604
4605
4598
4595
4596
4597
4595
4594
4594
4586
4588
4587
4592
4590
4589
4588
4580
4583
4579
4585
4583
4576
4577
4584
4581
4577
4577
4579
4575
4575
4574
4571
4573
4569
4570
4568
4567
4563
4564
4562
4563
4562
4558
4556
4561
4560
4553
4556
4558
4559
4558
4556
4555
4553
4553
4554
4554
4553
4553
4550
4552
4551
4553
4551
4550
4544
4545
4550
4551
4548
4546
4544
4537
4538
4540
4536
4531
4530
4535
4534
4531
4531
4531
4522
4521
4527
4523
4522
4519
4519
4520
4517
4518
4518
4518
4517
4515
4517
4514
4512
4511
4510
4512
4512
4512
4515
4516
4515
4510
4510
4509
4512
4509
4504
4500
4507
4505
4500
4501
4498
4497
4497
4488
4486
4493
4490
4488
4481
4482
4485
4483
4473
4475
4474
4478
4475
4475
4476
4473
4475
4474
4473
4474
4474
4474
4476
4474
4476
4476
4475
4472
4473
4477
4476
4475
4469
4468
4465
4464
4460
4459
4451
4451
4453
4452
4448
4449
4446
4440
4442
4445
4445
4442
4441
4441
4438
4438
4436
4433
4434
4428
4429
4430
4430
4427
4426
4426
4424
4422
4424
4421
4416
4418
4421
4420
4419
4411
4413
4417
4417
4410
4415
4413
4416
4416
4415
4411
4411
4413
4411
4408
4408
4405
4405
4412
4411
4410
4411
4408
4408
4408
4407
4408
4400
4399
4400
4403
4402
4401
4402
4398
4398
4394
4393
4393
4391
4390
4389
4389
4390
4387
4388
4384
4384
4388
4386
4380
4383
4382
4387
4383
4381
4379
4385
4384
4383
4382
4379
4379
4379
4378
4378
4379
4375
4374
4374
4373
4372
4371
4364
4367
4364
4368
4368
4363
4363
4367
4363
4364
4363
4361
4357
4356
4362
4359
4356
4357
4353
4353
4354
4355
4354
4350
4352
4352
4356
4353
4354
4351
4352
4353
4349
4351
4349
4350
4348
4348
4349
4346
4346
4345
4340
4338
4344
4342
4332
4335
4334
4340
4337
4331
4333
4336
4335
4334
4335
4333
4332
4333
4330
4328
4321
4321
4324
4326
4325
4322
4324
4316
4318
4316
4320
4317
4317
4314
4312
4310
4304
4303
4300
4305
4302
4301
4299
4300
4297
4302
4301
4303
4305
4304
4299
4299
4301
4305
4301
4300
4297
4294
4293
4290
4290
4287
4289
4288
4285
4286
4284
4286
4285
4285
4286
4280
4282
4287
4287
4285
4283
4282
4287
4285
4279
4280
4280
4285
4281
4285
4283
4285
4284
4280
4278
4278
4277
4277
4273
4274
4272
4272
4268
4269
4269
4267
4266
4263
4262
4265
4265
4266
4259
4260
4263
4263
4258
4259
4256
4257
4254
4254
4251
4246
4247
4249
4249
4249
4247
4246
4247
4246
4245
4241
4242
4246
4246
4241
4242
4250
4247
4249
4248
4249
4250
4250
4252
4247
4248
4247
4250
4244
4247
4249
4250
4247
4246
4245
4243
4242
4238
4237
4244
4240
4240
4238
4238
4235
4234
4235
4230
4232
4226
4225
4230
4229
4228
4224
4223
4218
4219
4221
4221
4219
4220
4218
4217
4217
4215
4216
4214
4216
4215
4215
4216
4214
4214
4211
4209
4213
4213
4209
4211
4207
4211
4210
4206
4206
4216
4215
4219
4220
4223
4218
4222
4226
4223
4220
4214
4213
4214
4213
4210
4210
4207
4206
4202
4198
4199
4201
4201
4199
4198
4198
4196
4196
4197
4195
4191
4191
4192
4198
4195
4190
4190
4195
4194
4190
4193
4193
4194
4196
4190
4194
4203
4204
4201
4203
4206
4206
4207
4208
4208
4210
4210
4208
4207
4206
4203
4200
4199
4196
4194
4188
4184
4188
4185
4181
4180
4177
4176
4175
4169
4168
4174
4171
4172
4169
4168
4168
4166
4161
4161
4163
4166
4163
4161
4160
4166
4164
4159
4163
4161
4168
4167
4170
4170
4172
4171
4172
4171
4168
4167
4167
4165
4166
4163
4161
4162
4157
4156
4162
4159
4155
4155
4155
4159
4158
4158
4160
4160
4160
4162
4157
4158
4163
4161
4156
4156
4157
4160
4159
4153
4154
4158
4157
4156
4155
4156
4158
4157
4160
4161
4162
4163
4163
4161
4160
4158
4157
4154
4156
4154
4152
4151
4148
4144
4145
4142
4139
4139
4137
4132
4132
4134
4132
4125
4125
4125
4127
4127
4121
4119
4126
4123
4121
4119
4120
4123
4121
4121
4120
4120
4120
4119
4114
4117
4119
4119
4115
4115
4118
4123
4121
4122
4121
4119
4120
4120
4118
4118
4115
4114
4123
4122
4122
4125
4125
4125
4126
4125
4123
4122
4121
4118
4118
4117
4115
4115
4113
4114
4110
4110
4111
4114
4116
4115
4115
4116
4115
4112
4109
4108
4114
4110
4110
4107
4106
4105
4106
4099
4100
4106
4102
4104
4103
4100
4101
4102
4099
4100
4095
4092
4095
4098
4095
4097
4094
4094
4096
4094
4094
4096
4095
4097
4092
4093
4097
4100
4098
4094
4096
4100
4101
4101
4099
4101
4098
4099
4100
4100
4095
4098
4095
4099
4096
4090
4092
4094
4094
4091
4091
4092
4091
4091
4091
4092
4093
4091
4091
4090
4089
4089
4090
4084
4084
4086
4089
4087
4085
4085
4089
4087
4085
4084
4080
4086
4088
4086
4087
4084
4084
4087
4091
4089
4088
4087
4087
4087
4089
4088
4088
4084
4086
4084
4084
4082
4083
4082
4080
4082
4079
4078
4073
4074
4074
4077
4074
4074
4072
4063
4066
4064
4067
4067
4059
4058
4064
4062
4058
4057
4058
4062
4063
4062
4060
4061
4062
4062
4062
4062
4061
4062
4063
4063
4062
4061
4062
4062
4060
4061
4062
4059
4057
4059
4064
4062
4058
4058
4060
4060
4059
4056
4054
4055
4051
4053
4051
4052
4054
4054
4047
4051
4055
4052
4053
4051
4052
4048
4045
4050
4047
4040
4044
4043
4049
4050
4045
4044
4052
4049
4047
4047
4046
4046
4047
4045
4045
4045
4045
4044
4046
4045
4045
4045
4045
4044
4046
4044
4045
4044
4042
4051
4047
4047
4041
4043
4047
4045
4045
4045
4043
4045
4042
4044
4044
4044
4043
4041
4042
4041
4041
4043
4040
4040
4041
4039
4039
4037
4037
4044
4044
4039
4043
4045
4049
4050
4048
4050
4044
4041
4048
4043
4040
4035
4032
4034
4031
4028
4030
4031
4028
4029
4025
4027
4032
4029
4028
4029
4027
4026
4027
4020
4022
4026
4023
4024
4022
4022
4017
4016
4022
4020
4022
4019
4023
4026
4027
4027
4032
4033
4036
4035
4033
4034
4034
4032
4033
4033
4030
4029
4027
4025
4026
4023
4022
4022
4019
4018
4015
4014
4018
4016
4014
4012
4012
4012
4010
4005
4007
4011
4014
4015
4016
4016
4017
4015
4016
4015
4017
4012
4011
4016
4013
4013
4013
4008
4006
4008
4010
4010
4011
4009
4011
4014
4015
4011
4012
4019
4016
4017
4015
4017
4013
4014
4012
4010
4006
4006
4007
4009
4007
4005
4002
4001
4000
3999
3998
3996
3994
3992
3996
3996
3995
3994
3993
3992
3994
3987
3987
3992
3990
3987
3987
3984
3990
3989
3985
3985
3993
3991
3988
3990
3990
3989
3987
3988
3986
3985
3985
3983
3978
3980
3983
3983
3985
3983
3984
3978
3981
3986
3984
3984
3986
3985
3986
3988
3988
3989
3991
3993
3995
3994
3994
3993
3993
3994
3995
3993
3992
3991
3996
3994
3992
3991
3992
3991
3991
3993
3989
3987
3985
3992
3988
3989
3986
3986
3984
3982
3976
3975
3978
3976
3975
3975
3975
3969
3973
3978
3980
3976
3978
3977
3977
3979
3974
3974
3975
3979
3977
3974
3974
3979
3979
3981
3981
3982
3983
3984
3979
3980
3985
3984
3982
3979
3980
3978
3976
3971
3972
3969
3974
3973
3972
3969
3965
3965
3965
3967
3966
3965
3964
3966
3963
3961
3962
3963
3962
3962
3964
3962
3961
3962
3962
3957
3956
3962
3961
3958
3958
3960
3961
3962
3961
3960
3962
3961
3954
3956
3958
3961
3961
3957
3956
3963
3962
3961
3959
3961
3963
3963
3966
3967
3968
3968
3968
3965
3964
3964
3964
3962
3961
3960
3958
3957
3959
3958
3956
3956
3956
3950
3951
3956
3955
3957
3960
3959
3961
3963
3967
3968
3964
3963
3971
3968
3969
3968
3966
3962
3961
3967
3965
3962
3962
3960
3959
3959
3952
3953
3956
3953
3954
3954
3952
3952
3953
3954
3956
3958
3955
3956
3954
3952
3960
3958
3960
3957
3957
3955
3955
3959
3959
3956
3956
3956
3954
3956
3956
3954
3948
3951
3950
3954
3952
3950
3948
3942
3940
3941
3945
3942
3940
3940
3938
3938
3937
3936
3936
3934
3936
3937
3936
3934
3936
3935
3935
3937
3930
3931
3936
3933
3935
3933
3932
3934
3933
3927
3929
3930
3934
3934
3930
3930
3936
3938
3936
3938
3941
3939
3942
3948
3951
3948
3954
3959
3969
3971
3979
3984
3987
3994
4001
4013
4018
4023
4031
4039
4048
4057
4065
4071
4079
4086
4092
4100
4108
4114
4121
4128
4134
4141
4146
4153
4158
4162
4170
4175
4178
4184
4187
4191
4193
4195
4199
4199
4202
4199
4199
4202
