4204
4199
4199
4196
4195
4194
4184
4184
4182
4183
4179
4176
4172
4171
4165
4163
4158
4155
4151
4145
4142
4136
4129
4125
4124
4123
4120
4111
4107
4110
4104
4103
4097
4093
4090
4087
4083
4079
4073
4070
4069
4071
4066
4065
4061
4061
4056
4055
4047
4047
4047
4045
4040
4040
4034
4029
4028
4029
4027
4024
4023
4016
4014
4011
4016
4012
4011
4008
4007
4003
4002
4001
3998
3996
3995
3992
3992
3991
3989
3990
3989
3987
3987
3982
3984
3980
3980
3973
3973
3977
3976
3970
3971
3974
3977
3978
3972
3971
3978
3973
3973
3971
3970
3967
3964
3961
3957
3963
3961
3960
3955
3954
3961
3959
3958
3957
3956
3955
3952
3949
3948
3951
3951
3949
3952
3952
3950
3948
3956
3951
3952
3949
3951
3948
3948
3945
3947
3943
3942
3942
3934
3936
3940
3939
3939
3939
3940
3941
3944
3945
3947
3944
3946
3951
3951
3948
3944
3941
3946
3940
3935
3933
3933
3936
3934
3936
3933
3926
3926
3927
3929
3925
3927
3925
3925
3923
3922
3921
3920
3920
3917
3920
3917
3917
3918
3916
3916
3914
3917
3914
3916
3914
3916
3914
3915
3921
3918
3921
3920
3919
3920
3916
3917
3914
3915
3916
3908
3911
3908
3913
3913
3908
3911
3916
3915
3913
3911
3911
3909
3906
3901
3900
3906
3903
3905
3903
3903
3903
3901
3902
3902
3899
3901
3900
3895
3897
3899
3900
3898
3895
3894
3897
3897
3894
3894
3890
3890
3889
3892
3892
3889
3890
3889
3889
3889
3890
3890
3889
3889
3897
3895
3897
3896
3899
3899
3898
3899
3899
3894
3897
3897
3900
3900
3899
3898
3898
3896
3897
3894
3894
3888
3889
3894
3894
3893
3892
3892
3898
3897
3897
3899
3894
3895
3897
3901
3900
3901
3899
3901
3900
3900
3896
3896
3900
3899
3898
3897
3897
3897
3897
3897
3897
3893
3895
3899
3899
3899
3900
3900
3898
3899
3900
3899
3902
3902
3903
3899
3899
3908
3907
3906
3908
3906
3908
3909
3909
3911
3906
3908
3911
3914
3917
3916
3917
3915
3918
3921
3926
3927
3929
3928
3931
3932
3933
3934
3934
3932
3932
3939
3938
3939
3941
3940
3943
3943
3940
3943
3950
3952
3954
3956
3957
3959
3962
3960
3966
3968
3977
3977
3977
3980
3980
3984
3984
3984
3986
3985
3987
3996
3995
3999
4000
4002
4002
4006
4013
4014
4013
4016
4023
4027
4030
4032
4038
4034
4042
4048
4052
4055
4059
4065
4068
4071
4077
4081
4088
4088
4095
4097
4102
4108
4111
4116
4115
4121
4128
4131
4137
4139
4142
4148
4154
4164
4168
4174
4180
4185
4188
4195
4197
4204
4209
4215
4221
4226
4230
4234
4239
4251
4255
4255
4262
4274
4279
4286
4289
4298
4302
4310
4314
4322
4328
4334
4342
4343
4351
4363
4370
4373
4379
4387
4401
4405
4415
4422
4431
4437
4448
4454
4462
4471
4481
4488
4497
4504
4509
4517
4532
4538
4542
4550
4561
4571
4580
4587
4597
4604
4613
4621
4630
4638
4649
4660
4663
4675
4691
4697
4710
4718
4728
4736
4748
4764
4772
4784
4789
4802
4818
4828
4836
4846
4858
4867
4879
4884
4898
4914
4921
4928
4942
4952
4971
4981
4987
5001
5017
5030
5040
5055
5066
5080
5092
5106
5119
5131
5145
5155
5170
5182
5195
5205
5219
5230
5244
5252
5266
5283
5293
5301
5316
5330
5350
5363
5373
5387
5407
5422
5433
5448
5463
5477
5491
5504
5515
5528
5544
5556
5572
5585
5592
5607
5627
5635
5643
5653
5661
5668
5679
5687
5698
5702
5714
5725
5742
5755
5761
5774
5794
5800
5815
5826
5844
5854
5868
5876
5889
5904
5919
5934
5937
5951
5966
5973
5978
5993
6002
6021
6033
6044
6059
6069
6086
6098
6113
6128
6145
6161
6175
6191
6205
6221
6235
6253
6268
6282
6299
6312
6329
6340
6357
6372
6383
6399
6401
6416
6429
6442
6457
6461
6476
6497
6508
6522
6535
6551
6561
6578
6599
6609
6620
6633
6647
6665
6675
6690
6701
6715
6727
6736
6746
6757
6770
6779
6790
6797
6805
6809
6819
6836
6844
6853
6861
6866
6875
6880
6887
6885
6885
6887
6900
6901
6905
6908
6915
6918
6926
6931
6939
6951
6957
6967
6977
6987
6992
7008
7022
7032
7044
7048
7060
7074
7084
7083
7096
7107
7124
7133
7141
7151
7161
7174
7183
7197
7209
7217
7227
7244
7253
7261
7272
7280
7292
7304
7316
7323
7334
7345
7353
7366
7377
7385
7394
7401
7410
7419
7427
7433
7438
7441
7439
7446
7458
7459
7463
7463
7468
7478
7473
7479
7482
7484
7483
7485
7481
7485
7495
7499
7501
7507
7516
7527
7533
7531
7540
7547
7551
7552
7554
7559
7561
7565
7572
7579
7582
7591
7600
7607
7614
7622
7631
7640
7646
7656
7660
7668
7672
7679
7690
7698
7700
7705
7708
7706
7709
7724
7722
7728
7725
7731
7740
7741
7739
7742
7746
7747
7750
7743
7744
7756
7757
7759
7761
7765
7768
7776
7782
7786
7784
7784
7786
7787
7791
7794
7796
7797
7797
7799
7802
7805
7808
7812
7807
7818
7827
7834
7837
7839
7845
7858
7865
7871
7880
7886
7892
7902
7908
7917
7920
7920
7922
7923
7925
7922
7923
7929
7925
7920
7918
7917
7914
7914
7922
7923
7926
7932
7936
7943
7946
7952
7956
7962
7969
7975
7974
7984
7995
8002
8009
8014
8015
8020
8031
8037
8046
8043
8054
8064
8068
8072
8071
8078
8084
8090
8091
8093
8095
8099
8099
8099
8102
8112
8113
8113
8115
8116
8118
8114
8116
8117
8118
8118
8120
8114
8114
8122
8121
8121
8120
8121
8122
8121
8121
8119
8111
8112
8117
8114
8109
8110
8107
8097
8097
8104
8100
8099
8095
8095
8093
8092
8090
8094
8091
8092
8091
8094
8093
8092
8091
8091
8091
8088
8087
8083
8090
8091
8089
8088
8086
8086
8087
8080
8080
8088
8084
8078
8070
8062
8064
8054
8049
8041
8033
8024
8023
8018
8014
8006
8001
7994
7988
7984
7980
7970
7961
7956
7948
7942
7936
7931
7927
7920
7919
7924
7919
7911
7913
7909
7913
7913
7911
7909
7909
7907
7907
7910
7907
7910
7906
7900
7900
7906
7908
7909
7902
7905
7908
7909
7906
7908
7905
7904
7906
7908
7903
7898
7896
7899
7898
7900
7898
7896
7886
7886
7888
7889
7890
7880
7880
7884
7883
7878
7871
7869
7866
7860
7858
7856
7854
7854
7851
7851
7843
7841
7837
7825
7820
7817
7815
7809
7807
7803
7801
7799
7801
7797
7797
7795
7795
7790
7792
7780
7781
7778
7780
7773
7764
7763
7762
7760
7755
7749
7749
7755
7751
7748
7749
7758
7757
7752
7746
7739
7729
7720
7710
7699
7691
7679
7672
7662
7658
7646
7637
7626
7618
7610
7607
7598
7589
7586
7579
7574
7572
7573
7567
7558
7556
7560
7554
7549
7543
7540
7540
7533
7531
7525
7519
7515
7510
7502
7497
7502
7497
7495
7493
7492
7486
7485
7489
7488
7486
7487
7483
7483
7481
7479
7477
7478
7476
7474
7473
7468
7464
7460
7467
7462
7454
7454
7452
7457
7452
7445
7443
7451
7441
7440
7429
7426
7431
7428
7422
7420
7414
7411
7409
7403
7403
7406
7400
7398
7396
7389
7389
7386
7384
7381
7380
7378
7374
7374
7369
7360
7358
7355
7350
7339
7333
7324
7315
7308
7301
7295
7281
7278
7275
7276
7274
7270
7269
7267
7266
7262
7264
7260
7260
7261
7249
7253
7251
7254
7255
7245
7249
7252
7247
7241
7241
7237
7233
7229
7218
7213
7217
7207
7201
7198
7194
7186
7181
7172
7169
7161
7157
7152
7147
7141
7131
7128
7127
7126
7116
7113
7108
7095
7089
7090
7085
7076
7073
7061
7055
7049
7048
7042
7034
7026
7022
7021
7017
7008
7009
7008
7005
6998
6994
6991
6985
6981
6975
6973
6967
6962
6959
6956
6949
6947
6941
6938
6934
6927
6919
6916
6913
6905
6894
6891
6886
6888
6880
6867
6860
6862
6847
6838
6824
6812
6810
6804
6796
6787
6781
6770
6768
6770
6764
6760
6755
6751
6746
6744
6739
6737
6732
6728
6723
6718
6711
6708
6702
6699
6692
6690
6685
6681
6679
6673
6668
6665
6670
6668
6656
6658
6655
6657
6656
6650
6653
6651
6648
6647
6640
6641
6644
6642
6641
6639
6635
6632
6633
6629
6626
6622
6624
6617
6616
6612
6610
6606
6604
6599
6594
6592
6593
6591
6589
6579
6577
6582
6577
6571
6564
6564
6566
6559
6554
6552
6547
6545
6542
6533
6527
6529
6525
6520
6516
6510
6507
6500
6498
6490
6486
6481
6472
6467
6464
6461
6456
6449
6447
6435
6432
6428
6428
6425
6414
6410
6416
6408
6400
6395
6394
6388
6384
6378
6374
6369
6367
6364
6359
6357
6343
6343
6344
6340
6336
6329
6327
6315
6311
6314
6307
6304
6296
6292
6287
6281
6279
6275
6269
6260
6262
6261
6255
6251
6248
6240
6237
6236
6237
6234
6229
6230
6225
6225
6221
6219
6218
6213
6210
6201
6200
6201
6199
6193
6189
6183
6170
6168
6162
6158
6147
6141
6134
6125
6118
6103
6097
6092
6089
6082
6075
6068
6063
6054
6050
6042
6040
6034
6027
6018
6017
6020
6012
6009
6002
6000
5993
5993
5981
5981
5977
5977
5972
5964
5960
5965
5956
5956
5951
5946
5938
5937
5943
5938
5933
5930
5927
5925
5921
5920
5914
5912
5913
5908
5906
5900
5900
5896
5885
5887
5883
5887
5883
5877
5877
5874
5871
5865
5862
5860
5863
5860
5855
5854
5850
5847
5844
5838
5837
5842
5839
5828
5831
5828
5829
5828
5824
5822
5819
5818
5815
5813
5810
5803
5800
5806
5802
5798
5795
5792
5789
5784
5783
5777
5775
5773
5772
5769
5767
5760
5757
5762
5759
5752
5750
5747
5750
5745
5742
5741
5737
5736
5731
5726
5724
5725
5721
5718
5716
5710
5706
5703
5706
5699
5697
5693
5689
5689
5688
5684
5681
5678
5676
5671
5671
5668
5671
5667
5663
5659
5663
5660
5653
5647
5643
5647
5639
5639
5633
5626
5622
5622
5622
5619
5614
5611
5610
5604
5604
5598
5598
5587
5588
5590
5586
5580
5575
5573
5577
5572
5565
5565
5565
5563
5557
5555
5550
5544
5540
5542
5538
5533
5530
5523
5522
5515
5513
5509
5506
5502
5499
5496
5490
5488
5485
5481
5478
5475
5471
5470
5465
5464
5457
5453
5449
5443
5441
5435
5433
5422
5419
5416
5415
5414
5409
5407
5402
5402
5392
5393
5389
5394
5389
5381
5382
5384
5382
5378
5372
5372
5375
5372
5365
5367
5367
5368
5364
5362
5361
5358
5359
5358
5356
5354
5353
5353
5349
5345
5334
5337
5334
5336
5331
5327
5325
5320
5324
5316
5310
5309
5310
5304
5303
5300
5297
5294
5291
5285
5284
5274
5274
5278
5275
5274
5273
5270
5266
5265
5263
5257
5255
5251
5250
5241
5241
5246
5240
5236
5233
5230
5233
5229
5226
5223
5220
5217
5212
5205
5203
5205
5202
5200
5196
5195
5190
5187
5183
5179
5179
5173
5166
5166
5161
5166
5160
5158
5155
5150
5151
5147
5140
5140
5143
5138
5132
5130
5128
5132
5125
5123
5120
5110
5110
5114
5109
5110
5101
5098
5103
5098
5095
5090
5086
5083
5077
5075
5069
5069
5064
5064
5060
5055
5057
5052
5046
5046
5050
5049
5048
5045
5044
5041
5039
5036
5035
5032
5025
5024
5025
5023
5020
5014
5016
5013
5011
5010
5007
5001
4999
5002
5001
4999
4997
4993
4990
4990
4994
4995
4993
4990
4990
4985
4985
4990
4988
4983
4978
4978
4981
4976
4975
4974
4971
4969
4968
4963
4963
4959
4957
4956
4953
4952
4950
4949
4947
4945
4941
4940
4940
4943
4939
4938
4937
4930
4930
4933
4931
4931
4926
4925
4924
4920
4919
4919
4918
4911
4912
4915
4912
4911
4909
4905
4903
4899
4902
4899
4900
4896
4890
4887
4883
4886
4882
4878
4875
4867
4863
4864
4864
4860
4859
4857
4857
4852
4849
4845
4846
4840
4837
4839
4839
4831
4830
4832
4834
4832
4826
4825
4830
4824
4820
4819
4815
4811
4809
4805
4805
4803
4800
4798
4792
4791
4785
4784
4782
4777
4777
4769
4769
4774
4771
4766
4765
4768
4772
4768
4764
4761
4768
4764
4762
4761
4758
4756
4755
4750
4748
4744
4744
4742
4739
4739
4735
4736
4728
4728
4729
4730
4730
4723
4719
4725
4721
4721
4720
4719
4713
4710
4715
4712
4705
4702
4702
4702
4701
4695
4696
4693
4690
4688
4687
4684
4683
4681
4680
4677
4675
4675
4672
4672
4670
4671
4668
4667
4666
4668
4662
4663
4669
4668
4664
4666
4665
4663
4664
4656
4657
4661
4656
4655
4653
4650
4649
4647
4639
4640
4644
4640
4637
4636
4632
4623
4624
4628
4624
4621
4615
4618
4622
4617
4617
4617
4613
4612
4609
4610
4608
4603
4606
4611
4608
4608
4608
4606
4600
4601
4606
4604
4600
4599
4597
4597
4594
4592
4593
4592
4589
4587
4589
4586
4584
4584
4578
4578
4578
4584
4581
4576
4576
4581
4580
4580
4577
4579
4577
4577
4576
4575
4577
4574
4571
4573
4570
4570
4570
4565
4563
4565
4567
4566
4561
4562
4567
4565
4564
4559
4558
4561
4561
4558
4558
4558
4555
4555
4554
4553
4551
4553
4549
4549
4550
4548
4545
4540
4540
4546
4542
4543
4537
4533
4541
4539
4536
4536
4534
4527
4527
4530
4529
4526
4527
4521
4520
4521
4525
4523
4521
4519
4518
4516
4515
4511
4511
4508
4509
4506
4506
4502
4500
4498
4503
4500
4494
4495
4498
4497
4496
4493
4492
4491
4491
4489
4490
4490
4484
4487
4489
4487
4489
4488
4485
4487
4486
4483
4485
4481
4482
4479
4480
4481
4484
4485
4482
4480
4480
4478
4477
4472
4473
4475
4474
4469
4467
4470
4469
4469
4463
4462
4469
4462
4461
4462
4458
4456
4455
4448
4446
4452
4446
4444
4440
4440
4439
4437
4438
4437
4436
4434
4434
4434
4434
4434
4435
4432
4432
4432
4432
4431
4426
4428
4433
4429
4429
4430
4429
4430
4429
4422
4422
4424
4424
4424
4421
4420
4413
4414
4415
4416
4413
4410
4407
4407
4405
4396
4396
4396
4399
4399
4391
4391
4399
4398
4397
4395
4398
4401
4401
4401
4399
4398
4398
4396
4393
4391
4390
4388
4385
4384
4378
4380
4378
4376
4376
4370
4370
4370
4372
4371
4364
4364
4371
4368
4360
4362
4361
4363
4362
4361
4360
4357
4358
4358
4356
4357
4357
4357
4356
4358
4356
4353
4355
4358
4356
4350
4351
4353
4352
4352
4347
4346
4347
4344
4337
4339
4339
4341
4339
4340
4340
4339
4338
4341
4340
4341
4338
4338
4343
4341
4343
4341
4340
4336
4335
4339
4339
4336
4334
4333
4332
4331
4330
4329
4326
4325
4327
4327
4324
4325
4326
4325
4325
4327
4325
4324
4321
4320
4324
4321
4314
4316
4314
4317
4316
4313
4312
4308
4308
4308
4313
4312
4306
4308
4314
4312
4305
4305
4307
4310
4308
4308
4310
4309
4308
4307
4305
4305
4304
4303
4301
4302
4302
4301
4301
4294
4295
4300
4296
4290
4290
4289
4294
4290
4285
4287
4291
4289
4286
4287
4286
4283
4282
4281
4282
4280
4279
4280
4278
4277
4276
4276
4274
4275
4275
4271
4272
4275
4273
4270
4270
4270
4268
4269
4266
4263
4269
4268
4264
4264
4266
4265
4266
4265
4267
4267
4268
4268
4262
4263
4268
4265
4259
4258
4259
4261
4260
4255
4254
4261
4257
4257
4258
4257
4260
4262
4261
4260
4263
4258
4260
4258
4256
4257
4254
4249
4249
4248
4252
4248
4244
4244
4249
4248
4245
4242
4242
4248
4247
4249
4252
4246
4248
4247
4250
4247
4250
4248
4248
4246
4247
4245
4245
4241
4238
4237
4234
4231
4227
4224
4227
4227
4223
4225
4218
4218
4219
4223
4223
4221
4220
4215
4213
4214
4218
4215
4213
4213
4206
4208
4210
4212
4213
4211
4210
4212
4211
4212
4213
4211
4211
4211
4212
4213
4216
4214
4215
4211
4210
4216
4212
4210
4210
4204
4202
4200
4200
4199
4198
4198
4196
4195
4195
4193
4193
4193
4189
4188
4189
4185
4182
4180
4186
4184
4177
4179
4178
4182
4182
4175
4177
4183
4182
4183
4185
4185
4185
4184
4183
4182
4184
4185
4185
4183
4184
4187
4187
4186
4185
4187
4185
4184
4181
4181
4187
4184
4177
4176
4176
4178
4178
4174
4171
4175
4173
4172
4170
4169
4167
4166
4167
4166
4165
4166
4164
4165
4163
4165
4163
4162
4166
4162
4163
4164
4159
4161
4167
4163
4164
4159
4158
4164
4161
4158
4158
4155
4154
4154
4153
4150
4150
4149
4147
4148
4146
4143
4145
4138
4139
4147
4144
4143
4139
4139
4146
4143
4143
4144
4140
4141
4141
4141
4142
4137
4135
4142
4140
4139
4136
4134
4140
4140
4138
4138
4138
4137
4136
4136
4136
4134
4135
4134
4133
4133
4133
4135
4136
4134
4130
4132
4133
4140
4140
4134
4135
4140
4139
4135
4132
4131
4130
4130
4123
4123
4125
4126
4124
4123
4122
4122
4124
4117
4118
4121
4126
4126
4126
4125
4123
4125
4125
4121
4126
4134
4132
4134
4135
4138
4138
4137
4137
4135
4133
4133
4133
4132
4129
4125
4124
4124
4123
4123
4118
4114
4112
4111
4111
4109
4103
4104
4103
4104
4104
4099
4100
4106
4104
4098
4102
4102
4107
4105
4105
4102
4102
4102
4100
4096
4095
4102
4101
4099
4098
4096
4093
4091
4095
4091
4092
4089
4088
4086
4087
4084
4084
4086
4088
4089
4090
4090
4090
4090
4092
4091
4092
4094
4093
4094
4093
4093
4091
4087
4085
4092
4090
4093
4090
4092
4091
4090
4086
4086
4085
4088
4088
4082
4081
4083
4081
4081
4078
4080
4072
4074
4078
4076
4073
4072
4070
4068
4069
4068
4069
4069
4068
4067
4068
4068
4067
4065
4064
4063
4061
4058
4060
4062
4061
4055
4056
4061
4061
4060
4056
4054
4059
4057
4058
4056
4058
4057
4057
4053
4053
4060
4058
4058
4060
4062
4064
4065
4065
4064
4063
4064
4063
4061
4061
4061
4061
4061
4060
4060
4059
4058
4051
4052
4057
4055
4055
4050
4050
4053
4054
4051
4052
4045
4042
4042
4047
4048
4048
4047
4040
4042
4041
4046
4047
4049
4050
4051
4050
4049
4050
4048
4047
4047
4046
4046
4040
4038
4039
4044
4043
4038
4041
4046
4047
4047
4047
4047
4048
4047
4047
4047
4045
4045
4042
4044
4044
4041
4042
4036
4036
4037
4043
4041
4035
4034
4040
4037
4038
4032
4035
4037
4040
4042
4044
4044
4045
4045
4046
4047
4048
4048
4047
4045
4043
4043
4041
4032
4034
4040
4036
4036
4029
4030
4032
4034
4032
4033
4033
4032
4033
4038
4038
4036
4035
4031
4029
4029
4027
4026
4027
4027
4025
4025
4023
4020
4020
4027
4028
4024
4027
4031
4035
4033
4033
4032
4031
4030
4029
4029
4028
4026
4025
4019
4020
4025
4024
4023
4019
4016
4020
4018
4011
4014
4016
4017
4017
4016
4016
4015
4014
4014
4013
4012
4013
4013
4014
4014
4014
4014
4015
4014
4015
4013
4014
4007
4010
4011
4015
4014
4010
4011
4015
4011
4012
4010
4010
4012
4011
4006
4005
4009
4009
4007
4005
4005
4008
4005
3999
4001
4003
4004
4003
4003
3999
3999
3999
3998
3996
3995
3996
3994
3994
3993
3992
3992
3991
3993
3992
3988
3988
3995
3994
3992
3991
3991
3991
3992
3986
3989
3993
3993
3991
3992
3992
3988
3988
3993
3992
3990
3984
3985
3989
3991
3991
3991
3990
3991
3990
3989
3989
3987
3987
3987
3987
3987
3983
3984
3988
3988
3987
3987
3986
3982
3985
3988
3988
3984
3985
3987
3990
3988
3986
3986
3985
3986
3985
3985
3983
3983
3985
3982
3982
3982
3980
3980
3979
3978
3973
3972
3979
3975
3974
3972
3972
3977
3976
3971
3971
3974
3975
3974
3973
3974
3974
3972
3971
3970
3972
3966
3967
3972
3973
3967
3969
3970
3971
3971
3968
3971
3978
3979
3980
3980
3981
3981
3981
3981
3980
3981
3978
3978
3975
3975
3975
3975
3976
3977
3978
3974
3975
3973
3970
3971
3973
3973
3971
3971
3967
3967
3972
3969
3968
3966
3965
3962
3963
3966
3965
3959
3962
3964
3967
3967
3966
3970
3978
3980
3979
3979
3980
3981
3982
3982
3984
3982
3982
3981
3978
3978
3977
3975
3975
3973
3972
3970
3971
3967
3967
3972
3971
3965
3965
3967
3973
3974
3974
3972
3965
3967
3965
3971
3967
3962
3960
3963
3962
3959
3957
3957
3955
3953
3951
3950
3949
3949
3949
3946
3946
3952
3953
3951
3951
3953
3952
3951
3947
3948
3954
3953
3951
3947
3946
3951
3949
3950
3950
3949
3948
3948
3948
3948
3946
3944
3939
3942
3943
3947
3944
3940
3941
3948
3947
3947
3946
3947
3951
3951
3948
3950
3953
3951
3948
3949
3948
3947
3947
3940
3940
3940
3945
3943
3946
3946
3949
3951
3952
3953
3954
3955
3956
3956
3956
3956
3954
3952
3951
3949
3947
3946
3946
3944
3945
3944
3944
3942
3943
3942
3942
3942
3943
3942
3942
3945
3944
3943
3939
3937
3938
3940
3940
3932
3935
3937
3936
3936
3935
3933
3927
3928
3933
3931
3928
3925
3924
3930
3929
3929
3928
3924
3926
3926
3931
3929
3927
3926
3926
3925
3924
3925
3923
3922
3922
3920
3921
3919
3917
3918
3921
3919
3920
3918
3918
3919
3918
3915
3916
3919
3918
3918
3918
3918
3919
3919
3913
3915
3920
3918
3918
3920
3919
3915
3916
3922
3921
3917
3918
3919
3923
3922
3922
3919
3920
3921
3919
3918
3918
3915
3916
3920
3917
3917
3917
3917
3917
3919
3918
3920
3920
3922
3920
3920
3920
3918
3919
3919
3918
3917
3916
3916
3916
3916
3914
3914
3915
3916
3917
3918
3916
3918
3916
3916
3916
3916
3916
3916
3911
3914
3920
3919
3921
3921
3921
3930
3933
3931
3938
3945
3955
3963
3964
3972
3984
3989
3995
4002
4010
4020
4026
4027
4037
4049
4054
4060
4067
4073
4079
4085
4090
4097
4101
4109
4115
4119
4125
4128
4135
4141
4148
4151
4154
4157
4165
4168
4170
4171
4173
