4175
4173
4175
4174
4169
4169
4168
4171
4169
4163
4159
4162
4159
4153
4151
4147
4141
4138
4138
4134
4129
4125
4123
4116
4114
4109
4104
4096
4096
4093
4093
4086
4083
4080
4077
4072
4069
4065
4061
4058
4053
4052
4047
4039
4039
4035
4035
4033
4029
4024
4021
4018
4016
4014
4011
4010
4008
4004
4003
3999
3997
3995
3993
3989
3989
3986
3984
3982
3981
3974
3975
3977
3974
3967
3965
3964
3965
3962
3957
3958
3963
3959
3955
3951
3949
3953
3951
3948
3948
3952
3950
3950
3949
3948
3944
3942
3944
3943
3941
3940
3939
3936
3933
3931
3929
3929
3928
3927
3920
3923
3926
3923
3921
3921
3921
3922
3922
3922
3921
3919
3919
3919
3916
3915
3920
3918
3917
3917
3915
3914
3913
3908
3908
3913
3911
3905
3906
3907
3909
3909
3907
3906
3903
3905
3905
3907
3909
3904
3906
3911
3909
3908
3909
3908
3903
3905
3908
3905
3905
3905
3904
3900
3901
3905
3902
3897
3896
3895
3897
3897
3895
3897
3895
3894
3893
3892
3891
3891
3890
3890
3890
3890
3887
3888
3888
3887
3886
3887
3881
3881
3882
3886
3884
3884
3884
3884
3882
3882
3883
3883
3882
3882
3882
3881
3880
3881
3881
3877
3878
3885
3883
3879
3883
3882
3887
3886
3881
3882
3888
3885
3884
3883
3882
3880
3880
3880
3880
3874
3875
3874
3879
3877
3876
3877
3877
3880
3881
3880
3880
3878
3880
3886
3886
3882
3881
3881
3885
3884
3884
3883
3882
3882
3881
3881
3878
3879
3877
3878
3877
3877
3876
3874
3875
3874
3873
3873
3870
3867
3868
3872
3870
3870
3871
3870
3871
3871
3866
3867
3872
3871
3863
3865
3864
3868
3869
3865
3865
3872
3869
3871
3869
3870
3871
3870
3870
3870
3872
3872
3872
3870
3869
3864
3866
3870
3869
3869
3865
3866
3871
3871
3867
3869
3872
3874
3875
3875
3876
3877
3877
3876
3876
3876
3876
3876
3877
3877
3878
3879
3879
3876
3878
3884
3884
3885
3887
3886
3887
3887
3887
3888
3894
3892
3892
3893
3894
3895
3896
3893
3894
3900
3900
3901
3902
3903
3905
3909
3907
3909
3914
3918
3917
3918
3920
3924
3926
3927
3930
3933
3937
3939
3941
3943
3940
3942
3946
3954
3954
3954
3958
3964
3965
3967
3972
3975
3978
3981
3977
3980
3988
3987
3989
3986
3990
3996
3997
3998
4001
4002
4002
4005
4008
4009
4010
4013
4015
4018
4020
4019
4021
4029
4031
4027
4032
4037
4045
4047
4049
4054
4059
4063
4065
4071
4076
4081
4088
4088
4094
4102
4110
4113
4115
4120
4130
4134
4137
4139
4145
4146
4151
4161
4167
4172
4178
4184
4189
4195
4202
4210
4217
4224
4231
4239
4245
4252
4258
4262
4267
4270
4276
4283
4290
4296
4302
4308
4309
4317
4325
4335
4340
4347
4354
4362
4367
4375
4384
4392
4397
4406
4419
4428
4429
4439
4448
4461
4469
4473
4481
4497
4504
4514
4525
4535
4544
4556
4563
4572
4581
4589
4597
4606
4613
4623
4630
4641
4649
4659
4666
4675
4690
4699
4702
4713
4723
4738
4750
4760
4773
4786
4797
4809
4823
4834
4847
4858
4871
4882
4895
4909
4922
4936
4948
4959
4972
4985
4998
5010
5019
5032
5050
5064
5076
5089
5100
5111
5125
5133
5148
5167
5179
5185
5199
5216
5234
5246
5256
5271
5292
5304
5318
5330
5346
5355
5369
5390
5403
5412
5426
5441
5458
5470
5484
5498
5510
5522
5536
5549
5562
5576
5589
5594
5610
5623
5642
5654
5661
5675
5693
5705
5715
5727
5740
5752
5762
5767
5781
5800
5810
5823
5836
5848
5860
5873
5887
5901
5915
5927
5940
5953
5967
5979
5991
5999
6009
6022
6041
6054
6067
6078
6089
6096
6103
6111
6121
6131
6138
6143
6157
6165
6181
6189
6193
6203
6220
6231
6239
6250
6259
6269
6281
6290
6299
6316
6324
6336
6348
6361
6374
6389
6398
6413
6428
6450
6463
6472
6486
6504
6514
6527
6537
6546
6557
6568
6579
6590
6594
6606
6621
6638
6651
6653
6672
6689
6700
6711
6718
6728
6737
6742
6749
6760
6768
6777
6788
6794
6806
6811
6822
6836
6838
6845
6843
6846
6857
6860
6864
6865
6870
6875
6882
6892
6900
6912
6924
6934
6944
6954
6970
6979
6981
6992
7007
7011
7019
7026
7028
7033
7042
7048
7059
7063
7071
7078
7083
7096
7115
7122
7127
7139
7149
7165
7170
7177
7185
7193
7203
7210
7220
7230
7236
7246
7252
7257
7263
7269
7276
7287
7291
7295
7298
7301
7308
7312
7323
7330
7329
7339
7351
7356
7361
7366
7372
7376
7386
7403
7408
7417
7421
7429
7440
7446
7444
7453
7465
7474
7480
7489
7502
7513
7524
7538
7552
7568
7583
7599
7605
7619
7641
7650
7660
7668
7678
7690
7698
7709
7719
7728
7738
7746
7758
7767
7777
7785
7787
7800
7809
7823
7828
7830
7836
7851
7851
7853
7850
7851
7848
7853
7861
7860
7862
7863
7862
7867
7872
7871
7875
7885
7888
7894
7892
7899
7905
7905
7906
7909
7910
7912
7909
7909
7909
7909
7908
7907
7913
7916
7923
7925
7924
7935
7952
7958
7964
7970
7976
7983
7982
7983
7977
7974
7971
7969
7970
7970
7962
7962
7968
7970
7969
7968
7974
7987
7989
7987
7995
8002
8011
8014
8017
8022
8028
8034
8038
8039
8045
8055
8053
8053
8050
8045
8035
8027
8020
8012
8005
7998
7992
7990
7986
7979
7976
7970
7965
7965
7958
7955
7945
7944
7948
7943
7938
7942
7945
7949
7948
7944
7948
7957
7960
7958
7965
7974
7987
7988
7989
7993
7986
7990
7993
7996
7998
7995
7994
7994
7992
7993
7991
7992
7991
7985
7983
7983
7980
7977
7977
7973
7974
7980
7981
7983
7987
7989
7985
7988
7998
7998
8001
8004
8006
8007
8009
8012
8016
8018
8020
8022
8022
8023
8025
8027
8031
8029
8023
8026
8028
8034
8036
8028
8029
8036
8035
8034
8029
8029
8023
8021
8024
8020
8022
8020
8015
8010
8005
8001
7999
7998
7995
7991
7993
7991
7984
7983
7985
7979
7969
7962
7960
7962
7959
7955
7952
7950
7950
7951
7949
7949
7945
7948
7953
7951
7953
7951
7949
7946
7945
7947
7937
7927
7920
7915
7904
7898
7890
7883
7879
7873
7874
7868
7865
7861
7857
7845
7844
7841
7839
7837
7826
7823
7825
7817
7803
7795
7790
7785
7776
7773
7765
7756
7748
7742
7735
7725
7723
7719
7711
7713
7712
7717
7717
7710
7714
7723
7720
7719
7721
7721
7722
7720
7720
7722
7721
7720
7723
7723
7725
7727
7727
7726
7728
7726
7721
7724
7729
7726
7727
7726
7717
7718
7716
7721
7718
7716
7718
7705
7704
7703
7702
7700
7694
7691
7681
7680
7676
7679
7672
7668
7661
7648
7643
7638
7632
7623
7617
7610
7604
7601
7597
7591
7589
7585
7585
7590
7588
7583
7584
7579
7582
7575
7570
7568
7562
7558
7551
7549
7548
7550
7543
7541
7536
7532
7527
7522
7517
7512
7507
7502
7498
7491
7487
7481
7474
7469
7465
7461
7458
7450
7443
7444
7448
7444
7440
7438
7431
7434
7432
7437
7436
7435
7433
7434
7433
7431
7429
7428
7423
7423
7425
7426
7419
7419
7420
7429
7426
7427
7425
7422
7422
7426
7427
7423
7416
7408
7399
7390
7378
7367
7361
7352
7342
7335
7327
7313
7306
7300
7301
7293
7288
7277
7273
7271
7264
7260
7254
7244
7240
7246
7240
7234
7228
7223
7228
7224
7211
7209
7212
7206
7203
7199
7195
7193
7188
7186
7185
7182
7177
7175
7174
7171
7170
7166
7163
7159
7156
7160
7152
7142
7139
7137
7135
7130
7126
7121
7111
7108
7111
7104
7101
7090
7086
7089
7083
7078
7077
7072
7065
7056
7051
7044
7041
7034
7026
7021
7012
7008
6998
6989
6986
6986
6980
6980
6975
6969
6965
6962
6958
6954
6951
6947
6942
6939
6935
6925
6925
6923
6921
6918
6906
6905
6903
6896
6892
6886
6883
6871
6868
6870
6866
6862
6857
6851
6846
6839
6834
6829
6821
6813
6804
6799
6795
6788
6784
6776
6771
6779
6775
6769
6764
6760
6763
6758
6753
6751
6745
6738
6731
6730
6728
6722
6715
6712
6707
6702
6692
6689
6686
6680
6676
6670
6662
6658
6654
6645
6639
6631
6622
6614
6607
6600
6593
6587
6576
6572
6570
6566
6563
6557
6551
6551
6548
6544
6541
6540
6529
6524
6530
6524
6510
6510
6506
6507
6506
6496
6494
6499
6494
6490
6487
6482
6474
6466
6460
6451
6446
6436
6428
6424
6416
6407
6403
6389
6388
6384
6384
6374
6369
6365
6348
6349
6346
6346
6340
6333
6329
6335
6328
6321
6321
6320
6321
6318
6317
6313
6314
6312
6311
6311
6310
6309
6307
6307
6305
6309
6306
6307
6302
6301
6297
6294
6291
6291
6284
6281
6277
6271
6267
6259
6257
6255
6257
6254
6252
6250
6239
6239
6239
6239
6231
6219
6218
6221
6214
6209
6205
6202
6191
6191
6190
6186
6177
6175
6174
6174
6170
6168
6163
6161
6159
6156
6150
6146
6147
6142
6138
6133
6130
6125
6123
6119
6117
6114
6111
6104
6102
6100
6101
6098
6087
6087
6090
6086
6077
6073
6070
6069
6066
6059
6055
6050
6045
6041
6036
6030
6023
6017
6010
6007
5999
5990
5989
5987
5984
5972
5967
5969
5963
5957
5956
5949
5947
5944
5934
5933
5929
5931
5926
5915
5914
5921
5915
5911
5905
5897
5892
5885
5876
5870
5864
5858
5852
5844
5842
5836
5832
5825
5820
5818
5807
5804
5805
5802
5796
5794
5790
5783
5782
5783
5779
5777
5776
5768
5765
5761
5764
5757
5754
5752
5749
5746
5743
5740
5741
5738
5737
5738
5733
5734
5734
5729
5723
5719
5721
5721
5711
5709
5706
5710
5708
5697
5696
5698
5696
5694
5688
5688
5684
5680
5681
5675
5672
5672
5667
5661
5658
5663
5659
5654
5655
5651
5650
5648
5646
5645
5641
5640
5635
5629
5625
5615
5613
5615
5610
5607
5603
5601
5594
5593
5595
5588
5584
5579
5573
5571
5562
5556
5552
5544
5540
5532
5528
5526
5514
5515
5517
5512
5509
5501
5500
5504
5500
5494
5488
5492
5492
5487
5484
5481
5476
5472
5476
5472
5467
5465
5463
5459
5456
5453
5451
5451
5447
5443
5441
5436
5431
5427
5423
5423
5417
5411
5407
5404
5399
5402
5397
5392
5389
5387
5382
5381
5376
5372
5370
5367
5366
5364
5360
5361
5359
5359
5354
5352
5343
5344
5349
5344
5344
5340
5336
5332
5329
5333
5329
5327
5326
5322
5319
5318
5316
5315
5309
5307
5311
5308
5305
5299
5299
5295
5293
5288
5287
5284
5281
5280
5274
5275
5266
5266
5265
5268
5266
5264
5263
5258
5257
5259
5257
5256
5255
5248
5241
5241
5245
5241
5237
5236
5229
5229
5228
5224
5223
5218
5212
5207
5208
5206
5201
5198
5190
5186
5184
5183
5180
5179
5171
5169
5166
5161
5160
5157
5150
5146
5151
5147
5143
5142
5137
5128
5130
5132
5130
5123
5121
5122
5126
5125
5123
5119
5120
5119
5118
5114
5112
5116
5113
5115
5110
5110
5108
5105
5105
5101
5099
5100
5096
5096
5091
5090
5090
5081
5082
5087
5082
5082
5079
5076
5077
5074
5072
5073
5070
5065
5064
5067
5066
5056
5061
5063
5064
5061
5056
5054
5061
5057
5054
5055
5052
5051
5050
5046
5049
5047
5046
5044
5041
5040
5043
5042
5032
5034
5037
5034
5029
5025
5022
5016
5013
5009
5006
5005
5001
4998
4999
4994
4993
4989
4985
4982
4979
4975
4973
4962
4962
4962
4959
4959
4952
4952
4944
4942
4949
4945
4941
4937
4935
4940
4936
4937
4934
4931
4927
4927
4923
4924
4922
4918
4914
4913
4913
4919
4915
4910
4910
4916
4914
4911
4910
4910
4906
4907
4898
4897
4896
4897
4891
4889
4885
4881
4876
4872
4870
4867
4862
4857
4855
4853
4844
4842
4844
4844
4843
4841
4838
4836
4835
4834
4832
4830
4832
4828
4823
4823
4825
4830
4826
4827
4826
4826
4826
4823
4824
4822
4827
4827
4820
4821
4826
4822
4819
4816
4816
4809
4807
4813
4810
4806
4806
4803
4797
4799
4805
4801
4799
4798
4796
4794
4791
4790
4787
4786
4781
4778
4772
4768
4769
4768
4765
4763
4756
4753
4753
4753
4752
4750
4747
4743
4743
4739
4738
4733
4732
4731
4731
4729
4726
4723
4721
4726
4723
4719
4718
4720
4721
4719
4715
4713
4718
4715
4712
4711
4712
4711
4711
4711
4708
4708
4708
4705
4704
4702
4695
4695
4698
4696
4693
4695
4693
4692
4689
4684
4681
4686
4683
4679
4676
4675
4674
4674
4672
4669
4666
4664
4663
4666
4665
4659
4657
4659
4660
4656
4647
4647
4651
4647
4643
4641
4639
4636
4635
4628
4629
4633
4629
4628
4627
4627
4626
4624
4625
4624
4622
4623
4620
4622
4620
4621
4619
4613
4615
4615
4617
4615
4612
4609
4608
4607
4603
4597
4598
4601
4598
4598
4594
4593
4592
4590
4587
4586
4582
4583
4587
4586
4586
4584
4586
4589
4590
4584
4586
4584
4583
4582
4575
4573
4577
4574
4573
4570
4568
4565
4565
4564
4565
4561
4562
4562
4562
4558
4558
4556
4557
4555
4553
4550
4549
4548
4546
4546
4546
4539
4539
4536
4541
4539
4536
4535
4535
4535
4533
4527
4529
4533
4532
4525
4525
4527
4532
4528
4524
4527
4533
4530
4529
4529
4529
4531
4529
4529
4526
4524
4521
4519
4517
4513
4513
4509
4507
4508
4506
4501
4500
4504
4504
4503
4501
4500
4499
4498
4497
4496
4491
4490
4495
4491
4490
4487
4484
4483
4482
4477
4477
4477
4482
4481
4479
4477
4474
4475
4469
4467
4466
4469
4468
4467
4465
4462
4461
4461
4458
4459
4464
4462
4462
4460
4462
4460
4463
4461
4464
4457
4458
4463
4463
4463
4455
4456
4459
4458
4455
4453
4452
4450
4450
4448
4446
4445
4444
4443
4443
4442
4441
4439
4438
4438
4438
4437
4437
4433
4434
4439
4437
4430
4432
4432
4436
4434
4427
4428
4433
4430
4429
4425
4426
4427
4423
4423
4422
4419
4417
4416
4416
4414
4412
4409
4407
4408
4405
4402
4399
4397
4399
4397
4394
4392
4393
4393
4392
4390
4382
4385
4386
4385
4382
4377
4378
4380
4377
4371
4374
4371
4374
4374
4375
4371
4364
4365
4368
4370
4368
4369
4369
4370
4367
4368
4367
4366
4363
4362
4360
4359
4357
4356
4356
4354
4353
4353
4354
4350
4348
4348
4351
4351
4345
4346
4350
4349
4347
4346
4344
4342
4340
4345
4345
4337
4338
4339
4344
4344
4341
4345
4348
4350
4347
4350
4349
4351
4352
4349
4348
4348
4347
4345
4342
4342
4341
4339
4332
4330
4331
4333
4329
4327
4323
4324
4322
4321
4315
4317
4322
4323
4324
4324
4324
4324
4324
4325
4324
4326
4325
4326
4322
4321
4320
4319
4315
4317
4320
4316
4314
4309
4308
4307
4304
4301
4299
4300
4299
4296
4289
4291
4295
4293
4286
4286
4286
4288
4286
4284
4285
4282
4284
4284
4283
4282
4283
4285
4283
4281
4280
4280
4280
4277
4278
4281
4277
4272
4274
4274
4276
4273
4267
4267
4273
4269
4268
4268
4266
4263
4263
4266
4263
4262
4261
4260
4258
4258
4257
4254
4254
4253
4253
4251
4249
4245
4246
4253
4251
4250
4245
4244
4247
4245
4244
4245
4240
4237
4238
4244
4244
4244
4245
4245
4247
4249
4250
4251
4246
4246
4250
4250
4247
4246
4242
4240
4241
4238
4236
4235
4233
4232
4231
4230
4232
4232
4232
4230
4229
4230
4228
4225
4225
4230
4228
4229
4224
4222
4225
4222
4222
4221
4220
4218
4218
4218
4216
4211
4212
4218
4216
4216
4214
4214
4210
4211
4216
4216
4214
4214
4215
4210
4212
4218
4220
4220
4218
4218
4216
4215
4214
4213
4212
4214
4213
4213
4213
4212
4211
4210
4209
4206
4200
4203
4207
4206
4207
4207
4205
4206
4206
4211
4209
4208
4206
4198
4198
4198
4201
4199
4198
4197
4189
4189
4192
4197
4199
4194
4195
4201
4198
4200
4200
4198
4198
4197
4190
4191
4197
4195
4193
4193
4189
4188
4189
4189
4189
4187
4184
4183
4188
4187
4187
4185
4186
4186
4187
4185
4184
4182
4179
4179
4176
4176
4169
4170
4171
4171
4169
4169
4169
4168
4166
4160
4159
4164
4163
4159
4158
4158
4161
4161
4160
4158
4158
4157
4158
4153
4155
4157
4157
4157
4157
4156
4153
4154
4159
4158
4157
4157
4154
4155
4156
4156
4156
4158
4157
4157
4157
4158
4157
4156
4156
4155
4154
4155
4155
4151
4150
4154
4152
4145
4144
4149
4150
4148
4142
4144
4148
4147
4144
4145
4146
4149
4150
4145
4147
4153
4151
4150
4149
4148
4147
4145
4142
4141
4142
4141
4142
4141
4140
4136
4136
4140
4138
4136
4136
4136
4136
4134
4131
4130
4131
4131
4132
4135
4135
4130
4131
4135
4134
4134
4132
4135
4143
4144
4144
4145
4140
4141
4139
4137
4137
4136
4138
4137
4136
4135
4128
4129
4132
4128
4122
4123
4122
4125
4124
4124
4124
4120
4119
4119
4119
4117
4117
4117
4111
4110
4112
4114
4110
4111
4107
4108
4108
4108
4107
4106
4104
4106
4111
4112
4111
4108
4108
4103
4103
4103
4103
4103
4099
4099
4100
4100
4094
4095
4099
4100
4098
4097
4096
4096
4096
4096
4094
4088
4091
4091
4095
4094
4087
4088
4094
4092
4090
4086
4086
4091
4088
4088
4086
4086
4087
4088
4086
4086
4084
4084
4084
4084
4083
4082
4081
4080
4083
4082
4082
4081
4074
4076
4081
4080
4081
4080
4081
4080
4080
4075
4078
4082
4080
4079
4081
4080
4077
4075
4080
4078
4079
4080
4080
4075
4077
4080
4081
4075
4076
4078
4080
4079
4079
4077
4076
4075
4074
4073
4072
4072
4070
4069
4069
4071
4073
4073
4074
4073
4071
4073
4082
4080
4075
4073
4073
4078
4077
4076
4073
4071
4072
4074
4073
4073
4073
4072
4066
4068
4068
4072
4072
4067
4067
4070
4071
4068
4067
4063
4061
4061
4061
4058
4054
4055
4056
4054
4052
4047
4048
4050
4050
4047
4044
4044
4048
4046
4047
4045
4044
4043
4044
4049
4047
4047
4046
4044
4043
4044
4040
4039
4043
4042
4040
4040
4039
4037
4038
4040
4038
4036
4034
4034
4033
4035
4035
4038
4036
4039
4046
4044
4043
4040
4042
4046
4043
4042
4040
4039
4038
4038
4036
4034
4030
4032
4035
4034
4033
4032
4034
4035
4034
4034
4036
4039
4038
4040
4044
4044
4044
4044
4043
4040
4040
4036
4035
4035
4035
4032
4030
4028
4030
4031
4026
4026
4028
4027
4026
4021
4018
4021
4020
4015
4013
4014
4015
4013
4010
4010
4014
4009
4008
4007
4008
4008
4008
4008
4008
4009
4007
4008
4008
4006
4006
4008
4007
4005
4005
4001
4001
4005
4002
3998
4000
4003
4004
4003
4004
4003
4000
4001
4008
4007
4009
4009
4011
4012
4012
4011
4013
4012
4010
4009
4010
4009
4009
4009
4006
4005
4006
4012
4011
4009
4009
4008
4009
4010
4006
4006
4010
4008
4007
4007
4007
4007
4005
4003
4002
3998
3999
4001
4000
3998
3993
3995
3998
3993
3993
3992
3990
3990
3988
3983
3983
3989
3988
3989
3986
3984
3988
3988
3988
3985
3986
3986
3987
3988
3989
3983
3982
3989
3988
3987
3985
3983
3983
3984
3983
3983
3982
3981
3980
3981
3981
3982
3982
3980
3979
3980
3977
3978
3984
3984
3984
3986
3986
3983
3984
3987
3986
3981
3985
3983
3987
3987
3988
3988
3984
3983
3986
3985
3984
3985
3984
3984
3982
3980
3982
3983
3981
3980
3978
3976
3975
3975
3974
3969
3968
3972
3970
3970
3969
3967
3969
3968
3965
3967
3972
3970
3967
3968
3967
3973
3971
3970
3970
3965
3966
3964
3966
3966
3966
3965
3964
3962
3963
3964
3965
3968
3969
3971
3973
3976
3976
3976
3974
3973
3972
3973
3966
3966
3966
3969
3966
3959
3960
3962
3963
3959
3959
3957
3957
3956
3956
3954
3948
3950
3950
3955
3954
3949
3949
3954
3954
3955
3956
3955
3954
3952
3952
3952
3952
3950
3951
3950
3948
3941
3943
3950
3950
3949
3948
3947
3945
3945
3946
3946
3947
3945
3944
3941
3939
3944
3944
3943
3943
3944
3940
3939
3943
3942
3942
3941
3940
3937
3936
3940
3940
3939
3940
3940
3938
3939
3935
3939
3946
3944
3946
3945
3946
3945
3946
3947
3947
3942
3945
3947
3950
3951
3946
3946
3951
3950
3949
3947
3946
3940
3943
3949
3947
3945
3944
3944
3943
3943
3941
3940
3937
3935
3936
3935
3935
3935
3938
3939
3939
3939
3938
3939
3945
3943
3939
3942
3947
3946
3946
3942
3944
3949
3947
3944
3943
3943
3943
3943
3937
3936
3939
3937
3933
3933
3933
3932
3931
3928
3930
3930
3931
3930
3928
3928
3923
3926
3931
3928
3928
3925
3925
3928
3927
3927
3928
3928
3927
3926
3921
3921
3926
3924
3923
3920
3919
3918
3919
3920
3919
3916
3918
3919
3924
3924
3926
3923
3923
3923
3919
3919
3918
3915
3914
3917
3915
3910
3910
3909
3911
3910
3909
3909
3909
3908
3907
3907
3909
3909
3909
3908
3908
3908
3910
3908
3908
3906
3907
3907
3905
3904
3904
3908
3908
3903
3906
3909
3907
3906
3902
3904
3908
3907
3906
3906
3904
3902
3903
3908
3906
3904
3902
3903
3903
3903
3902
3903
3902
3901
3897
3899
3902
3905
3906
3904
3904
3904
3904
3907
3903
3903
3907
3906
3907
3907
3905
3904
3903
3907
3905
3901
3902
3905
3903
3903
3902
3901
3894
3894
3900
3898
3897
3895
3895
3897
3897
3890
3889
3893
3895
3896
3895
3896
3892
3893
3893
3895
3895
3891
3890
3896
3893
3893
3895
3895
3895
3897
3895
3896
3896
3894
3894
3894
3893
3894
3893
3890
3891
3892
3892
3891
3892
3894
3897
3898
3900
3903
3903
3902
3907
3915
3918
3917
3920
3928
3935
3941
3946
3951
3954
3959
3973
3979
3986
3988
3994
4007
4014
4015
4023
4030
4042
4048
4049
4058
4071
4076
4081
4086
4093
4099
4106
4110
4115
4120
4126
4131
4134
4138
4142
4145
4148
4149
4148
4150
4152
