4153
4152
4147
4149
4149
4150
4146
4144
4141
4140
4137
4129
4126
4126
4127
4122
4117
4116
4105
4102
4099
4100
4096
4088
4081
4085
4080
4076
4072
4068
4059
4057
4060
4053
4052
4048
4045
4043
4040
4036
4034
4026
4025
4022
4022
4018
4016
4014
4012
4007
4005
4003
4000
3997
3993
3992
3991
3986
3984
3981
3979
3974
3978
3972
3970
3970
3968
3960
3959
3963
3961
3954
3955
3954
3954
3952
3949
3951
3948
3948
3943
3944
3944
3947
3945
3944
3944
3944
3942
3942
3940
3939
3936
3936
3933
3933
3933
3931
3932
3930
3930
3924
3924
3927
3925
3921
3916
3915
3921
3919
3911
3914
3914
3915
3913
3909
3907
3914
3911
3910
3911
3908
3904
3903
3905
3903
3903
3901
3898
3898
3898
3895
3895
3894
3894
3894
3892
3892
3891
3890
3891
3891
3891
3892
3893
3892
3890
3890
3890
3885
3887
3888
3890
3890
3884
3885
3887
3885
3887
3888
3891
3887
3889
3894
3893
3893
3894
3892
3889
3887
3894
3892
3890
3888
3888
3884
3884
3886
3885
3885
3884
3882
3880
3880
3879
3879
3875
3876
3876
3879
3878
3876
3875
3873
3872
3872
3872
3871
3871
3870
3866
3870
3877
3877
3875
3872
3873
3879
3877
3877
3877
3874
3872
3871
3875
3875
3876
3877
3875
3875
3877
3882
3881
3880
3879
3876
3875
3874
3873
3871
3871
3869
3865
3868
3870
3869
3871
3869
3867
3866
3865
3860
3862
3861
3866
3865
3863
3862
3862
3862
3860
3858
3857
3857
3857
3857
3855
3855
3854
3853
3848
3850
3855
3855
3851
3852
3852
3855
3854
3853
3852
3854
3856
3856
3856
3853
3854
3855
3855
3855
3855
3855
3854
3860
3859
3853
3854
3860
3860
3860
3860
3860
3860
3859
3860
3860
3860
3858
3857
3852
3854
3859
3856
3854
3851
3853
3857
3857
3857
3858
3853
3856
3859
3866
3866
3865
3865
3865
3865
3865
3861
3860
3865
3864
3865
3864
3864
3865
3864
3862
3861
3868
3867
3866
3865
3865
3867
3867
3868
3870
3874
3874
3876
3877
3879
3881
3883
3886
3888
3888
3890
3895
3897
3899
3896
3899
3906
3906
3907
3903
3903
3910
3911
3912
3914
3917
3914
3917
3924
3925
3921
3925
3927
3930
3931
3930
3932
3932
3934
3935
3936
3937
3939
3941
3939
3943
3951
3953
3957
3958
3961
3963
3964
3969
3968
3972
3975
3975
3976
3979
3978
3983
3992
3993
3996
3996
4002
4009
4010
4015
4019
4024
4023
4027
4036
4040
4039
4042
4050
4055
4059
4063
4066
4068
4075
4079
4085
4088
4093
4100
4104
4109
4115
4119
4124
4131
4138
4143
4149
4152
4161
4170
4179
4183
4189
4195
4196
4204
4216
4220
4227
4231
4239
4250
4255
4264
4271
4278
4287
4296
4305
4313
4321
4327
4337
4344
4355
4356
4368
4380
4388
4396
4404
4414
4421
4430
4440
4450
4454
4465
4475
4491
4500
4505
4517
4534
4542
4551
4561
4573
4582
4592
4598
4612
4630
4637
4648
4660
4670
4679
4690
4700
4713
4722
4729
4738
4757
4764
4773
4783
4794
4803
4813
4821
4832
4849
4859
4871
4881
4892
4898
4913
4931
4941
4953
4966
4977
4989
5000
5011
5025
5032
5045
5061
5075
5087
5100
5111
5121
5136
5149
5160
5175
5188
5202
5215
5228
5238
5256
5267
5285
5297
5304
5314
5336
5349
5362
5375
5389
5398
5413
5431
5443
5458
5470
5488
5502
5515
5522
5538
5557
5569
5581
5594
5607
5620
5633
5640
5655
5672
5686
5700
5714
5728
5739
5751
5766
5777
5788
5802
5812
5824
5835
5844
5856
5866
5875
5885
5892
5902
5918
5925
5933
5941
5950
5966
5973
5985
5996
6004
6015
6029
6043
6054
6068
6080
6088
6106
6119
6139
6154
6162
6174
6197
6208
6219
6231
6244
6266
6276
6291
6302
6317
6331
6346
6359
6372
6382
6397
6416
6427
6442
6451
6463
6479
6492
6506
6517
6528
6542
6554
6565
6579
6588
6602
6611
6620
6630
6639
6652
6662
6673
6673
6688
6696
6709
6717
6722
6734
6750
6761
6772
6782
6793
6805
6814
6823
6832
6833
6844
6853
6868
6878
6885
6896
6899
6909
6919
6933
6941
6952
6960
6968
6974
6978
6985
6991
6995
7007
7023
7032
7044
7056
7068
7072
7084
7098
7110
7121
7135
7147
7159
7167
7179
7193
7204
7218
7226
7236
7245
7262
7272
7276
7287
7305
7312
7323
7333
7341
7349
7361
7371
7382
7386
7390
7394
7397
7401
7405
7406
7406
7403
7404
7414
7417
7418
7422
7421
7430
7434
7442
7444
7445
7455
7465
7470
7479
7478
7488
7499
7506
7505
7515
7528
7540
7548
7559
7567
7575
7582
7588
7597
7605
7613
7621
7630
7639
7649
7658
7667
7674
7682
7688
7690
7694
7703
7711
7719
7723
7722
7730
7741
7743
7749
7754
7763
7767
7774
7775
7783
7797
7798
7800
7799
7796
7792
7787
7779
7776
7777
7773
7769
7763
7756
7744
7739
7744
7735
7729
7727
7718
7714
7709
7708
7706
7705
7706
7706
7710
7711
7710
7716
7723
7731
7737
7745
7749
7746
7751
7760
7761
7760
7763
7765
7769
7775
7771
7783
7792
7803
7807
7809
7817
7823
7827
7832
7834
7836
7840
7841
7844
7849
7844
7848
7851
7859
7861
7861
7867
7879
7882
7885
7893
7899
7905
7914
7913
7920
7930
7939
7943
7950
7956
7960
7964
7969
7973
7977
7978
7985
7996
7998
7996
8002
8007
8017
8021
8023
8024
8030
8029
8026
8026
8023
8019
8018
8007
8008
8013
8009
8006
7997
8000
8003
8001
7991
7994
7990
7995
7993
7992
7994
7993
7996
7996
7997
7996
7995
7995
7991
7987
7985
7980
7974
7966
7960
7961
7954
7950
7944
7943
7939
7935
7930
7927
7923
7917
7915
7909
7902
7894
7888
7880
7877
7875
7873
7874
7869
7873
7880
7882
7874
7874
7874
7872
7868
7856
7848
7849
7836
7829
7824
7818
7814
7809
7800
7802
7808
7805
7806
7804
7804
7802
7802
7804
7807
7810
7809
7814
7821
7821
7824
7826
7828
7832
7839
7835
7837
7848
7847
7846
7848
7848
7854
7854
7847
7851
7862
7861
7862
7864
7866
7868
7871
7870
7872
7871
7868
7869
7872
7869
7866
7864
7855
7853
7850
7847
7839
7828
7824
7826
7817
7815
7812
7812
7807
7808
7817
7813
7815
7813
7813
7807
7801
7793
7784
7771
7764
7759
7750
7746
7741
7737
7735
7731
7729
7728
7728
7725
7720
7719
7716
7708
7704
7705
7707
7700
7691
7687
7684
7675
7666
7662
7652
7645
7634
7622
7617
7612
7613
7608
7603
7601
7591
7591
7596
7597
7595
7593
7591
7589
7582
7579
7575
7570
7563
7558
7549
7547
7550
7545
7536
7528
7525
7529
7525
7516
7517
7517
7519
7513
7510
7505
7501
7495
7482
7484
7478
7477
7470
7465
7459
7452
7451
7447
7444
7440
7442
7440
7441
7438
7436
7436
7431
7424
7422
7427
7422
7420
7415
7416
7410
7407
7413
7413
7408
7410
7406
7402
7401
7405
7401
7398
7398
7391
7386
7387
7390
7388
7385
7386
7377
7375
7374
7377
7371
7369
7366
7365
7361
7353
7348
7343
7338
7331
7328
7318
7313
7308
7302
7292
7285
7278
7270
7258
7251
7247
7248
7240
7223
7222
7224
7217
7210
7197
7194
7193
7185
7179
7172
7167
7159
7156
7159
7152
7149
7144
7141
7136
7129
7124
7119
7118
7111
7111
7104
7100
7097
7095
7089
7087
7087
7085
7082
7080
7079
7073
7074
7081
7078
7077
7076
7076
7075
7074
7064
7066
7071
7066
7060
7053
7051
7053
7048
7035
7031
7029
7024
7015
7007
6999
6991
6988
6984
6980
6978
6972
6966
6964
6959
6955
6952
6950
6954
6951
6947
6941
6928
6925
6924
6922
6915
6910
6908
6897
6895
6896
6890
6887
6881
6874
6864
6857
6852
6844
6834
6823
6817
6808
6803
6797
6788
6783
6779
6776
6772
6769
6758
6760
6762
6758
6755
6746
6739
6736
6727
6710
6708
6699
6699
6692
6678
6674
6665
6660
6658
6649
6639
6630
6624
6616
6610
6600
6593
6586
6577
6572
6565
6561
6560
6556
6555
6555
6555
6557
6555
6555
6551
6545
6542
6539
6538
6536
6525
6522
6524
6520
6516
6507
6505
6502
6497
6486
6487
6480
6481
6474
6471
6468
6462
6457
6451
6446
6444
6446
6440
6436
6429
6419
6418
6411
6412
6406
6403
6399
6391
6387
6381
6377
6375
6368
6365
6370
6365
6363
6360
6357
6355
6350
6348
6349
6348
6346
6341
6331
6327
6330
6324
6317
6314
6311
6301
6299
6300
6297
6295
6291
6287
6281
6280
6277
6275
6267
6263
6269
6266
6263
6255
6254
6259
6257
6244
6243
6243
6245
6239
6236
6237
6230
6229
6227
6225
6223
6215
6213
6221
6218
6211
6211
6209
6207
6206
6201
6203
6198
6199
6198
6194
6193
6185
6184
6188
6180
6178
6175
6170
6168
6163
6159
6156
6156
6151
6150
6146
6147
6141
6139
6136
6132
6130
6127
6125
6116
6114
6116
6111
6105
6099
6095
6097
6093
6087
6083
6073
6069
6065
6068
6064
6051
6049
6054
6047
6041
6037
6034
6026
6022
6025
6020
6016
6012
6005
6001
5997
5988
5985
5988
5981
5977
5977
5970
5967
5964
5952
5953
5947
5951
5945
5940
5934
5932
5930
5927
5920
5916
5915
5911
5902
5902
5907
5903
5898
5894
5892
5889
5886
5884
5881
5878
5874
5873
5861
5857
5862
5853
5846
5838
5834
5833
5829
5825
5819
5809
5807
5803
5803
5798
5794
5792
5784
5783
5784
5785
5779
5774
5771
5765
5763
5757
5751
5748
5741
5737
5734
5730
5727
5722
5720
5719
5717
5711
5710
5714
5708
5707
5698
5697
5698
5693
5689
5684
5678
5676
5670
5672
5669
5666
5660
5661
5658
5653
5651
5648
5643
5643
5642
5639
5634
5632
5625
5623
5621
5607
5606
5602
5603
5599
5591
5589
5578
5573
5575
5569
5564
5552
5549
5550
5543
5538
5537
5533
5526
5522
5524
5520
5515
5511
5511
5508
5508
5507
5504
5501
5497
5496
5493
5491
5485
5485
5483
5478
5469
5471
5469
5469
5466
5465
5464
5461
5460
5455
5450
5448
5451
5446
5442
5437
5436
5434
5432
5431
5426
5419
5418
5421
5420
5420
5415
5414
5418
5412
5408
5405
5398
5391
5387
5378
5374
5372
5370
5363
5357
5353
5349
5345
5333
5333
5338
5332
5329
5325
5321
5323
5321
5312
5313
5314
5314
5313
5311
5312
5302
5305
5309
5306
5303
5300
5299
5294
5290
5288
5286
5281
5278
5276
5274
5270
5269
5268
5267
5263
5264
5260
5262
5266
5264
5259
5254
5250
5249
5246
5240
5239
5235
5230
5226
5222
5219
5213
5211
5199
5195
5192
5191
5186
5180
5175
5174
5169
5166
5163
5163
5154
5153
5158
5154
5149
5148
5146
5147
5146
5144
5143
5139
5136
5135
5133
5130
5125
5123
5128
5124
5120
5119
5117
5112
5114
5113
5111
5111
5111
5109
5103
5102
5107
5104
5105
5103
5099
5095
5097
5097
5097
5095
5092
5093
5089
5085
5086
5084
5082
5081
5072
5074
5074
5076
5075
5067
5066
5071
5066
5064
5056
5055
5058
5053
5050
5049
5046
5043
5041
5034
5031
5035
5032
5019
5021
5019
5020
5016
5015
5013
5012
5009
5009
5006
5005
5007
5006
5007
5003
5002
5001
4998
4992
4992
4993
4989
4982
4979
4976
4979
4976
4970
4967
4964
4962
4957
4954
4954
4947
4944
4947
4941
4937
4935
4933
4931
4926
4927
4923
4921
4920
4919
4915
4914
4914
4913
4910
4912
4912
4910
4910
4909
4907
4905
4903
4892
4889
4889
4886
4885
4877
4874
4880
4876
4873
4872
4871
4866
4866
4872
4868
4865
4862
4859
4862
4860
4852
4854
4859
4857
4857
4852
4854
4857
4856
4853
4850
4846
4846
4844
4840
4840
4840
4836
4836
4836
4833
4832
4833
4827
4825
4829
4825
4823
4821
4818
4817
4810
4804
4802
4799
4802
4796
4788
4786
4789
4786
4781
4779
4777
4777
4775
4772
4773
4770
4770
4769
4767
4765
4766
4763
4764
4764
4762
4757
4758
4761
4758
4752
4751
4753
4751
4748
4746
4747
4744
4744
4738
4736
4735
4740
4735
4732
4729
4723
4725
4723
4726
4724
4722
4722
4720
4721
4719
4717
4717
4721
4718
4714
4713
4712
4712
4709
4710
4706
4704
4705
4702
4702
4698
4700
4696
4695
4697
4693
4696
4690
4688
4689
4691
4690
4683
4684
4690
4687
4685
4681
4683
4677
4677
4672
4669
4670
4671
4667
4667
4664
4661
4662
4654
4655
4653
4657
4655
4647
4649
4656
4655
4654
4650
4651
4653
4653
4649
4645
4646
4642
4644
4639
4637
4641
4641
4638
4636
4636
4633
4635
4630
4630
4629
4625
4625
4623
4619
4619
4615
4615
4612
4611
4609
4606
4606
4607
4604
4604
4601
4596
4598
4599
4599
4596
4593
4591
4591
4591
4588
4589
4583
4581
4584
4584
4580
4576
4576
4579
4579
4569
4572
4573
4573
4572
4567
4570
4573
4570
4571
4568
4569
4567
4567
4567
4564
4564
4563
4564
4562
4564
4563
4564
4559
4559
4560
4561
4560
4557
4558
4548
4548
4552
4548
4547
4543
4543
4535
4534
4542
4536
4535
4530
4526
4533
4528
4529
4528
4524
4526
4523
4525
4521
4520
4522
4518
4519
4517
4518
4518
4512
4514
4507
4507
4508
4510
4508
4508
4506
4501
4502
4503
4506
4503
4502
4502
4494
4496
4501
4494
4495
4493
4491
4491
4489
4487
4483
4484
4482
4480
4481
4479
4480
4479
4473
4473
4473
4475
4474
4467
4466
4474
4474
4474
4478
4474
4477
4476
4474
4473
4471
4464
4465
4467
4465
4465
4461
4464
4463
4461
4463
4461
4456
4455
4458
4455
4453
4452
4453
4449
4449
4440
4440
4443
4443
4444
4444
4441
4435
4436
4437
4436
4434
4432
4428
4430
4427
4428
4426
4426
4420
4419
4425
4422
4423
4420
4421
4416
4416
4420
4417
4417
4417
4415
4412
4412
4411
4414
4410
4413
4413
4412
4414
4408
4412
4416
4414
4409
4406
4405
4407
4403
4396
4394
4396
4392
4393
4394
4391
4385
4384
4389
4387
4385
4384
4380
4382
4380
4378
4378
4380
4377
4378
4371
4371
4374
4371
4369
4369
4369
4367
4366
4367
4366
4360
4359
4366
4362
4361
4356
4353
4357
4353
4348
4345
4344
4349
4347
4347
4345
4340
4338
4342
4343
4341
4340
4337
4338
4339
4338
4336
4334
4335
4331
4332
4330
4329
4328
4326
4325
4323
4322
4322
4313
4318
4318
4320
4319
4320
4318
4317
4317
4313
4314
4314
4313
4312
4313
4311
4305
4307
4305
4309
4310
4303
4303
4309
4306
4303
4298
4298
4302
4300
4295
4297
4298
4299
4297
4298
4296
4295
4295
4292
4292
4289
4292
4291
4287
4287
4285
4283
4282
4277
4276
4281
4277
4278
4278
4271
4271
4271
4273
4272
4265
4267
4272
4269
4267
4263
4263
4268
4265
4266
4264
4264
4264
4262
4263
4262
4255
4256
4262
4260
4260
4253
4254
4257
4254
4256
4254
4251
4252
4250
4249
4249
4247
4247
4244
4241
4240
4246
4243
4242
4244
4243
4241
4242
4240
4238
4237
4236
4236
4235
4235
4232
4233
4228
4227
4233
4233
4232
4231
4231
4229
4230
4223
4224
4230
4228
4227
4228
4224
4219
4220
4227
4225
4222
4224
4223
4219
4219
4224
4224
4223
4221
4219
4217
4218
4218
4218
4216
4215
4213
4211
4209
4215
4212
4213
4210
4210
4207
4204
4210
4207
4206
4207
4206
4206
4204
4206
4203
4199
4199
4205
4205
4201
4202
4202
4198
4197
4202
4197
4198
4191
4194
4196
4197
4193
4193
4191
4193
4191
4190
4189
4188
4187
4185
4184
4182
4178
4177
4182
4179
4178
4178
4178
4176
4177
4170
4173
4177
4175
4174
4173
4173
4166
4169
4169
4169
4174
4171
4171
4168
4168
4167
4168
4166
4166
4165
4164
4163
4164
4162
4161
4161
4161
4160
4158
4155
4154
4162
4156
4158
4155
4155
4151
4150
4154
4154
4153
4153
4154
4151
4151
4152
4151
4154
4151
4150
4145
4146
4151
4148
4149
4148
4142
4143
4142
4147
4144
4139
4139
4143
4142
4140
4138
4139
4136
4138
4130
4132
4134
4135
4137
4134
4136
4129
4131
4137
4133
4132
4127
4127
4134
4132
4134
4132
4130
4128
4125
4132
4128
4128
4128
4126
4126
4125
4123
4123
4125
4126
4124
4126
4124
4124
4122
4123
4120
4122
4119
4119
4118
4118
4116
4116
4111
4112
4114
4116
4116
4115
4116
4113
4111
4113
4111
4111
4106
4107
4110
4110
4104
4104
4103
4106
4106
4105
4102
4102
4104
4102
4098
4098
4101
4100
4095
4096
4101
4100
4100
4099
4097
4097
4097
4097
4094
4094
4091
4091
4095
4093
4091
4094
4093
4091
4092
4088
4090
4094
4091
4090
4090
4090
4091
4088
4087
4089
4089
4086
4086
4088
4087
4086
4086
4087
4087
4083
4080
4081
4086
4085
4078
4079
4086
4086
4084
4080
4079
4084
4084
4083
4080
4080
4082
4083
4082
4081
4076
4078
4078
4080
4081
4079
4078
4074
4077
4080
4079
4079
4078
4077
4077
4077
4074
4075
4074
4074
4073
4073
4074
4072
4071
4069
4069
4068
4070
4069
4064
4066
4071
4068
4068
4070
4071
4069
4070
4066
4068
4068
4070
4071
4070
4072
4065
4066
4067
4069
4070
4065
4063
4068
4066
4067
4067
4066
4064
4065
4065
4063
4062
4063
4062
4059
4059
4054
4054
4060
4056
4053
4050
4052
4053
4052
4050
4049
4045
4046
4048
4052
4048
4048
4048
4042
4043
4043
4045
4045
4044
4042
4042
4043
4040
4041
4043
4042
4041
4042
4042
4037
4036
4036
4039
4039
4037
4036
4037
4038
4036
4034
4036
4027
4030
4036
4033
4032
4030
4028
4032
4031
4031
4030
4028
4027
4028
4022
4024
4028
4028
4025
4028
4026
4027
4025
4020
4021
4027
4022
4022
4019
4020
4022
4023
4021
4021
4021
4019
4021
4018
4020
4017
4017
4016
4017
4017
4017
4018
4012
4012
4018
4018
4015
4012
4013
4016
4015
4014
4014
4013
4013
4013
4014
4013
4011
4013
4005
4009
4006
4012
4010
4006
4005
4011
4007
4009
4006
4006
4004
4006
4004
4006
4002
4007
4005
4004
4004
4000
4001
4005
4005
4004
4002
4002
4001
4001
4000
4001
3998
3998
3998
3999
3999
3994
3993
3999
3999
4000
3994
3996
3997
3998
3996
3998
3995
3991
3989
3997
3994
3995
3992
3992
3988
3989
3994
3991
3988
3988
3994
3991
3991
3989
3988
3988
3987
3987
3985
3986
3985
3986
3985
3985
3983
3985
3983
3985
3983
3980
3979
3985
3984
3979
3979
3983
3985
3986
3985
3987
3984
3984
3985
3984
3984
3986
3984
3986
3984
3984
3981
3983
3985
3986
3980
3980
3987
3985
3985
3979
3982
3986
3986
3978
3980
3981
3986
3983
3984
3982
3983
3982
3983
3981
3982
3981
3982
3981
3980
3978
3979
3979
3977
3973
3979
3977
3979
3978
3976
3974
3973
3978
3976
3971
3972
3974
3976
3974
3973
3973
3972
3971
3969
3971
3968
3967
3968
3968
3966
3965
3966
3966
3965
3963
3962
3961
3957
3958
3961
3962
3964
3962
3962
3960
3960
3961
3960
3960
3956
3957
3962
3961
3955
3958
3957
3962
3960
3957
3957
3964
3962
3962
3960
3962
3962
3960
3961
3960
3961
3959
3961
3959
3962
3955
3956
3962
3960
3962
3961
3961
3956
3959
3964
3961
3962
3962
3960
3957
3958
3964
3962
3957
3957
3960
3962
3963
3961
3962
3959
3960
3958
3960
3959
3958
3960
3958
3959
3958
3957
3957
3957
3956
3956
3957
3955
3954
3954
3952
3953
3950
3951
3950
3949
3950
3950
3949
3950
3948
3945
3945
3949
3949
3949
3943
3947
3951
3950
3944
3946
3945
3950
3948
3945
3943
3950
3948
3948
3945
3946
3950
3949
3949
3948
3949
3947
3949
3947
3949
3948
3947
3949
3946
3946
3945
3947
3945
3946
3939
3943
3942
3947
3946
3942
3941
3946
3942
3938
3935
3937
3940
3939
3938
3937
3935
3936
3934
3937
3934
3935
3934
3935
3934
3936
3933
3933
3933
3931
3928
3928
3932
3932
3932
3926
3927
3932
3930
3927
3926
3928
3931
3930
3931
3929
3932
3931
3932
3930
3930
3931
3929
3930
3928
3926
3925
3928
3933
3933
3933
3932
3932
3931
3933
3932
3931
3932
3931
3931
3931
3929
3927
3925
3929
3925
3927
3928
3926
3925
3925
3921
3922
3927
3926
3926
3926
3926
3925
3926
3921
3921
3926
3924
3923
3920
3921
3918
3918
3916
3916
3915
3916
3918
3914
3916
3922
3920
3915
3916
3913
3919
3918
3913
3911
3917
3917
3916
3916
3918
3911
3916
3920
3920
3920
3918
3921
3918
3918
3918
3917
3918
3918
3916
3918
3917
3917
3919
3917
3918
3917
3916
3917
3913
3912
3907
3907
3909
3907
3908
3901
3903
3905
3905
3902
3902
3905
3901
3903
3895
3898
3903
3903
3901
3901
3902
3901
3902
3902
3901
3901
3900
3900
3902
3899
3901
3897
3893
3893
3895
3898
3897
3898
3895
3897
3896
3894
3895
3895
3890
3892
3897
3897
3892
3889
3890
3895
3895
3888
3891
3895
3894
3895
3891
3893
3897
3898
3896
3896
3895
3891
3893
3890
3891
3889
3888
3888
3887
3888
3887
3888
3886
3884
3885
3883
3885
3877
3880
3882
3882
3880
3880
3879
3874
3875
3879
3881
3879
3882
3880
3881
3882
3889
3888
3887
3888
3884
3885
3884
3884
3882
3883
3882
3881
3881
3878
3878
3877
3878
3876
3869
3872
3873
3877
3875
3869
3871
3876
3877
3876
3878
3879
3880
3878
3879
3880
3878
3880
3882
3878
3878
3881
3881
3880
3880
3877
3874
3876
3878
3877
3875
3874
3874
3874
3875
3873
3872
3873
3871
3874
3871
3872
3870
3868
3871
3870
3869
3871
3869
3872
3870
3866
3868
3870
3872
3870
3871
3871
3867
3868
3872
3871
3871
3870
3869
3866
3866
3871
3871
3871
3874
3875
3875
3879
3886
3888
3888
3896
3905
3910
3917
3922
3930
3932
3940
3953
3960
3968
3973
3982
3988
3995
3996
4006
4015
4023
4032
4037
4045
4045
4055
4065
4072
4076
4083
4088
4093
4099
4101
4106
4109
4112
4119
4120
4123
4121
4125
