4116
4116
4115
4115
4115
4114
4114
4108
4108
4112
4109
4106
4098
4097
4101
4097
4092
4089
4084
4080
4077
4072
4068
4066
4061
4058
4052
4050
4045
4041
4037
4035
4031
4028
4024
4020
4016
4013
4011
4002
4000
3997
3999
3996
3991
3990
3994
3992
3985
3983
3979
3981
3975
3969
3966
3968
3965
3962
3959
3957
3952
3950
3946
3946
3943
3940
3939
3938
3937
3930
3930
3931
3930
3926
3925
3924
3924
3923
3917
3915
3916
3917
3914
3908
3910
3914
3910
3908
3903
3902
3907
3906
3903
3901
3901
3898
3897
3891
3892
3895
3894
3894
3893
3891
3888
3886
3885
3883
3882
3881
3880
3878
3877
3874
3873
3872
3871
3868
3866
3864
3868
3865
3860
3859
3866
3864
3861
3858
3857
3860
3857
3857
3857
3858
3857
3855
3856
3855
3855
3853
3852
3851
3852
3850
3848
3844
3844
3850
3849
3849
3844
3842
3847
3846
3845
3845
3845
3843
3842
3839
3841
3847
3846
3846
3846
3846
3845
3847
3845
3847
3846
3845
3845
3840
3838
3842
3840
3839
3839
3838
3833
3833
3836
3833
3832
3832
3831
3830
3830
3831
3830
3826
3825
3831
3829
3829
3828
3831
3825
3825
3832
3830
3831
3830
3830
3832
3832
3832
3830
3832
3834
3835
3835
3838
3834
3834
3841
3840
3840
3839
3839
3838
3837
3836
3833
3832
3826
3826
3831
3828
3827
3827
3824
3822
3823
3821
3820
3815
3817
3821
3819
3819
3815
3816
3820
3818
3813
3813
3812
3815
3816
3812
3812
3817
3815
3815
3814
3813
3812
3811
3812
3812
3812
3812
3811
3810
3810
3809
3812
3810
3811
3811
3808
3812
3818
3819
3816
3818
3821
3822
3823
3823
3824
3824
3824
3821
3822
3822
3819
3817
3819
3817
3816
3816
3817
3815
3816
3817
3818
3812
3815
3819
3820
3819
3821
3822
3815
3818
3824
3824
3822
3822
3820
3821
3822
3823
3824
3823
3821
3823
3828
3829
3824
3829
3831
3834
3833
3834
3835
3833
3834
3832
3830
3833
3832
3832
3834
3836
3832
3833
3835
3839
3838
3834
3835
3841
3840
3842
3841
3841
3838
3838
3843
3845
3844
3845
3847
3845
3849
3857
3859
3860
3861
3864
3864
3865
3866
3866
3868
3869
3871
3873
3876
3877
3878
3878
3878
3874
3878
3880
3885
3886
3886
3889
3891
3895
3898
3897
3899
3905
3906
3900
3905
3911
3913
3916
3912
3917
3923
3924
3926
3928
3933
3931
3935
3943
3944
3946
3949
3953
3957
3960
3964
3966
3971
3974
3979
3983
3987
3990
3995
3995
4002
4012
4014
4016
4015
4019
4028
4031
4035
4037
4039
4045
4047
4052
4055
4055
4062
4072
4077
4083
4082
4089
4100
4106
4110
4117
4125
4129
4137
4143
4150
4157
4164
4171
4180
4187
4193
4200
4206
4214
4218
4226
4232
4243
4249
4251
4260
4277
4282
4288
4295
4304
4313
4320
4322
4329
4339
4351
4358
4364
4371
4380
4387
4397
4404
4411
4416
4421
4438
4442
4451
4456
4465
4468
4479
4491
4496
4498
4508
4520
4532
4539
4547
4555
4563
4574
4582
4591
4599
4608
4618
4628
4637
4638
4650
4662
4676
4687
4695
4704
4712
4722
4730
4737
4747
4760
4769
4781
4793
4803
4815
4828
4840
4854
4866
4878
4892
4907
4919
4927
4942
4963
4974
4981
4995
5013
5029
5042
5052
5067
5082
5095
5104
5117
5133
5150
5164
5172
5186
5206
5217
5229
5244
5258
5272
5285
5299
5313
5326
5341
5354
5368
5381
5396
5410
5423
5437
5453
5463
5477
5497
5511
5524
5536
5551
5566
5580
5588
5602
5623
5635
5646
5662
5674
5682
5696
5714
5727
5737
5749
5761
5776
5787
5797
5809
5822
5834
5845
5858
5871
5884
5893
5899
5916
5928
5947
5960
5972
5985
5998
6010
6020
6033
6046
6062
6076
6082
6095
6116
6124
6136
6149
6160
6167
6177
6195
6204
6214
6222
6229
6241
6248
6251
6259
6272
6279
6289
6298
6309
6319
6333
6339
6346
6354
6365
6372
6374
6386
6405
6412
6422
6429
6442
6459
6468
6476
6489
6498
6511
6521
6536
6545
6550
6559
6579
6586
6594
6598
6607
6626
6632
6644
6657
6669
6680
6690
6702
6714
6725
6733
6741
6748
6753
6760
6768
6783
6789
6798
6808
6816
6820
6828
6831
6841
6854
6863
6871
6876
6888
6897
6907
6921
6930
6936
6947
6958
6973
6980
6989
6999
7004
7010
7020
7021
7027
7036
7043
7046
7051
7056
7052
7056
7069
7073
7073
7080
7097
7104
7113
7124
7135
7146
7158
7170
7181
7191
7203
7210
7217
7225
7230
7235
7242
7242
7248
7257
7259
7255
7260
7270
7274
7276
7280
7284
7290
7295
7301
7307
7310
7308
7315
7328
7332
7338
7342
7344
7346
7352
7363
7366
7367
7370
7371
7375
7380
7387
7395
7399
7407
7416
7420
7431
7438
7448
7463
7476
7479
7494
7506
7518
7526
7529
7535
7550
7556
7561
7564
7568
7574
7577
7583
7588
7594
7603
7609
7615
7621
7627
7635
7643
7652
7661
7666
7670
7672
7675
7684
7686
7689
7691
7690
7689
7692
7701
7703
7703
7709
7713
7724
7724
7730
7735
7738
7743
7743
7744
7747
7747
7747
7743
7741
7732
7727
7725
7725
7719
7706
7699
7697
7683
7676
7671
7663
7658
7653
7647
7638
7635
7632
7629
7629
7630
7626
7631
7642
7645
7651
7648
7658
7672
7679
7685
7695
7704
7710
7720
7734
7742
7748
7757
7765
7771
7776
7781
7785
7800
7804
7806
7815
7814
7818
7819
7819
7820
7823
7824
7829
7834
7836
7843
7848
7847
7857
7862
7875
7879
7878
7884
7894
7896
7893
7897
7897
7906
7906
7904
7908
7918
7916
7913
7914
7913
7912
7910
7910
7908
7906
7907
7903
7899
7896
7896
7890
7886
7883
7882
7878
7874
7868
7871
7872
7873
7873
7874
7873
7868
7871
7879
7881
7884
7884
7882
7880
7879
7879
7879
7880
7875
7872
7870
7866
7861
7855
7851
7845
7840
7835
7831
7825
7820
7808
7811
7811
7814
7810
7806
7804
7800
7798
7796
7794
7791
7783
7780
7781
7772
7765
7761
7759
7749
7745
7750
7746
7744
7742
7740
7737
7733
7725
7726
7733
7731
7726
7727
7728
7735
7739
7734
7737
7752
7748
7750
7751
7749
7749
7743
7740
7736
7733
7730
7726
7719
7717
7720
7714
7710
7712
7713
7718
7714
7707
7710
7714
7713
7709
7703
7695
7689
7686
7679
7679
7674
7672
7669
7665
7659
7653
7650
7648
7649
7649
7652
7651
7654
7654
7654
7655
7652
7652
7651
7641
7643
7648
7641
7636
7627
7624
7626
7619
7610
7607
7607
7605
7596
7583
7576
7577
7569
7557
7554
7548
7550
7547
7547
7545
7540
7537
7533
7527
7524
7520
7519
7516
7508
7502
7494
7488
7481
7476
7463
7459
7457
7448
7439
7434
7429
7423
7420
7416
7412
7409
7401
7400
7403
7400
7398
7397
7395
7394
7394
7393
7395
7388
7389
7396
7393
7391
7383
7383
7385
7381
7376
7371
7368
7361
7358
7352
7349
7346
7345
7335
7335
7338
7340
7341
7334
7338
7344
7339
7335
7332
7330
7323
7316
7310
7307
7304
7301
7299
7297
7292
7285
7285
7287
7289
7288
7282
7284
7289
7288
7281
7281
7280
7285
7278
7277
7275
7271
7273
7271
7262
7264
7267
7266
7267
7262
7256
7254
7256
7263
7260
7257
7259
7260
7257
7257
7252
7249
7244
7239
7231
7222
7216
7208
7202
7196
7190
7182
7177
7166
7158
7153
7155
7145
7136
7130
7123
7119
7114
7100
7092
7088
7079
7069
7061
7053
7047
7036
7030
7025
7021
7015
7005
7000
7001
7004
7000
6999
6996
6994
6994
6993
6990
6985
6977
6977
6982
6976
6971
6965
6962
6966
6960
6952
6950
6954
6952
6947
6938
6936
6939
6936
6932
6926
6922
6914
6910
6900
6896
6890
6885
6877
6873
6870
6866
6861
6857
6852
6843
6841
6839
6836
6834
6833
6831
6823
6822
6824
6825
6819
6814
6806
6801
6796
6788
6784
6781
6772
6768
6755
6748
6748
6738
6731
6725
6717
6709
6702
6698
6692
6688
6676
6674
6673
6668
6667
6660
6657
6651
6646
6649
6645
6639
6636
6632
6630
6625
6618
6614
6617
6611
6598
6597
6592
6592
6589
6582
6578
6569
6566
6563
6564
6559
6550
6545
6551
6546
6547
6544
6545
6543
6539
6539
6537
6533
6533
6530
6528
6528
6524
6522
6520
6521
6515
6511
6508
6499
6496
6498
6492
6489
6482
6481
6469
6470
6474
6467
6460
6458
6454
6455
6450
6447
6441
6430
6428
6422
6420
6413
6407
6399
6391
6385
6379
6372
6369
6362
6356
6351
6348
6345
6340
6337
6329
6328
6331
6327
6323
6319
6314
6309
6301
6295
6287
6290
6283
6274
6271
6265
6251
6246
6246
6236
6221
6218
6212
6209
6203
6191
6184
6187
6179
6172
6167
6162
6152
6148
6144
6139
6136
6133
6130
6129
6123
6123
6120
6117
6115
6111
6110
6107
6105
6103
6102
6100
6102
6099
6094
6089
6083
6085
6078
6065
6061
6055
6053
6051
6038
6034
6038
6032
6024
6024
6019
6009
6006
6011
6005
6003
6000
5996
5995
5991
5985
5984
5978
5977
5976
5977
5975
5965
5966
5967
5964
5959
5959
5955
5948
5949
5950
5948
5944
5942
5938
5928
5924
5927
5916
5912
5906
5898
5898
5888
5886
5881
5875
5874
5872
5868
5869
5865
5863
5860
5859
5855
5853
5849
5844
5840
5847
5843
5835
5831
5831
5837
5833
5826
5827
5830
5828
5821
5821
5817
5814
5813
5809
5808
5804
5803
5797
5791
5790
5794
5790
5788
5783
5782
5781
5777
5769
5769
5772
5768
5763
5760
5756
5750
5746
5731
5731
5724
5722
5715
5705
5699
5692
5688
5676
5671
5667
5665
5660
5655
5649
5646
5639
5636
5630
5624
5619
5612
5600
5599
5594
5592
5588
5576
5573
5575
5569
5566
5560
5560
5553
5550
5548
5541
5541
5536
5534
5532
5524
5524
5519
5514
5513
5506
5499
5498
5500
5496
5487
5488
5491
5488
5490
5485
5485
5491
5492
5491
5490
5491
5488
5490
5490
5487
5478
5478
5475
5478
5474
5468
5463
5466
5460
5452
5449
5444
5442
5440
5431
5428
5424
5421
5421
5413
5410
5411
5409
5405
5400
5397
5394
5389
5389
5385
5381
5379
5376
5376
5374
5364
5367
5375
5370
5370
5369
5367
5366
5364
5361
5359
5354
5354
5351
5348
5348
5340
5342
5343
5338
5339
5334
5334
5333
5327
5323
5320
5325
5324
5321
5316
5318
5309
5306
5311
5308
5304
5298
5297
5301
5300
5296
5296
5295
5292
5289
5289
5286
5287
5284
5281
5281
5278
5275
5274
5268
5268
5262
5261
5259
5255
5252
5250
5246
5237
5233
5234
5231
5225
5218
5216
5217
5211
5202
5200
5198
5201
5195
5185
5186
5186
5182
5179
5174
5172
5168
5162
5162
5156
5150
5150
5144
5142
5138
5134
5134
5129
5124
5120
5119
5118
5115
5112
5103
5104
5100
5105
5100
5094
5094
5098
5093
5088
5085
5086
5089
5086
5086
5081
5079
5076
5075
5068
5069
5071
5070
5062
5062
5062
5065
5062
5059
5057
5057
5056
5053
5052
5049
5046
5046
5043
5042
5036
5034
5033
5035
5035
5031
5030
5028
5024
5023
5020
5018
5019
5015
5009
5011
5014
5012
5007
5002
5001
5004
5002
5001
4998
4994
4988
4986
4988
4985
4982
4977
4974
4973
4971
4964
4962
4967
4963
4959
4957
4955
4947
4946
4948
4942
4942
4937
4936
4933
4928
4927
4923
4924
4919
4918
4915
4914
4913
4911
4909
4908
4900
4901
4900
4903
4902
4891
4895
4898
4895
4891
4888
4887
4885
4885
4884
4882
4879
4879
4878
4872
4874
4876
4875
4868
4866
4867
4868
4867
4866
4862
4864
4859
4862
4858
4859
4852
4851
4858
4857
4854
4855
4851
4850
4848
4847
4845
4846
4842
4840
4840
4836
4832
4830
4833
4831
4831
4829
4827
4821
4818
4826
4823
4819
4814
4811
4815
4812
4810
4810
4809
4804
4805
4795
4797
4800
4799
4795
4791
4790
4791
4787
4785
4782
4782
4779
4779
4778
4777
4776
4772
4768
4768
4770
4768
4769
4767
4765
4764
4761
4756
4756
4752
4756
4754
4745
4745
4749
4747
4744
4738
4739
4744
4740
4740
4738
4735
4734
4731
4736
4732
4728
4728
4726
4724
4719
4719
4716
4717
4716
4714
4712
4712
4709
4704
4702
4700
4700
4700
4695
4694
4693
4695
4694
4686
4687
4692
4690
4685
4683
4678
4669
4670
4675
4667
4666
4663
4662
4657
4656
4646
4645
4647
4646
4642
4640
4637
4634
4630
4629
4626
4625
4622
4620
4619
4616
4619
4615
4616
4610
4610
4613
4611
4604
4604
4608
4607
4604
4601
4598
4603
4601
4601
4600
4598
4594
4594
4590
4591
4588
4586
4585
4580
4579
4585
4580
4580
4579
4571
4571
4571
4575
4577
4572
4571
4573
4571
4571
4567
4567
4573
4570
4569
4569
4567
4566
4568
4561
4564
4568
4565
4562
4560
4561
4565
4562
4562
4561
4559
4559
4558
4556
4556
4555
4552
4553
4552
4552
4551
4550
4547
4548
4540
4540
4545
4542
4541
4543
4539
4533
4535
4537
4532
4534
4525
4522
4530
4526
4525
4525
4524
4525
4523
4524
4523
4522
4523
4519
4518
4518
4518
4517
4507
4505
4510
4503
4500
4499
4496
4495
4494
4493
4491
4487
4487
4484
4483
4481
4475
4475
4478
4478
4477
4476
4473
4473
4473
4468
4466
4465
4463
4459
4459
4457
4449
4452
4450
4456
4454
4450
4453
4457
4457
4452
4449
4449
4451
4448
4444
4443
4449
4448
4445
4444
4444
4443
4442
4440
4438
4438
4440
4439
4435
4437
4429
4431
4431
4429
4429
4425
4423
4422
4419
4414
4417
4413
4410
4410
4410
4406
4406
4406
4402
4403
4401
4401
4402
4398
4397
4394
4392
4392
4392
4394
4394
4394
4395
4393
4394
4392
4391
4395
4394
4387
4388
4390
4392
4392
4386
4387
4391
4388
4388
4385
4383
4377
4377
4380
4376
4375
4371
4372
4367
4366
4373
4369
4370
4366
4366
4366
4362
4363
4361
4360
4361
4361
4361
4361
4356
4357
4359
4359
4357
4355
4355
4353
4352
4345
4348
4358
4357
4355
4354
4353
4352
4351
4347
4344
4351
4348
4346
4344
4342
4341
4340
4336
4338
4333
4333
4334
4327
4330
4333
4333
4333
4331
4331
4324
4325
4329
4329
4325
4323
4323
4321
4321
4320
4317
4318
4314
4316
4309
4311
4315
4315
4317
4314
4316
4315
4317
4310
4311
4316
4313
4315
4312
4312
4311
4310
4309
4309
4309
4306
4306
4305
4305
4298
4298
4301
4299
4298
4295
4296
4292
4290
4283
4284
4285
4286
4283
4280
4280
4279
4277
4275
4274
4272
4269
4267
4273
4269
4266
4265
4265
4268
4265
4263
4264
4264
4261
4265
4260
4260
4261
4261
4260
4258
4253
4253
4253
4258
4255
4247
4249
4256
4255
4252
4250
4251
4256
4254
4249
4251
4253
4254
4252
4253
4254
4251
4252
4250
4248
4247
4244
4246
4244
4243
4244
4242
4242
4240
4237
4240
4238
4239
4239
4236
4234
4233
4237
4235
4236
4234
4229
4229
4230
4234
4231
4231
4229
4223
4224
4222
4227
4226
4224
4224
4224
4223
4219
4216
4217
4220
4218
4219
4216
4209
4210
4210
4214
4210
4210
4208
4207
4207
4207
4205
4205
4209
4208
4207
4205
4202
4202
4205
4207
4207
4200
4200
4208
4205
4205
4202
4201
4202
4199
4198
4199
4198
4196
4198
4196
4197
4193
4193
4192
4192
4192
4188
4189
4188
4186
4185
4186
4184
4182
4182
4187
4185
4177
4178
4175
4178
4176
4172
4169
4175
4172
4167
4170
4169
4175
4176
4174
4174
4171
4170
4169
4167
4166
4164
4164
4162
4160
4159
4160
4159
4157
4157
4152
4149
4156
4155
4155
4153
4155
4146
4147
4151
4150
4150
4144
4144
4149
4147
4142
4142
4143
4147
4146
4142
4143
4148
4147
4147
4145
4147
4148
4147
4148
4146
4146
4144
4146
4144
4145
4143
4143
4142
4142
4141
4140
4143
4143
4143
4139
4142
4149
4150
4151
4149
4150
4143
4146
4154
4153
4152
4152
4150
4149
4147
4139
4138
4136
4140
4136
4134
4134
4133
4136
4129
4131
4128
4133
4128
4128
4123
4124
4119
4120
4118
4121
4120
4118
4113
4116
4116
4119
4116
4112
4112
4115
4111
4111
4110
4110
4102
4104
4107
4106
4105
4105
4103
4103
4104
4103
4102
4104
4103
4105
4101
4104
4103
4103
4101
4099
4097
4095
4096
4098
4097
4093
4093
4093
4091
4090
4084
4086
4090
4089
4083
4084
4085
4086
4087
4085
4087
4085
4086
4084
4084
4082
4077
4077
4081
4080
4073
4074
4075
4080
4080
4081
4079
4081
4079
4079
4077
4078
4076
4075
4075
4074
4078
4078
4081
4077
4082
4088
4089
4083
4086
4084
4088
4085
4085
4081
4076
4074
4075
4076
4076
4074
4073
4073
4068
4069
4067
4068
4066
4069
4065
4067
4074
4074
4073
4072
4073
4067
4070
4071
4071
4068
4068
4065
4063
4061
4066
4062
4060
4060
4057
4058
4055
4054
4055
4051
4052
4051
4046
4046
4050
4049
4048
4049
4045
4044
4042
4050
4047
4050
4048
4049
4047
4048
4053
4051
4052
4049
4048
4047
4046
4047
4048
4043
4046
4052
4051
4051
4051
4053
4051
4049
4047
4046
4045
4042
4044
4041
4040
4039
4039
4035
4036
4035
4030
4034
4036
4037
4029
4033
4031
4037
4037
4037
4036
4038
4037
4033
4031
4030
4035
4034
4031
4031
4022
4024
4021
4025
4022
4021
4018
4017
4016
4013
4012
4010
4009
4008
4002
4003
4008
4007
4006
4000
4001
4005
4003
3998
3998
3998
4003
4002
4002
4000
3997
3997
3997
4002
3999
4000
3999
4000
3998
3996
3993
3994
4000
4000
3998
4000
3998
4001
3998
4001
3999
4000
4000
3999
3998
3997
3998
3997
3996
3996
3995
3995
3992
3992
3993
3993
3993
3990
3992
3984
3987
3988
3993
3992
3985
3988
3991
3991
3989
3986
3984
3991
3987
3988
3986
3984
3980
3983
3984
3985
3983
3984
3978
3977
3977
3984
3981
3983
3980
3978
3979
3976
3977
3977
3975
3975
3974
3975
3974
3976
3974
3976
3976
3975
3975
3983
3982
3983
3984
3984
3981
3980
3988
3986
3985
3983
3985
3979
3979
3984
3984
3980
3979
3980
3983
3982
3980
3980
3977
3978
3977
3973
3972
3977
3975
3969
3972
3971
3978
3976
3980
3980
3983
3982
3983
3983
3985
3985
3987
3981
3982
3986
3984
3981
3979
3978
3976
3976
3974
3974
3970
3971
3968
3969
3967
3964
3965
3963
3964
3961
3962
3959
3955
3955
3961
3957
3958
3952
3952
3955
3955
3954
3953
3950
3952
3952
3950
3953
3945
3950
3953
3954
3953
3952
3950
3958
3957
3958
3956
3958
3955
3957
3950
3953
3958
3958
3956
3958
3959
3960
3959
3962
3961
3964
3964
3966
3962
3963
3968
3966
3958
3960
3958
3960
3958
3957
3955
3949
3952
3950
3956
3953
3954
3951
3953
3950
3947
3945
3946
3950
3950
3945
3943
3950
3948
3948
3945
3946
3943
3943
3944
3943
3944
3941
3942
3940
3939
3938
3938
3936
3934
3935
3932
3932
3935
3933
3937
3937
3941
3937
3939
3943
3945
3936
3938
3939
3944
3943
3939
3942
3946
3947
3940
3942
3939
3945
3944
3941
3941
3939
3940
3938
3939
3935
3936
3935
3933
3932
3930
3929
3927
3923
3921
3926
3923
3923
3921
3922
3917
3918
3921
3922
3920
3920
3920
3921
3921
3923
3923
3918
3918
3920
3923
3926
3919
3922
3926
3927
3921
3924
3924
3930
3930
3929
3931
3930
3933
3930
3931
3929
3931
3928
3922
3923
3921
3921
3920
3916
3914
3921
3919
3915
3913
3916
3918
3919
3911
3914
3917
3916
3915
3915
3914
3914
3912
3913
3912
3911
3913
3911
3912
3911
3912
3912
3910
3908
3910
3907
3906
3909
3911
3904
3904
3907
3910
3908
3907
3907
3901
3904
3907
3910
3913
3912
3916
3915
3914
3914
3911
3912
3911
3909
3910
3910
3905
3905
3908
3908
3909
3906
3907
3907
3908
3907
3904
3904
3906
3906
3902
3902
3904
3904
3900
3901
3899
3900
3899
3896
3898
3899
3905
3905
3908
3907
3908
3907
3908
3907
3905
3904
3903
3904
3902
3905
3902
3903
3900
3901
3895
3897
3901
3899
3899
3893
3894
3897
3896
3894
3895
3892
3892
3889
3891
3890
3893
3892
3891
3889
3893
3896
3896
3892
3896
3905
3903
3903
3899
3901
3905
3902
3902
3898
3899
3897
3897
3895
3894
3894
3891
3892
3889
3889
3887
3888
3880
3883
3886
3886
3883
3883
3882
3875
3877
3884
3882
3880
3877
3876
3883
3881
3885
3886
3889
3890
3891
3892
3893
3892
3895
3889
3891
3891
3898
3894
3894
3893
3891
3890
3889
3889
3887
3887
3884
3880
3878
3884
3883
3881
3877
3876
3882
3879
3877
3877
3874
3877
3874
3871
3873
3878
3878
3875
3872
3872
3877
3877
3875
3875
3871
3870
3871
3877
3874
3875
3873
3875
3872
3876
3872
3874
3870
3871
3870
3869
3870
3866
3866
3870
3870
3869
3870
3866
3868
3866
3866
3866
3859
3859
3865
3866
3867
3865
3865
3867
3866
3869
3867
3867
3865
3865
3864
3865
3858
3861
3862
3865
3861
3865
3863
3859
3858
3866
3862
3864
3861
3863
3860
3862
3861
3861
3858
3856
3856
3861
3861
3856
3858
3861
3863
3862
3861
3861
3868
3866
3866
3864
3865
3861
3859
3861
3861
3864
3863
3865
3863
3864
3858
3858
3861
3861
3859
3857
3858
3854
3856
3853
3852
3852
3851
3852
3848
3850
3850
3851
3854
3855
3855
3854
3856
3862
3861
3858
3858
3865
3866
3865
3860
3861
3868
3866
3861
3859
3862
3864
3863
3860
3860
3857
3856
3854
3855
3853
3853
3850
3851
3849
3848
3846
3847
3846
3847
3849
3853
3855
3859
3859
3859
3859
3864
3863
3858
3858
3857
3861
3860
3853
3853
3857
3854
3854
3851
3852
3850
3851
3848
3853
3857
3862
3863
3864
3868
3878
3882
3884
3889
3895
3906
3912
3919
3924
3929
3937
3945
3952
3960
3962
3972
3981
3989
3993
4000
4006
4013
4018
4025
4031
4037
4042
4048
4053
4058
4064
4067
4074
4076
4078
4078
4083
4089
4090
4085
4089
