4095
4094
4093
4090
4088
4094
4090
4088
4083
4083
4080
4077
4070
4069
4069
4067
4062
4059
4057
4053
4048
4040
4037
4039
4033
4032
4026
4024
4018
4016
4011
4009
4004
3999
3996
3993
3987
3986
3983
3976
3972
3968
3970
3964
3963
3959
3953
3948
3949
3950
3946
3944
3942
3935
3934
3933
3934
3932
3929
3926
3927
3925
3924
3922
3922
3922
3919
3919
3916
3914
3914
3909
3904
3902
3906
3903
3896
3897
3894
3899
3896
3894
3893
3885
3889
3888
3891
3886
3887
3884
3882
3883
3874
3875
3873
3878
3874
3869
3870
3874
3873
3870
3871
3869
3867
3866
3867
3865
3863
3864
3861
3861
3859
3854
3853
3858
3857
3852
3854
3852
3848
3849
3852
3851
3850
3848
3848
3848
3848
3846
3848
3848
3844
3847
3850
3851
3851
3847
3847
3847
3843
3844
3842
3842
3840
3838
3838
3836
3837
3835
3829
3830
3833
3832
3829
3831
3828
3823
3826
3829
3829
3822
3824
3824
3827
3827
3826
3826
3827
3825
3825
3822
3822
3826
3824
3817
3818
3819
3820
3818
3819
3817
3818
3817
3819
3819
3818
3819
3822
3822
3821
3823
3823
3825
3821
3823
3828
3825
3825
3823
3823
3821
3822
3817
3816
3819
3817
3815
3815
3814
3812
3813
3806
3807
3814
3811
3812
3807
3810
3815
3815
3815
3815
3815
3816
3813
3812
3811
3812
3810
3806
3805
3808
3808
3810
3804
3806
3804
3807
3805
3806
3806
3806
3805
3803
3804
3807
3810
3812
3815
3816
3814
3815
3822
3819
3819
3817
3817
3817
3815
3815
3811
3812
3810
3807
3804
3801
3805
3804
3802
3803
3802
3798
3799
3804
3803
3801
3801
3804
3810
3811
3810
3813
3812
3816
3816
3818
3816
3818
3817
3815
3815
3820
3819
3819
3812
3813
3815
3816
3816
3815
3814
3815
3816
3818
3815
3817
3815
3815
3814
3816
3810
3812
3815
3815
3812
3812
3810
3812
3809
3806
3807
3813
3813
3812
3811
3811
3814
3814
3817
3817
3816
3811
3813
3821
3821
3819
3822
3818
3820
3820
3823
3824
3820
3823
3829
3828
3830
3828
3830
3832
3833
3833
3835
3834
3838
3835
3834
3834
3842
3842
3843
3845
3845
3848
3847
3851
3851
3854
3858
3857
3856
3859
3866
3867
3862
3869
3867
3875
3875
3878
3879
3882
3885
3885
3887
3889
3897
3900
3904
3906
3910
3911
3913
3917
3922
3923
3924
3930
3930
3934
3933
3937
3944
3947
3946
3950
3953
3956
3961
3960
3963
3974
3976
3975
3981
3985
3994
3994
4003
4004
4009
4014
4018
4019
4022
4032
4033
4033
4037
4045
4050
4053
4058
4061
4067
4071
4076
4082
4085
4087
4095
4103
4112
4115
4123
4128
4135
4139
4143
4150
4163
4170
4175
4183
4190
4197
4201
4210
4215
4222
4229
4236
4243
4250
4257
4266
4271
4280
4286
4289
4300
4309
4318
4324
4331
4340
4345
4352
4367
4373
4380
4389
4391
4399
4411
4424
4431
4442
4449
4454
4466
4474
4489
4498
4506
4517
4525
4534
4544
4552
4564
4574
4584
4589
4599
4614
4625
4631
4642
4651
4659
4670
4672
4683
4696
4709
4719
4730
4739
4749
4758
4768
4777
4789
4804
4814
4827
4836
4841
4854
4865
4882
4894
4902
4914
4925
4934
4948
4958
4968
4982
4991
5002
5015
5024
5037
5047
5060
5072
5080
5094
5114
5123
5136
5143
5154
5173
5183
5195
5210
5220
5232
5246
5254
5268
5283
5293
5304
5314
5322
5340
5352
5361
5373
5382
5396
5409
5424
5435
5445
5454
5464
5472
5484
5491
5501
5504
5514
5529
5538
5543
5553
5566
5582
5595
5604
5616
5632
5643
5655
5670
5680
5693
5705
5717
5732
5745
5759
5771
5782
5798
5816
5832
5840
5852
5870
5887
5901
5910
5924
5941
5952
5966
5979
5990
6004
6015
6024
6039
6048
6058
6072
6081
6097
6110
6123
6138
6153
6168
6184
6201
6215
6233
6247
6258
6275
6291
6301
6313
6327
6344
6356
6369
6375
6394
6410
6419
6428
6442
6457
6473
6483
6491
6504
6522
6529
6540
6551
6562
6573
6584
6594
6606
6626
6637
6645
6650
6661
6676
6688
6698
6709
6720
6729
6745
6751
6763
6769
6782
6797
6809
6814
6825
6833
6841
6851
6861
6872
6881
6884
6896
6909
6920
6933
6939
6951
6963
6972
6988
6997
7005
7019
7037
7048
7059
7069
7080
7093
7104
7116
7126
7134
7144
7153
7163
7174
7179
7190
7201
7212
7217
7227
7233
7237
7241
7245
7249
7252
7252
7252
7244
7251
7257
7257
7259
7257
7261
7269
7267
7267
7274
7282
7289
7296
7305
7313
7322
7329
7334
7339
7343
7353
7347
7350
7345
7342
7344
7338
7334
7337
7345
7347
7352
7354
7362
7366
7371
7375
7383
7386
7396
7404
7411
7420
7421
7434
7449
7453
7461
7463
7471
7468
7468
7473
7468
7462
7467
7471
7476
7475
7471
7469
7469
7469
7472
7476
7478
7478
7480
7489
7491
7493
7495
7497
7499
7503
7508
7511
7515
7521
7523
7527
7533
7544
7547
7551
7557
7563
7569
7574
7581
7590
7591
7602
7616
7620
7629
7632
7640
7644
7649
7648
7654
7658
7661
7670
7664
7672
7681
7684
7684
7689
7694
7700
7701
7702
7703
7709
7710
7706
7703
7703
7705
7711
7711
7718
7724
7729
7738
7735
7746
7758
7762
7771
7776
7783
7782
7792
7802
7807
7809
7808
7808
7810
7810
7809
7809
7797
7798
7801
7802
7803
7805
7809
7811
7813
7818
7820
7823
7826
7832
7831
7831
7825
7833
7830
7837
7839
7840
7846
7838
7841
7847
7846
7843
7835
7837
7841
7842
7835
7836
7837
7841
7841
7843
7845
7838
7844
7846
7848
7851
7850
7846
7848
7845
7846
7843
7844
7843
7842
7844
7844
7846
7846
7842
7841
7839
7832
7825
7817
7808
7801
7786
7778
7773
7763
7756
7749
7743
7741
7733
7731
7731
7730
7731
7720
7725
7727
7731
7733
7723
7729
7739
7737
7741
7744
7746
7749
7748
7746
7745
7748
7748
7743
7737
7735
7743
7738
7739
7738
7740
7735
7738
7746
7743
7745
7749
7747
7750
7747
7743
7744
7742
7745
7738
7738
7738
7739
7734
7726
7723
7719
7713
7707
7698
7688
7690
7680
7673
7667
7665
7660
7656
7653
7651
7645
7647
7650
7654
7654
7653
7653
7657
7655
7649
7652
7650
7657
7653
7653
7650
7647
7645
7646
7646
7643
7633
7636
7639
7637
7635
7631
7629
7626
7624
7625
7624
7614
7614
7612
7612
7612
7603
7600
7607
7602
7605
7601
7601
7597
7596
7594
7587
7584
7575
7573
7561
7558
7565
7558
7557
7552
7551
7543
7542
7531
7526
7527
7518
7513
7500
7497
7499
7491
7483
7482
7483
7484
7479
7479
7476
7477
7477
7473
7475
7475
7476
7474
7474
7470
7472
7470
7470
7469
7466
7466
7463
7454
7455
7455
7458
7457
7450
7453
7451
7449
7455
7449
7447
7444
7442
7439
7439
7438
7435
7431
7429
7423
7422
7417
7412
7410
7409
7403
7400
7396
7393
7384
7379
7380
7371
7361
7349
7340
7334
7322
7305
7290
7281
7269
7257
7247
7236
7229
7218
7211
7204
7198
7201
7195
7191
7189
7176
7176
7170
7171
7168
7167
7163
7159
7159
7152
7155
7151
7151
7152
7149
7149
7145
7147
7146
7148
7149
7149
7146
7145
7146
7146
7141
7138
7148
7145
7146
7147
7146
7140
7132
7135
7127
7118
7112
7102
7092
7084
7079
7065
7056
7043
7031
7023
7015
7011
6999
6987
6977
6982
6970
6966
6960
6956
6954
6948
6948
6945
6938
6934
6934
6935
6937
6934
6929
6933
6929
6929
6922
6923
6929
6922
6923
6921
6920
6921
6917
6920
6914
6915
6912
6910
6907
6903
6898
6897
6899
6890
6885
6880
6873
6863
6856
6861
6852
6843
6839
6836
6837
6831
6826
6824
6810
6811
6809
6807
6802
6793
6790
6790
6784
6779
6776
6768
6763
6757
6752
6747
6741
6739
6732
6723
6720
6710
6705
6706
6700
6693
6690
6681
6676
6671
6663
6656
6650
6644
6637
6632
6623
6621
6612
6602
6598
6593
6591
6584
6578
6574
6562
6559
6556
6555
6550
6544
6543
6533
6531
6535
6532
6527
6523
6522
6527
6526
6522
6526
6523
6521
6522
6521
6523
6520
6518
6520
6520
6517
6509
6513
6517
6513
6512
6512
6505
6507
6501
6500
6498
6489
6486
6486
6488
6485
6481
6475
6472
6472
6464
6457
6457
6457
6453
6449
6446
6440
6437
6432
6430
6427
6417
6415
6419
6414
6411
6399
6400
6400
6399
6388
6386
6386
6383
6383
6377
6374
6373
6369
6359
6354
6354
6355
6350
6347
6342
6340
6336
6332
6327
6323
6322
6320
6311
6307
6304
6299
6297
6291
6287
6285
6280
6273
6269
6267
6270
6261
6254
6250
6250
6245
6243
6238
6235
6226
6225
6221
6216
6212
6204
6204
6202
6201
6189
6185
6189
6183
6180
6173
6172
6167
6161
6154
6149
6146
6141
6138
6132
6126
6118
6115
6112
6112
6105
6098
6094
6098
6095
6089
6082
6077
6069
6066
6061
6054
6052
6046
6043
6037
6033
6026
6022
6028
6021
6015
6010
6007
6009
6002
6001
5996
5993
5987
5985
5976
5972
5976
5970
5957
5957
5952
5952
5948
5940
5940
5932
5926
5923
5916
5911
5907
5902
5896
5891
5886
5881
5878
5873
5871
5858
5857
5859
5855
5852
5841
5842
5843
5838
5835
5831
5829
5824
5821
5812
5811
5815
5811
5800
5800
5798
5798
5795
5788
5783
5772
5769
5765
5768
5761
5760
5753
5750
5746
5740
5738
5735
5730
5729
5720
5717
5721
5717
5715
5711
5709
5708
5703
5700
5698
5693
5691
5688
5682
5677
5675
5668
5662
5658
5652
5648
5641
5632
5630
5632
5630
5624
5616
5615
5618
5612
5604
5604
5600
5603
5601
5597
5595
5595
5593
5587
5583
5584
5590
5587
5588
5584
5583
5577
5576
5569
5562
5563
5559
5553
5548
5541
5536
5532
5527
5521
5512
5508
5508
5504
5500
5500
5495
5486
5487
5488
5483
5481
5473
5470
5476
5470
5467
5466
5462
5454
5453
5454
5449
5449
5447
5441
5440
5438
5435
5433
5429
5427
5425
5422
5423
5421
5419
5415
5413
5408
5406
5403
5400
5402
5391
5388
5394
5388
5387
5384
5381
5376
5375
5377
5377
5372
5370
5367
5361
5357
5362
5359
5355
5355
5350
5345
5346
5348
5350
5347
5346
5347
5344
5346
5342
5342
5332
5329
5334
5326
5321
5312
5308
5310
5305
5302
5300
5295
5290
5286
5277
5275
5277
5272
5270
5267
5263
5257
5257
5258
5256
5245
5245
5244
5245
5246
5240
5240
5237
5235
5233
5229
5226
5225
5222
5219
5217
5214
5209
5208
5205
5203
5193
5191
5198
5192
5191
5181
5182
5185
5179
5176
5169
5170
5165
5165
5160
5157
5148
5145
5147
5144
5143
5140
5137
5127
5126
5131
5125
5122
5116
5113
5117
5112
5104
5104
5101
5104
5098
5097
5092
5091
5089
5085
5080
5077
5074
5070
5067
5063
5062
5060
5055
5052
5052
5047
5049
5038
5042
5043
5045
5048
5046
5044
5035
5037
5038
5038
5038
5036
5032
5023
5024
5028
5022
5019
5013
5010
5006
5003
5000
4994
4991
4987
4984
4981
4977
4973
4972
4966
4964
4960
4966
4962
4962
4961
4957
4955
4955
4958
4956
4952
4949
4945
4943
4939
4935
4931
4925
4926
4931
4927
4926
4921
4921
4923
4921
4919
4915
4912
4906
4906
4901
4900
4896
4896
4885
4884
4883
4887
4885
4885
4881
4877
4880
4876
4878
4873
4869
4869
4876
4873
4867
4867
4866
4873
4870
4869
4868
4865
4866
4862
4859
4857
4859
4859
4857
4859
4854
4855
4851
4853
4852
4843
4844
4847
4847
4844
4841
4841
4839
4834
4832
4834
4829
4831
4828
4822
4820
4826
4823
4818
4814
4814
4816
4816
4814
4815
4812
4813
4811
4812
4808
4808
4806
4797
4798
4793
4795
4791
4791
4786
4779
4776
4777
4778
4774
4773
4768
4768
4763
4760
4759
4758
4755
4756
4747
4746
4752
4746
4746
4742
4742
4736
4737
4727
4728
4729
4729
4727
4723
4724
4720
4720
4718
4717
4715
4709
4710
4712
4711
4709
4709
4706
4706
4704
4699
4700
4703
4702
4698
4698
4695
4697
4694
4688
4690
4692
4690
4687
4689
4685
4685
4685
4679
4679
4677
4675
4672
4670
4669
4667
4666
4662
4658
4657
4661
4660
4651
4651
4656
4655
4655
4649
4647
4652
4649
4648
4645
4648
4639
4641
4643
4642
4640
4638
4633
4628
4629
4631
4628
4624
4624
4622
4618
4617
4614
4614
4612
4609
4605
4605
4604
4605
4603
4601
4600
4600
4600
4596
4596
4594
4600
4596
4596
4595
4594
4592
4589
4586
4580
4590
4586
4587
4585
4583
4578
4578
4584
4580
4580
4577
4577
4576
4575
4570
4570
4575
4572
4573
4569
4569
4564
4566
4560
4559
4560
4558
4557
4555
4553
4548
4547
4551
4551
4546
4546
4545
4542
4543
4532
4535
4537
4535
4534
4525
4526
4527
4526
4522
4522
4519
4518
4515
4511
4510
4513
4511
4506
4505
4504
4505
4507
4499
4502
4508
4506
4505
4501
4500
4497
4499
4494
4494
4490
4492
4486
4488
4481
4481
4477
4475
4474
4473
4471
4470
4464
4462
4468
4464
4463
4457
4458
4461
4461
4456
4456
4453
4448
4448
4450
4451
4449
4449
4446
4446
4446
4445
4447
4443
4443
4441
4441
4437
4434
4431
4437
4435
4431
4433
4428
4429
4426
4428
4425
4421
4419
4422
4427
4423
4424
4424
4417
4419
4424
4422
4421
4419
4417
4416
4412
4411
4409
4409
4404
4403
4408
4408
4403
4402
4407
4406
4406
4404
4406
4403
4403
4400
4401
4396
4398
4395
4394
4391
4385
4383
4386
4385
4383
4378
4378
4369
4369
4370
4369
4368
4365
4365
4362
4360
4354
4354
4355
4358
4359
4356
4357
4348
4351
4350
4353
4352
4349
4349
4347
4348
4346
4348
4344
4344
4345
4344
4344
4340
4341
4340
4342
4340
4337
4334
4341
4336
4336
4333
4333
4331
4328
4328
4327
4325
4325
4326
4320
4321
4325
4323
4319
4320
4319
4323
4322
4321
4321
4320
4316
4319
4317
4316
4310
4310
4314
4314
4312
4313
4311
4307
4305
4311
4308
4308
4307
4307
4300
4301
4304
4303
4302
4303
4303
4301
4301
4299
4299
4296
4298
4295
4297
4293
4294
4293
4288
4286
4293
4289
4290
4284
4286
4289
4287
4286
4284
4285
4283
4285
4278
4279
4283
4281
4278
4276
4276
4279
4276
4274
4273
4273
4273
4271
4269
4269
4267
4267
4266
4266
4268
4267
4269
4262
4264
4267
4267
4261
4260
4257
4262
4260
4256
4257
4252
4254
4254
4255
4255
4250
4251
4256
4257
4254
4256
4256
4258
4257
4261
4258
4260
4259
4258
4253
4252
4256
4253
4245
4244
4242
4246
4242
4234
4234
4237
4234
4232
4231
4228
4227
4225
4222
4223
4219
4219
4217
4217
4218
4220
4220
4216
4218
4219
4227
4226
4229
4229
4230
4230
4229
4228
4228
4223
4223
4228
4226
4221
4220
4218
4223
4222
4221
4216
4216
4214
4210
4204
4204
4207
4204
4198
4195
4197
4198
4196
4195
4194
4193
4191
4188
4187
4186
4188
4189
4186
4186
4183
4185
4182
4184
4180
4179
4178
4186
4183
4182
4179
4179
4179
4179
4181
4178
4181
4178
4181
4181
4180
4176
4176
4181
4179
4179
4172
4174
4176
4176
4172
4173
4172
4167
4167
4172
4173
4165
4166
4172
4172
4172
4168
4169
4167
4166
4165
4164
4165
4162
4163
4162
4165
4164
4165
4162
4163
4161
4160
4159
4152
4153
4155
4154
4154
4148
4145
4150
4148
4149
4148
4148
4142
4144
4148
4145
4145
4144
4143
4138
4138
4142
4139
4139
4138
4137
4139
4138
4141
4140
4137
4138
4136
4136
4135
4130
4130
4135
4133
4131
4131
4128
4123
4124
4128
4129
4129
4126
4129
4127
4128
4126
4123
4120
4119
4125
4122
4120
4119
4118
4119
4117
4117
4115
4117
4113
4114
4120
4117
4118
4117
4117
4118
4117
4113
4112
4120
4117
4117
4116
4116
4117
4115
4111
4111
4117
4116
4112
4113
4112
4113
4112
4106
4108
4110
4112
4109
4111
4109
4104
4102
4109
4105
4105
4099
4099
4101
4103
4102
4102
4101
4104
4104
4104
4106
4107
4108
4109
4111
4111
4114
4110
4111
4107
4107
4104
4104
4102
4102
4100
4099
4093
4094
4094
4098
4094
4094
4090
4083
4085
4084
4088
4086
4079
4081
4083
4083
4074
4076
4077
4078
4077
4070
4072
4077
4076
4074
4073
4075
4073
4073
4071
4073
4072
4072
4072
4069
4071
4069
4071
4066
4068
4069
4073
4070
4070
4069
4069
4071
4069
4070
4069
4067
4071
4068
4070
4070
4072
4071
4077
4075
4074
4075
4069
4070
4068
4071
4068
4065
4063
4055
4055
4053
4055
4053
4046
4044
4048
4047
4045
4045
4045
4038
4038
4041
4041
4038
4039
4036
4036
4033
4036
4034
4032
4034
4031
4032
4030
4030
4029
4029
4029
4024
4025
4023
4028
4026
4026
4025
4024
4025
4023
4026
4024
4025
4025
4025
4027
4025
4027
4026
4022
4024
4027
4027
4021
4023
4024
4028
4029
4028
4028
4021
4020
4022
4023
4024
4020
4019
4020
4017
4017
4015
4015
4011
4009
4016
4012
4012
4009
4009
4009
4007
4008
4005
4002
4000
4002
4008
4005
4003
4002
4009
4004
4005
4002
4002
4007
4007
4005
4007
4010
4009
4012
4014
4012
4013
4013
4015
4016
4014
4013
4012
4009
4011
4002
4004
4004
4008
4006
4003
4004
4004
4004
4005
4001
4003
4001
4000
4001
3998
3993
3991
3992
3995
3992
3987
3987
3995
3991
3990
3987
3986
3992
3990
3987
3990
3994
3999
3997
3998
3998
3991
3992
3995
3994
3992
3991
3991
3988
3989
3988
3988
3987
3987
3986
3983
3986
3984
3985
3983
3980
3982
3986
3985
3984
3983
3982
3982
3981
3979
3979
3974
3974
3979
3977
3977
3976
3975
3976
3975
3975
3974
3974
3970
3974
3978
3978
3973
3978
3982
3982
3984
3984
3982
3981
3983
3980
3978
3979
3976
3977
3979
3979
3976
3977
3973
3973
3970
3968
3968
3971
3970
3962
3963
3963
3966
3962
3960
3959
3967
3963
3963
3962
3961
3960
3961
3962
3960
3958
3957
3959
3957
3956
3955
3954
3954
3953
3954
3950
3950
3956
3955
3952
3953
3956
3959
3961
3961
3962
3959
3963
3961
3960
3962
3960
3959
3959
3957
3956
3954
3954
3949
3949
3952
3952
3949
3950
3948
3948
3946
3944
3943
3951
3944
3948
3946
3947
3945
3946
3940
3942
3946
3946
3945
3944
3944
3941
3941
3948
3945
3944
3942
3939
3947
3946
3948
3946
3947
3945
3946
3944
3945
3939
3940
3946
3944
3945
3942
3943
3941
3943
3937
3937
3935
3943
3942
3944
3948
3942
3944
3946
3945
3946
3943
3944
3943
3942
3941
3939
3940
3934
3936
3938
3937
3936
3936
3936
3935
3933
3933
3932
3930
3930
3928
3928
3927
3925
3926
3918
3920
3923
3922
3919
3916
3915
3920
3919
3913
3912
3914
3917
3918
3916
3917
3916
3916
3916
3915
3916
3913
3915
3913
3918
3916
3918
3917
3915
3913
3921
3920
3919
3917
3919
3914
3914
3917
3917
3910
3913
3916
3916
3917
3911
3913
3917
3918
3917
3918
3916
3914
3914
3920
3919
3921
3918
3919
3919
3918
3915
3916
3912
3912
3911
3909
3908
3907
3908
3905
3907
3905
3906
3903
3906
3905
3905
3906
3905
3905
3906
3905
3904
3902
3902
3900
3901
3898
3901
3901
3895
3897
3900
3898
3892
3892
3892
3894
3892
3888
3887
3893
3890
3890
3883
3885
3888
3889
3882
3884
3885
3888
3886
3886
3884
3885
3884
3883
3885
3882
3884
3885
3886
3888
3887
3891
3889
3892
3892
3890
3890
3895
3893
3892
3893
3890
3888
3886
3892
3887
3888
3886
3887
3880
3882
3884
3884
3881
3883
3881
3883
3883
3882
3884
3881
3884
3880
3880
3881
3888
3887
3888
3886
3889
3888
3890
3889
3889
3884
3884
3888
3887
3889
3887
3887
3880
3882
3882
3882
3882
3880
3879
3874
3874
3878
3877
3876
3876
3874
3876
3873
3870
3869
3876
3876
3874
3874
3875
3873
3873
3873
3872
3872
3872
3872
3873
3875
3875
3877
3873
3875
3879
3881
3881
3878
3877
3880
3881
3878
3877
3878
3880
3882
3880
3879
3879
3880
3877
3878
3876
3874
3876
3869
3868
3868
3870
3868
3866
3865
3864
3865
3864
3865
3864
3863
3865
3866
3865
3865
3862
3862
3866
3865
3859
3862
3868
3867
3866
3861
3863
3868
3866
3867
3867
3866
3867
3869
3866
3869
3864
3863
3868
3867
3869
3865
3866
3865
3863
3865
3864
3864
3860
3858
3862
3860
3861
3858
3860
3854
3856
3858
3859
3856
3856
3855
3852
3851
3858
3854
3856
3856
3853
3853
3854
3852
3852
3853
3851
3849
3847
3846
3842
3842
3841
3840
3834
3835
3836
3839
3836
3836
3834
3831
3830
3831
3829
3829
3829
3829
3824
3824
3830
3829
3829
3825
3825
3829
3828
3827
3827
3827
3827
3828
3828
3826
3827
3826
3826
3826
3825
3821
3821
3825
3823
3817
3818
3819
3824
3823
3819
3821
3828
3825
3826
3826
3827
3828
3828
3823
3826
3834
3835
3835
3838
3837
3838
3836
3837
3836
3836
3835
3834
3832
3832
3826
3827
3831
3832
3830
3829
3828
3828
3829
3828
3826
3826
3827
3826
3825
3823
3818
3819
3818
3823
3823
3821
3824
3817
3820
3823
3826
3826
3828
3829
3822
3824
3830
3828
3828
3830
3828
3827
3827
3821
3824
3822
3826
3826
3825
3824
3825
3826
3826
3828
3828
3824
3826
3830
3829
3828
3827
3826
3819
3818
3824
3820
3817
3818
3819
3822
3821
3821
3822
3822
3822
3822
3822
3823
3824
3825
3826
3826
3825
3826
3827
3826
3824
3823
3822
3822
3822
3821
3818
3816
3819
3817
3812
3813
3814
3815
3814
3816
3817
3818
3818
3820
3820
3821
3820
3825
3831
3832
3828
3832
3835
3843
3847
3847
3853
3865
3870
3873
3881
3887
3894
3901
3902
3910
3920
3927
3935
3942
3949
3955
3962
3968
3976
3982
3987
3993
4004
4006
4014
4020
4025
4032
4037
4039
4041
4054
4053
4058
4060
4063
4063
4066
4063
4064
