4836
4836
4829
4831
4835
4832
4829
4824
4820
4821
4817
4813
4808
4804
4799
4794
4789
4786
4781
4774
4771
4766
4761
4758
4753
4744
4739
4740
4733
4728
4720
4717
4716
4710
4701
4698
4698
4695
4690
4686
4681
4672
4669
4673
4667
4663
4661
4657
4648
4645
4648
4644
4638
4635
4630
4623
4620
4622
4617
4613
4610
4606
4605
4602
4599
4596
4594
4591
4588
4587
4584
4582
4581
4579
4577
4575
4573
4570
4570
4569
4567
4564
4560
4559
4557
4556
4555
4549
4547
4551
4548
4546
4541
4539
4542
4539
4531
4531
4531
4531
4530
4525
4523
4527
4525
4523
4524
4523
4521
4521
4518
4517
4517
4517
4515
4512
4511
4516
4514
4513
4513
4512
4511
4509
4508
4507
4504
4503
4507
4505
4503
4498
4499
4504
4503
4501
4501
4501
4500
4498
4497
4498
4499
4499
4497
4493
4495
4499
4498
4494
4495
4500
4498
4497
4498
4496
4494
4492
4487
4489
4488
4488
4490
4490
4491
4489
4487
4486
4481
4480
4483
4480
4478
4476
4470
4470
4468
4471
4470
4469
4468
4467
4468
4468
4466
4465
4465
4465
4465
4464
4464
4462
4461
4458
4459
4463
4461
4458
4457
4457
4462
4458
4459
4459
4457
4459
4458
4454
4453
4457
4457
4458
4459
4459
4459
4460
4460
4461
4461
4462
4463
4463
4463
4462
4463
4462
4460
4461
4461
4460
4455
4453
4455
4454
4450
4450
4452
4453
4451
4447
4448
4451
4451
4451
4451
4450
4448
4449
4454
4455
4455
4454
4454
4454
4454
4453
4455
4456
4456
4455
4453
4456
4460
4460
4456
4458
4463
4462
4461
4458
4460
4459
4458
4458
4456
4454
4454
4454
4454
4454
4448
4449
4451
4453
4453
4448
4450
4452
4450
4450
4449
4450
4450
4448
4448
4449
4448
4448
4445
4446
4447
4446
4446
4440
4441
4442
4447
4447
4445
4443
4450
4448
4443
4443
4443
4447
4450
4449
4448
4444
4444
4448
4451
4453
4455
4454
4451
4453
4455
4458
4459
4460
4459
4461
4461
4463
4463
4463
4464
4466
4466
4468
4471
4471
4473
4474
4474
4475
4477
4474
4477
4479
4483
4484
4484
4484
4489
4491
4488
4491
4493
4499
4500
4502
4505
4502
4506
4510
4515
4515
4517
4519
4523
4524
4526
4528
4530
4531
4534
4536
4539
4540
4543
4547
4546
4550
4557
4558
4557
4562
4566
4572
4575
4576
4582
4593
4595
4600
4603
4605
4605
4608
4611
4615
4614
4619
4624
4631
4633
4639
4643
4649
4654
4658
4665
4669
4675
4680
4686
4690
4693
4695
4702
4712
4717
4717
4725
4733
4739
4745
4750
4758
4772
4779
4781
4788
4795
4804
4808
4812
4815
4821
4825
4831
4836
4842
4845
4852
4864
4869
4877
4882
4889
4898
4905
4913
4919
4927
4936
4944
4952
4960
4969
4978
4987
4996
5005
5015
5026
5034
5047
5052
5064
5080
5089
5099
5108
5121
5126
5137
5155
5166
5176
5189
5200
5209
5222
5240
5251
5262
5276
5289
5300
5315
5323
5338
5356
5368
5380
5392
5403
5416
5428
5437
5451
5465
5484
5497
5512
5523
5534
5547
5560
5573
5587
5596
5609
5628
5643
5658
5674
5689
5705
5721
5733
5752
5774
5788
5801
5817
5833
5841
5858
5881
5895
5907
5923
5939
5954
5968
5980
5995
6005
6020
6035
6051
6064
6077
6091
6098
6113
6128
6145
6156
6170
6182
6197
6209
6223
6234
6247
6266
6278
6289
6305
6322
6335
6349
6365
6379
6394
6408
6426
6442
6457
6472
6484
6495
6511
6532
6545
6561
6576
6593
6611
6627
6647
6662
6674
6691
6709
6730
6746
6758
6775
6799
6815
6830
6844
6863
6886
6906
6923
6942
6960
6979
7005
7030
7049
7071
7095
7116
7137
7160
7183
7203
7224
7249
7269
7293
7313
7336
7357
7379
7400
7414
7434
7453
7477
7491
7507
7524
7541
7556
7569
7580
7586
7595
7598
7602
7608
7615
7624
7631
7639
7651
7669
7681
7690
7708
7726
7747
7763
7774
7788
7810
7821
7834
7849
7862
7875
7883
7891
7897
7903
7910
7917
7926
7933
7938
7949
7965
7972
7982
7995
8012
8032
8046
8061
8077
8092
8104
8122
8128
8144
8161
8174
8181
8198
8215
8236
8251
8268
8286
8302
8317
8335
8352
8369
8381
8399
8419
8433
8449
8462
8475
8491
8503
8516
8526
8541
8555
8565
8575
8588
8606
8615
8628
8638
8649
8659
8669
8680
8691
8693
8700
8712
8714
8718
8721
8725
8728
8740
8756
8760
8766
8773
8778
8777
8779
8790
8788
8790
8794
8800
8800
8809
8825
8834
8845
8856
8869
8881
8895
8908
8921
8934
8946
8958
8973
8985
8993
9010
9016
9032
9047
9059
9073
9084
9097
9103
9115
9131
9141
9152
9157
9168
9168
9181
9198
9201
9206
9211
9215
9222
9225
9228
9233
9233
9237
9237
9236
9240
9240
9239
9231
9235
9235
9242
9241
9240
9241
9235
9235
9237
9242
9244
9242
9243
9248
9249
9251
9249
9254
9261
9262
9266
9273
9277
9281
9293
9299
9310
9316
9325
9340
9343
9348
9356
9362
9366
9372
9379
9387
9396
9403
9415
9429
9439
9450
9460
9466
9477
9484
9496
9498
9500
9497
9502
9503
9505
9503
9508
9518
9518
9521
9527
9531
9536
9541
9543
9546
9551
9556
9560
9563
9567
9572
9576
9579
9587
9585
9593
9598
9605
9603
9597
9598
9604
9599
9596
9596
9599
9593
9598
9607
9611
9605
9614
9615
9625
9626
9625
9633
9645
9648
9654
9655
9663
9666
9670
9673
9675
9679
9677
9681
9689
9690
9691
9687
9685
9683
9680
9676
9672
9671
9671
9667
9670
9670
9666
9662
9655
9649
9649
9643
9633
9620
9617
9615
9613
9605
9602
9597
9592
9587
9584
9578
9576
9573
9563
9562
9557
9559
9551
9547
9542
9537
9528
9523
9515
9512
9511
9507
9499
9496
9498
9494
9494
9493
9494
9486
9488
9496
9491
9489
9483
9480
9478
9479
9477
9481
9487
9489
9493
9494
9501
9501
9508
9518
9523
9526
9531
9536
9541
9543
9549
9552
9558
9557
9560
9571
9571
9571
9572
9575
9572
9575
9580
9579
9581
9584
9576
9575
9578
9584
9582
9580
9582
9582
9584
9582
9574
9571
9573
9569
9567
9565
9560
9555
9549
9539
9533
9522
9517
9524
9522
9516
9512
9508
9502
9498
9495
9492
9488
9484
9477
9473
9468
9458
9456
9449
9445
9441
9445
9442
9433
9429
9429
9421
9415
9403
9396
9393
9387
9373
9367
9361
9353
9341
9329
9318
9309
9298
9288
9279
9266
9254
9243
9237
9227
9219
9216
9212
9205
9204
9201
9201
9199
9198
9201
9199
9200
9209
9207
9200
9202
9207
9212
9215
9211
9214
9225
9229
9228
9233
9238
9247
9249
9251
9252
9260
9262
9264
9263
9261
9263
9260
9255
9249
9244
9236
9229
9223
9216
9211
9205
9198
9193
9189
9179
9177
9175
9171
9165
9162
9158
9154
9149
9145
9141
9137
9131
9123
9115
9104
9097
9092
9077
9071
9070
9061
9051
9041
9036
9034
9026
9012
9008
9003
9000
8994
8987
8979
8965
8957
8952
8947
8937
8933
8926
8916
8913
8916
8912
8912
8912
8904
8901
8895
8891
8882
8878
8871
8865
8861
8855
8852
8849
8843
8839
8836
8833
8830
8822
8820
8825
8821
8816
8810
8811
8813
8809
8803
8807
8806
8808
8806
8805
8802
8796
8790
8787
8786
8783
8773
8769
8773
8768
8764
8764
8761
8760
8754
8753
8747
8740
8734
8731
8722
8717
8711
8705
8699
8694
8690
8683
8677
8669
8668
8668
8665
8661
8657
8658
8654
8653
8652
8653
8645
8650
8650
8653
8650
8651
8648
8643
8643
8636
8629
8622
8613
8608
8609
8602
8589
8584
8580
8577
8568
8556
8549
8551
8541
8532
8519
8512
8501
8488
8481
8469
8459
8448
8439
8427
8422
8415
8409
8403
8400
8393
8383
8381
8381
8377
8366
8362
8360
8357
8352
8347
8337
8325
8320
8316
8311
8304
8295
8291
8285
8278
8273
8269
8264
8260
8259
8256
8251
8250
8245
8245
8241
8236
8230
8224
8215
8208
8202
8192
8183
8169
8159
8154
8144
8124
8118
8109
8101
8094
8078
8071
8070
8062
8056
8050
8047
8043
8036
8031
8024
8014
8007
8004
8004
7999
7995
7991
7991
7990
7984
7979
7973
7966
7961
7952
7945
7939
7932
7927
7916
7908
7906
7896
7884
7873
7870
7870
7863
7859
7855
7855
7852
7850
7843
7842
7846
7841
7832
7830
7829
7830
7826
7822
7820
7815
7812
7807
7800
7793
7789
7784
7769
7762
7759
7750
7742
7734
7724
7712
7707
7705
7694
7686
7677
7667
7661
7657
7652
7642
7636
7636
7629
7625
7620
7611
7610
7614
7610
7607
7603
7599
7597
7594
7587
7587
7584
7587
7585
7578
7577
7581
7579
7576
7570
7569
7571
7568
7563
7560
7548
7545
7544
7544
7542
7535
7531
7527
7525
7523
7521
7519
7517
7516
7515
7514
7508
7502
7497
7494
7492
7488
7481
7479
7473
7472
7466
7464
7453
7451
7454
7449
7441
7434
7427
7431
7423
7417
7414
7409
7402
7399
7400
7397
7388
7383
7387
7380
7374
7367
7360
7356
7353
7350
7345
7340
7337
7333
7330
7328
7319
7318
7320
7320
7316
7313
7307
7304
7300
7298
7294
7289
7286
7284
7278
7276
7273
7267
7264
7259
7256
7258
7252
7243
7239
7237
7236
7232
7227
7222
7207
7206
7206
7201
7196
7186
7180
7178
7170
7163
7157
7151
7147
7144
7139
7134
7127
7123
7119
7116
7112
7104
7099
7103
7097
7094
7089
7089
7086
7082
7076
7073
7064
7063
7063
7062
7057
7049
7048
7048
7044
7036
7028
7025
7027
7022
7018
7012
7010
7007
7002
6997
6995
6990
6987
6983
6979
6975
6970
6964
6962
6956
6949
6945
6944
6942
6938
6932
6928
6916
6914
6916
6910
6905
6900
6893
6890
6887
6880
6877
6873
6864
6859
6857
6850
6840
6838
6834
6832
6828
6821
6817
6809
6805
6807
6800
6799
6793
6789
6783
6779
6781
6775
6767
6761
6755
6748
6742
6730
6726
6719
6718
6714
6710
6704
6700
6695
6689
6686
6684
6678
6675
6670
6663
6661
6656
6653
6649
6644
6641
6640
6635
6629
6623
6617
6615
6614
6610
6603
6598
6603
6596
6591
6583
6577
6570
6564
6555
6552
6548
6552
6550
6546
6543
6539
6539
6537
6532
6529
6530
6526
6519
6515
6504
6502
6496
6496
6494
6490
6488
6485
6484
6483
6479
6479
6482
6481
6476
6478
6479
6481
6480
6474
6472
6476
6473
6472
6469
6469
6461
6462
6464
6456
6455
6451
6449
6447
6443
6440
6434
6431
6430
6426
6423
6421
6418
6418
6415
6416
6413
6410
6408
6400
6397
6399
6394
6390
6387
6383
6376
6373
6373
6367
6363
6359
6354
6348
6344
6335
6330
6331
6324
6319
6312
6306
6302
6297
6293
6289
6284
6279
6275
6272
6268
6261
6259
6261
6259
6255
6248
6246
6248
6244
6241
6237
6230
6228
6224
6223
6219
6216
6213
6207
6207
6206
6207
6207
6199
6196
6201
6196
6194
6190
6190
6187
6186
6184
6179
6176
6170
6165
6157
6154
6156
6149
6146
6140
6135
6128
6126
6126
6122
6120
6119
6114
6110
6108
6112
6110
6110
6108
6108
6107
6107
6107
6105
6098
6096
6099
6095
6092
6088
6085
6075
6074
6075
6069
6063
6057
6050
6046
6040
6035
6030
6019
6014
6012
6010
6003
5998
5997
5988
5983
5983
5985
5978
5974
5971
5969
5963
5959
5953
5949
5953
5952
5951
5950
5945
5946
5944
5948
5945
5943
5942
5940
5940
5938
5936
5936
5931
5933
5935
5934
5930
5931
5929
5928
5926
5922
5920
5918
5915
5914
5908
5904
5909
5907
5905
5901
5900
5898
5894
5894
5893
5892
5891
5889
5886
5885
5889
5885
5884
5881
5879
5877
5875
5868
5866
5869
5865
5857
5855
5854
5855
5851
5843
5839
5841
5834
5830
5822
5819
5816
5813
5810
5807
5802
5801
5798
5797
5793
5791
5790
5787
5784
5783
5779
5776
5779
5774
5771
5768
5761
5760
5756
5754
5750
5748
5745
5736
5735
5730
5733
5730
5723
5722
5726
5720
5718
5713
5711
5707
5704
5694
5694
5694
5691
5689
5685
5681
5673
5669
5670
5668
5663
5660
5656
5649
5647
5651
5650
5647
5646
5645
5646
5645
5644
5642
5641
5638
5637
5633
5633
5636
5634
5632
5629
5629
5627
5624
5617
5618
5621
5618
5617
5614
5613
5613
5612
5604
5604
5601
5603
5602
5599
5597
5589
5590
5592
5590
5588
5585
5584
5580
5578
5577
5574
5574
5573
5572
5569
5568
5574
5571
5570
5568
5565
5557
5554
5557
5555
5550
5547
5546
5544
5542
5540
5539
5535
5534
5529
5528
5525
5520
5518
5510
5510
5509
5511
5508
5506
5505
5498
5499
5500
5500
5498
5494
5493
5499
5496
5496
5494
5492
5491
5488
5487
5484
5477
5476
5474
5476
5473
5463
5462
5468
5465
5463
5460
5457
5450
5450
5454
5453
5445
5446
5443
5447
5444
5442
5441
5436
5436
5434
5431
5428
5430
5426
5426
5423
5419
5418
5416
5414
5413
5410
5406
5405
5402
5400
5398
5397
5390
5389
5394
5393
5390
5385
5385
5388
5387
5388
5388
5387
5387
5387
5383
5385
5388
5385
5385
5384
5382
5381
5379
5381
5382
5375
5376
5379
5380
5379
5379
5377
5377
5377
5375
5372
5371
5371
5369
5369
5368
5367
5367
5365
5365
5362
5354
5353
5356
5353
5348
5345
5342
5335
5335
5337
5333
5327
5327
5326
5328
5326
5326
5322
5321
5317
5314
5313
5310
5309
5309
5302
5301
5301
5302
5300
5300
5295
5289
5289
5290
5288
5286
5285
5283
5278
5278
5283
5281
5279
5278
5277
5271
5271
5276
5272
5273
5271
5269
5269
5270
5270
5270
5269
5268
5267
5265
5263
5261
5260
5251
5252
5250
5253
5251
5250
5250
5247
5245
5244
5243
5241
5236
5236
5241
5239
5233
5230
5231
5237
5235
5234
5231
5226
5228
5227
5231
5229
5231
5228
5228
5226
5225
5224
5224
5223
5221
5220
5218
5213
5216
5216
5221
5220
5220
5220
5213
5213
5212
5213
5210
5207
5203
5201
5198
5197
5195
5193
5192
5192
5190
5188
5185
5184
5183
5188
5185
5178
5176
5180
5176
5173
5167
5166
5169
5167
5165
5164
5162
5160
5159
5157
5155
5154
5153
5152
5150
5149
5148
5146
5145
5146
5138
5140
5142
5146
5145
5144
5144
5145
5145
5144
5141
5142
5146
5144
5141
5143
5145
5143
5143
5143
5141
5135
5136
5138
5137
5136
5134
5133
5131
5132
5124
5124
5125
5128
5126
5125
5123
5119
5120
5123
5122
5117
5116
5113
5113
5110
5109
5109
5108
5104
5103
5107
5104
5103
5101
5100
5098
5096
5096
5093
5090
5089
5081
5080
5079
5081
5078
5071
5071
5074
5072
5070
5068
5069
5067
5066
5067
5064
5064
5061
5059
5058
5056
5051
5049
5054
5050
5047
5047
5046
5041
5041
5044
5041
5040
5034
5034
5036
5035
5032
5032
5030
5029
5026
5021
5018
5022
5021
5017
5017
5016
5017
5018
5018
5016
5015
5014
5013
5014
5014
5011
5012
5018
5015
5013
5012
5010
5009
5010
5005
5004
5006
5005
5004
5002
5002
5004
5002
5002
5002
4999
4999
4999
4998
4997
4996
4996
4994
4995
4995
4994
4994
4994
4995
4989
4991
4992
4996
4994
4991
4992
4997
4996
4995
4994
4996
4994
4994
4989
4991
4991
4993
4993
4988
4987
4993
4991
4991
4991
4990
4985
4985
4988
4987
4987
4986
4987
4986
4987
4981
4982
4988
4988
4986
4984
4984
4984
4984
4984
4983
4977
4976
4974
4975
4972
4970
4968
4967
4964
4963
4957
4955
4958
4956
4953
4951
4948
4944
4945
4947
4943
4941
4940
4938
4938
4937
4935
4935
4934
4932
4930
4930
4930
4924
4923
4927
4925
4923
4924
4920
4920
4922
4920
4920
4923
4924
4923
4924
4922
4918
4918
4925
4923
4917
4919
4917
4921
4921
4915
4915
4919
4917
4915
4914
4913
4914
4912
4905
4906
4909
4905
4903
4905
4905
4905
4906
4905
4902
4901
4899
4897
4896
4896
4892
4892
4892
4893
4893
4887
4888
4891
4889
4884
4884
4885
4888
4888
4883
4884
4889
4887
4887
4881
4879
4883
4885
4884
4885
4885
4885
4884
4881
4883
4889
4887
4887
4883
4882
4878
4876
4869
4868
4870
4867
4867
4865
4865
4858
4857
4862
4858
4855
4851
4850
4853
4851
4850
4852
4849
4850
4848
4850
4850
4851
4850
4850
4850
4849
4848
4847
4847
4845
4845
4843
4842
4840
4838
4833
4836
4838
4838
4836
4836
4836
4836
4836
4835
4836
4831
4832
4832
4835
4831
4828
4830
4832
4831
4828
4831
4832
4830
4829
4833
4834
4835
4836
4835
4836
4838
4832
4834
4838
4837
4836
4832
4832
4835
4831
4830
4827
4824
4823
4818
4817
4816
4816
4815
4811
4811
4811
4814
4813
4808
4809
4815
4811
4810
4805
4806
4810
4808
4808
4808
4807
4806
4804
4801
4801
4807
4807
4802
4805
4806
4812
4813
4811
4812
4813
4815
4814
4815
4816
4810
4811
4816
4812
4809
4804
4803
4806
4806
4805
4805
4804
4804
4804
4803
4801
4799
4798
4799
4799
4799
4796
4795
4793
4791
4788
4787
4786
4784
4783
4782
4780
4779
4778
4775
4778
4780
4784
4782
4779
4779
4785
4786
4785
4786
4787
4781
4782
4787
4784
4781
4776
4776
4776
4775
4771
4768
4766
4766
4765
4763
4761
4761
4761
4756
4758
4757
4760
4758
4753
4753
4757
4755
4751
4749
4749
4752
4751
4749
4749
4749
4749
4748
4748
4747
4745
4746
4754
4754
4756
4758
4760
4762
4763
4765
4765
4765
4764
4761
4759
4757
4756
4753
4751
4748
4747
4743
4742
4737
4737
4741
4736
4735
4733
4733
4727
4731
4735
4734
4732
4734
4735
4735
4737
4733
4735
4740
4739
4739
4733
4733
4735
4734
4733
4731
4729
4730
4729
4726
4726
4729
4726
4724
4720
4719
4717
4715
4713
4710
4710
4709
4706
4704
4701
4707
4705
4698
4700
4701
4703
4702
4701
4701
4696
4696
4698
4703
4702
4703
4702
4701
4701
4702
4701
4701
4701
4700
4700
4699
4698
4698
4697
4692
4693
4697
4696
4694
4694
4692
4691
4691
4697
4698
4692
4694
4698
4696
4696
4694
4693
4693
4690
4689
4691
4690
4685
4687
4691
4689
4690
4690
4691
4692
4691
4691
4692
4692
4692
4693
4695
4695
4693
4694
4700
4701
4701
4700
4699
4697
4698
4697
4694
4691
4690
4693
4691
4692
4689
4690
4688
4687
4686
4687
4689
4687
4688
4693
4691
4686
4686
4684
4688
4686
4681
4680
4684
4682
4680
4679
4677
4676
4674
4671
4670
4667
4665
4664
4660
4660
4663
4662
4660
4661
4658
4654
4654
4657
4656
4653
4653
4654
4653
4654
4651
4653
4659
4659
4657
4660
4661
4666
4665
4665
4665
4667
4665
4665
4663
4662
4661
4659
4658
4658
4655
4652
4653
4657
4657
4655
4654
4648
4648
4649
4652
4650
4650
4647
4641
4641
4642
4645
4644
4644
4643
4639
4640
4641
4642
4639
4638
4639
4640
4638
4640
4638
4639
4639
4639
4639
4639
4639
4639
4637
4639
4642
4643
4645
4646
4647
4646
4644
4644
4639
4638
4643
4641
4639
4640
4638
4638
4639
4639
4642
4636
4638
4638
4641
4641
4635
4635
4640
4639
4636
4633
4634
4638
4637
4632
4634
4639
4639
4637
4637
4637
4637
4637
4638
4638
4638
4638
4636
4637
4638
4631
4634
4636
4637
4637
4636
4634
4635
4634
4629
4628
4629
4632
4629
4628
4626
4626
4625
4626
4625
4625
4619
4620
4625
4622
4620
4616
4616
4621
4618
4618
4617
4618
4618
4617
4617
4617
4613
4614
4619
4618
4617
4614
4614
4616
4616
4615
4615
4614
4612
4612
4614
4613
4613
4612
4611
4610
4610
4611
4611
4610
4611
4605
4608
4608
4612
4611
4612
4611
4607
4608
4609
4612
4613
4612
4614
4616
4618
4618
4619
4620
4619
4619
4617
4616
4614
4613
4613
4612
4611
4605
4605
4610
4606
4604
4601
4600
4606
4603
4602
4601
4600
4602
4600
4601
4602
4599
4602
4609
4610
4614
4617
4620
4623
4625
4619
4621
4621
4619
4616
4614
4612
4610
4607
4605
4603
4601
4598
4599
4591
4590
4596
4593
4591
4589
4589
4583
4583
4587
4586
4583
4580
4579
4584
4584
4584
4583
4579
4580
4579
4582
4579
4580
4579
4578
4576
4577
4575
4575
4573
4574
4574
4575
4572
4570
4570
4575
4576
4568
4570
4575
4574
4573
4570
4571
4576
4575
4576
4577
4580
4582
4581
4581
4580
4580
4579
4579
4577
4576
4577
4578
4577
4578
4573
4575
4574
4578
4577
4576
4574
4575
4575
4576
4568
4570
4574
4572
4573
4570
4567
4565
4565
4569
4568
4566
4565
4566
4563
4564
4563
4561
4562
4560
4553
4553
4554
4556
4555
4550
4552
4558
4558
4559
4555
4558
4564
4562
4561
4562
4561
4560
4559
4559
4556
4558
4557
4557
4556
4555
4550
4550
4555
4555
4556
4556
4556
4556
4556
4556
4555
4549
4551
4555
4554
4553
4553
4552
4551
4549
4544
4544
4545
4548
4547
4542
4544
4550
4548
4548
4547
4546
4545
4546
4542
4544
4543
4543
4543
4541
4540
4544
4542
4536
4536
4536
4538
4538
4533
4533
4537
4534
4534
4534
4534
4535
4534
4535
4536
4536
4535
4535
4534
4532
4528
4530
4533
4530
4529
4528
4527
4526
4525
4525
4522
4522
4522
4521
4516
4516
4520
4519
4518
4517
4517
4513
4514
4518
4515
4512
4513
4513
4515
4516
4512
4512
4517
4515
4514
4513
4512
4511
4512
4512
4514
4513
4513
4515
4515
4515
4516
4515
4515
4512
4515
4514
4515
4517
4517
4514
4517
4520
4521
4521
4514
4515
4518
4518
4518
4518
4517
4518
4518
4518
4517
4517
4516
4517
4514
4515
4509
4510
4515
4512
4511
4511
4511
4510
4510
4511
4512
4513
4513
4514
4515
4517
4518
4518
4515
4518
4518
4522
4521
4520
4521
4519
4522
4524
4532
4537
4540
4549
4562
4569
4573
4580
4589
4598
4605
4608
4618
4632
4638
4647
4655
4665
4673
4680
4684
4693
4704
4713
4720
4728
4733
4741
4748
4754
4760
4766
4778
4782
4782
4789
4799
4802
4807
4811
4812
4811
4815
4821
4821
4821
4817
4817
