4028
4026
4027
4024
4024
4021
4021
4017
4013
4017
4013
4011
4007
4003
4000
3995
3989
3985
3988
3984
3981
3978
3973
3964
3961
3963
3957
3954
3949
3945
3941
3939
3935
3931
3928
3924
3922
3918
3915
3910
3908
3904
3902
3900
3893
3890
3893
3889
3888
3886
3884
3883
3880
3875
3872
3875
3874
3869
3867
3867
3864
3862
3854
3853
3858
3854
3852
3850
3846
3839
3838
3842
3840
3838
3837
3835
3833
3834
3831
3830
3823
3823
3822
3825
3823
3821
3821
3814
3815
3814
3817
3815
3814
3812
3807
3805
3807
3809
3809
3807
3808
3800
3802
3807
3803
3803
3801
3800
3799
3798
3791
3790
3790
3793
3793
3791
3791
3786
3787
3789
3789
3788
3787
3788
3788
3788
3788
3789
3789
3789
3788
3788
3788
3788
3788
3786
3783
3784
3782
3783
3782
3781
3778
3776
3778
3781
3780
3781
3782
3776
3777
3777
3782
3780
3774
3775
3780
3778
3777
3776
3774
3771
3770
3774
3772
3771
3769
3768
3768
3768
3762
3765
3770
3769
3766
3762
3763
3767
3764
3763
3763
3763
3756
3758
3761
3760
3758
3757
3759
3758
3755
3755
3755
3755
3755
3754
3753
3753
3751
3750
3751
3751
3752
3752
3751
3751
3752
3748
3750
3754
3754
3753
3753
3751
3754
3753
3752
3753
3753
3753
3754
3750
3751
3756
3758
3752
3754
3756
3759
3758
3757
3757
3751
3751
3752
3753
3753
3750
3748
3742
3743
3748
3745
3744
3744
3743
3743
3742
3741
3742
3741
3742
3740
3735
3735
3740
3740
3739
3739
3739
3734
3734
3740
3738
3733
3734
3735
3740
3739
3740
3742
3745
3745
3746
3746
3748
3748
3749
3750
3749
3749
3748
3747
3748
3747
3746
3745
3745
3745
3743
3739
3740
3745
3743
3738
3737
3739
3742
3743
3743
3742
3737
3738
3742
3743
3741
3744
3743
3743
3743
3738
3742
3744
3749
3751
3753
3754
3756
3757
3757
3758
3756
3758
3758
3754
3755
3759
3761
3761
3760
3760
3761
3760
3754
3757
3758
3762
3763
3762
3762
3758
3760
3762
3767
3767
3767
3768
3767
3768
3769
3773
3773
3773
3776
3775
3775
3769
3772
3774
3779
3779
3775
3776
3784
3783
3786
3787
3787
3785
3789
3796
3797
3799
3800
3801
3804
3807
3810
3811
3810
3812
3815
3821
3822
3822
3824
3825
3828
3828
3830
3833
3829
3831
3839
3839
3840
3841
3845
3848
3851
3856
3859
3857
3861
3868
3874
3877
3877
3879
3888
3889
3892
3893
3896
3896
3900
3905
3909
3912
3914
3918
3927
3927
3927
3933
3943
3946
3950
3952
3957
3960
3964
3970
3976
3978
3982
3986
3992
3996
4003
4006
4010
4014
4021
4022
4028
4039
4045
4045
4052
4059
4071
4075
4084
4085
4093
4099
4105
4113
4117
4117
4123
4135
4141
4147
4153
4161
4160
4169
4182
4189
4188
4198
4204
4218
4222
4230
4236
4241
4249
4256
4262
4269
4276
4283
4293
4299
4305
4310
4318
4333
4341
4348
4357
4364
4374
4383
4390
4399
4402
4412
4428
4434
4443
4451
4460
4466
4476
4490
4498
4509
4520
4530
4540
4548
4558
4566
4577
4587
4597
4607
4616
4618
4629
4646
4653
4663
4668
4678
4693
4705
4709
4720
4734
4745
4757
4770
4781
4787
4800
4817
4829
4840
4849
4861
4873
4883
4894
4905
4915
4927
4942
4949
4964
4981
4991
5003
5018
5031
5041
5054
5067
5082
5090
5102
5117
5135
5146
5158
5170
5180
5190
5202
5204
5218
5234
5246
5257
5268
5278
5289
5301
5315
5326
5338
5346
5360
5367
5378
5388
5400
5407
5420
5438
5448
5461
5473
5487
5497
5511
5518
5532
5550
5561
5575
5588
5599
5610
5623
5639
5652
5663
5676
5687
5700
5712
5727
5738
5753
5760
5778
5796
5811
5818
5833
5854
5871
5885
5892
5908
5927
5939
5950
5964
5976
5987
6000
6005
6015
6032
6038
6041
6049
6059
6068
6077
6087
6099
6110
6117
6128
6137
6147
6154
6162
6173
6179
6192
6199
6211
6227
6235
6240
6253
6265
6284
6296
6303
6315
6335
6342
6350
6362
6369
6375
6385
6392
6401
6408
6415
6423
6431
6436
6444
6451
6461
6470
6481
6488
6495
6505
6513
6514
6522
6534
6544
6551
6558
6566
6580
6589
6591
6600
6612
6623
6629
6640
6650
6658
6672
6682
6693
6702
6713
6725
6744
6755
6767
6777
6788
6798
6808
6816
6828
6831
6844
6854
6870
6880
6890
6899
6910
6917
6930
6937
6947
6954
6963
6965
6975
6987
6996
7001
7001
7012
7024
7031
7031
7043
7056
7069
7074
7082
7089
7093
7101
7108
7111
7115
7117
7125
7130
7137
7144
7151
7159
7166
7172
7178
7184
7188
7194
7202
7213
7220
7230
7235
7235
7245
7253
7264
7274
7277
7285
7302
7309
7309
7314
7325
7333
7336
7342
7347
7350
7355
7360
7363
7366
7372
7375
7376
7380
7380
7381
7382
7389
7392
7386
7392
7399
7403
7407
7411
7420
7426
7428
7434
7439
7445
7454
7459
7460
7466
7479
7484
7487
7492
7499
7504
7513
7518
7523
7520
7522
7523
7530
7527
7522
7522
7529
7526
7527
7517
7515
7518
7512
7509
7507
7505
7504
7507
7508
7509
7510
7514
7516
7516
7522
7518
7524
7535
7537
7541
7547
7554
7558
7563
7571
7576
7579
7583
7591
7590
7594
7602
7604
7607
7612
7613
7615
7619
7616
7621
7633
7631
7629
7635
7636
7643
7645
7637
7638
7651
7648
7652
7657
7658
7656
7657
7668
7669
7667
7667
7665
7662
7658
7657
7655
7653
7652
7654
7653
7652
7651
7649
7654
7652
7654
7655
7658
7653
7656
7666
7667
7665
7665
7666
7659
7657
7669
7668
7664
7667
7668
7667
7671
7664
7663
7673
7672
7667
7663
7662
7655
7654
7646
7645
7649
7644
7638
7632
7632
7619
7615
7620
7611
7608
7601
7600
7603
7603
7605
7603
7606
7612
7615
7619
7624
7626
7629
7630
7632
7634
7637
7640
7636
7636
7645
7646
7644
7643
7644
7646
7643
7641
7643
7638
7635
7631
7636
7625
7621
7617
7607
7602
7601
7601
7599
7594
7588
7579
7576
7574
7574
7575
7573
7566
7562
7561
7558
7559
7553
7555
7556
7559
7561
7554
7553
7551
7552
7549
7542
7537
7535
7535
7530
7530
7531
7527
7528
7527
7528
7533
7524
7525
7531
7531
7520
7519
7521
7516
7513
7507
7498
7491
7489
7492
7492
7488
7483
7483
7495
7492
7492
7490
7486
7481
7482
7488
7489
7487
7489
7487
7490
7491
7495
7494
7493
7496
7505
7505
7508
7509
7508
7510
7510
7510
7507
7502
7492
7490
7489
7482
7470
7462
7450
7441
7436
7437
7429
7421
7419
7415
7408
7409
7399
7392
7391
7382
7374
7367
7363
7358
7352
7345
7342
7336
7333
7326
7323
7320
7314
7305
7299
7293
7281
7271
7264
7262
7254
7246
7241
7238
7233
7232
7226
7223
7215
7210
7205
7197
7193
7189
7184
7178
7172
7162
7158
7161
7153
7151
7143
7141
7146
7145
7134
7135
7138
7142
7143
7140
7145
7150
7152
7148
7144
7143
7151
7144
7134
7134
7136
7131
7128
7127
7123
7122
7121
7117
7113
7111
7110
7105
7097
7091
7078
7070
7068
7063
7052
7041
7038
7031
7021
7016
7010
7003
6992
6988
6985
6974
6967
6959
6950
6942
6936
6934
6931
6922
6923
6923
6922
6916
6909
6906
6898
6892
6887
6880
6870
6868
6863
6859
6859
6848
6844
6839
6842
6835
6828
6826
6829
6826
6822
6817
6819
6823
6821
6822
6822
6821
6822
6823
6820
6820
6818
6817
6810
6811
6814
6820
6821
6816
6817
6811
6809
6804
6799
6793
6781
6779
6770
6760
6748
6739
6734
6731
6720
6713
6709
6697
6696
6691
6693
6692
6682
6679
6684
6680
6677
6675
6676
6672
6672
6670
6665
6662
6663
6660
6659
6658
6646
6646
6649
6645
6643
6634
6629
6635
6628
6629
6623
6622
6617
6612
6605
6601
6601
6596
6582
6582
6574
6573
6566
6559
6554
6548
6540
6535
6526
6522
6517
6514
6507
6501
6498
6493
6487
6483
6481
6476
6472
6471
6470
6463
6464
6462
6458
6460
6454
6450
6450
6446
6445
6435
6432
6439
6430
6424
6416
6417
6416
6410
6402
6397
6400
6395
6393
6385
6382
6386
6379
6375
6372
6370
6356
6355
6355
6350
6348
6340
6336
6331
6325
6321
6314
6308
6302
6297
6294
6290
6286
6280
6269
6265
6267
6262
6254
6250
6245
6247
6242
6236
6234
6230
6224
6221
6214
6210
6207
6202
6199
6194
6190
6181
6180
6180
6178
6168
6164
6163
6163
6158
6150
6145
6148
6145
6136
6132
6133
6126
6124
6118
6115
6107
6103
6104
6105
6102
6100
6095
6091
6088
6084
6080
6075
6070
6064
6061
6055
6047
6041
6039
6033
6029
6025
6019
6008
6007
6002
6002
5999
5986
5982
5987
5978
5975
5966
5962
5961
5956
5954
5946
5942
5937
5932
5934
5926
5920
5916
5909
5902
5898
5894
5886
5882
5877
5869
5866
5859
5850
5847
5846
5843
5836
5831
5824
5818
5814
5818
5812
5810
5804
5800
5797
5796
5793
5789
5785
5782
5780
5777
5774
5769
5765
5771
5767
5755
5755
5755
5756
5750
5743
5740
5739
5735
5730
5727
5725
5717
5718
5723
5717
5709
5709
5707
5710
5709
5705
5703
5695
5694
5694
5693
5687
5686
5681
5675
5674
5665
5662
5659
5649
5647
5647
5641
5638
5634
5629
5624
5622
5619
5615
5613
5610
5604
5599
5597
5587
5585
5588
5581
5573
5574
5571
5571
5567
5560
5561
5562
5558
5552
5548
5545
5538
5532
5528
5522
5517
5517
5512
5510
5507
5499
5494
5498
5492
5486
5480
5479
5473
5469
5464
5459
5451
5446
5442
5442
5437
5426
5424
5427
5425
5419
5420
5418
5412
5410
5407
5405
5405
5401
5398
5398
5396
5396
5396
5394
5391
5391
5389
5388
5382
5382
5384
5384
5380
5374
5375
5373
5371
5367
5363
5363
5355
5356
5356
5354
5349
5347
5345
5342
5339
5333
5331
5335
5331
5328
5322
5322
5314
5314
5319
5313
5309
5308
5307
5301
5300
5299
5295
5289
5290
5288
5292
5288
5287
5288
5284
5281
5278
5278
5274
5279
5276
5271
5274
5267
5265
5264
5264
5265
5259
5257
5261
5258
5253
5252
5250
5248
5248
5243
5243
5238
5235
5233
5230
5227
5223
5222
5220
5218
5216
5206
5207
5207
5204
5202
5200
5196
5195
5190
5186
5183
5189
5183
5178
5174
5170
5172
5166
5162
5158
5151
5148
5144
5139
5133
5128
5123
5118
5114
5107
5101
5096
5101
5093
5090
5087
5084
5079
5078
5071
5069
5073
5068
5060
5059
5056
5058
5055
5052
5048
5046
5045
5040
5040
5036
5034
5034
5030
5029
5027
5026
5022
5022
5019
5012
5012
5017
5014
5012
5007
5006
5010
5006
5003
5002
5000
4999
4996
4990
4989
4992
4988
4984
4981
4977
4973
4971
4961
4960
4961
4957
4953
4944
4943
4947
4940
4939
4936
4934
4933
4929
4930
4926
4925
4925
4921
4917
4916
4914
4910
4909
4907
4901
4902
4901
4906
4901
4897
4894
4901
4895
4896
4894
4889
4891
4887
4885
4883
4877
4876
4874
4876
4875
4866
4868
4870
4866
4864
4858
4855
4859
4855
4847
4847
4848
4850
4845
4844
4842
4840
4839
4836
4834
4833
4834
4833
4831
4830
4823
4823
4820
4823
4823
4820
4818
4816
4814
4814
4811
4810
4804
4804
4803
4799
4796
4794
4789
4790
4785
4777
4777
4779
4776
4773
4765
4765
4769
4764
4757
4756
4754
4759
4754
4751
4751
4749
4747
4743
4741
4737
4742
4741
4736
4738
4738
4735
4733
4732
4730
4728
4729
4720
4721
4722
4725
4723
4718
4717
4720
4719
4716
4714
4712
4706
4704
4708
4706
4703
4700
4698
4696
4693
4690
4691
4688
4685
4687
4680
4681
4686
4684
4683
4681
4680
4678
4677
4669
4668
4674
4672
4667
4667
4665
4662
4663
4661
4658
4656
4655
4653
4651
4647
4645
4644
4635
4635
4637
4633
4632
4625
4624
4628
4624
4621
4619
4616
4615
4615
4606
4606
4611
4605
4604
4601
4598
4599
4597
4592
4592
4592
4589
4588
4588
4587
4583
4584
4577
4578
4577
4582
4580
4575
4573
4579
4578
4577
4572
4571
4575
4576
4573
4569
4571
4568
4567
4566
4564
4560
4559
4565
4562
4561
4559
4557
4552
4549
4557
4556
4555
4554
4553
4556
4556
4554
4551
4551
4548
4546
4543
4541
4538
4537
4534
4534
4531
4524
4525
4527
4525
4524
4521
4518
4517
4515
4515
4514
4507
4508
4508
4510
4510
4504
4508
4515
4514
4510
4508
4509
4513
4510
4508
4507
4503
4502
4501
4501
4496
4497
4492
4490
4491
4488
4485
4485
4485
4482
4481
4482
4480
4479
4479
4476
4477
4478
4475
4472
4472
4472
4478
4477
4470
4471
4476
4475
4474
4471
4470
4465
4460
4467
4462
4453
4455
4451
4456
4452
4448
4447
4444
4441
4440
4437
4434
4432
4429
4422
4426
4427
4428
4425
4416
4416
4420
4418
4417
4414
4413
4407
4407
4411
4408
4406
4404
4404
4403
4400
4399
4400
4397
4398
4397
4395
4394
4394
4392
4391
4392
4389
4388
4387
4387
4386
4380
4383
4388
4385
4383
4383
4380
4374
4372
4381
4380
4378
4377
4378
4373
4372
4379
4376
4369
4368
4370
4373
4371
4371
4371
4369
4366
4366
4360
4357
4361
4360
4357
4353
4354
4354
4351
4349
4348
4348
4347
4346
4344
4345
4337
4338
4344
4340
4333
4332
4332
4328
4328
4322
4319
4324
4321
4318
4317
4317
4314
4312
4312
4312
4304
4307
4308
4311
4309
4304
4304
4308
4307
4306
4300
4302
4307
4305
4303
4302
4302
4300
4298
4299
4297
4296
4295
4293
4290
4290
4292
4291
4285
4287
4293
4291
4290
4288
4288
4288
4287
4283
4280
4286
4286
4284
4278
4279
4284
4282
4275
4278
4279
4282
4280
4279
4278
4273
4272
4271
4274
4272
4273
4271
4269
4267
4267
4268
4264
4263
4263
4262
4261
4255
4256
4255
4259
4256
4257
4256
4257
4254
4253
4254
4252
4251
4249
4250
4252
4250
4248
4250
4256
4255
4249
4247
4252
4249
4248
4245
4243
4243
4240
4238
4236
4235
4235
4231
4230
4231
4228
4227
4223
4220
4222
4224
4222
4224
4223
4218
4218
4219
4225
4224
4217
4218
4226
4224
4224
4220
4220
4226
4226
4225
4225
4225
4223
4222
4219
4216
4216
4214
4212
4209
4209
4207
4205
4200
4201
4202
4199
4199
4195
4192
4197
4197
4189
4190
4194
4193
4191
4188
4187
4192
4192
4185
4186
4188
4189
4188
4187
4188
4186
4185
4186
4187
4184
4186
4186
4185
4182
4180
4179
4178
4177
4176
4169
4168
4175
4171
4172
4171
4168
4162
4164
4168
4164
4163
4163
4161
4162
4161
4161
4159
4157
4155
4155
4160
4158
4157
4156
4150
4151
4150
4154
4152
4153
4152
4150
4152
4153
4153
4153
4156
4155
4154
4155
4155
4153
4155
4156
4155
4147
4149
4154
4150
4148
4143
4140
4144
4143
4134
4135
4136
4140
4136
4136
4135
4135
4132
4129
4127
4127
4131
4128
4128
4127
4126
4125
4127
4126
4123
4124
4126
4119
4120
4119
4124
4121
4121
4121
4113
4116
4120
4122
4125
4125
4123
4121
4121
4126
4126
4125
4122
4121
4120
4118
4116
4116
4113
4112
4111
4111
4108
4106
4104
4104
4103
4100
4100
4101
4095
4096
4101
4098
4098
4097
4096
4095
4095
4090
4090
4091
4096
4094
4092
4094
4089
4090
4091
4092
4092
4086
4087
4093
4090
4084
4087
4086
4089
4089
4087
4088
4087
4086
4086
4088
4087
4081
4083
4088
4087
4085
4084
4084
4083
4082
4080
4079
4078
4076
4074
4071
4070
4072
4073
4070
4069
4067
4062
4062
4066
4064
4066
4066
4068
4068
4067
4068
4069
4066
4066
4066
4062
4061
4057
4060
4064
4062
4061
4060
4060
4058
4057
4053
4053
4056
4053
4054
4051
4051
4045
4045
4049
4044
4045
4045
4045
4041
4042
4048
4046
4045
4046
4046
4044
4046
4046
4044
4045
4045
4043
4040
4041
4041
4039
4040
4037
4036
4034
4035
4031
4031
4036
4033
4023
4027
4025
4029
4029
4022
4023
4029
4025
4024
4024
4024
4025
4024
4023
4024
4029
4030
4028
4028
4028
4026
4027
4026
4026
4025
4023
4023
4023
4021
4019
4018
4016
4014
4013
4013
4011
4008
4006
4012
4010
4010
4009
4011
4010
4009
4005
4006
4005
4011
4009
4004
4007
4010
4010
4007
4004
4005
4010
4007
4002
4005
4008
4009
4010
4009
4008
4010
4008
4000
4004
4001
4003
4003
4000
3996
3992
3995
3996
3996
3995
3993
3992
3991
3990
3983
3985
3987
3989
3989
3990
3989
3990
3991
3992
3992
3992
3993
3993
3994
3991
3990
3990
3990
3984
3984
3989
3987
3986
3985
3985
3985
3983
3982
3982
3983
3981
3981
3978
3977
3983
3981
3979
3980
3976
3978
3976
3982
3980
3973
3973
3981
3977
3975
3975
3977
3975
3973
3972
3972
3972
3967
3967
3971
3970
3968
3967
3967
3967
3967
3960
3960
3964
3961
3960
3958
3958
3956
3953
3950
3951
3952
3949
3948
3945
3944
3947
3947
3947
3948
3947
3945
3947
3946
3945
3941
3944
3950
3947
3947
3944
3944
3948
3948
3947
3947
3946
3940
3941
3943
3943
3943
3940
3939
3940
3940
3939
3937
3934
3933
3933
3933
3932
3933
3931
3928
3929
3932
3932
3933
3928
3928
3934
3933
3933
3931
3931
3933
3933
3934
3934
3935
3937
3933
3936
3937
3943
3947
3943
3943
3949
3947
3945
3938
3937
3940
3938
3937
3936
3936
3937
3939
3937
3935
3930
3931
3936
3930
3930
3931
3929
3925
3927
3927
3927
3927
3928
3929
3926
3925
3922
3922
3926
3927
3927
3925
3925
3922
3923
3927
3927
3929
3928
3929
3927
3925
3926
3925
3924
3922
3920
3923
3924
3918
3918
3922
3922
3920
3916
3917
3919
3919
3917
3917
3914
3911
3907
3913
3911
3911
3911
3910
3909
3910
3907
3907
3914
3912
3911
3913
3914
3911
3913
3913
3913
3913
3913
3912
3912
3916
3915
3914
3914
3914
3914
3908
3908
3914
3912
3904
3907
3907
3910
3907
3905
3905
3904
3902
3895
3897
3896
3901
3898
3892
3893
3897
3893
3892
3888
3887
3891
3889
3889
3888
3886
3885
3885
3883
3882
3884
3884
3883
3885
3884
3882
3885
3889
3889
3892
3892
3891
3891
3890
3891
3889
3887
3886
3883
3881
3880
3885
3883
3880
3879
3878
3878
3876
3871
3872
3878
3877
3875
3874
3875
3869
3872
3875
3876
3876
3875
3876
3878
3878
3873
3876
3881
3881
3875
3877
3878
3882
3880
3877
3878
3885
3881
3883
3879
3879
3876
3876
3875
3874
3870
3870
3870
3869
3866
3868
3867
3868
3866
3867
3868
3867
3868
3868
3871
3870
3871
3870
3868
3864
3865
3870
3866
3864
3865
3863
3857
3858
3863
3862
3853
3855
3857
3860
3859
3857
3858
3857
3855
3854
3851
3851
3856
3852
3849
3851
3853
3855
3855
3856
3857
3855
3856
3857
3855
3857
3858
3859
3858
3858
3853
3854
3854
3858
3857
3853
3852
3856
3854
3854
3850
3851
3851
3851
3849
3850
3850
3851
3851
3851
3852
3852
3855
3854
3854
3856
3856
3853
3852
3853
3849
3848
3851
3852
3851
3851
3851
3849
3849
3844
3846
3846
3850
3849
3845
3845
3850
3848
3847
3841
3842
3846
3846
3841
3841
3843
3843
3843
3843
3844
3842
3842
3841
3842
3842
3841
3840
3840
3840
3839
3838
3836
3832
3833
3837
3838
3832
3833
3834
3835
3832
3837
3836
3835
3835
3834
3833
3833
3833
3833
3833
3834
3833
3833
3834
3835
3833
3833
3835
3834
3833
3831
3830
3832
3834
3833
3828
3829
3832
3831
3830
3827
3828
3831
3829
3832
3829
3831
3830
3829
3834
3834
3833
3830
3831
3832
3831
3829
3828
3829
3829
3827
3828
3828
3828
3829
3828
3828
3829
3830
3828
3826
3826
3829
3829
3828
3829
3829
3831
3830
3825
3826
3830
3827
3827
3825
3823
3823
3821
3815
3813
3818
3818
3819
3814
3815
3819
3819
3819
3816
3814
3813
3814
3817
3817
3812
3813
3819
3820
3818
3815
3814
3818
3818
3816
3815
3814
3814
3814
3813
3812
3811
3812
3810
3812
3810
3810
3808
3805
3806
3810
3809
3809
3812
3810
3813
3811
3812
3810
3810
3808
3810
3813
3812
3814
3813
3814
3812
3809
3806
3806
3810
3809
3809
3807
3804
3804
3801
3798
3800
3805
3804
3803
3803
3804
3805
3805
3800
3800
3800
3802
3800
3798
3797
3797
3796
3790
3795
3797
3803
3803
3804
3806
3801
3802
3803
3807
3805
3798
3799
3806
3803
3801
3800
3801
3801
3800
3798
3798
3797
3796
3795
3793
3793
3795
3793
3795
3796
3800
3797
3800
3804
3805
3800
3801
3803
3805
3803
3803
3802
3799
3799
3800
3801
3799
3798
3797
3802
3800
3798
3799
3799
3797
3797
3795
3795
3794
3795
3792
3793
3793
3789
3789
3793
3791
3791
3794
3795
3790
3790
3794
3792
3786
3788
3788
3791
3789
3790
3792
3787
3789
3792
3794
3795
3796
3796
3790
3792
3799
3798
3797
3796
3795
3795
3794
3794
3794
3793
3794
3794
3792
3792
3790
3788
3786
3785
3786
3781
3779
3784
3780
3781
3779
3778
3778
3777
3771
3773
3780
3778
3776
3772
3773
3778
3778
3774
3775
3780
3781
3778
3778
3778
3778
3779
3779
3777
3779
3776
3777
3771
3774
3777
3774
3775
3773
3772
3767
3767
3770
3770
3768
3769
3768
3768
3767
3760
3761
3768
3766
3766
3767
3766
3766
3766
3767
3766
3770
3766
3767
3771
3770
3769
3770
3769
3771
3771
3770
3769
3762
3763
3767
3765
3765
3764
3763
3762
3765
3760
3762
3762
3768
3769
3768
3767
3768
3769
3769
3768
3767
3765
3763
3762
3762
3762
3761
3760
3759
3760
3758
3759
3759
3760
3760
3756
3758
3762
3759
3760
3760
3762
3760
3761
3770
3773
3776
3779
3777
3783
3787
3797
3803
3804
3814
3827
3833
3840
3844
3852
3862
3869
3872
3880
3886
3896
3902
3908
3915
3921
3925
3932
3938
3943
3948
3953
3957
3964
3967
3971
3976
3977
3980
3987
3992
3996
3996
3996
3998
4001
