4004
4002
4003
4002
3997
3997
3996
3998
3996
3989
3988
3992
3986
3982
3978
3979
3974
3968
3966
3963
3958
3951
3949
3951
3947
3941
3937
3929
3925
3925
3923
3920
3915
3908
3905
3903
3901
3896
3892
3886
3884
3885
3883
3880
3877
3872
3865
3865
3866
3864
3855
3854
3852
3852
3851
3848
3845
3841
3841
3838
3836
3833
3832
3830
3827
3826
3827
3825
3823
3818
3818
3821
3817
3817
3815
3813
3811
3810
3805
3802
3809
3803
3802
3797
3796
3800
3797
3796
3795
3793
3792
3791
3791
3788
3787
3788
3780
3782
3782
3784
3781
3782
3782
3780
3781
3782
3779
3780
3775
3777
3780
3777
3774
3775
3775
3772
3771
3766
3767
3770
3770
3766
3767
3765
3760
3761
3767
3764
3763
3759
3760
3764
3763
3760
3760
3761
3759
3759
3758
3758
3760
3759
3759
3758
3761
3759
3761
3757
3758
3752
3752
3753
3756
3756
3755
3753
3748
3747
3750
3752
3753
3747
3746
3752
3751
3750
3748
3748
3748
3749
3748
3746
3744
3745
3745
3744
3744
3739
3741
3746
3746
3744
3739
3740
3744
3744
3741
3742
3741
3741
3741
3740
3740
3739
3740
3739
3740
3742
3736
3735
3740
3740
3736
3736
3739
3744
3744
3742
3745
3740
3741
3746
3745
3746
3745
3745
3745
3744
3739
3738
3739
3743
3738
3739
3738
3734
3733
3734
3734
3732
3732
3733
3733
3732
3731
3731
3733
3728
3728
3731
3730
3729
3729
3729
3722
3724
3728
3727
3721
3723
3725
3729
3728
3729
3731
3731
3732
3729
3729
3732
3732
3732
3731
3733
3732
3730
3729
3728
3729
3735
3735
3735
3737
3738
3736
3737
3733
3734
3738
3737
3738
3740
3740
3737
3738
3745
3742
3740
3740
3740
3737
3735
3733
3732
3732
3731
3730
3728
3727
3724
3724
3727
3727
3721
3723
3723
3730
3731
3731
3732
3728
3731
3730
3735
3735
3734
3735
3728
3731
3734
3735
3737
3737
3737
3737
3738
3738
3739
3738
3738
3740
3739
3739
3737
3737
3738
3734
3733
3738
3738
3733
3734
3737
3740
3741
3742
3742
3738
3740
3746
3747
3746
3748
3748
3747
3749
3745
3747
3747
3754
3755
3753
3755
3752
3756
3757
3761
3764
3764
3765
3766
3771
3774
3776
3778
3782
3784
3786
3789
3792
3794
3795
3797
3798
3795
3796
3804
3804
3805
3807
3810
3810
3811
3813
3816
3813
3814
3818
3824
3826
3822
3828
3835
3836
3840
3840
3843
3849
3853
3856
3860
3863
3868
3872
3875
3878
3882
3886
3887
3893
3896
3894
3897
3908
3910
3911
3916
3920
3925
3930
3932
3939
3942
3949
3953
3954
3961
3971
3974
3974
3979
3990
3994
3998
4000
4005
4014
4019
4023
4026
4033
4038
4042
4047
4055
4058
4063
4069
4073
4081
4084
4089
4102
4107
4111
4119
4126
4127
4137
4150
4153
4161
4170
4177
4184
4194
4197
4205
4219
4225
4230
4236
4244
4256
4266
4275
4282
4286
4294
4304
4316
4324
4333
4344
4351
4360
4370
4378
4386
4396
4407
4414
4425
4436
4443
4454
4462
4472
4482
4491
4497
4510
4518
4525
4536
4541
4552
4565
4573
4579
4587
4596
4611
4615
4625
4635
4643
4653
4662
4673
4684
4693
4705
4710
4723
4733
4749
4762
4772
4784
4790
4800
4813
4829
4841
4853
4863
4868
4880
4891
4904
4913
4926
4936
4940
4951
4966
4976
4985
4992
5003
5013
5020
5027
5039
5048
5064
5072
5081
5093
5103
5114
5125
5135
5147
5156
5166
5180
5188
5199
5211
5221
5231
5243
5264
5276
5288
5305
5318
5324
5344
5361
5374
5389
5400
5410
5423
5433
5451
5463
5467
5477
5495
5502
5515
5524
5535
5548
5559
5574
5584
5599
5610
5623
5638
5648
5663
5674
5686
5695
5708
5725
5735
5746
5757
5758
5770
5778
5792
5800
5809
5821
5830
5840
5851
5854
5866
5880
5890
5899
5909
5920
5927
5942
5957
5970
5982
5993
6004
6017
6030
6043
6058
6068
6083
6090
6101
6111
6113
6125
6139
6149
6151
6163
6178
6192
6205
6218
6228
6248
6260
6273
6288
6301
6308
6323
6341
6353
6362
6374
6385
6394
6404
6416
6426
6434
6445
6455
6466
6477
6485
6498
6507
6517
6529
6537
6547
6558
6568
6580
6595
6595
6611
6621
6639
6647
6658
6669
6682
6692
6702
6713
6725
6732
6744
6761
6773
6783
6792
6801
6807
6814
6831
6838
6848
6858
6866
6876
6883
6887
6896
6895
6900
6907
6917
6920
6920
6931
6940
6945
6952
6954
6962
6964
6968
6972
6976
6966
6970
6970
6974
6972
6969
6972
6963
6971
6977
6984
6994
6998
7005
7012
7018
7024
7035
7041
7045
7052
7064
7068
7074
7083
7089
7095
7100
7108
7113
7120
7125
7130
7137
7145
7147
7149
7147
7156
7164
7165
7171
7175
7181
7186
7196
7196
7205
7213
7226
7231
7232
7238
7254
7257
7262
7263
7271
7281
7286
7293
7295
7298
7304
7306
7313
7319
7326
7333
7338
7340
7346
7352
7359
7366
7369
7366
7373
7377
7385
7385
7381
7387
7396
7396
7394
7396
7403
7408
7413
7414
7416
7420
7421
7422
7425
7428
7430
7434
7437
7439
7443
7449
7452
7459
7463
7468
7474
7473
7481
7487
7496
7501
7496
7503
7514
7513
7518
7517
7517
7530
7530
7536
7541
7542
7546
7551
7547
7553
7558
7556
7560
7560
7560
7560
7560
7561
7560
7554
7557
7557
7562
7557
7552
7551
7557
7554
7552
7549
7548
7548
7551
7549
7551
7552
7550
7555
7552
7558
7570
7568
7576
7582
7586
7589
7592
7590
7594
7608
7609
7610
7616
7619
7623
7628
7627
7630
7628
7633
7636
7644
7645
7643
7644
7653
7651
7648
7647
7648
7649
7649
7650
7646
7645
7641
7642
7642
7641
7642
7638
7636
7633
7632
7627
7624
7615
7610
7615
7608
7606
7602
7601
7598
7597
7589
7595
7596
7600
7600
7591
7589
7595
7592
7592
7592
7590
7593
7594
7592
7594
7595
7594
7595
7592
7594
7600
7598
7600
7594
7593
7591
7586
7584
7582
7574
7576
7580
7582
7581
7579
7585
7586
7588
7592
7591
7592
7595
7597
7590
7591
7598
7594
7594
7590
7591
7589
7587
7585
7582
7574
7572
7573
7576
7571
7571
7571
7564
7563
7564
7555
7553
7557
7553
7547
7543
7537
7529
7521
7524
7514
7500
7495
7494
7484
7480
7470
7463
7458
7452
7446
7445
7441
7434
7434
7439
7436
7435
7434
7433
7429
7428
7429
7426
7424
7424
7420
7418
7417
7407
7404
7408
7401
7400
7394
7388
7382
7376
7376
7372
7365
7360
7351
7348
7342
7346
7344
7341
7339
7336
7335
7332
7331
7331
7326
7326
7323
7320
7319
7313
7310
7306
7302
7294
7297
7295
7293
7290
7279
7278
7284
7281
7279
7275
7272
7268
7264
7269
7266
7265
7264
7259
7258
7256
7253
7255
7244
7244
7247
7247
7241
7232
7230
7229
7225
7219
7214
7208
7204
7197
7191
7188
7184
7176
7172
7165
7163
7151
7147
7147
7140
7131
7126
7119
7113
7107
7093
7089
7089
7077
7073
7061
7058
7058
7050
7045
7041
7036
7032
7031
7027
7025
7020
7020
7019
7018
7017
7018
7016
7019
7017
7017
7014
7012
7005
7003
7006
7005
7001
6996
6991
6988
6984
6980
6977
6970
6970
6972
6972
6972
6962
6963
6964
6958
6945
6941
6935
6936
6930
6925
6918
6909
6904
6900
6903
6896
6896
6889
6885
6884
6878
6873
6870
6862
6858
6845
6841
6845
6833
6824
6822
6817
6812
6809
6797
6789
6788
6787
6781
6773
6768
6772
6767
6764
6760
6755
6752
6744
6736
6734
6733
6729
6728
6720
6717
6721
6716
6711
6708
6701
6696
6691
6688
6684
6679
6669
6666
6658
6651
6645
6637
6635
6626
6614
6608
6601
6598
6588
6578
6574
6574
6566
6558
6554
6546
6545
6536
6533
6528
6528
6522
6521
6519
6517
6507
6502
6510
6505
6502
6497
6493
6489
6486
6481
6478
6475
6464
6464
6462
6453
6448
6445
6441
6438
6437
6428
6429
6435
6430
6425
6426
6430
6431
6433
6429
6427
6427
6426
6426
6421
6420
6418
6414
6413
6408
6407
6402
6399
6401
6399
6389
6387
6390
6386
6386
6380
6374
6366
6363
6364
6359
6355
6352
6347
6340
6337
6342
6340
6331
6327
6326
6327
6323
6320
6314
6311
6306
6301
6297
6292
6288
6283
6281
6276
6273
6268
6264
6255
6252
6256
6249
6243
6240
6233
6223
6223
6222
6219
6210
6210
6205
6205
6200
6190
6188
6190
6185
6180
6177
6173
6170
6163
6162
6157
6154
6149
6145
6141
6139
6133
6130
6120
6116
6114
6115
6112
6103
6100
6108
6102
6098
6092
6088
6091
6090
6084
6077
6073
6066
6063
6056
6050
6046
6040
6043
6037
6032
6027
6020
6016
6013
6001
6001
5998
5998
5995
5984
5985
5988
5983
5982
5977
5975
5973
5969
5967
5963
5961
5956
5955
5950
5948
5944
5941
5938
5937
5933
5923
5923
5923
5922
5919
5914
5908
5903
5900
5902
5899
5895
5892
5884
5881
5881
5880
5876
5872
5869
5866
5862
5860
5852
5851
5854
5847
5845
5841
5838
5833
5832
5826
5822
5820
5816
5810
5808
5805
5795
5793
5796
5791
5786
5783
5779
5768
5765
5768
5761
5755
5750
5746
5741
5736
5733
5727
5721
5717
5712
5706
5702
5695
5690
5692
5688
5681
5679
5675
5669
5666
5663
5661
5648
5651
5647
5648
5645
5641
5637
5627
5627
5630
5626
5624
5615
5616
5617
5610
5609
5606
5601
5595
5593
5587
5587
5582
5579
5577
5571
5567
5570
5568
5564
5561
5555
5551
5550
5555
5549
5549
5545
5539
5540
5536
5532
5530
5526
5525
5516
5512
5512
5513
5509
5505
5503
5493
5491
5496
5490
5489
5487
5483
5480
5480
5476
5474
5472
5466
5464
5468
5465
5456
5457
5455
5455
5452
5445
5438
5434
5430
5424
5417
5414
5405
5398
5402
5396
5390
5388
5382
5378
5377
5372
5366
5357
5356
5354
5353
5351
5348
5346
5336
5336
5338
5335
5331
5328
5324
5320
5320
5316
5314
5313
5307
5305
5301
5299
5288
5287
5289
5287
5284
5281
5276
5269
5268
5270
5265
5263
5258
5254
5253
5249
5239
5238
5236
5236
5233
5225
5223
5229
5222
5220
5218
5213
5205
5204
5209
5203
5203
5200
5200
5197
5196
5193
5190
5182
5181
5178
5179
5173
5170
5168
5163
5157
5154
5149
5142
5139
5138
5133
5128
5122
5119
5115
5121
5118
5111
5106
5104
5101
5099
5094
5091
5085
5081
5077
5073
5070
5066
5062
5054
5055
5059
5054
5043
5044
5042
5042
5039
5029
5030
5031
5028
5027
5022
5019
5023
5020
5018
5014
5011
5014
5010
5003
5002
5007
5002
5001
4996
4994
4990
4990
4986
4985
4982
4980
4979
4978
4976
4968
4965
4969
4966
4963
4959
4956
4950
4950
4950
4950
4946
4945
4941
4940
4940
4939
4937
4932
4931
4931
4929
4927
4920
4920
4925
4920
4919
4915
4914
4911
4909
4899
4899
4905
4900
4896
4896
4894
4888
4887
4890
4887
4886
4879
4879
4883
4883
4879
4876
4875
4875
4872
4870
4865
4864
4862
4858
4854
4851
4849
4848
4842
4841
4844
4841
4839
4839
4839
4834
4834
4828
4829
4830
4833
4829
4824
4823
4828
4826
4824
4822
4821
4817
4815
4813
4810
4809
4808
4806
4805
4802
4800
4798
4797
4795
4791
4784
4782
4786
4787
4782
4780
4774
4773
4772
4776
4774
4765
4764
4769
4767
4763
4762
4759
4756
4754
4753
4750
4749
4747
4745
4739
4736
4739
4739
4738
4735
4732
4729
4726
4719
4721
4726
4721
4719
4717
4713
4713
4710
4709
4707
4705
4702
4701
4704
4701
4700
4700
4698
4696
4693
4691
4690
4689
4690
4679
4681
4680
4683
4680
4673
4673
4679
4676
4675
4672
4670
4669
4668
4661
4661
4665
4663
4661
4659
4658
4654
4655
4653
4652
4651
4647
4646
4650
4649
4641
4641
4642
4644
4640
4631
4631
4631
4629
4627
4624
4621
4621
4619
4619
4614
4612
4611
4610
4608
4605
4600
4601
4605
4602
4601
4599
4599
4598
4595
4593
4593
4590
4589
4590
4583
4582
4584
4582
4575
4575
4576
4579
4579
4575
4574
4566
4567
4568
4570
4565
4564
4561
4561
4558
4556
4556
4554
4553
4552
4549
4547
4543
4541
4540
4539
4538
4535
4533
4527
4524
4525
4528
4527
4526
4524
4518
4516
4521
4519
4518
4518
4516
4508
4507
4513
4508
4506
4502
4498
4503
4502
4494
4493
4495
4497
4495
4491
4492
4491
4488
4483
4483
4482
4485
4485
4484
4481
4482
4481
4478
4480
4481
4478
4478
4474
4470
4474
4477
4473
4473
4471
4468
4465
4467
4463
4463
4458
4455
4449
4447
4450
4450
4447
4445
4445
4439
4437
4445
4443
4441
4443
4443
4442
4438
4438
4435
4434
4431
4427
4422
4421
4421
4421
4413
4411
4411
4415
4412
4410
4410
4409
4409
4407
4406
4405
4407
4406
4403
4400
4398
4395
4394
4390
4388
4386
4383
4376
4376
4375
4380
4380
4374
4374
4380
4378
4378
4377
4376
4368
4367
4372
4371
4367
4366
4366
4361
4359
4363
4360
4354
4355
4352
4356
4354
4354
4352
4350
4349
4348
4344
4344
4349
4347
4345
4344
4337
4337
4337
4340
4340
4340
4339
4340
4340
4341
4338
4337
4336
4332
4332
4331
4330
4331
4328
4324
4326
4330
4327
4320
4320
4321
4324
4321
4322
4322
4318
4316
4318
4315
4315
4314
4313
4313
4312
4308
4309
4309
4303
4300
4305
4305
4296
4296
4296
4298
4296
4293
4294
4291
4289
4290
4289
4290
4284
4284
4291
4288
4285
4284
4283
4284
4284
4284
4282
4275
4276
4276
4279
4279
4273
4273
4277
4276
4274
4272
4272
4272
4271
4269
4270
4267
4263
4263
4268
4265
4262
4263
4262
4261
4259
4261
4259
4255
4253
4259
4258
4257
4254
4254
4254
4255
4253
4249
4249
4249
4247
4245
4244
4238
4238
4243
4241
4241
4235
4234
4240
4238
4236
4234
4234
4234
4233
4231
4233
4227
4227
4229
4230
4231
4230
4228
4230
4230
4225
4224
4226
4231
4228
4222
4223
4228
4224
4221
4220
4218
4215
4213
4214
4214
4210
4206
4206
4210
4207
4207
4207
4205
4204
4203
4202
4203
4201
4199
4198
4197
4198
4198
4192
4197
4194
4197
4195
4193
4191
4191
4194
4193
4189
4188
4191
4191
4191
4187
4185
4191
4191
4187
4187
4186
4192
4191
4186
4184
4189
4188
4186
4184
4181
4181
4180
4173
4173
4175
4174
4173
4170
4169
4167
4170
4170
4169
4168
4163
4164
4168
4165
4163
4163
4163
4163
4161
4159
4160
4160
4157
4156
4158
4157
4156
4155
4149
4153
4157
4153
4150
4149
4148
4149
4146
4146
4146
4143
4146
4144
4145
4144
4139
4137
4142
4142
4139
4138
4138
4132
4133
4138
4133
4133
4128
4128
4131
4131
4124
4123
4126
4129
4127
4120
4121
4127
4126
4124
4122
4122
4122
4120
4114
4116
4122
4117
4116
4116
4115
4112
4111
4112
4112
4110
4111
4114
4113
4112
4107
4108
4113
4111
4110
4110
4108
4106
4105
4106
4103
4105
4103
4104
4105
4102
4102
4102
4099
4095
4095
4098
4095
4089
4092
4096
4095
4095
4092
4091
4097
4093
4094
4093
4088
4089
4090
4090
4089
4082
4082
4084
4086
4085
4083
4082
4083
4080
4076
4074
4076
4078
4076
4077
4074
4076
4073
4077
4074
4074
4074
4075
4074
4073
4071
4066
4069
4074
4074
4073
4071
4070
4072
4070
4063
4065
4070
4068
4063
4065
4067
4068
4066
4061
4063
4064
4062
4061
4061
4059
4054
4055
4058
4055
4055
4053
4051
4049
4050
4051
4050
4050
4049
4050
4046
4046
4049
4048
4049
4046
4045
4044
4045
4045
4041
4041
4040
4039
4040
4039
4032
4034
4039
4039
4036
4036
4035
4032
4033
4036
4036
4032
4031
4033
4032
4032
4030
4029
4031
4031
4024
4028
4029
4035
4035
4035
4033
4027
4030
4029
4030
4030
4029
4028
4026
4027
4024
4023
4023
4018
4018
4020
4020
4020
4021
4019
4021
4022
4018
4020
4027
4025
4023
4018
4019
4022
4019
4020
4019
4018
4016
4016
4016
4015
4013
4015
4008
4008
4009
4013
4012
4013
4013
4009
4010
4011
4008
4010
4004
4005
4008
4005
4006
4006
4005
4004
4003
3997
3999
4002
4001
4001
3999
3999
3997
3998
3999
3997
3996
3994
3995
3995
3994
3986
3987
3988
3989
3986
3983
3981
3988
3985
3981
3979
3979
3984
3983
3983
3980
3976
3978
3978
3981
3981
3981
3981
3978
3978
3978
3979
3978
3978
3978
3977
3978
3976
3975
3974
3975
3973
3972
3974
3973
3973
3973
3969
3971
3975
3971
3965
3966
3969
3971
3967
3967
3964
3967
3963
3961
3961
3959
3962
3962
3961
3961
3955
3956
3955
3960
3960
3953
3954
3958
3957
3956
3955
3955
3955
3953
3955
3953
3953
3955
3955
3954
3955
3955
3955
3952
3952
3952
3948
3945
3950
3951
3951
3951
3949
3947
3950
3952
3952
3952
3950
3948
3947
3947
3942
3942
3946
3945
3943
3942
3941
3939
3939
3942
3942
3941
3938
3938
3937
3937
3936
3938
3931
3934
3941
3939
3936
3937
3937
3932
3933
3933
3934
3934
3928
3929
3934
3930
3930
3928
3930
3930
3928
3928
3928
3929
3928
3926
3927
3927
3922
3922
3928
3926
3920
3920
3922
3926
3924
3923
3923
3921
3923
3923
3922
3923
3921
3921
3924
3920
3921
3921
3920
3920
3920
3915
3913
3919
3917
3916
3913
3913
3906
3909
3913
3909
3908
3909
3909
3908
3908
3907
3906
3907
3907
3907
3905
3906
3901
3904
3909
3910
3909
3907
3907
3902
3903
3908
3904
3904
3903
3904
3904
3905
3899
3901
3907
3907
3907
3909
3911
3912
3911
3911
3910
3910
3906
3906
3911
3911
3903
3905
3908
3909
3909
3907
3906
3901
3901
3907
3906
3904
3903
3902
3900
3901
3898
3897
3894
3894
3893
3891
3891
3884
3886
3891
3892
3893
3889
3891
3897
3893
3893
3891
3892
3891
3891
3889
3890
3883
3886
3888
3892
3891
3887
3888
3893
3890
3890
3887
3888
3888
3888
3890
3890
3890
3889
3890
3887
3888
3887
3887
3882
3883
3883
3887
3885
3884
3884
3882
3880
3875
3872
3872
3878
3874
3874
3874
3874
3874
3873
3869
3870
3874
3873
3871
3869
3868
3871
3871
3871
3870
3867
3867
3866
3867
3866
3866
3866
3868
3869
3871
3871
3873
3870
3873
3879
3878
3872
3871
3872
3874
3871
3871
3868
3860
3862
3863
3864
3862
3857
3855
3861
3858
3853
3854
3855
3860
3859
3861
3858
3860
3860
3860
3861
3859
3859
3858
3856
3857
3858
3856
3859
3852
3853
3860
3856
3851
3850
3852
3856
3855
3858
3861
3857
3858
3861
3866
3864
3865
3865
3862
3861
3861
3858
3856
3855
3853
3851
3851
3850
3847
3848
3845
3845
3851
3854
3845
3848
3850
3851
3853
3845
3848
3851
3849
3848
3844
3844
3842
3841
3840
3838
3837
3833
3833
3833
3832
3831
3829
3830
3829
3826
3822
3824
3826
3827
3825
3825
3824
3821
3819
3825
3823
3822
3821
3822
3819
3819
3820
3822
3820
3819
3816
3815
3819
3820
3821
3821
3821
3820
3820
3821
3818
3818
3820
3820
3814
3814
3820
3818
3817
3816
3817
3813
3813
3821
3820
3819
3820
3819
3825
3825
3825
3824
3826
3827
3825
3828
3829
3829
3828
3825
3827
3825
3830
3831
3830
3828
3822
3824
3822
3824
3823
3823
3821
3816
3816
3818
3817
3817
3818
3816
3814
3814
3813
3813
3813
3810
3813
3819
3819
3821
3824
3824
3821
3823
3827
3826
3826
3828
3825
3821
3822
3825
3823
3823
3820
3818
3817
3816
3815
3812
3812
3811
3810
3809
3810
3810
3809
3807
3806
3807
3805
3806
3804
3803
3803
3803
3796
3799
3804
3803
3804
3802
3799
3803
3802
3803
3802
3801
3796
3797
3801
3797
3792
3794
3794
3795
3795
3793
3792
3792
3791
3790
3790
3791
3788
3788
3783
3785
3789
3789
3789
3787
3786
3783
3785
3789
3789
3790
3787
3788
3788
3788
3788
3785
3788
3789
3788
3789
3790
3787
3789
3794
3792
3793
3791
3790
3795
3795
3795
3794
3793
3795
3795
3795
3794
3795
3794
3787
3789
3788
3790
3789
3784
3783
3788
3786
3783
3778
3778
3782
3777
3780
3777
3776
3776
3774
3775
3777
3771
3772
3779
3780
3779
3780
3781
3782
3782
3783
3782
3782
3780
3779
3778
3778
3773
3774
3776
3779
3777
3775
3776
3775
3774
3774
3774
3773
3771
3773
3770
3771
3776
3776
3774
3769
3769
3774
3774
3770
3768
3771
3774
3774
3771
3771
3770
3770
3772
3772
3771
3766
3767
3773
3773
3774
3774
3772
3771
3773
3774
3773
3771
3772
3772
3770
3771
3771
3771
3770
3771
3767
3767
3768
3770
3769
3767
3767
3767
3764
3765
3761
3760
3765
3763
3757
3760
3763
3766
3765
3766
3766
3769
3770
3765
3768
3767
3771
3770
3764
3764
3770
3766
3765
3766
3765
3763
3764
3763
3762
3760
3758
3757
3761
3757
3760
3756
3757
3757
3757
3753
3755
3760
3757
3758
3759
3759
3754
3753
3759
3756
3757
3754
3755
3754
3751
3753
3753
3753
3751
3751
3750
3750
3749
3748
3748
3748
3747
3746
3745
3743
3743
3745
3745
3743
3745
3744
3742
3745
3741
3743
3747
3745
3740
3741
3741
3744
3743
3739
3740
3744
3743
3743
3739
3737
3741
3743
3741
3740
3738
3737
3737
3741
3742
3740
3742
3741
3741
3743
3743
3743
3738
3741
3746
3744
3746
3745
3745
3745
3745
3748
3747
3747
3747
3746
3745
3744
3746
3743
3745
3745
3744
3745
3745
3745
3741
3743
3743
3741
3740
3739
3739
3740
3740
3738
3738
3737
3738
3738
3739
3739
3740
3741
3739
3741
3741
3743
3745
3746
3741
3744
3747
3753
3752
3752
3751
3747
3749
3747
3749
3748
3746
3745
3747
3746
3746
3745
3746
3752
3753
3753
3758
3767
3770
3775
3777
3785
3793
3799
3802
3811
3819
3829
3834
3841
3848
3855
3860
3865
3869
3876
3889
3894
3900
3906
3911
3916
3923
3929
3935
3941
3946
3944
3951
3958
3965
3969
3971
3974
3977
3980
3982
3982
