3984
3980
3979
3984
3983
3982
3981
3978
3972
3970
3972
3970
3966
3962
3958
3953
3952
3951
3947
3941
3939
3934
3930
3927
3923
3919
3914
3910
3908
3904
3901
3896
3894
3891
3886
3879
3877
3875
3875
3871
3862
3861
3864
3860
3855
3852
3850
3842
3841
3842
3839
3835
3833
3830
3826
3826
3830
3824
3823
3821
3817
3815
3814
3810
3808
3808
3807
3805
3802
3799
3797
3793
3793
3791
3791
3789
3787
3784
3782
3789
3785
3781
3779
3779
3781
3780
3775
3774
3778
3772
3771
3774
3772
3772
3772
3767
3767
3773
3771
3771
3770
3767
3768
3767
3767
3766
3764
3763
3762
3763
3762
3756
3757
3758
3758
3757
3755
3755
3754
3752
3749
3748
3747
3747
3747
3744
3746
3752
3750
3748
3748
3749
3748
3749
3744
3745
3750
3752
3751
3746
3747
3752
3752
3746
3746
3746
3747
3744
3742
3741
3739
3737
3735
3733
3731
3730
3729
3724
3723
3727
3726
3726
3722
3722
3728
3726
3727
3725
3725
3723
3721
3721
3720
3717
3717
3717
3720
3718
3717
3716
3717
3716
3715
3715
3713
3712
3714
3708
3711
3714
3715
3711
3712
3710
3709
3709
3714
3713
3713
3709
3710
3713
3712
3712
3711
3712
3712
3713
3712
3713
3714
3712
3713
3714
3712
3709
3710
3713
3711
3711
3710
3710
3709
3708
3709
3707
3706
3705
3704
3704
3705
3701
3701
3705
3703
3698
3701
3700
3704
3703
3698
3698
3704
3702
3701
3698
3700
3706
3702
3702
3704
3704
3705
3705
3702
3703
3707
3706
3700
3702
3701
3705
3704
3703
3703
3702
3703
3702
3704
3702
3699
3700
3704
3703
3702
3702
3702
3698
3698
3703
3701
3699
3700
3700
3700
3698
3697
3697
3697
3697
3697
3696
3697
3691
3695
3699
3697
3693
3695
3695
3698
3696
3694
3694
3700
3697
3696
3695
3694
3700
3697
3698
3698
3699
3699
3700
3700
3700
3699
3701
3701
3702
3701
3702
3702
3704
3704
3700
3702
3703
3707
3708
3706
3707
3712
3711
3713
3713
3714
3714
3714
3714
3715
3716
3718
3717
3719
3720
3721
3721
3723
3723
3725
3722
3724
3729
3730
3732
3733
3731
3730
3733
3738
3740
3741
3742
3744
3745
3747
3747
3748
3751
3752
3750
3752
3756
3761
3763
3764
3766
3761
3768
3769
3774
3775
3777
3778
3777
3780
3786
3790
3792
3790
3795
3801
3801
3805
3808
3810
3812
3813
3817
3820
3823
3825
3828
3831
3833
3836
3840
3844
3848
3849
3851
3855
3865
3868
3865
3871
3881
3883
3885
3887
3891
3900
3902
3907
3911
3913
3915
3921
3929
3933
3939
3942
3946
3953
3959
3962
3967
3973
3977
3979
3985
3991
4000
4006
4004
4012
4025
4029
4034
4037
4043
4054
4059
4064
4069
4077
4082
4089
4097
4102
4111
4115
4120
4129
4135
4141
4149
4157
4164
4171
4180
4185
4194
4203
4205
4215
4228
4234
4242
4251
4258
4265
4276
4283
4291
4301
4309
4317
4328
4338
4340
4352
4367
4372
4381
4387
4396
4412
4422
4429
4437
4448
4456
4465
4477
4487
4495
4507
4515
4526
4536
4542
4554
4566
4578
4583
4594
4609
4622
4632
4639
4649
4668
4675
4685
4697
4705
4718
4726
4733
4745
4762
4772
4782
4792
4802
4808
4820
4840
4849
4859
4865
4877
4896
4905
4918
4927
4936
4947
4961
4980
4988
5000
5010
5025
5036
5048
5063
5072
5086
5096
5110
5122
5132
5149
5160
5175
5188
5197
5212
5232
5244
5258
5270
5281
5291
5303
5323
5335
5348
5357
5371
5385
5399
5402
5419
5434
5448
5461
5471
5485
5502
5510
5526
5533
5550
5560
5571
5582
5597
5601
5619
5630
5649
5661
5673
5685
5691
5707
5721
5736
5747
5756
5770
5788
5799
5807
5823
5835
5846
5858
5870
5883
5894
5905
5915
5928
5937
5950
5959
5966
5977
5991
6002
6016
6017
6032
6046
6056
6064
6075
6087
6095
6106
6117
6126
6137
6152
6161
6167
6178
6195
6203
6216
6226
6234
6241
6252
6268
6280
6284
6298
6313
6324
6334
6342
6352
6362
6371
6382
6390
6399
6407
6418
6429
6435
6446
6455
6464
6477
6484
6496
6503
6513
6523
6535
6541
6554
6558
6572
6583
6593
6601
6608
6617
6625
6637
6639
6653
6669
6675
6684
6688
6703
6718
6724
6726
6738
6754
6765
6772
6781
6787
6799
6808
6816
6828
6835
6846
6852
6863
6873
6878
6889
6895
6903
6911
6916
6924
6938
6945
6949
6958
6967
6970
6977
6993
7000
7003
7010
7017
7023
7031
7035
7044
7051
7058
7066
7074
7079
7080
7090
7105
7107
7110
7114
7120
7133
7139
7146
7151
7148
7155
7164
7174
7179
7183
7186
7185
7191
7200
7209
7213
7215
7218
7224
7224
7229
7230
7234
7231
7238
7250
7256
7263
7273
7281
7289
7299
7308
7319
7327
7336
7341
7351
7354
7361
7362
7360
7367
7373
7377
7376
7379
7376
7379
7376
7373
7373
7376
7381
7376
7375
7372
7367
7367
7371
7371
7372
7364
7366
7370
7371
7369
7372
7371
7367
7366
7375
7374
7376
7379
7381
7379
7383
7384
7386
7389
7390
7394
7400
7404
7405
7409
7421
7424
7427
7435
7447
7458
7466
7468
7479
7494
7496
7502
7507
7513
7520
7522
7528
7531
7537
7535
7543
7553
7554
7561
7564
7569
7570
7573
7580
7582
7584
7589
7589
7594
7597
7598
7601
7596
7602
7613
7611
7614
7608
7611
7615
7612
7611
7605
7603
7601
7597
7599
7597
7596
7593
7592
7593
7592
7598
7597
7597
7603
7602
7604
7605
7604
7605
7613
7611
7609
7607
7598
7599
7594
7595
7593
7587
7581
7577
7570
7565
7560
7550
7542
7540
7545
7539
7541
7538
7542
7539
7540
7551
7554
7549
7552
7554
7562
7563
7563
7565
7555
7560
7560
7564
7565
7555
7559
7563
7561
7559
7554
7554
7547
7542
7536
7532
7522
7517
7510
7502
7497
7481
7476
7476
7465
7457
7454
7448
7441
7439
7433
7432
7429
7427
7427
7428
7425
7426
7424
7425
7426
7425
7420
7424
7428
7429
7419
7419
7418
7418
7414
7402
7400
7403
7398
7393
7393
7392
7391
7395
7387
7394
7396
7396
7395
7391
7389
7388
7385
7384
7380
7378
7372
7368
7358
7357
7355
7353
7342
7336
7332
7336
7331
7327
7324
7314
7310
7311
7315
7310
7307
7309
7306
7308
7307
7304
7305
7305
7309
7300
7303
7305
7309
7312
7311
7312
7310
7315
7317
7315
7321
7319
7321
7316
7314
7320
7312
7309
7304
7302
7299
7292
7289
7285
7280
7277
7272
7267
7260
7250
7247
7252
7244
7242
7239
7235
7231
7228
7226
7224
7223
7213
7215
7217
7216
7206
7209
7207
7209
7208
7207
7203
7196
7198
7205
7202
7199
7188
7192
7196
7192
7189
7190
7187
7186
7185
7179
7182
7175
7170
7165
7160
7154
7148
7144
7136
7132
7123
7115
7105
7093
7084
7083
7073
7058
7053
7045
7048
7041
7036
7032
7037
7034
7030
7024
7025
7021
7018
7010
7010
7016
7014
7011
7006
7003
6991
6992
6994
6993
6992
6988
6989
6988
6987
6985
6982
6981
6976
6973
6961
6958
6962
6953
6947
6944
6937
6932
6928
6923
6918
6914
6909
6908
6903
6899
6892
6894
6895
6893
6889
6884
6881
6870
6870
6871
6866
6855
6853
6852
6855
6849
6846
6845
6837
6834
6831
6830
6822
6819
6816
6801
6799
6792
6792
6788
6776
6771
6774
6764
6758
6753
6742
6738
6731
6725
6719
6713
6708
6703
6697
6696
6683
6683
6685
6679
6676
6671
6666
6662
6656
6647
6643
6631
6628
6625
6626
6624
6616
6612
6599
6599
6594
6593
6590
6586
6583
6579
6575
6574
6569
6566
6563
6561
6562
6559
6558
6552
6551
6541
6540
6539
6535
6527
6522
6520
6509
6508
6508
6503
6491
6489
6487
6487
6484
6476
6470
6470
6467
6463
6462
6464
6465
6467
6462
6461
6457
6451
6446
6441
6434
6423
6415
6410
6405
6397
6391
6385
6382
6378
6368
6366
6369
6366
6363
6361
6354
6347
6343
6350
6345
6338
6336
6331
6322
6323
6329
6324
6321
6316
6313
6316
6314
6310
6309
6307
6305
6304
6301
6302
6299
6295
6293
6287
6286
6275
6273
6276
6270
6265
6260
6258
6254
6249
6249
6246
6244
6239
6236
6232
6231
6229
6222
6214
6208
6214
6207
6202
6196
6189
6182
6175
6181
6172
6167
6160
6158
6162
6156
6147
6147
6148
6148
6147
6142
6141
6139
6132
6129
6128
6127
6129
6125
6115
6115
6119
6113
6109
6105
6101
6096
6093
6090
6083
6083
6080
6074
6074
6066
6059
6057
6060
6055
6050
6045
6040
6036
6031
6027
6023
6018
6015
6009
5998
5999
6000
5996
5985
5981
5977
5979
5975
5966
5960
5958
5950
5943
5938
5931
5927
5921
5915
5909
5904
5897
5894
5887
5881
5870
5868
5867
5862
5858
5852
5850
5846
5844
5838
5839
5833
5828
5824
5830
5823
5814
5815
5811
5814
5811
5809
5808
5803
5802
5800
5794
5791
5790
5786
5784
5780
5767
5768
5764
5765
5759
5755
5751
5743
5741
5736
5726
5726
5725
5721
5710
5708
5707
5706
5698
5696
5691
5690
5685
5679
5675
5668
5662
5657
5644
5641
5643
5636
5627
5621
5616
5621
5614
5612
5609
5599
5600
5596
5599
5592
5589
5587
5582
5580
5575
5567
5565
5566
5565
5557
5555
5552
5547
5543
5540
5535
5534
5529
5524
5521
5516
5511
5510
5503
5501
5499
5495
5492
5492
5487
5483
5480
5486
5482
5479
5476
5473
5481
5475
5475
5472
5472
5471
5470
5462
5460
5468
5464
5463
5461
5457
5451
5449
5452
5446
5442
5437
5433
5427
5425
5427
5421
5417
5413
5408
5405
5400
5393
5388
5390
5382
5375
5370
5365
5360
5355
5351
5348
5336
5334
5333
5335
5331
5322
5322
5322
5318
5310
5307
5303
5301
5299
5291
5288
5284
5278
5273
5271
5267
5263
5258
5259
5256
5254
5251
5250
5247
5245
5243
5239
5237
5237
5232
5228
5227
5232
5228
5220
5221
5222
5225
5223
5223
5220
5212
5213
5212
5212
5210
5208
5204
5203
5200
5197
5196
5189
5185
5182
5177
5177
5166
5165
5162
5162
5159
5151
5150
5154
5151
5148
5146
5142
5140
5140
5136
5138
5127
5128
5122
5130
5127
5125
5124
5115
5117
5116
5121
5118
5116
5114
5112
5113
5111
5107
5108
5107
5106
5103
5102
5095
5097
5097
5102
5100
5100
5099
5099
5100
5095
5093
5092
5088
5085
5083
5077
5072
5071
5065
5056
5054
5056
5054
5044
5043
5041
5041
5038
5031
5031
5033
5028
5024
5015
5014
5016
5011
5009
5005
5003
4998
4997
4991
4992
4987
4983
4976
4972
4972
4978
4974
4971
4967
4966
4964
4961
4958
4956
4952
4948
4944
4943
4941
4937
4936
4926
4929
4932
4929
4930
4926
4926
4920
4917
4924
4920
4912
4912
4909
4911
4908
4901
4898
4893
4888
4885
4877
4876
4877
4874
4872
4868
4868
4865
4864
4861
4859
4858
4853
4854
4851
4851
4848
4848
4839
4839
4846
4843
4840
4836
4833
4839
4834
4826
4824
4829
4828
4826
4824
4824
4820
4819
4815
4813
4811
4808
4805
4805
4800
4798
4800
4795
4794
4793
4790
4790
4784
4783
4785
4783
4781
4780
4778
4774
4770
4777
4774
4772
4772
4770
4764
4764
4766
4763
4758
4752
4750
4753
4750
4747
4743
4743
4739
4736
4733
4732
4723
4724
4727
4724
4720
4718
4717
4715
4713
4713
4710
4710
4705
4704
4703
4699
4693
4691
4695
4694
4691
4690
4687
4679
4678
4685
4682
4680
4676
4675
4674
4670
4671
4669
4665
4664
4661
4655
4655
4657
4656
4648
4648
4648
4649
4651
4649
4649
4645
4644
4647
4648
4648
4647
4643
4642
4640
4638
4631
4630
4633
4627
4624
4622
4619
4618
4616
4615
4614
4611
4612
4602
4602
4601
4603
4602
4599
4595
4594
4593
4590
4590
4589
4581
4582
4585
4587
4583
4582
4581
4577
4576
4575
4575
4569
4570
4568
4562
4564
4566
4566
4558
4555
4559
4561
4559
4561
4558
4551
4551
4554
4554
4550
4550
4548
4542
4542
4546
4545
4541
4541
4539
4540
4537
4538
4537
4537
4538
4537
4535
4533
4527
4528
4522
4522
4519
4511
4512
4513
4512
4503
4502
4504
4503
4504
4502
4496
4496
4493
4491
4492
4490
4490
4491
4483
4485
4488
4488
4486
4482
4484
4475
4474
4479
4475
4474
4472
4471
4469
4467
4461
4458
4461
4463
4462
4461
4459
4454
4454
4456
4456
4453
4452
4453
4449
4448
4448
4447
4444
4440
4438
4443
4441
4432
4434
4436
4437
4434
4434
4433
4430
4430
4430
4427
4425
4425
4422
4420
4420
4417
4418
4416
4414
4414
4417
4416
4410
4411
4410
4413
4413
4405
4404
4411
4408
4401
4399
4400
4403
4401
4400
4395
4395
4391
4391
4384
4383
4388
4384
4376
4377
4375
4376
4377
4371
4368
4373
4373
4370
4370
4368
4368
4365
4366
4364
4357
4358
4356
4358
4356
4356
4352
4352
4350
4346
4346
4344
4345
4343
4343
4343
4343
4341
4341
4339
4338
4339
4338
4338
4336
4334
4334
4335
4330
4329
4335
4334
4330
4327
4326
4329
4330
4327
4327
4321
4321
4319
4323
4319
4314
4313
4317
4313
4310
4309
4306
4306
4304
4303
4303
4299
4301
4297
4297
4296
4294
4295
4293
4292
4291
4290
4292
4288
4286
4284
4284
4281
4289
4286
4286
4286
4285
4285
4283
4285
4284
4278
4280
4281
4280
4277
4276
4276
4272
4271
4277
4277
4275
4276
4278
4270
4272
4276
4277
4274
4275
4276
4275
4276
4274
4271
4264
4266
4266
4267
4263
4263
4265
4256
4259
4264
4262
4258
4257
4256
4249
4248
4253
4249
4246
4244
4241
4242
4238
4239
4237
4234
4232
4231
4233
4231
4228
4228
4225
4222
4220
4214
4213
4217
4213
4207
4206
4208
4211
4208
4207
4207
4201
4202
4206
4209
4207
4211
4213
4208
4210
4216
4214
4214
4213
4209
4212
4211
4212
4210
4207
4201
4199
4201
4198
4195
4192
4191
4191
4187
4188
4189
4185
4187
4189
4185
4183
4183
4181
4180
4179
4172
4174
4172
4174
4172
4173
4171
4171
4170
4164
4163
4165
4165
4167
4166
4164
4159
4160
4161
4165
4163
4163
4161
4155
4157
4158
4163
4162
4159
4160
4159
4158
4159
4158
4159
4157
4157
4153
4152
4158
4157
4154
4149
4147
4153
4149
4150
4148
4147
4143
4142
4147
4145
4142
4142
4139
4139
4140
4137
4139
4139
4138
4140
4138
4139
4139
4137
4139
4135
4130
4130
4130
4134
4131
4131
4129
4129
4128
4128
4128
4126
4123
4124
4127
4126
4124
4125
4125
4120
4122
4126
4126
4119
4119
4121
4123
4124
4122
4121
4122
4121
4119
4120
4119
4118
4118
4111
4114
4118
4117
4116
4113
4114
4111
4111
4102
4106
4108
4111
4112
4112
4114
4106
4110
4112
4114
4109
4104
4104
4107
4106
4103
4105
4102
4100
4102
4099
4099
4099
4096
4095
4094
4091
4093
4093
4090
4092
4091
4091
4089
4085
4086
4089
4090
4088
4086
4086
4085
4081
4080
4081
4081
4077
4079
4080
4080
4083
4081
4077
4080
4081
4079
4080
4071
4073
4074
4073
4068
4068
4067
4071
4069
4065
4062
4069
4068
4067
4065
4062
4057
4058
4061
4058
4054
4054
4053
4057
4057
4054
4054
4055
4056
4053
4051
4051
4051
4050
4044
4047
4047
4047
4046
4046
4045
4045
4043
4042
4044
4043
4043
4042
4040
4042
4038
4038
4037
4041
4039
4039
4038
4038
4036
4035
4036
4035
4030
4031
4036
4036
4034
4034
4035
4028
4032
4036
4037
4034
4035
4037
4039
4038
4038
4038
4037
4035
4036
4035
4035
4033
4031
4031
4029
4030
4027
4028
4027
4029
4025
4026
4026
4024
4022
4018
4019
4023
4023
4023
4025
4027
4024
4027
4031
4028
4029
4029
4028
4027
4026
4021
4021
4026
4023
4022
4021
4021
4014
4013
4016
4016
4009
4007
4007
4012
4011
4010
4009
4008
4009
4008
4009
4009
4009
4011
4010
4006
4005
4004
4004
3999
3998
4003
4002
4004
4003
4005
4005
4006
3999
4000
4004
4001
3999
3997
3995
3990
3991
3994
3991
3990
3989
3988
3984
3985
3988
3987
3979
3981
3983
3986
3986
3983
3981
3981
3982
3983
3981
3981
3981
3980
3980
3979
3976
3977
3978
3980
3981
3975
3978
3984
3984
3982
3978
3978
3982
3980
3973
3973
3978
3976
3976
3969
3970
3977
3975
3972
3971
3970
3971
3970
3969
3967
3968
3967
3967
3967
3965
3965
3964
3960
3962
3967
3967
3967
3967
3967
3963
3965
3974
3972
3972
3969
3969
3973
3971
3969
3967
3964
3962
3963
3967
3963
3961
3961
3959
3957
3958
3957
3956
3955
3953
3951
3952
3951
3947
3949
3946
3947
3945
3944
3944
3941
3940
3941
3941
3941
3941
3934
3936
3934
3939
3938
3934
3935
3941
3939
3938
3934
3934
3939
3938
3938
3938
3938
3934
3934
3940
3939
3937
3939
3938
3937
3938
3937
3937
3936
3935
3929
3931
3931
3935
3931
3930
3930
3931
3933
3930
3926
3927
3930
3930
3923
3923
3926
3927
3927
3919
3921
3924
3924
3922
3923
3922
3923
3922
3920
3919
3918
3920
3918
3915
3915
3918
3917
3916
3917
3916
3916
3915
3916
3917
3915
3916
3915
3914
3914
3909
3912
3914
3914
3913
3914
3913
3913
3913
3911
3913
3910
3913
3905
3905
3906
3911
3910
3908
3906
3905
3907
3906
3905
3903
3900
3900
3905
3902
3900
3899
3899
3903
3899
3895
3897
3901
3900
3900
3897
3898
3901
3900
3898
3899
3898
3896
3897
3896
3896
3895
3894
3895
3895
3895
3896
3896
3895
3897
3895
3897
3896
3897
3897
3891
3891
3897
3896
3895
3895
3892
3890
3889
3883
3884
3885
3887
3884
3885
3884
3880
3882
3885
3885
3885
3885
3885
3883
3882
3877
3878
3876
3881
3880
3879
3877
3876
3876
3875
3874
3874
3873
3873
3875
3874
3870
3871
3874
3879
3878
3870
3871
3877
3878
3876
3876
3875
3876
3877
3872
3876
3876
3882
3882
3882
3884
3885
3888
3883
3882
3883
3888
3886
3883
3881
3881
3879
3878
3877
3875
3872
3873
3867
3869
3869
3871
3871
3865
3866
3870
3867
3863
3863
3863
3864
3865
3863
3863
3857
3858
3858
3862
3861
3860
3859
3858
3858
3858
3858
3859
3863
3864
3865
3865
3865
3865
3864
3859
3859
3860
3857
3857
3855
3854
3851
3850
3850
3849
3850
3849
3849
3845
3844
3848
3847
3848
3847
3848
3849
3850
3846
3846
3851
3850
3851
3852
3852
3851
3849
3844
3846
3851
3848
3846
3842
3842
3846
3846
3846
3847
3840
3840
3841
3846
3845
3843
3842
3845
3846
3845
3844
3844
3845
3844
3846
3846
3847
3845
3845
3842
3842
3847
3845
3843
3844
3844
3843
3844
3841
3843
3848
3846
3847
3845
3845
3841
3843
3849
3847
3845
3844
3843
3848
3848
3849
3848
3848
3847
3846
3845
3843
3841
3840
3837
3839
3837
3835
3834
3825
3826
3831
3826
3823
3819
3819
3823
3820
3819
3817
3816
3816
3816
3815
3815
3810
3810
3815
3813
3813
3807
3808
3811
3812
3813
3813
3813
3811
3810
3816
3815
3817
3817
3818
3816
3817
3817
3815
3811
3814
3821
3820
3820
3815
3815
3819
3819
3819
3816
3816
3816
3816
3817
3815
3814
3814
3813
3813
3813
3814
3812
3812
3812
3812
3814
3814
3813
3813
3812
3812
3807
3809
3812
3815
3812
3810
3812
3810
3811
3806
3804
3806
3811
3810
3803
3804
3809
3807
3809
3809
3808
3801
3803
3806
3807
3804
3803
3802
3806
3806
3804
3805
3804
3804
3802
3801
3801
3802
3801
3801
3801
3800
3799
3797
3795
3795
3795
3794
3793
3790
3790
3794
3792
3791
3790
3790
3790
3790
3784
3783
3790
3789
3784
3783
3783
3788
3788
3787
3788
3786
3787
3787
3789
3789
3785
3786
3794
3791
3790
3790
3789
3789
3787
3785
3787
3787
3786
3786
3780
3782
3783
3784
3782
3784
3782
3780
3779
3784
3784
3780
3781
3788
3790
3790
3787
3787
3792
3792
3792
3790
3789
3787
3787
3784
3783
3781
3784
3780
3776
3778
3782
3781
3783
3778
3779
3779
3778
3780
3781
3779
3780
3788
3784
3784
3783
3782
3778
3778
3781
3778
3779
3776
3773
3771
3771
3771
3770
3768
3766
3765
3762
3764
3767
3765
3765
3766
3766
3764
3763
3762
3762
3763
3762
3760
3759
3759
3758
3759
3752
3754
3759
3760
3759
3758
3758
3754
3754
3758
3756
3756
3758
3756
3755
3754
3749
3751
3751
3754
3755
3754
3755
3754
3753
3749
3750
3750
3754
3755
3757
3756
3750
3750
3751
3756
3757
3757
3757
3753
3756
3757
3760
3761
3755
3758
3765
3763
3763
3761
3762
3762
3761
3759
3759
3758
3757
3756
3755
3755
3753
3752
3747
3747
3748
3753
3753
3752
3754
3747
3749
3751
3752
3751
3745
3745
3749
3747
3744
3744
3745
3747
3745
3744
3747
3746
3745
3744
3744
3743
3744
3744
3745
3745
3744
3744
3745
3743
3745
3744
3745
3741
3741
3742
3745
3745
3742
3743
3737
3737
3738
3742
3742
3741
3740
3739
3738
3739
3740
3739
3736
3734
3741
3739
3738
3738
3736
3734
3733
3740
3738
3732
3734
3735
3739
3739
3733
3736
3742
3742
3743
3742
3743
3742
3743
3743
3745
3744
3744
3745
3746
3747
3748
3749
3748
3748
3750
3751
3753
3748
3750
3754
3753
3753
3752
3752
3747
3746
3751
3750
3742
3744
3743
3746
3744
3742
3744
3740
3739
3740
3739
3739
3737
3738
3736
3734
3734
3733
3734
3728
3727
3732
3732
3724
3725
3724
3730
3728
3723
3722
3729
3728
3726
3727
3730
3730
3732
3732
3732
3732
3733
3734
3733
3733
3732
3732
3731
3731
3732
3732
3731
3728
3731
3734
3734
3734
3734
3733
3731
3731
3727
3727
3731
3731
3732
3732
3732
3733
3735
3731
3736
3739
3746
3749
3748
3753
3761
3764
3769
3774
3779
3781
3788
3799
3803
3807
3811
3818
3829
3836
3841
3848
3853
3859
3866
3871
3878
3881
3888
3898
3902
3907
3913
3918
3924
3928
3932
3937
3940
3943
3946
3954
3955
3955
3957
3965
3964
3965
3961
3962
