3952
3950
3952
3950
3947
3948
3949
3946
3944
3940
3936
3936
3937
3936
3932
3927
3926
3924
3919
3911
3909
3911
3905
3898
3896
3891
3892
3889
3884
3881
3878
3872
3868
3865
3861
3858
3855
3852
3847
3840
3838
3835
3836
3833
3827
3825
3823
3818
3819
3812
3809
3813
3811
3807
3805
3804
3800
3799
3798
3796
3793
3792
3788
3787
3786
3780
3779
3783
3779
3774
3774
3772
3774
3772
3764
3763
3768
3763
3758
3755
3754
3756
3754
3752
3748
3749
3747
3744
3740
3741
3742
3742
3738
3737
3737
3736
3733
3734
3733
3730
3731
3730
3731
3729
3728
3728
3727
3726
3726
3723
3724
3722
3721
3722
3718
3718
3716
3715
3712
3711
3717
3716
3709
3709
3713
3715
3714
3716
3713
3709
3711
3713
3711
3711
3704
3705
3709
3706
3707
3705
3705
3706
3704
3699
3701
3705
3704
3703
3698
3700
3705
3702
3702
3701
3700
3701
3698
3698
3699
3696
3697
3696
3696
3692
3695
3694
3693
3697
3692
3693
3696
3700
3698
3700
3698
3692
3694
3699
3695
3696
3695
3695
3691
3691
3696
3694
3692
3693
3690
3689
3691
3683
3685
3689
3689
3688
3689
3688
3687
3688
3686
3685
3686
3684
3685
3685
3683
3680
3681
3679
3685
3684
3681
3682
3682
3680
3680
3681
3678
3673
3674
3682
3677
3678
3678
3676
3675
3676
3669
3670
3676
3672
3672
3669
3668
3672
3671
3668
3667
3670
3673
3672
3673
3670
3670
3670
3669
3668
3670
3665
3664
3670
3670
3668
3670
3669
3667
3669
3669
3668
3670
3670
3668
3671
3670
3664
3667
3671
3669
3665
3664
3664
3668
3668
3662
3662
3667
3667
3666
3663
3663
3665
3660
3663
3665
3664
3666
3670
3667
3668
3674
3676
3676
3675
3673
3674
3673
3673
3672
3671
3670
3667
3668
3669
3665
3665
3675
3674
3673
3673
3673
3673
3678
3678
3677
3677
3676
3677
3677
3676
3670
3674
3678
3677
3679
3681
3681
3677
3679
3685
3681
3681
3680
3679
3683
3681
3680
3680
3681
3682
3680
3681
3683
3680
3680
3688
3688
3689
3686
3688
3695
3694
3694
3695
3695
3697
3699
3699
3700
3697
3700
3704
3704
3706
3705
3706
3705
3705
3712
3712
3712
3712
3716
3716
3717
3721
3721
3722
3725
3727
3730
3732
3735
3737
3733
3738
3741
3746
3748
3744
3746
3755
3757
3760
3761
3761
3763
3765
3767
3769
3771
3774
3774
3779
3783
3787
3789
3787
3793
3798
3807
3810
3809
3814
3822
3822
3825
3825
3830
3836
3837
3840
3844
3846
3848
3852
3857
3863
3867
3870
3871
3876
3881
3883
3888
3893
3896
3900
3904
3909
3912
3914
3925
3928
3934
3941
3943
3947
3953
3963
3966
3971
3977
3982
3987
3991
3999
4004
4009
4013
4019
4026
4032
4034
4040
4050
4056
4064
4069
4072
4078
4089
4101
4108
4114
4121
4130
4137
4146
4151
4158
4167
4176
4185
4192
4200
4206
4216
4228
4235
4244
4252
4261
4266
4274
4283
4290
4299
4306
4314
4324
4334
4343
4350
4358
4368
4368
4376
4384
4396
4403
4407
4413
4416
4425
4433
4441
4447
4453
4462
4475
4481
4490
4499
4508
4519
4528
4534
4545
4560
4568
4581
4593
4601
4611
4623
4632
4640
4648
4655
4668
4683
4691
4700
4712
4729
4739
4749
4762
4776
4787
4799
4813
4826
4837
4850
4866
4880
4892
4900
4916
4932
4946
4958
4972
4985
4992
5006
5024
5036
5046
5052
5065
5080
5090
5101
5112
5123
5132
5143
5149
5160
5176
5185
5193
5203
5212
5221
5230
5238
5248
5254
5264
5272
5282
5292
5296
5308
5325
5335
5340
5352
5359
5370
5383
5386
5397
5411
5424
5434
5443
5454
5465
5476
5478
5492
5503
5522
5531
5539
5552
5572
5587
5600
5609
5624
5644
5657
5669
5681
5692
5705
5719
5736
5748
5761
5776
5787
5803
5819
5836
5852
5867
5881
5892
5909
5925
5946
5958
5974
5989
6005
6018
6033
6046
6059
6075
6088
6093
6108
6123
6130
6140
6147
6157
6172
6180
6187
6195
6205
6215
6225
6236
6247
6256
6267
6283
6294
6306
6319
6332
6348
6362
6377
6392
6406
6417
6430
6447
6461
6469
6483
6496
6510
6523
6529
6543
6562
6571
6581
6592
6601
6619
6630
6639
6649
6661
6669
6680
6689
6701
6708
6714
6726
6738
6746
6754
6761
6767
6773
6781
6787
6796
6799
6807
6807
6815
6827
6830
6833
6836
6841
6843
6847
6857
6856
6850
6854
6856
6862
6860
6855
6855
6865
6860
6865
6865
6868
6871
6875
6880
6885
6891
6895
6903
6906
6912
6919
6927
6925
6938
6951
6967
6975
6979
6988
7001
7004
7009
7016
7025
7033
7040
7050
7055
7062
7068
7070
7068
7072
7077
7076
7069
7076
7080
7084
7084
7085
7087
7089
7088
7091
7093
7096
7102
7106
7109
7119
7134
7140
7150
7159
7169
7181
7193
7198
7213
7224
7238
7243
7248
7256
7258
7269
7281
7286
7293
7300
7306
7313
7321
7323
7333
7345
7355
7361
7365
7374
7382
7387
7391
7396
7402
7407
7410
7417
7420
7426
7428
7427
7428
7430
7430
7428
7419
7419
7420
7422
7420
7410
7410
7415
7414
7414
7411
7413
7413
7414
7414
7414
7410
7408
7410
7415
7417
7415
7419
7429
7428
7430
7427
7433
7440
7441
7443
7447
7454
7454
7456
7458
7464
7469
7473
7475
7476
7483
7492
7496
7500
7504
7506
7511
7515
7516
7516
7521
7525
7524
7525
7525
7527
7527
7528
7528
7527
7520
7516
7506
7502
7501
7492
7487
7484
7472
7467
7463
7464
7460
7456
7454
7449
7447
7445
7442
7439
7445
7440
7439
7437
7434
7434
7435
7437
7439
7443
7445
7440
7444
7449
7455
7451
7444
7444
7453
7452
7449
7450
7449
7450
7451
7453
7451
7446
7447
7450
7458
7457
7454
7453
7454
7455
7455
7453
7452
7449
7451
7461
7458
7459
7452
7454
7463
7464
7461
7459
7460
7460
7460
7460
7460
7459
7459
7458
7458
7460
7456
7452
7447
7441
7430
7431
7427
7430
7425
7417
7417
7422
7419
7418
7419
7420
7419
7416
7407
7409
7410
7407
7400
7395
7396
7387
7384
7387
7377
7372
7362
7356
7357
7344
7336
7324
7319
7314
7307
7301
7296
7293
7290
7290
7286
7283
7282
7282
7279
7277
7273
7270
7268
7260
7257
7258
7252
7238
7237
7235
7232
7229
7218
7214
7215
7208
7198
7195
7192
7193
7191
7188
7185
7186
7183
7183
7180
7184
7181
7176
7172
7166
7160
7156
7154
7159
7155
7153
7151
7152
7155
7153
7149
7149
7150
7149
7148
7148
7147
7143
7145
7150
7153
7148
7153
7159
7164
7167
7166
7170
7176
7175
7174
7175
7173
7174
7172
7163
7163
7163
7154
7146
7141
7136
7124
7118
7121
7115
7108
7101
7099
7102
7093
7090
7085
7077
7073
7069
7057
7053
7057
7053
7048
7042
7038
7034
7032
7021
7014
7011
7007
7003
6995
6993
6988
6985
6983
6982
6978
6971
6967
6964
6959
6946
6942
6947
6939
6934
6925
6923
6928
6923
6919
6918
6918
6913
6914
6906
6903
6904
6900
6895
6888
6881
6871
6864
6849
6842
6841
6828
6815
6801
6793
6787
6772
6763
6754
6746
6737
6733
6728
6724
6722
6719
6718
6714
6714
6715
6712
6711
6710
6703
6703
6705
6711
6711
6708
6709
6718
6716
6714
6719
6720
6717
6722
6719
6721
6728
6728
6729
6727
6726
6720
6717
6724
6722
6718
6717
6718
6712
6706
6705
6700
6693
6686
6681
6672
6662
6646
6645
6642
6632
6627
6624
6615
6609
6604
6595
6591
6590
6594
6591
6586
6585
6586
6583
6582
6585
6583
6579
6577
6576
6571
6558
6558
6552
6552
6550
6537
6537
6539
6534
6531
6527
6524
6517
6515
6514
6508
6498
6493
6487
6487
6480
6476
6473
6461
6456
6450
6453
6449
6442
6438
6435
6434
6428
6421
6418
6409
6405
6401
6396
6391
6386
6381
6378
6374
6373
6367
6364
6359
6354
6344
6341
6344
6334
6325
6323
6318
6315
6310
6307
6301
6295
6292
6288
6283
6279
6283
6278
6267
6263
6265
6260
6255
6250
6247
6244
6233
6228
6221
6215
6206
6199
6192
6183
6178
6171
6160
6150
6148
6145
6138
6124
6118
6119
6111
6106
6092
6088
6090
6084
6081
6076
6070
6070
6068
6060
6056
6060
6057
6051
6049
6045
6043
6042
6041
6039
6032
6033
6030
6034
6029
6027
6023
6023
6021
6016
6016
6015
6014
6015
6013
6010
6006
6005
6005
5999
5998
6001
5995
5994
5991
5988
5987
5985
5979
5976
5982
5975
5974
5965
5966
5968
5963
5954
5956
5957
5958
5953
5948
5946
5938
5939
5941
5936
5933
5931
5926
5922
5917
5912
5910
5902
5899
5895
5893
5887
5882
5877
5871
5867
5860
5852
5849
5839
5835
5836
5828
5822
5812
5808
5809
5802
5797
5790
5784
5771
5767
5770
5759
5747
5744
5744
5741
5735
5727
5722
5716
5712
5708
5701
5697
5694
5692
5689
5684
5683
5679
5676
5675
5672
5668
5666
5661
5659
5660
5661
5660
5652
5651
5656
5650
5647
5645
5642
5640
5636
5632
5629
5626
5624
5620
5610
5607
5608
5603
5595
5595
5592
5591
5588
5581
5581
5583
5575
5568
5564
5559
5553
5544
5537
5535
5531
5526
5522
5514
5510
5513
5510
5507
5505
5503
5501
5499
5496
5491
5484
5484
5490
5487
5483
5481
5477
5470
5471
5477
5473
5468
5463
5457
5452
5447
5441
5432
5427
5423
5417
5413
5406
5405
5400
5397
5397
5391
5382
5381
5385
5382
5379
5376
5373
5372
5370
5363
5359
5366
5362
5358
5355
5353
5355
5352
5345
5345
5350
5348
5344
5337
5333
5335
5331
5327
5324
5322
5317
5311
5308
5307
5301
5300
5295
5291
5292
5286
5285
5288
5284
5281
5277
5278
5271
5270
5275
5268
5258
5258
5257
5258
5255
5253
5250
5245
5241
5239
5237
5236
5233
5232
5228
5228
5226
5223
5220
5217
5216
5215
5212
5209
5203
5204
5203
5202
5192
5190
5195
5194
5188
5183
5181
5183
5181
5175
5174
5177
5174
5172
5166
5164
5169
5163
5161
5157
5155
5153
5151
5149
5145
5141
5138
5136
5134
5132
5130
5125
5116
5115
5119
5117
5112
5110
5104
5104
5101
5092
5091
5089
5089
5087
5085
5085
5075
5073
5075
5077
5074
5065
5062
5067
5066
5056
5055
5052
5056
5056
5053
5049
5049
5048
5044
5043
5040
5038
5037
5035
5036
5034
5031
5026
5026
5026
5025
5022
5013
5013
5011
5014
5008
5005
5000
4989
4989
4986
4987
4984
4977
4979
4982
4977
4971
4966
4963
4964
4958
4951
4948
4945
4940
4935
4930
4929
4923
4920
4912
4911
4909
4910
4905
4904
4902
4898
4894
4890
4890
4887
4890
4888
4886
4884
4881
4879
4879
4877
4875
4871
4872
4871
4868
4864
4864
4859
4854
4854
4858
4853
4852
4851
4851
4844
4843
4847
4846
4841
4839
4837
4841
4840
4840
4835
4839
4838
4838
4837
4838
4832
4831
4837
4831
4829
4828
4824
4823
4819
4817
4816
4814
4812
4808
4807
4807
4806
4803
4795
4797
4796
4800
4797
4789
4787
4792
4790
4789
4787
4782
4782
4783
4781
4779
4777
4775
4775
4772
4769
4763
4764
4768
4765
4761
4756
4755
4757
4755
4749
4749
4748
4749
4745
4742
4740
4736
4733
4726
4725
4725
4728
4724
4720
4721
4718
4715
4715
4714
4710
4709
4709
4708
4704
4700
4699
4701
4697
4695
4690
4690
4693
4689
4687
4681
4682
4686
4684
4685
4684
4680
4675
4674
4679
4675
4671
4667
4664
4660
4655
4657
4656
4650
4648
4647
4643
4639
4637
4637
4634
4629
4628
4627
4628
4620
4619
4624
4622
4616
4616
4615
4616
4614
4615
4612
4610
4607
4606
4606
4602
4594
4593
4596
4595
4592
4591
4588
4589
4586
4583
4582
4575
4577
4580
4582
4579
4573
4575
4579
4576
4573
4572
4569
4569
4567
4565
4563
4559
4556
4553
4549
4547
4548
4543
4542
4541
4538
4537
4534
4533
4531
4524
4523
4525
4523
4522
4518
4517
4517
4515
4511
4512
4513
4511
4510
4510
4508
4502
4505
4505
4506
4504
4497
4496
4503
4499
4497
4499
4494
4489
4490
4492
4490
4488
4484
4485
4484
4480
4481
4479
4477
4477
4477
4475
4473
4469
4469
4470
4470
4469
4466
4466
4462
4461
4467
4466
4458
4460
4461
4462
4462
4461
4458
4455
4455
4453
4451
4453
4447
4446
4452
4451
4447
4445
4447
4444
4442
4443
4442
4438
4438
4435
4433
4431
4429
4430
4426
4425
4425
4427
4426
4423
4424
4417
4416
4422
4420
4417
4412
4413
4414
4410
4409
4405
4406
4404
4400
4401
4398
4390
4392
4394
4394
4395
4396
4393
4391
4391
4389
4387
4385
4382
4381
4384
4383
4376
4376
4375
4378
4374
4371
4370
4367
4365
4365
4361
4361
4360
4356
4357
4354
4348
4350
4348
4351
4352
4352
4350
4342
4341
4343
4346
4342
4341
4341
4332
4334
4337
4338
4336
4335
4335
4333
4334
4333
4332
4333
4332
4329
4329
4326
4324
4324
4324
4317
4318
4322
4321
4320
4319
4316
4315
4313
4312
4309
4309
4308
4302
4302
4301
4302
4302
4295
4292
4298
4295
4296
4288
4287
4292
4288
4286
4285
4284
4280
4279
4282
4285
4282
4281
4282
4278
4278
4278
4275
4274
4274
4274
4273
4271
4268
4264
4265
4267
4268
4266
4262
4261
4261
4266
4262
4261
4260
4255
4255
4254
4247
4246
4252
4250
4248
4246
4246
4243
4239
4239
4239
4236
4235
4236
4232
4232
4229
4229
4235
4232
4230
4228
4228
4225
4223
4225
4223
4224
4223
4221
4220
4220
4213
4211
4216
4213
4209
4205
4205
4205
4204
4203
4199
4198
4197
4197
4192
4192
4196
4198
4197
4195
4198
4197
4197
4197
4195
4189
4190
4192
4192
4190
4186
4186
4189
4188
4185
4186
4187
4187
4186
4183
4183
4186
4186
4185
4184
4185
4179
4178
4186
4181
4179
4178
4175
4175
4174
4172
4173
4171
4169
4167
4166
4166
4166
4165
4165
4165
4163
4161
4162
4154
4154
4161
4157
4153
4150
4150
4152
4153
4145
4143
4149
4147
4144
4145
4143
4142
4140
4136
4140
4137
4139
4140
4138
4142
4136
4138
4144
4144
4145
4139
4135
4141
4137
4138
4132
4132
4130
4126
4125
4124
4122
4122
4124
4116
4116
4123
4120
4118
4118
4114
4110
4112
4115
4112
4107
4107
4109
4109
4108
4104
4105
4105
4101
4103
4103
4102
4100
4098
4098
4098
4098
4097
4096
4096
4093
4090
4090
4093
4093
4092
4092
4093
4088
4084
4091
4089
4087
4089
4089
4082
4083
4089
4085
4078
4081
4081
4083
4084
4082
4083
4083
4081
4081
4081
4077
4079
4078
4077
4078
4070
4072
4073
4076
4073
4066
4068
4073
4070
4070
4071
4070
4069
4072
4070
4070
4072
4070
4068
4065
4066
4068
4066
4066
4063
4063
4062
4060
4057
4055
4060
4059
4057
4054
4055
4054
4050
4050
4052
4052
4051
4052
4048
4046
4051
4050
4048
4048
4045
4045
4046
4041
4041
4049
4045
4045
4046
4044
4041
4043
4045
4044
4039
4039
4037
4043
4040
4038
4037
4034
4034
4033
4027
4027
4031
4030
4028
4028
4027
4026
4024
4022
4021
4020
4018
4017
4016
4015
4011
4010
4015
4013
4007
4009
4009
4014
4015
4013
4012
4008
4008
4011
4015
4013
4013
4014
4012
4012
4012
4009
4011
4009
4008
4007
4004
4005
4004
4002
4002
4001
4007
4006
4005
4008
4003
4001
4002
4003
4005
4003
4001
4002
4001
3997
4000
3997
3996
3997
3990
3990
3991
3995
3994
3989
3987
3994
3991
3987
3986
3984
3989
3989
3984
3986
3982
3981
3979
3980
3979
3982
3980
3980
3982
3979
3979
3981
3981
3985
3985
3984
3983
3978
3980
3981
3980
3980
3979
3974
3977
3977
3981
3980
3972
3975
3979
3974
3973
3970
3970
3966
3966
3965
3963
3963
3960
3962
3959
3960
3960
3959
3962
3963
3964
3962
3962
3958
3958
3964
3959
3959
3952
3952
3956
3954
3954
3953
3955
3953
3952
3949
3946
3952
3949
3947
3948
3945
3943
3943
3948
3950
3951
3952
3953
3953
3951
3953
3953
3946
3947
3947
3950
3946
3944
3944
3942
3939
3934
3932
3932
3936
3934
3933
3929
3931
3930
3930
3929
3930
3924
3924
3931
3926
3925
3923
3922
3928
3926
3925
3926
3923
3923
3922
3917
3918
3921
3921
3920
3922
3920
3918
3918
3917
3918
3918
3919
3917
3914
3916
3920
3920
3914
3917
3921
3919
3922
3921
3921
3915
3914
3919
3917
3915
3914
3913
3910
3913
3913
3912
3912
3911
3912
3907
3910
3916
3914
3914
3915
3914
3914
3912
3906
3907
3911
3908
3908
3902
3900
3905
3902
3904
3901
3901
3898
3896
3896
3894
3892
3891
3897
3895
3893
3893
3892
3894
3891
3893
3892
3895
3894
3893
3890
3889
3897
3893
3893
3887
3887
3892
3889
3885
3883
3887
3887
3883
3884
3883
3882
3881
3882
3882
3879
3879
3875
3876
3875
3875
3874
3874
3874
3873
3880
3877
3872
3873
3877
3879
3876
3877
3875
3877
3874
3876
3873
3874
3873
3870
3871
3868
3868
3866
3865
3863
3864
3870
3867
3869
3868
3864
3865
3865
3871
3865
3869
3868
3869
3869
3867
3866
3864
3869
3867
3866
3866
3864
3865
3861
3862
3862
3862
3859
3861
3859
3859
3853
3852
3858
3854
3849
3848
3848
3852
3849
3850
3848
3845
3845
3847
3850
3848
3849
3849
3846
3850
3848
3848
3850
3847
3847
3852
3849
3850
3847
3848
3842
3844
3845
3846
3844
3846
3844
3844
3843
3843
3845
3839
3840
3846
3846
3847
3845
3846
3845
3845
3845
3845
3843
3841
3843
3838
3838
3846
3841
3841
3840
3839
3839
3837
3833
3834
3844
3841
3841
3834
3837
3841
3839
3833
3835
3833
3837
3837
3834
3835
3835
3834
3832
3832
3830
3831
3830
3825
3824
3830
3828
3828
3828
3827
3824
3827
3833
3835
3834
3836
3837
3839
3840
3837
3840
3844
3845
3845
3842
3843
3847
3847
3843
3844
3843
3841
3839
3840
3839
3838
3834
3831
3830
3828
3827
3824
3821
3820
3821
3823
3821
3819
3819
3819
3818
3815
3815
3814
3818
3817
3816
3815
3810
3810
3811
3812
3812
3809
3810
3810
3815
3814
3816
3815
3815
3816
3816
3817
3814
3815
3813
3813
3813
3807
3810
3814
3813
3812
3812
3814
3809
3811
3816
3814
3811
3809
3810
3811
3810
3810
3808
3804
3802
3805
3806
3803
3804
3801
3800
3799
3800
3794
3795
3800
3798
3798
3797
3797
3797
3794
3796
3794
3793
3792
3789
3788
3792
3797
3796
3797
3796
3798
3796
3800
3796
3798
3805
3804
3805
3802
3802
3802
3801
3797
3795
3799
3796
3794
3792
3790
3792
3792
3792
3791
3786
3787
3785
3790
3788
3787
3785
3786
3784
3782
3781
3782
3782
3782
3781
3783
3783
3782
3781
3778
3780
3782
3782
3781
3779
3779
3776
3777
3772
3771
3776
3773
3773
3768
3771
3774
3771
3768
3769
3774
3771
3770
3768
3768
3767
3770
3768
3768
3767
3768
3767
3768
3768
3767
3768
3766
3765
3765
3772
3771
3768
3767
3771
3771
3769
3771
3769
3766
3763
3771
3766
3766
3765
3763
3764
3764
3763
3763
3763
3763
3762
3761
3762
3760
3760
3760
3760
3759
3759
3759
3758
3760
3756
3756
3758
3761
3761
3754
3758
3764
3762
3760
3756
3760
3763
3762
3760
3760
3756
3754
3756
3756
3756
3756
3757
3758
3759
3761
3763
3762
3763
3761
3763
3761
3761
3762
3760
3757
3759
3762
3764
3757
3758
3759
3760
3761
3758
3758
3757
3756
3755
3755
3753
3750
3750
3748
3750
3747
3744
3745
3748
3745
3742
3743
3748
3747
3745
3746
3745
3741
3742
3746
3744
3745
3741
3742
3745
3743
3743
3742
3741
3741
3745
3745
3746
3747
3744
3746
3746
3746
3743
3743
3745
3747
3745
3743
3746
3740
3740
3746
3743
3744
3745
3742
3743
3741
3741
3741
3740
3740
3737
3736
3738
3737
3739
3737
3735
3737
3738
3739
3736
3738
3741
3741
3738
3737
3741
3740
3740
3734
3735
3737
3737
3740
3738
3742
3739
3742
3748
3747
3747
3748
3745
3744
3743
3741
3740
3739
3739
3737
3736
3735
3735
3733
3731
3730
3724
3726
3727
3731
3729
3728
3728
3734
3734
3732
3729
3730
3735
3735
3730
3730
3734
3735
3736
3734
3736
3728
3731
3733
3733
3732
3735
3734
3735
3734
3734
3735
3734
3732
3731
3732
3729
3731
3730
3730
3728
3727
3723
3723
3727
3726
3718
3721
3718
3723
3721
3721
3719
3715
3715
3717
3722
3724
3724
3727
3720
3724
3728
3730
3731
3732
3732
3732
3734
3734
3730
3731
3731
3730
3728
3727
3724
3724
3721
3721
3718
3719
3716
3712
3712
3715
3716
3713
3709
3710
3714
3714
3706
3709
3708
3712
3712
3708
3713
3712
3716
3713
3719
3718
3719
3718
3718
3718
3718
3720
3718
3719
3719
3719
3719
3719
3719
3720
3720
3720
3721
3721
3720
3721
3719
3716
3718
3716
3715
3714
3713
3712
3711
3711
3709
3711
3711
3710
3713
3708
3708
3705
3704
3711
3709
3702
3703
3702
3707
3704
3704
3702
3698
3697
3701
3701
3702
3698
3701
3707
3707
3705
3705
3704
3704
3703
3703
3701
3701
3702
3703
3702
3703
3698
3694
3702
3699
3699
3698
3697
3692
3694
3697
3697
3695
3696
3694
3688
3689
3694
3694
3692
3690
3692
3692
3692
3691
3692
3692
3692
3692
3692
3691
3690
3692
3691
3691
3689
3687
3687
3689
3688
3682
3684
3687
3689
3688
3688
3692
3690
3692
3697
3697
3697
3696
3697
3704
3705
3706
3706
3707
3706
3707
3704
3706
3703
3704
3700
3701
3698
3698
3697
3696
3694
3694
3692
3693
3687
3688
3691
3692
3683
3686
3690
3686
3686
3685
3685
3681
3680
3688
3685
3685
3683
3686
3694
3695
3692
3696
3701
3708
3710
3709
3715
3724
3729
3733
3738
3742
3749
3755
3760
3767
3767
3776
3782
3795
3799
3810
3815
3823
3828
3836
3839
3848
3854
3861
3867
3874
3874
3882
3887
3897
3901
3906
3908
3914
3918
3921
3922
3926
3925
3929
3930
