3932
3930
3927
3926
3931
3930
3922
3923
3924
3924
3919
3917
3915
3908
3905
3908
3903
3902
3897
3892
3890
3886
3884
3880
3875
3868
3867
3868
3866
3861
3859
3854
3852
3848
3841
3838
3838
3836
3831
3828
3828
3823
3820
3817
3814
3814
3810
3806
3802
3800
3797
3794
3788
3785
3789
3785
3784
3778
3777
3777
3775
3772
3770
3767
3762
3759
3763
3758
3757
3753
3754
3751
3748
3742
3743
3747
3742
3740
3740
3740
3735
3734
3737
3736
3735
3733
3731
3724
3723
3725
3723
3720
3719
3716
3715
3712
3713
3710
3708
3707
3706
3705
3705
3701
3702
3705
3704
3699
3698
3700
3703
3703
3700
3702
3695
3697
3698
3702
3701
3699
3699
3699
3698
3695
3696
3694
3694
3691
3691
3689
3688
3689
3688
3689
3687
3689
3686
3683
3680
3685
3686
3684
3686
3684
3681
3681
3685
3686
3683
3679
3681
3685
3686
3685
3685
3684
3683
3680
3687
3684
3683
3685
3683
3683
3682
3681
3681
3679
3679
3677
3677
3675
3675
3678
3671
3676
3683
3684
3685
3685
3686
3685
3685
3680
3679
3682
3682
3682
3676
3674
3678
3674
3674
3671
3670
3669
3668
3669
3667
3665
3665
3663
3660
3660
3665
3664
3658
3660
3662
3663
3662
3662
3661
3659
3658
3659
3657
3657
3655
3655
3657
3655
3651
3650
3653
3658
3656
3653
3654
3659
3658
3657
3656
3656
3663
3661
3664
3662
3665
3663
3665
3663
3666
3663
3666
3665
3666
3664
3663
3664
3669
3667
3666
3667
3666
3665
3664
3666
3664
3662
3663
3663
3664
3664
3659
3660
3664
3662
3658
3657
3658
3660
3659
3652
3655
3659
3659
3656
3653
3652
3658
3655
3652
3652
3655
3655
3653
3654
3652
3654
3651
3652
3651
3652
3650
3652
3649
3650
3649
3649
3649
3650
3652
3647
3648
3654
3654
3650
3652
3653
3653
3653
3652
3653
3654
3652
3652
3654
3653
3649
3650
3658
3655
3654
3654
3655
3655
3656
3650
3654
3657
3658
3659
3653
3656
3659
3660
3659
3660
3663
3662
3665
3660
3663
3668
3666
3670
3668
3673
3674
3676
3676
3679
3683
3683
3687
3688
3691
3691
3692
3686
3689
3691
3695
3695
3691
3693
3698
3698
3697
3700
3699
3704
3704
3704
3705
3711
3711
3714
3714
3717
3717
3719
3728
3724
3728
3725
3730
3733
3736
3737
3738
3742
3742
3745
3745
3752
3752
3757
3759
3763
3766
3766
3771
3771
3773
3775
3781
3783
3781
3784
3794
3796
3798
3800
3804
3804
3806
3815
3818
3823
3826
3825
3831
3833
3843
3847
3849
3856
3858
3863
3866
3872
3875
3879
3883
3884
3891
3897
3906
3911
3919
3922
3930
3931
3938
3940
3947
3948
3953
3961
3967
3966
3972
3979
3989
3992
3998
4005
4010
4016
4022
4023
4031
4044
4047
4055
4059
4062
4069
4075
4088
4091
4098
4103
4109
4117
4122
4131
4136
4144
4151
4158
4167
4172
4183
4189
4190
4201
4211
4217
4220
4225
4235
4245
4251
4254
4262
4278
4285
4294
4295
4307
4320
4326
4336
4343
4352
4361
4370
4382
4390
4397
4409
4419
4427
4439
4452
4460
4474
4483
4486
4501
4515
4528
4542
4551
4562
4572
4583
4596
4607
4620
4631
4643
4649
4660
4675
4686
4694
4702
4714
4718
4728
4744
4754
4763
4767
4778
4796
4804
4815
4827
4838
4850
4863
4874
4886
4899
4910
4920
4932
4942
4949
4961
4979
4987
4999
5011
5027
5036
5048
5061
5074
5081
5094
5107
5124
5135
5146
5161
5168
5182
5202
5216
5227
5236
5251
5271
5284
5296
5312
5325
5338
5350
5368
5379
5384
5399
5415
5429
5440
5450
5464
5472
5480
5486
5497
5511
5527
5534
5545
5554
5564
5573
5583
5595
5601
5611
5625
5628
5638
5650
5666
5678
5685
5699
5710
5718
5729
5740
5753
5758
5769
5786
5798
5804
5818
5830
5846
5856
5861
5872
5891
5897
5905
5916
5927
5937
5946
5952
5964
5983
5991
6002
6010
6021
6028
6035
6038
6046
6053
6068
6077
6082
6092
6104
6110
6118
6131
6141
6149
6158
6168
6178
6185
6189
6199
6202
6211
6225
6232
6238
6245
6252
6256
6264
6266
6276
6290
6300
6309
6315
6328
6341
6349
6361
6374
6385
6397
6410
6419
6431
6445
6454
6459
6471
6478
6489
6495
6502
6508
6516
6521
6526
6529
6534
6547
6552
6562
6571
6581
6589
6598
6608
6618
6630
6639
6647
6655
6662
6667
6674
6686
6691
6697
6704
6712
6720
6729
6728
6733
6748
6751
6751
6760
6770
6785
6793
6807
6819
6827
6843
6854
6865
6878
6888
6896
6904
6912
6917
6921
6928
6932
6935
6935
6942
6953
6958
6961
6968
6979
6979
6985
6998
7006
7008
7013
7019
7020
7026
7037
7033
7035
7035
7030
7029
7027
7026
7020
7020
7016
7015
7011
7016
7026
7028
7025
7032
7033
7049
7054
7058
7063
7055
7064
7069
7071
7076
7079
7084
7087
7095
7100
7105
7112
7118
7125
7127
7135
7134
7140
7145
7158
7166
7166
7173
7188
7192
7196
7204
7211
7215
7222
7236
7242
7249
7254
7261
7266
7272
7278
7282
7284
7289
7291
7289
7290
7301
7304
7302
7308
7315
7321
7322
7325
7330
7328
7333
7330
7332
7334
7339
7338
7332
7340
7351
7351
7355
7357
7362
7368
7369
7374
7380
7384
7386
7392
7400
7402
7404
7406
7412
7413
7415
7411
7416
7422
7425
7429
7428
7427
7422
7425
7432
7431
7426
7422
7420
7418
7423
7426
7427
7432
7436
7437
7441
7443
7448
7450
7455
7458
7453
7460
7467
7477
7477
7481
7484
7487
7491
7492
7492
7496
7501
7500
7501
7498
7498
7495
7496
7493
7497
7505
7506
7509
7509
7512
7510
7514
7520
7518
7515
7515
7517
7515
7515
7510
7501
7495
7489
7480
7472
7464
7455
7446
7433
7424
7410
7403
7398
7399
7397
7395
7389
7377
7379
7378
7375
7373
7360
7358
7364
7356
7351
7345
7342
7343
7336
7328
7328
7336
7332
7326
7325
7324
7322
7315
7310
7307
7304
7298
7298
7303
7298
7288
7286
7293
7288
7287
7283
7285
7287
7284
7283
7280
7282
7279
7278
7283
7281
7281
7279
7278
7277
7279
7281
7281
7274
7275
7280
7278
7276
7273
7267
7264
7260
7253
7250
7249
7244
7238
7234
7228
7217
7211
7210
7212
7210
7206
7205
7202
7204
7208
7211
7213
7214
7218
7221
7223
7222
7225
7230
7227
7231
7238
7239
7234
7234
7234
7237
7238
7237
7234
7226
7229
7233
7229
7223
7215
7214
7218
7212
7205
7204
7204
7199
7196
7197
7195
7194
7188
7183
7178
7177
7173
7169
7153
7149
7148
7142
7132
7120
7116
7109
7102
7094
7085
7072
7057
7047
7045
7035
7025
7021
7016
7008
7001
6995
6991
6978
6972
6974
6968
6962
6957
6952
6948
6944
6940
6934
6928
6923
6921
6915
6909
6904
6903
6893
6887
6878
6880
6873
6871
6864
6859
6852
6849
6841
6837
6837
6829
6817
6815
6814
6818
6817
6810
6812
6818
6818
6820
6823
6821
6818
6818
6818
6818
6811
6807
6806
6811
6808
6805
6801
6790
6790
6789
6794
6789
6780
6778
6783
6778
6771
6766
6761
6750
6748
6752
6747
6745
6746
6742
6739
6734
6734
6732
6733
6730
6733
6730
6727
6722
6720
6719
6715
6711
6707
6703
6697
6694
6698
6693
6687
6683
6679
6674
6671
6674
6668
6655
6657
6658
6661
6660
6653
6652
6658
6654
6654
6654
6655
6654
6654
6653
6652
6654
6653
6650
6646
6646
6642
6636
6628
6622
6618
6612
6606
6600
6591
6586
6579
6572
6565
6559
6546
6537
6538
6532
6521
6514
6511
6516
6513
6512
6507
6496
6498
6498
6500
6496
6498
6499
6500
6499
6500
6500
6500
6500
6498
6498
6498
6495
6495
6495
6497
6494
6485
6486
6493
6489
6485
6480
6476
6473
6467
6461
6457
6457
6454
6442
6436
6430
6423
6417
6406
6401
6393
6394
6385
6377
6371
6359
6356
6352
6349
6338
6327
6324
6326
6320
6317
6314
6309
6307
6305
6306
6305
6307
6306
6303
6298
6295
6285
6282
6286
6280
6275
6265
6262
6261
6255
6254
6250
6242
6235
6229
6231
6226
6225
6220
6214
6208
6201
6199
6192
6191
6187
6182
6179
6173
6167
6165
6157
6155
6160
6154
6150
6146
6143
6144
6140
6137
6136
6134
6131
6129
6128
6125
6122
6116
6114
6109
6104
6103
6103
6095
6092
6096
6088
6083
6076
6071
6075
6070
6061
6058
6060
6055
6050
6046
6044
6034
6033
6037
6032
6027
6024
6021
6013
6010
6015
6009
6004
6001
5999
5996
5991
5986
5980
5978
5975
5971
5966
5962
5953
5952
5955
5947
5945
5934
5930
5932
5930
5926
5923
5916
5911
5909
5906
5900
5895
5890
5886
5882
5877
5873
5866
5861
5855
5845
5844
5842
5845
5840
5836
5831
5827
5823
5815
5814
5812
5809
5805
5797
5794
5797
5793
5785
5775
5771
5772
5767
5754
5751
5745
5745
5743
5730
5726
5731
5726
5722
5717
5712
5707
5703
5700
5698
5697
5696
5692
5688
5684
5680
5676
5673
5671
5669
5667
5665
5663
5660
5654
5654
5653
5652
5646
5643
5638
5630
5630
5633
5631
5626
5623
5618
5616
5612
5604
5603
5603
5605
5599
5588
5588
5591
5585
5580
5569
5564
5565
5559
5555
5553
5548
5547
5544
5540
5533
5533
5529
5527
5527
5524
5515
5513
5517
5512
5503
5501
5502
5503
5500
5499
5498
5496
5492
5487
5485
5482
5481
5478
5475
5473
5471
5466
5463
5463
5464
5458
5457
5462
5458
5451
5445
5442
5442
5434
5432
5428
5425
5423
5421
5412
5410
5414
5411
5411
5407
5403
5400
5396
5396
5394
5393
5389
5381
5376
5374
5376
5372
5371
5368
5359
5354
5352
5354
5352
5350
5348
5345
5340
5336
5330
5328
5319
5316
5315
5314
5306
5299
5297
5294
5291
5293
5289
5284
5279
5278
5275
5268
5264
5257
5253
5250
5246
5242
5239
5236
5232
5227
5222
5217
5214
5210
5209
5206
5202
5198
5190
5187
5187
5192
5188
5185
5180
5178
5173
5171
5169
5169
5166
5164
5155
5155
5154
5156
5155
5148
5147
5153
5149
5140
5138
5137
5141
5138
5136
5134
5124
5124
5121
5125
5120
5116
5115
5110
5108
5104
5100
5101
5106
5102
5099
5095
5092
5091
5086
5084
5079
5074
5071
5061
5062
5058
5060
5056
5053
5050
5039
5040
5035
5038
5035
5031
5027
5023
5020
5016
5014
5010
5009
5005
5000
4997
4995
4989
4983
4977
4974
4976
4972
4964
4963
4960
4964
4957
4956
4953
4950
4949
4940
4937
4935
4936
4935
4926
4928
4930
4926
4922
4920
4918
4909
4907
4911
4910
4907
4902
4901
4896
4895
4893
4892
4889
4886
4882
4881
4879
4878
4875
4872
4869
4867
4860
4858
4861
4859
4857
4855
4851
4844
4843
4845
4840
4834
4834
4837
4835
4834
4825
4825
4828
4823
4820
4820
4817
4813
4811
4815
4812
4803
4803
4802
4805
4802
4802
4799
4791
4791
4794
4793
4792
4791
4788
4786
4783
4782
4782
4781
4778
4777
4770
4769
4775
4770
4767
4765
4762
4760
4758
4752
4753
4757
4755
4752
4749
4748
4740
4742
4745
4743
4741
4741
4737
4735
4736
4733
4732
4727
4726
4723
4722
4719
4712
4712
4715
4715
4715
4711
4709
4704
4704
4709
4707
4702
4698
4696
4702
4697
4697
4695
4693
4690
4688
4683
4683
4687
4683
4674
4673
4672
4674
4672
4670
4667
4665
4663
4661
4658
4660
4658
4656
4655
4652
4648
4647
4645
4643
4641
4636
4636
4640
4638
4634
4627
4625
4631
4626
4617
4619
4618
4620
4620
4617
4617
4616
4613
4611
4605
4604
4608
4606
4603
4601
4599
4597
4595
4590
4589
4591
4591
4582
4582
4581
4582
4584
4582
4581
4575
4573
4574
4574
4570
4570
4569
4564
4564
4567
4564
4561
4559
4560
4557
4557
4555
4553
4551
4549
4548
4547
4542
4540
4539
4537
4534
4534
4537
4536
4528
4529
4531
4528
4525
4525
4521
4521
4520
4517
4515
4513
4506
4506
4511
4509
4507
4505
4502
4502
4501
4498
4497
4490
4490
4493
4492
4489
4490
4490
4484
4485
4490
4488
4484
4480
4478
4483
4480
4478
4479
4477
4474
4472
4465
4465
4469
4466
4467
4464
4463
4459
4458
4458
4456
4455
4454
4450
4446
4445
4446
4444
4444
4443
4442
4439
4437
4438
4436
4437
4434
4431
4431
4428
4426
4425
4419
4420
4425
4422
4422
4421
4420
4414
4415
4418
4415
4415
4414
4414
4408
4407
4413
4408
4406
4404
4404
4399
4399
4402
4398
4390
4390
4387
4391
4390
4388
4388
4387
4386
4383
4383
4379
4373
4374
4378
4377
4376
4376
4374
4373
4372
4370
4366
4365
4363
4363
4364
4362
4361
4359
4350
4351
4351
4355
4352
4347
4348
4353
4350
4348
4346
4345
4344
4342
4342
4342
4335
4335
4336
4338
4336
4330
4332
4338
4335
4334
4330
4329
4328
4328
4322
4323
4327
4326
4322
4319
4319
4317
4319
4312
4313
4313
4315
4312
4311
4312
4311
4311
4310
4307
4304
4300
4301
4306
4304
4301
4299
4298
4296
4293
4293
4292
4291
4289
4288
4286
4284
4284
4285
4279
4280
4280
4283
4280
4277
4275
4273
4273
4268
4268
4268
4273
4271
4264
4265
4271
4268
4267
4265
4265
4262
4261
4266
4263
4260
4257
4255
4259
4256
4254
4252
4251
4251
4251
4251
4249
4244
4243
4247
4245
4242
4238
4237
4240
4239
4240
4240
4235
4234
4234
4236
4234
4231
4229
4229
4227
4226
4225
4224
4223
4222
4219
4218
4215
4214
4214
4208
4209
4213
4208
4208
4207
4206
4206
4204
4202
4203
4201
4202
4201
4200
4196
4196
4194
4195
4196
4195
4196
4193
4187
4186
4191
4189
4189
4185
4186
4191
4188
4182
4184
4185
4182
4181
4175
4175
4178
4177
4178
4176
4173
4168
4166
4169
4168
4168
4167
4168
4166
4165
4162
4161
4160
4160
4158
4158
4156
4157
4155
4149
4152
4159
4155
4155
4154
4152
4153
4152
4149
4148
4146
4145
4145
4141
4140
4146
4144
4141
4141
4139
4134
4134
4138
4137
4135
4135
4133
4135
4134
4135
4133
4126
4125
4128
4132
4132
4131
4127
4123
4124
4130
4131
4130
4129
4129
4129
4128
4127
4127
4126
4123
4122
4126
4124
4124
4123
4120
4119
4117
4114
4114
4121
4117
4115
4113
4112
4114
4112
4111
4112
4111
4109
4107
4106
4104
4103
4102
4102
4103
4102
4095
4095
4100
4099
4099
4098
4097
4099
4100
4103
4106
4107
4107
4105
4104
4102
4097
4098
4103
4102
4095
4095
4095
4099
4096
4093
4090
4090
4088
4089
4086
4083
4082
4079
4081
4082
4080
4080
4077
4072
4073
4078
4077
4067
4068
4070
4070
4071
4071
4069
4066
4064
4060
4061
4061
4063
4061
4058
4058
4058
4058
4055
4052
4052
4047
4048
4055
4052
4050
4045
4045
4049
4050
4046
4044
4044
4043
4044
4041
4041
4046
4044
4043
4044
4046
4049
4049
4049
4048
4048
4048
4047
4044
4042
4043
4041
4041
4037
4036
4033
4032
4026
4025
4028
4027
4020
4020
4019
4021
4021
4021
4018
4016
4016
4017
4015
4014
4011
4013
4015
4015
4010
4011
4011
4014
4014
4014
4011
4013
4011
4008
4007
4008
4007
4005
4005
4008
4008
4007
4008
4006
4007
4004
4005
3998
3997
3998
4001
4000
3995
3994
4002
3998
3999
4000
4001
4000
3999
3994
3994
3994
3994
3995
3990
3989
3993
3990
3991
3990
3990
3989
3991
3991
3987
3989
3989
3986
3984
3985
3985
3981
3980
3981
3978
3975
3973
3980
3979
3972
3970
3975
3974
3970
3969
3969
3967
3966
3960
3962
3963
3965
3964
3962
3964
3971
3969
3967
3966
3968
3973
3971
3967
3965
3963
3963
3963
3963
3961
3960
3957
3958
3957
3958
3960
3962
3960
3958
3958
3955
3953
3953
3953
3951
3950
3951
3954
3947
3946
3946
3951
3949
3943
3943
3948
3947
3945
3942
3942
3942
3939
3933
3935
3935
3936
3936
3936
3936
3933
3933
3930
3931
3931
3931
3929
3932
3929
3929
3927
3927
3924
3922
3924
3924
3923
3922
3922
3924
3923
3918
3923
3928
3924
3922
3923
3921
3924
3925
3920
3918
3925
3925
3923
3922
3920
3920
3920
3918
3918
3918
3918
3916
3918
3917
3911
3912
3918
3915
3916
3914
3914
3910
3911
3917
3914
3912
3914
3913
3907
3906
3912
3911
3909
3908
3909
3910
3909
3907
3904
3904
3904
3903
3902
3899
3900
3900
3891
3893
3894
3900
3898
3898
3899
3893
3893
3896
3900
3897
3895
3896
3892
3891
3891
3893
3894
3894
3896
3893
3894
3899
3900
3899
3897
3898
3898
3898
3895
3897
3894
3892
3892
3892
3892
3888
3890
3895
3893
3891
3888
3887
3892
3890
3888
3886
3886
3884
3882
3882
3883
3881
3880
3881
3876
3876
3875
3874
3869
3870
3874
3874
3875
3875
3873
3868
3869
3875
3872
3871
3865
3867
3872
3869
3867
3867
3866
3864
3865
3863
3863
3863
3862
3856
3859
3858
3861
3861
3861
3859
3853
3855
3855
3860
3860
3858
3862
3861
3861
3862
3859
3858
3863
3864
3862
3862
3863
3860
3858
3858
3857
3855
3857
3857
3855
3855
3855
3854
3854
3853
3853
3855
3854
3853
3852
3848
3846
3852
3851
3851
3848
3849
3850
3847
3847
3848
3847
3845
3847
3847
3846
3852
3852
3844
3847
3846
3847
3848
3843
3841
3848
3846
3837
3837
3839
3842
3841
3839
3838
3835
3836
3834
3834
3835
3833
3833
3834
3833
3835
3834
3832
3829
3830
3833
3832
3834
3833
3832
3828
3829
3832
3832
3833
3830
3830
3833
3830
3830
3831
3831
3832
3829
3826
3825
3828
3829
3822
3822
3829
3827
3827
3825
3824
3825
3825
3823
3824
3825
3823
3822
3823
3824
3819
3819
3823
3827
3825
3825
3826
3819
3819
3825
3823
3821
3822
3821
3819
3823
3814
3816
3818
3821
3819
3821
3818
3811
3815
3816
3816
3816
3816
3815
3815
3816
3813
3813
3814
3814
3812
3814
3812
3811
3812
3808
3809
3811
3808
3808
3804
3803
3805
3809
3807
3804
3805
3809
3806
3804
3803
3801
3807
3806
3803
3804
3804
3803
3804
3802
3801
3797
3800
3806
3805
3806
3802
3804
3811
3809
3811
3811
3807
3810
3810
3809
3810
3810
3808
3803
3804
3802
3806
3804
3802
3802
3798
3797
3797
3794
3792
3792
3791
3790
3791
3789
3789
3788
3787
3787
3788
3788
3785
3786
3787
3791
3791
3786
3787
3791
3787
3788
3783
3782
3786
3787
3787
3787
3782
3783
3787
3789
3788
3784
3783
3790
3787
3784
3784
3784
3784
3784
3785
3786
3784
3780
3781
3788
3785
3787
3786
3786
3787
3784
3783
3782
3780
3779
3779
3775
3777
3774
3772
3773
3770
3770
3771
3767
3769
3767
3762
3764
3765
3764
3765
3763
3762
3761
3760
3765
3767
3761
3764
3766
3768
3767
3763
3764
3769
3768
3770
3769
3767
3765
3766
3764
3765
3764
3765
3766
3764
3766
3764
3764
3762
3762
3762
3761
3761
3756
3755
3763
3760
3759
3759
3757
3753
3754
3756
3756
3750
3749
3751
3756
3753
3753
3751
3751
3753
3750
3749
3752
3749
3749
3749
3748
3750
3751
3751
3753
3751
3749
3752
3755
3755
3757
3754
3755
3748
3747
3754
3750
3749
3745
3744
3749
3749
3741
3743
3741
3744
3744
3745
3746
3746
3747
3744
3743
3745
3745
3747
3747
3748
3745
3748
3750
3756
3756
3755
3753
3748
3750
3750
3749
3750
3747
3747
3744
3741
3737
3736
3738
3740
3739
3734
3737
3734
3732
3733
3733
3729
3732
3730
3731
3729
3731
3730
3728
3726
3725
3730
3730
3729
3731
3730
3729
3729
3736
3735
3728
3731
3729
3734
3731
3732
3730
3730
3731
3728
3726
3725
3729
3729
3727
3729
3726
3727
3726
3725
3727
3725
3726
3726
3724
3726
3724
3724
3718
3721
3724
3723
3720
3715
3716
3720
3717
3718
3716
3714
3716
3714
3715
3715
3714
3715
3713
3715
3717
3713
3713
3719
3720
3714
3715
3718
3721
3720
3714
3718
3723
3721
3722
3723
3721
3723
3721
3722
3723
3723
3722
3722
3720
3720
3716
3715
3722
3720
3718
3717
3717
3714
3715
3709
3710
3716
3717
3716
3710
3712
3715
3712
3713
3713
3711
3709
3710
3708
3709
3708
3709
3709
3707
3709
3706
3704
3711
3711
3711
3711
3710
3711
3710
3710
3711
3703
3707
3703
3709
3706
3705
3705
3699
3699
3702
3704
3705
3703
3706
3702
3701
3707
3705
3705
3707
3704
3707
3707
3708
3708
3708
3706
3705
3709
3711
3710
3710
3709
3709
3711
3709
3707
3703
3702
3708
3705
3703
3701
3699
3702
3701
3698
3699
3697
3698
3697
3696
3694
3692
3693
3695
3701
3703
3702
3706
3707
3705
3706
3706
3703
3705
3702
3694
3697
3701
3697
3697
3692
3692
3696
3697
3700
3701
3701
3705
3704
3705
3705
3698
3700
3705
3703
3704
3702
3700
3698
3699
3692
3692
3692
3695
3694
3693
3693
3691
3690
3688
3689
3687
3689
3688
3682
3683
3686
3685
3686
3685
3686
3689
3688
3681
3683
3685
3689
3687
3683
3684
3690
3689
3691
3690
3686
3684
3685
3685
3687
3686
3686
3688
3684
3684
3687
3688
3687
3685
3685
3680
3680
3686
3684
3681
3681
3679
3680
3679
3678
3679
3680
3679
3679
3678
3677
3678
3676
3672
3673
3679
3677
3676
3671
3672
3677
3675
3676
3675
3673
3673
3674
3670
3670
3676
3680
3675
3675
3676
3682
3682
3681
3684
3677
3677
3679
3681
3679
3677
3677
3681
3680
3680
3674
3674
3674
3672
3672
3673
3672
3671
3669
3669
3671
3673
3676
3674
3675
3676
3678
3676
3673
3675
3679
3677
3681
3683
3682
3683
3685
3685
3685
3687
3683
3683
3682
3680
3680
3678
3670
3671
3671
3673
3672
3673
3673
3667
3669
3670
3673
3673
3673
3675
3681
3684
3688
3689
3693
3698
3702
3702
3709
3718
3722
3726
3730
3735
3745
3752
3751
3758
3765
3777
3783
3789
3795
3803
3809
3814
3822
3828
3836
3841
3849
3853
3859
3866
3870
3871
3875
3887
3890
3891
3896
3900
3895
3899
3907
3908
3908
