3881
3878
3881
3880
3880
3879
3874
3873
3873
3871
3867
3868
3863
3861
3857
3855
3851
3849
3845
3842
3839
3836
3833
3829
3821
3817
3820
3813
3810
3803
3803
3799
3796
3793
3791
3788
3782
3782
3779
3777
3772
3770
3763
3762
3758
3759
3757
3753
3751
3742
3743
3742
3742
3741
3734
3734
3737
3734
3729
3729
3726
3725
3723
3719
3719
3716
3714
3712
3712
3706
3706
3704
3703
3701
3701
3695
3697
3700
3699
3693
3693
3695
3696
3694
3692
3690
3687
3686
3681
3679
3678
3682
3679
3678
3677
3674
3675
3674
3675
3674
3670
3669
3677
3674
3674
3672
3671
3670
3668
3668
3667
3666
3664
3663
3660
3658
3663
3660
3656
3658
3657
3659
3660
3657
3658
3656
3656
3654
3651
3650
3655
3653
3651
3650
3648
3647
3647
3644
3644
3643
3640
3642
3639
3642
3638
3641
3633
3637
3639
3639
3637
3639
3637
3636
3634
3638
3636
3636
3635
3634
3635
3633
3633
3631
3629
3630
3631
3635
3635
3634
3635
3629
3630
3633
3635
3634
3628
3630
3632
3632
3626
3626
3625
3629
3628
3626
3626
3625
3624
3625
3624
3624
3623
3622
3617
3618
3618
3621
3618
3620
3618
3619
3619
3618
3621
3620
3620
3623
3623
3624
3624
3623
3623
3623
3625
3622
3624
3622
3623
3621
3621
3623
3624
3623
3622
3621
3623
3621
3619
3622
3622
3621
3624
3616
3618
3621
3622
3623
3616
3617
3624
3622
3623
3619
3618
3625
3621
3618
3617
3622
3620
3619
3614
3613
3618
3615
3610
3608
3608
3611
3609
3610
3606
3608
3607
3605
3605
3603
3603
3601
3603
3601
3598
3600
3601
3605
3604
3599
3602
3606
3603
3605
3600
3599
3606
3602
3603
3604
3600
3603
3602
3602
3603
3603
3604
3604
3604
3606
3605
3607
3605
3607
3602
3602
3604
3606
3608
3603
3602
3610
3606
3607
3606
3607
3602
3604
3610
3608
3609
3608
3610
3609
3609
3611
3613
3614
3613
3613
3614
3615
3612
3611
3618
3617
3615
3618
3615
3617
3617
3616
3617
3613
3614
3616
3619
3620
3622
3620
3625
3627
3627
3629
3632
3632
3636
3643
3642
3640
3639
3637
3644
3643
3644
3647
3647
3650
3649
3650
3653
3651
3654
3654
3653
3656
3650
3655
3659
3658
3653
3655
3660
3663
3664
3667
3667
3672
3675
3675
3681
3682
3687
3689
3687
3693
3698
3702
3699
3702
3702
3704
3708
3710
3711
3713
3716
3717
3719
3720
3729
3731
3731
3735
3736
3737
3738
3738
3740
3747
3749
3753
3752
3757
3766
3766
3770
3770
3776
3777
3780
3785
3786
3787
3792
3799
3803
3804
3805
3809
3817
3822
3823
3829
3833
3839
3843
3848
3854
3852
3859
3865
3873
3878
3878
3884
3891
3896
3900
3905
3908
3913
3919
3925
3932
3937
3942
3948
3954
3958
3965
3971
3979
3985
3989
3994
3999
4011
4019
4024
4031
4030
4041
4047
4060
4065
4072
4080
4083
4090
4100
4113
4118
4128
4135
4143
4153
4161
4171
4179
4185
4196
4211
4216
4225
4231
4239
4245
4252
4263
4270
4278
4285
4295
4299
4308
4323
4330
4334
4344
4359
4371
4381
4392
4401
4412
4422
4431
4443
4452
4462
4475
4483
4494
4505
4515
4525
4532
4544
4558
4569
4580
4588
4599
4607
4618
4634
4646
4653
4664
4676
4688
4698
4706
4716
4732
4743
4746
4758
4769
4783
4791
4802
4810
4814
4824
4837
4850
4858
4868
4881
4892
4900
4912
4923
4935
4944
4957
4969
4979
4986
5000
5010
5025
5036
5039
5051
5066
5073
5084
5092
5102
5114
5122
5129
5142
5157
5165
5178
5190
5200
5214
5224
5234
5247
5257
5268
5281
5293
5305
5315
5329
5343
5361
5376
5387
5398
5405
5421
5436
5448
5461
5465
5480
5496
5506
5519
5530
5541
5554
5567
5577
5591
5599
5612
5623
5641
5654
5666
5681
5695
5709
5720
5730
5745
5754
5760
5767
5778
5780
5791
5804
5818
5827
5836
5848
5865
5877
5886
5892
5905
5924
5934
5942
5953
5962
5970
5977
5991
5999
6009
6020
6023
6035
6043
6059
6069
6072
6081
6097
6105
6113
6121
6134
6145
6155
6168
6176
6189
6199
6207
6221
6232
6242
6250
6264
6274
6282
6290
6297
6303
6310
6319
6328
6330
6332
6341
6353
6360
6365
6369
6372
6384
6391
6402
6412
6414
6424
6439
6447
6459
6465
6472
6478
6487
6498
6506
6513
6521
6527
6527
6528
6542
6546
6542
6546
6550
6555
6552
6553
6550
6549
6552
6553
6554
6561
6564
6566
6574
6579
6584
6594
6599
6604
6616
6632
6640
6650
6659
6665
6668
6680
6695
6698
6704
6715
6722
6728
6738
6747
6755
6764
6772
6781
6787
6795
6806
6814
6821
6832
6839
6850
6860
6876
6884
6892
6906
6922
6928
6939
6951
6958
6965
6980
6995
7000
7009
7020
7026
7036
7046
7053
7062
7070
7076
7083
7090
7096
7094
7099
7098
7097
7097
7090
7088
7091
7085
7072
7078
7078
7078
7075
7070
7067
7071
7068
7063
7062
7064
7064
7064
7054
7057
7067
7064
7065
7062
7066
7074
7074
7080
7084
7086
7086
7088
7087
7090
7094
7097
7098
7101
7106
7107
7108
7114
7117
7125
7125
7132
7136
7142
7148
7152
7151
7160
7168
7174
7178
7182
7190
7190
7196
7207
7214
7215
7215
7218
7229
7229
7223
7225
7225
7232
7233
7234
7233
7231
7237
7238
7240
7241
7240
7243
7247
7251
7246
7249
7251
7257
7253
7254
7251
7250
7249
7242
7238
7234
7236
7227
7222
7221
7217
7208
7203
7212
7213
7212
7213
7214
7216
7218
7226
7227
7227
7229
7238
7237
7239
7244
7242
7242
7243
7247
7250
7251
7252
7254
7256
7261
7255
7257
7263
7261
7258
7259
7252
7247
7247
7245
7243
7241
7232
7236
7244
7242
7241
7241
7241
7237
7238
7247
7251
7245
7247
7254
7252
7248
7248
7248
7248
7247
7245
7247
7250
7244
7242
7248
7244
7243
7245
7242
7235
7235
7243
7244
7237
7243
7255
7258
7260
7256
7263
7269
7269
7273
7276
7276
7279
7282
7283
7284
7288
7291
7294
7295
7295
7294
7296
7292
7286
7281
7276
7269
7258
7250
7241
7232
7227
7219
7214
7206
7197
7185
7180
7182
7170
7162
7155
7151
7142
7132
7120
7118
7122
7117
7117
7111
7112
7119
7113
7114
7112
7113
7113
7110
7111
7113
7105
7105
7108
7111
7106
7108
7108
7102
7102
7112
7111
7108
7105
7106
7116
7114
7116
7118
7119
7120
7120
7123
7126
7123
7125
7129
7132
7133
7135
7135
7133
7133
7132
7132
7130
7134
7130
7127
7121
7119
7119
7113
7109
7105
7098
7091
7078
7070
7064
7060
7052
7040
7035
7038
7028
7019
7017
7014
7014
7010
7009
7008
6998
6997
6998
6998
6992
6989
6985
6979
6974
6969
6966
6960
6956
6951
6946
6944
6942
6941
6934
6931
6933
6926
6927
6932
6924
6921
6914
6911
6910
6904
6888
6882
6876
6872
6859
6842
6835
6832
6819
6806
6798
6787
6785
6776
6769
6762
6757
6751
6744
6744
6744
6738
6737
6735
6734
6733
6733
6733
6730
6729
6728
6729
6729
6727
6726
6726
6723
6719
6712
6709
6708
6706
6699
6696
6703
6700
6699
6697
6694
6693
6686
6673
6669
6669
6657
6646
6640
6637
6635
6627
6618
6614
6617
6609
6606
6597
6595
6599
6595
6593
6589
6586
6584
6581
6574
6570
6565
6560
6551
6545
6540
6534
6527
6513
6512
6510
6505
6500
6494
6491
6477
6476
6479
6475
6469
6462
6460
6459
6454
6452
6450
6451
6448
6444
6445
6440
6432
6432
6435
6432
6428
6420
6420
6423
6417
6414
6415
6413
6412
6409
6406
6409
6399
6398
6406
6403
6401
6398
6397
6390
6389
6392
6387
6384
6374
6374
6377
6371
6365
6359
6355
6349
6344
6338
6335
6330
6324
6315
6306
6299
6296
6287
6279
6270
6258
6255
6250
6248
6240
6232
6230
6231
6226
6220
6216
6217
6211
6208
6206
6203
6191
6189
6186
6184
6178
6171
6165
6159
6152
6142
6139
6135
6133
6126
6124
6123
6120
6119
6116
6118
6117
6120
6117
6111
6110
6113
6118
6114
6118
6116
6111
6110
6108
6111
6106
6106
6103
6100
6096
6093
6090
6085
6086
6077
6072
6065
6060
6052
6044
6032
6026
6031
6023
6019
6012
6005
5999
5996
5984
5982
5986
5981
5977
5969
5968
5969
5962
5955
5954
5959
5953
5952
5950
5948
5947
5945
5940
5935
5934
5923
5923
5920
5912
5905
5900
5894
5890
5886
5880
5876
5872
5870
5866
5863
5859
5856
5852
5846
5846
5843
5841
5839
5830
5828
5830
5826
5815
5815
5815
5817
5816
5812
5808
5805
5801
5796
5792
5789
5781
5779
5781
5776
5770
5764
5759
5751
5748
5750
5747
5735
5732
5729
5727
5724
5720
5720
5709
5708
5710
5706
5700
5698
5695
5692
5687
5685
5681
5678
5676
5676
5673
5672
5661
5658
5659
5658
5652
5649
5643
5636
5634
5638
5632
5628
5623
5622
5619
5619
5616
5614
5610
5610
5610
5605
5603
5610
5605
5601
5598
5598
5596
5593
5588
5583
5573
5570
5566
5562
5558
5546
5542
5542
5535
5528
5524
5519
5512
5510
5497
5495
5489
5489
5484
5473
5467
5467
5458
5447
5445
5441
5443
5440
5435
5433
5429
5425
5423
5422
5420
5420
5416
5410
5408
5407
5406
5404
5401
5400
5397
5391
5382
5378
5378
5378
5375
5369
5366
5355
5355
5355
5360
5356
5349
5347
5346
5342
5338
5332
5327
5322
5316
5306
5302
5303
5296
5291
5283
5279
5282
5277
5268
5266
5263
5263
5259
5257
5254
5252
5248
5245
5244
5242
5233
5233
5236
5235
5233
5232
5231
5224
5224
5226
5222
5220
5218
5216
5215
5211
5207
5204
5202
5198
5195
5192
5187
5185
5181
5174
5171
5173
5170
5165
5159
5159
5159
5154
5145
5146
5144
5148
5145
5140
5134
5131
5128
5126
5124
5119
5112
5110
5114
5110
5105
5105
5100
5092
5090
5094
5090
5091
5088
5085
5078
5077
5078
5075
5074
5072
5069
5065
5066
5069
5065
5058
5058
5061
5058
5057
5055
5054
5052
5051
5048
5048
5046
5045
5047
5040
5037
5041
5036
5034
5034
5032
5024
5024
5027
5022
5018
5015
5010
5007
5005
5003
5002
4999
4995
4992
4990
4985
4981
4976
4972
4971
4969
4965
4965
4961
4958
4950
4949
4954
4949
4945
4946
4945
4939
4938
4943
4939
4937
4931
4927
4931
4929
4927
4926
4925
4925
4921
4916
4915
4912
4912
4905
4902
4899
4902
4901
4893
4893
4898
4894
4890
4883
4882
4884
4879
4878
4876
4875
4874
4871
4870
4868
4865
4862
4851
4848
4847
4848
4844
4841
4837
4833
4831
4828
4824
4821
4821
4818
4813
4809
4805
4801
4799
4797
4795
4793
4791
4784
4784
4783
4786
4783
4782
4778
4778
4774
4773
4766
4765
4771
4771
4771
4771
4767
4764
4760
4766
4762
4761
4760
4758
4756
4754
4748
4746
4750
4748
4740
4740
4739
4739
4737
4732
4731
4736
4733
4732
4730
4729
4729
4726
4726
4721
4720
4716
4714
4712
4711
4707
4708
4704
4704
4704
4697
4695
4699
4694
4691
4690
4687
4685
4683
4682
4679
4670
4672
4674
4673
4670
4663
4662
4664
4661
4657
4654
4653
4651
4650
4648
4646
4643
4642
4641
4638
4636
4633
4629
4625
4624
4622
4621
4618
4617
4614
4609
4609
4615
4612
4611
4604
4603
4609
4607
4599
4597
4598
4599
4595
4591
4591
4596
4594
4587
4588
4588
4590
4586
4577
4575
4582
4579
4576
4574
4570
4567
4565
4561
4558
4553
4552
4552
4553
4550
4542
4543
4549
4546
4544
4540
4540
4538
4536
4532
4527
4525
4525
4522
4519
4516
4516
4515
4513
4510
4509
4502
4504
4507
4502
4495
4495
4493
4497
4492
4484
4483
4486
4483
4476
4473
4469
4465
4463
4453
4449
4449
4449
4445
4441
4440
4438
4435
4432
4432
4432
4430
4427
4427
4427
4424
4421
4421
4421
4420
4411
4413
4419
4417
4415
4415
4413
4408
4408
4415
4414
4407
4406
4405
4409
4410
4409
4405
4401
4402
4404
4406
4402
4402
4401
4401
4399
4396
4394
4393
4394
4391
4387
4385
4378
4379
4377
4379
4376
4369
4370
4376
4370
4368
4363
4361
4364
4364
4362
4361
4360
4360
4359
4358
4355
4355
4355
4355
4356
4355
4348
4348
4353
4349
4338
4340
4340
4346
4343
4336
4336
4342
4342
4340
4337
4336
4329
4331
4335
4329
4329
4329
4328
4324
4324
4323
4322
4321
4319
4315
4314
4315
4312
4309
4308
4308
4307
4305
4305
4299
4300
4305
4303
4295
4296
4296
4298
4295
4291
4294
4299
4294
4295
4296
4296
4290
4291
4297
4294
4291
4284
4284
4287
4281
4280
4280
4278
4274
4274
4274
4270
4269
4269
4264
4263
4263
4262
4261
4254
4254
4260
4257
4255
4252
4253
4245
4245
4250
4249
4243
4242
4241
4246
4245
4240
4239
4244
4242
4240
4237
4240
4241
4240
4240
4239
4239
4235
4232
4231
4229
4228
4225
4223
4219
4217
4217
4218
4219
4217
4209
4209
4212
4213
4210
4211
4211
4210
4209
4208
4210
4206
4200
4197
4201
4199
4198
4193
4191
4190
4190
4187
4184
4182
4184
4182
4182
4182
4180
4177
4172
4171
4172
4177
4175
4175
4173
4173
4174
4169
4167
4167
4170
4168
4163
4163
4167
4165
4162
4158
4159
4162
4160
4157
4158
4157
4155
4153
4153
4151
4148
4147
4147
4147
4146
4142
4142
4145
4145
4144
4143
4140
4140
4141
4139
4138
4136
4137
4137
4133
4134
4137
4136
4131
4133
4137
4139
4138
4137
4136
4133
4131
4130
4129
4127
4117
4117
4122
4120
4119
4114
4114
4116
4115
4112
4110
4105
4108
4114
4114
4113
4114
4115
4109
4110
4114
4113
4118
4113
4114
4117
4118
4117
4118
4119
4116
4112
4111
4112
4108
4104
4102
4102
4099
4098
4097
4091
4090
4095
4092
4091
4090
4087
4085
4083
4085
4082
4078
4075
4075
4079
4076
4067
4065
4070
4071
4067
4067
4067
4063
4061
4067
4066
4067
4066
4065
4059
4062
4067
4063
4060
4059
4058
4057
4058
4058
4056
4054
4053
4052
4049
4051
4057
4056
4053
4052
4054
4048
4048
4051
4047
4047
4048
4045
4043
4040
4041
4042
4035
4033
4036
4035
4035
4036
4034
4032
4031
4032
4031
4031
4028
4030
4030
4029
4028
4028
4026
4024
4024
4028
4026
4023
4023
4027
4026
4027
4021
4020
4025
4025
4024
4021
4020
4022
4021
4018
4019
4013
4011
4011
4015
4012
4009
4009
4008
4004
4004
4004
4005
4002
4001
3996
3998
4002
4001
4001
3997
3997
4002
4003
4000
4000
3999
3998
3998
3999
4002
4001
3998
3997
3999
3996
3994
3995
3995
3992
3985
3988
3986
3986
3986
3986
3983
3981
3982
3980
3979
3979
3979
3978
3976
3978
3978
3976
3978
3977
3977
3979
3980
3976
3978
3980
3985
3981
3976
3978
3980
3976
3975
3971
3970
3975
3972
3971
3969
3969
3968
3965
3960
3960
3964
3962
3964
3960
3961
3961
3958
3958
3957
3955
3956
3957
3954
3955
3954
3953
3945
3949
3954
3953
3952
3948
3947
3953
3953
3947
3947
3946
3952
3953
3951
3954
3953
3952
3951
3953
3952
3945
3945
3950
3948
3943
3941
3942
3941
3938
3938
3938
3938
3935
3934
3936
3936
3934
3934
3931
3933
3935
3940
3942
3937
3936
3939
3936
3934
3933
3931
3930
3929
3929
3928
3924
3924
3923
3924
3923
3919
3919
3926
3922
3920
3918
3921
3926
3923
3923
3924
3922
3920
3919
3914
3915
3917
3915
3914
3910
3909
3908
3908
3908
3910
3910
3908
3908
3905
3904
3908
3910
3908
3908
3910
3910
3914
3914
3913
3916
3917
3910
3912
3911
3914
3908
3904
3904
3905
3902
3901
3895
3894
3897
3893
3887
3889
3892
3888
3889
3887
3887
3885
3886
3888
3887
3887
3889
3887
3887
3885
3882
3880
3879
3880
3876
3875
3875
3874
3874
3869
3871
3869
3873
3874
3875
3874
3873
3874
3874
3873
3871
3869
3870
3868
3868
3868
3865
3866
3871
3870
3863
3865
3870
3867
3869
3865
3864
3866
3864
3865
3865
3863
3862
3863
3868
3866
3866
3866
3865
3861
3861
3867
3865
3863
3863
3863
3860
3858
3859
3857
3849
3849
3856
3853
3849
3849
3849
3846
3845
3844
3844
3842
3842
3843
3842
3844
3844
3843
3839
3841
3841
3846
3847
3840
3843
3851
3849
3849
3847
3845
3851
3850
3849
3850
3850
3847
3847
3844
3843
3847
3845
3845
3840
3839
3839
3835
3830
3830
3835
3832
3831
3828
3829
3829
3826
3821
3822
3823
3824
3824
3823
3819
3821
3817
3817
3818
3818
3817
3818
3813
3813
3818
3818
3816
3818
3818
3819
3820
3820
3819
3819
3815
3816
3824
3824
3822
3823
3820
3819
3820
3817
3815
3814
3811
3806
3808
3806
3811
3811
3805
3808
3813
3809
3808
3809
3809
3809
3807
3801
3803
3809
3808
3808
3802
3802
3806
3803
3804
3801
3803
3801
3799
3800
3798
3800
3798
3797
3799
3796
3793
3792
3796
3797
3794
3795
3795
3793
3793
3787
3789
3796
3793
3796
3796
3794
3797
3800
3793
3796
3796
3799
3799
3796
3796
3793
3793
3794
3791
3791
3792
3789
3791
3791
3788
3790
3791
3790
3792
3788
3788
3797
3797
3793
3791
3792
3792
3793
3787
3784
3788
3785
3785
3784
3785
3784
3784
3786
3783
3783
3781
3780
3782
3782
3781
3779
3778
3777
3777
3780
3780
3779
3777
3771
3773
3774
3776
3775
3778
3777
3777
3779
3777
3773
3775
3780
3777
3777
3778
3778
3776
3779
3779
3776
3777
3777
3775
3776
3776
3771
3769
3775
3775
3767
3769
3770
3774
3772
3772
3770
3771
3771
3768
3769
3769
3763
3764
3769
3764
3764
3766
3762
3755
3757
3762
3759
3760
3759
3759
3758
3756
3756
3757
3754
3756
3757
3754
3753
3751
3750
3754
3755
3751
3749
3753
3758
3754
3755
3754
3752
3753
3750
3752
3751
3750
3751
3749
3750
3747
3743
3743
3750
3747
3747
3746
3741
3742
3744
3748
3747
3747
3744
3745
3745
3744
3745
3744
3739
3740
3747
3746
3744
3738
3740
3745
3742
3744
3743
3741
3742
3740
3742
3741
3740
3741
3741
3740
3741
3736
3738
3741
3739
3740
3739
3738
3738
3738
3730
3733
3738
3736
3739
3737
3739
3741
3742
3741
3739
3735
3739
3736
3739
3739
3736
3737
3745
3745
3744
3744
3743
3745
3745
3745
3744
3742
3741
3737
3738
3736
3735
3735
3732
3733
3732
3726
3728
3733
3731
3730
3726
3727
3726
3725
3726
3725
3724
3723
3720
3721
3720
3726
3723
3719
3721
3723
3724
3724
3724
3724
3725
3726
3724
3725
3727
3731
3730
3732
3734
3732
3732
3729
3728
3728
3723
3721
3725
3722
3716
3720
3717
3721
3720
3717
3717
3718
3715
3716
3713
3711
3716
3714
3712
3714
3711
3710
3712
3711
3709
3710
3708
3707
3708
3709
3710
3709
3708
3708
3706
3706
3704
3706
3706
3704
3705
3700
3701
3708
3706
3709
3704
3705
3712
3708
3711
3710
3709
3712
3709
3705
3707
3712
3711
3709
3705
3708
3710
3707
3704
3701
3705
3705
3702
3703
3701
3694
3697
3701
3699
3702
3700
3700
3700
3700
3702
3700
3701
3697
3698
3703
3701
3701
3700
3698
3701
3699
3699
3700
3693
3695
3701
3699
3700
3695
3695
3701
3700
3701
3701
3701
3699
3697
3695
3694
3698
3699
3695
3696
3696
3694
3695
3692
3692
3688
3688
3691
3694
3692
3694
3692
3688
3688
3689
3693
3692
3689
3689
3685
3687
3692
3691
3689
3688
3687
3686
3687
3685
3684
3684
3683
3682
3683
3684
3685
3683
3684
3684
3683
3684
3686
3685
3685
3681
3679
3681
3683
3681
3676
3676
3681
3679
3679
3676
3677
3677
3676
3671
3673
3674
3675
3677
3676
3676
3677
3675
3676
3676
3674
3675
3676
3675
3677
3673
3675
3675
3680
3677
3675
3676
3681
3682
3679
3676
3678
3681
3679
3679
3675
3676
3675
3674
3675
3673
3673
3672
3672
3672
3671
3668
3668
3674
3674
3669
3668
3673
3674
3673
3675
3671
3673
3672
3673
3672
3670
3672
3671
3665
3668
3672
3670
3670
3670
3670
3669
3669
3669
3671
3672
3670
3671
3664
3663
3670
3669
3668
3669
3667
3664
3664
3667
3666
3659
3661
3661
3662
3662
3658
3657
3663
3661
3658
3658
3659
3658
3658
3658
3659
3659
3658
3659
3659
3659
3659
3660
3658
3657
3658
3652
3654
3657
3657
3655
3656
3655
3655
3654
3651
3652
3657
3654
3653
3652
3653
3648
3646
3652
3650
3648
3650
3650
3651
3651
3647
3651
3660
3660
3662
3661
3661
3660
3659
3660
3658
3659
3659
3659
3659
3659
3656
3657
3655
3655
3656
3654
3654
3654
3654
3649
3646
3650
3651
3650
3647
3646
3649
3650
3644
3644
3647
3652
3652
3648
3650
3655
3653
3653
3651
3650
3649
3647
3647
3647
3644
3645
3644
3642
3643
3640
3641
3641
3639
3639
3638
3637
3639
3637
3632
3634
3633
3639
3639
3635
3636
3639
3639
3638
3635
3637
3639
3637
3637
3637
3631
3633
3633
3637
3640
3641
3640
3638
3639
3638
3638
3636
3637
3635
3630
3629
3630
3634
3631
3630
3630
3631
3633
3627
3627
3628
3633
3630
3632
3631
3631
3630
3630
3630
3631
3629
3629
3630
3631
3629
3628
3629
3626
3625
3630
3630
3627
3626
3625
3629
3630
3628
3627
3630
3629
3628
3630
3630
3625
3627
3635
3636
3635
3632
3631
3638
3636
3637
3634
3629
3628
3630
3633
3630
3629
3630
3631
3631
3630
3629
3632
3632
3630
3626
3629
3629
3633
3634
3633
3632
3630
3631
3629
3629
3629
3627
3627
3629
3627
3627
3626
3625
3627
3627
3623
3624
3630
3632
3630
3628
3628
3627
3627
3631
3630
3631
3631
3631
3633
3633
3634
3637
3633
3637
3637
3643
3646
3640
3644
3653
3654
3656
3656
3665
3674
3678
3679
3688
3693
3701
3708
3713
3719
3723
3729
3738
3744
3750
3755
3762
3767
3772
3779
3785
3789
3796
3802
3806
3811
3813
3819
3826
3830
3837
3836
3839
3847
3850
3851
3852
3854
3853
3854
3858
3857
