4822
4819
4818
4815
4812
4808
4806
4800
4797
4793
4788
4783
4779
4775
4772
4765
4759
4754
4751
4744
4740
4736
4731
4721
4717
4718
4709
4701
4697
4692
4692
4687
4681
4676
4671
4665
4661
4653
4649
4649
4643
4639
4637
4633
4625
4622
4623
4620
4610
4609
4608
4605
4602
4600
4597
4596
4591
4591
4588
4585
4583
4580
4573
4570
4571
4568
4564
4562
4560
4558
4555
4553
4553
4551
4550
4550
4547
4549
4553
4551
4549
4548
4545
4542
4540
4534
4534
4538
4534
4530
4525
4524
4529
4527
4523
4520
4516
4517
4514
4512
4510
4505
4505
4510
4507
4505
4504
4503
4503
4503
4500
4499
4499
4496
4497
4489
4492
4496
4494
4493
4491
4492
4491
4490
4490
4491
4491
4489
4488
4486
4486
4490
4488
4482
4484
4485
4487
4487
4487
4486
4482
4484
4489
4487
4487
4487
4486
4484
4484
4483
4483
4483
4482
4482
4482
4481
4477
4480
4482
4486
4486
4481
4481
4486
4482
4476
4474
4476
4477
4475
4469
4470
4474
4472
4472
4472
4470
4472
4472
4472
4472
4471
4466
4466
4470
4468
4469
4468
4470
4469
4467
4467
4466
4466
4466
4463
4461
4461
4461
4459
4456
4457
4450
4452
4453
4457
4457
4454
4454
4461
4463
4461
4462
4461
4461
4459
4459
4459
4458
4460
4459
4455
4455
4461
4458
4454
4455
4454
4457
4456
4456
4455
4449
4449
4452
4451
4450
4447
4447
4447
4448
4446
4449
4450
4448
4451
4456
4456
4458
4460
4461
4461
4461
4459
4457
4449
4453
4455
4454
4453
4450
4452
4453
4450
4448
4448
4447
4446
4445
4444
4444
4439
4439
4442
4445
4444
4443
4444
4442
4442
4439
4441
4442
4449
4447
4447
4447
4446
4446
4446
4442
4442
4446
4443
4441
4442
4443
4441
4443
4442
4442
4440
4442
4444
4446
4446
4446
4446
4446
4448
4447
4449
4449
4450
4452
4453
4456
4451
4455
4456
4460
4460
4458
4458
4464
4464
4463
4462
4462
4468
4468
4466
4467
4468
4471
4472
4475
4476
4480
4479
4476
4477
4477
4482
4481
4477
4479
4486
4484
4485
4487
4490
4487
4491
4495
4496
4496
4497
4500
4502
4505
4506
4509
4513
4517
4520
4523
4528
4531
4534
4536
4538
4540
4541
4541
4543
4545
4548
4550
4548
4551
4556
4562
4563
4566
4568
4566
4573
4577
4583
4586
4587
4591
4600
4602
4603
4606
4612
4619
4624
4623
4628
4638
4641
4644
4650
4653
4659
4665
4670
4675
4680
4686
4690
4690
4697
4708
4714
4718
4723
4729
4738
4744
4749
4753
4759
4763
4771
4777
4782
4786
4792
4799
4805
4812
4819
4829
4837
4844
4851
4857
4863
4869
4877
4882
4888
4900
4907
4915
4923
4930
4939
4946
4952
4960
4974
4982
4991
5002
5010
5017
5028
5043
5050
5058
5067
5078
5092
5101
5107
5119
5134
5144
5156
5168
5180
5192
5201
5214
5224
5235
5248
5259
5271
5284
5290
5305
5319
5330
5339
5349
5357
5367
5378
5386
5396
5410
5422
5434
5443
5455
5477
5490
5502
5514
5530
5550
5565
5576
5592
5609
5620
5631
5644
5652
5664
5672
5682
5692
5704
5715
5726
5733
5745
5765
5776
5790
5801
5816
5835
5851
5861
5880
5898
5916
5935
5947
5964
5984
6003
6023
6037
6050
6063
6079
6094
6109
6124
6143
6157
6174
6192
6211
6228
6244
6259
6274
6287
6303
6318
6333
6347
6362
6378
6396
6414
6430
6448
6467
6486
6502
6520
6537
6554
6575
6594
6614
6633
6652
6667
6687
6708
6734
6751
6771
6789
6802
6825
6847
6874
6897
6917
6933
6946
6965
6986
7006
7026
7042
7059
7080
7098
7113
7130
7150
7163
7180
7199
7210
7219
7228
7237
7246
7254
7260
7268
7279
7292
7302
7309
7320
7334
7345
7351
7364
7384
7400
7417
7436
7449
7463
7484
7499
7512
7531
7547
7562
7577
7595
7612
7629
7641
7652
7666
7682
7693
7703
7716
7725
7738
7750
7769
7780
7793
7804
7819
7836
7854
7865
7881
7902
7915
7922
7937
7951
7972
7987
7999
8016
8040
8054
8071
8083
8102
8114
8130
8140
8153
8162
8173
8188
8200
8212
8225
8242
8252
8272
8289
8312
8329
8348
8366
8376
8393
8417
8433
8449
8458
8475
8496
8506
8517
8530
8543
8556
8566
8576
8589
8597
8610
8621
8630
8638
8647
8655
8665
8672
8673
8679
8691
8702
8706
8706
8715
8729
8732
8735
8741
8751
8766
8773
8787
8798
8815
8827
8839
8849
8855
8857
8868
8880
8886
8896
8900
8914
8931
8939
8949
8961
8970
8983
8994
9006
9017
9029
9043
9052
9064
9073
9082
9091
9097
9107
9117
9124
9131
9139
9143
9147
9151
9146
9148
9149
9155
9155
9159
9166
9162
9165
9171
9181
9185
9189
9198
9213
9220
9232
9241
9250
9261
9273
9284
9294
9301
9307
9314
9320
9325
9329
9333
9329
9335
9335
9342
9343
9341
9345
9351
9355
9358
9364
9369
9373
9380
9387
9388
9384
9386
9382
9384
9380
9373
9368
9362
9356
9353
9350
9352
9352
9352
9353
9361
9372
9378
9379
9389
9396
9402
9414
9427
9437
9447
9454
9465
9479
9486
9492
9499
9506
9515
9523
9523
9530
9535
9544
9545
9552
9554
9565
9571
9577
9583
9581
9587
9588
9592
9588
9576
9571
9574
9567
9557
9542
9533
9529
9517
9510
9507
9502
9500
9500
9500
9504
9509
9512
9518
9523
9532
9540
9546
9548
9553
9567
9568
9567
9567
9567
9559
9552
9551
9535
9523
9515
9506
9495
9487
9478
9466
9461
9461
9464
9463
9465
9477
9485
9493
9503
9508
9511
9523
9537
9543
9548
9555
9560
9565
9573
9574
9579
9589
9594
9596
9602
9608
9615
9619
9618
9623
9637
9634
9639
9642
9642
9647
9649
9644
9647
9655
9658
9657
9659
9661
9665
9664
9667
9670
9669
9671
9669
9672
9676
9671
9675
9676
9682
9681
9683
9681
9673
9674
9677
9674
9672
9670
9668
9656
9656
9662
9659
9661
9661
9660
9655
9660
9665
9666
9665
9666
9666
9665
9664
9664
9662
9661
9656
9658
9655
9654
9653
9652
9648
9647
9646
9641
9640
9643
9640
9632
9634
9635
9632
9637
9631
9632
9630
9628
9621
9621
9617
9620
9619
9615
9614
9608
9604
9603
9592
9583
9583
9569
9557
9548
9540
9530
9520
9509
9500
9481
9473
9466
9455
9443
9434
9423
9415
9402
9393
9381
9375
9363
9358
9354
9346
9344
9342
9337
9330
9324
9325
9323
9312
9309
9313
9310
9305
9296
9294
9298
9294
9287
9284
9280
9278
9272
9269
9267
9266
9265
9262
9259
9255
9250
9249
9252
9247
9241
9237
9237
9242
9239
9235
9232
9233
9233
9226
9219
9217
9218
9212
9204
9206
9205
9209
9210
9207
9209
9208
9208
9208
9204
9203
9202
9201
9199
9196
9195
9192
9186
9177
9174
9178
9175
9169
9166
9164
9159
9153
9140
9136
9136
9126
9115
9112
9102
9092
9091
9088
9081
9078
9072
9067
9061
9062
9058
9052
9046
9045
9044
9045
9041
9036
9036
9031
9025
9022
9017
9014
9016
9010
9006
9004
8992
8990
8988
8990
8981
8975
8971
8965
8957
8954
8951
8943
8939
8936
8925
8923
8923
8920
8913
8904
8903
8900
8895
8891
8887
8879
8876
8871
8857
8854
8858
8852
8848
8846
8840
8833
8829
8821
8815
8804
8798
8796
8794
8785
8781
8778
8773
8770
8770
8772
8771
8771
8771
8761
8759
8761
8763
8757
8749
8750
8751
8743
8741
8737
8735
8725
8725
8722
8717
8715
8709
8701
8696
8694
8683
8680
8684
8674
8669
8664
8657
8649
8636
8623
8616
8613
8599
8592
8583
8572
8562
8555
8543
8537
8532
8531
8527
8526
8519
8519
8516
8510
8504
8497
8482
8472
8471
8462
8450
8440
8433
8429
8418
8409
8398
8390
8380
8369
8358
8346
8328
8320
8315
8303
8294
8290
8282
8276
8273
8269
8266
8260
8256
8252
8243
8240
8243
8238
8226
8222
8217
8217
8210
8201
8196
8186
8174
8166
8156
8145
8135
8125
8118
8109
8097
8090
8083
8084
8078
8069
8063
8070
8066
8063
8060
8057
8058
8056
8056
8054
8056
8058
8057
8053
8054
8061
8055
8051
8053
8051
8057
8054
8050
8045
8052
8048
8042
8039
8037
8037
8034
8034
8030
8026
8022
8017
8006
8000
7998
7990
7980
7970
7960
7950
7941
7930
7918
7909
7907
7900
7895
7891
7884
7880
7887
7884
7878
7874
7874
7867
7862
7860
7851
7844
7833
7822
7807
7797
7792
7782
7764
7759
7755
7755
7748
7743
7739
7737
7731
7725
7723
7721
7717
7715
7715
7711
7707
7706
7707
7704
7704
7695
7690
7696
7688
7683
7677
7672
7672
7665
7662
7655
7650
7646
7641
7635
7632
7620
7619
7622
7616
7610
7604
7599
7600
7594
7591
7583
7580
7575
7570
7566
7564
7561
7558
7556
7555
7552
7548
7549
7546
7544
7541
7538
7537
7539
7535
7526
7527
7530
7523
7521
7514
7511
7517
7510
7507
7506
7504
7501
7497
7496
7493
7484
7476
7469
7463
7453
7445
7434
7417
7409
7406
7393
7383
7373
7362
7357
7350
7341
7340
7334
7324
7321
7317
7315
7305
7304
7303
7302
7299
7288
7288
7292
7286
7282
7280
7277
7268
7269
7272
7266
7261
7260
7256
7253
7251
7247
7245
7241
7236
7230
7226
7223
7225
7219
7211
7212
7205
7200
7198
7187
7183
7185
7179
7174
7171
7167
7161
7157
7145
7142
7146
7135
7130
7119
7111
7102
7093
7086
7076
7070
7064
7055
7044
7043
7042
7035
7026
7022
7019
7019
7012
7007
7003
7000
6995
6993
6990
6985
6982
6979
6969
6968
6971
6966
6963
6954
6952
6955
6947
6946
6942
6938
6934
6929
6922
6919
6923
6915
6913
6911
6904
6903
6899
6893
6891
6889
6881
6878
6873
6866
6861
6856
6850
6843
6838
6831
6823
6817
6811
6797
6795
6790
6785
6780
6768
6765
6767
6762
6751
6748
6744
6748
6739
6729
6729
6729
6723
6721
6715
6710
6708
6701
6697
6694
6686
6686
6680
6681
6677
6672
6670
6661
6657
6650
6652
6642
6637
6631
6619
6618
6612
6613
6610
6604
6600
6596
6593
6592
6587
6581
6576
6568
6559
6559
6552
6548
6546
6538
6538
6543
6540
6540
6537
6535
6527
6527
6530
6527
6520
6516
6516
6510
6503
6493
6486
6484
6476
6462
6456
6451
6446
6437
6430
6424
6417
6414
6413
6411
6405
6403
6398
6394
6389
6386
6383
6377
6377
6373
6369
6365
6364
6360
6356
6354
6354
6355
6352
6349
6342
6339
6337
6333
6325
6324
6327
6322
6320
6320
6316
6310
6310
6312
6312
6306
6309
6309
6310
6311
6308
6306
6305
6306
6308
6304
6308
6308
6306
6302
6301
6295
6291
6289
6282
6281
6277
6273
6268
6267
6264
6257
6256
6259
6257
6252
6249
6240
6238
6232
6224
6220
6221
6214
6211
6202
6203
6198
6192
6188
6183
6175
6177
6171
6170
6169
6167
6161
6152
6154
6150
6151
6146
6139
6135
6139
6137
6128
6126
6123
6129
6122
6120
6117
6115
6115
6112
6111
6109
6104
6100
6104
6101
6099
6095
6091
6088
6084
6080
6078
6075
6069
6066
6064
6060
6054
6052
6050
6044
6043
6040
6036
6029
6030
6033
6030
6028
6027
6021
6018
6017
6020
6018
6010
6004
6005
6006
6002
6003
5998
5992
5990
5990
5989
5989
5981
5980
5985
5980
5976
5976
5973
5969
5966
5961
5960
5958
5955
5953
5949
5948
5944
5944
5940
5940
5936
5928
5926
5929
5926
5915
5915
5912
5916
5909
5907
5906
5902
5901
5894
5888
5888
5892
5886
5878
5878
5881
5876
5874
5868
5865
5871
5865
5862
5861
5857
5855
5853
5850
5847
5847
5843
5840
5837
5834
5830
5829
5826
5821
5813
5812
5810
5814
5808
5806
5804
5802
5800
5800
5792
5792
5794
5792
5785
5782
5786
5782
5781
5776
5771
5776
5772
5769
5768
5764
5763
5759
5758
5753
5749
5747
5744
5743
5741
5737
5735
5729
5727
5722
5720
5717
5720
5715
5708
5708
5711
5708
5705
5702
5700
5702
5700
5699
5694
5697
5694
5690
5690
5686
5687
5683
5683
5681
5679
5679
5676
5672
5670
5677
5672
5670
5667
5663
5668
5664
5658
5656
5656
5656
5654
5649
5649
5646
5641
5640
5637
5635
5634
5632
5626
5623
5630
5624
5622
5621
5616
5617
5614
5611
5612
5607
5606
5606
5602
5602
5594
5594
5595
5595
5594
5589
5587
5582
5578
5585
5579
5579
5571
5571
5572
5569
5562
5561
5560
5562
5561
5558
5555
5548
5548
5551
5547
5548
5546
5543
5543
5538
5536
5533
5529
5526
5522
5519
5517
5513
5509
5504
5502
5502
5493
5494
5497
5494
5489
5486
5488
5487
5485
5479
5476
5482
5478
5476
5474
5469
5468
5467
5459
5462
5461
5463
5463
5458
5460
5456
5454
5455
5450
5452
5450
5448
5448
5446
5445
5443
5441
5439
5437
5437
5432
5432
5428
5429
5427
5424
5418
5418
5420
5418
5419
5414
5413
5411
5411
5408
5407
5405
5405
5404
5397
5396
5398
5396
5389
5389
5390
5389
5389
5383
5383
5386
5383
5378
5376
5377
5376
5379
5376
5374
5373
5371
5371
5366
5365
5368
5367
5366
5363
5365
5362
5361
5356
5352
5356
5355
5354
5352
5352
5346
5347
5347
5345
5342
5342
5340
5340
5336
5337
5334
5335
5332
5333
5329
5329
5326
5327
5324
5325
5323
5323
5323
5315
5317
5319
5318
5308
5311
5307
5313
5309
5308
5305
5303
5303
5299
5299
5295
5291
5289
5293
5288
5289
5286
5286
5279
5280
5281
5281
5273
5275
5274
5277
5273
5272
5271
5263
5264
5264
5266
5264
5260
5260
5257
5257
5254
5253
5252
5252
5251
5248
5247
5245
5245
5241
5241
5237
5235
5232
5239
5235
5232
5228
5226
5231
5228
5223
5221
5226
5226
5225
5226
5223
5222
5224
5223
5221
5222
5219
5220
5218
5217
5211
5212
5212
5215
5216
5213
5215
5212
5212
5212
5209
5209
5209
5209
5207
5209
5201
5201
5199
5206
5202
5202
5202
5195
5195
5198
5198
5197
5190
5189
5194
5192
5188
5187
5184
5185
5182
5181
5178
5171
5171
5172
5172
5174
5167
5169
5172
5172
5170
5167
5164
5164
5163
5163
5163
5157
5157
5157
5164
5161
5156
5158
5161
5159
5159
5158
5155
5157
5152
5154
5150
5151
5149
5150
5148
5150
5149
5149
5148
5148
5149
5147
5148
5140
5142
5147
5144
5145
5138
5139
5140
5140
5139
5138
5136
5129
5126
5128
5126
5115
5111
5110
5108
5106
5102
5101
5098
5097
5093
5092
5093
5089
5090
5089
5091
5086
5088
5084
5080
5080
5082
5083
5077
5077
5081
5082
5083
5080
5082
5079
5080
5078
5079
5077
5079
5074
5069
5069
5074
5071
5068
5065
5065
5066
5063
5065
5062
5061
5061
5058
5055
5057
5051
5051
5056
5051
5052
5049
5051
5052
5052
5052
5050
5052
5049
5050
5044
5043
5047
5045
5043
5043
5040
5042
5039
5034
5034
5039
5034
5033
5032
5030
5028
5027
5019
5017
5018
5019
5017
5012
5014
5012
5010
5008
5005
5006
5002
5000
5000
4996
4991
4990
4989
4994
4991
4989
4989
4988
4989
4988
4985
4987
4985
4987
4982
4982
4985
4985
4983
4981
4982
4986
4985
4978
4982
4981
4985
4986
4984
4986
4981
4982
4982
4984
4986
4985
4988
4996
4995
4990
4988
4985
4989
4986
4985
4982
4979
4976
4972
4968
4964
4959
4957
4950
4947
4947
4949
4946
4944
4944
4941
4939
4939
4936
4938
4937
4935
4932
4931
4937
4935
4933
4935
4932
4930
4931
4932
4929
4930
4930
4929
4930
4927
4923
4924
4927
4929
4929
4927
4930
4929
4931
4931
4931
4929
4925
4925
4930
4927
4927
4927
4927
4926
4928
4922
4925
4928
4927
4922
4924
4922
4926
4925
4920
4921
4927
4927
4925
4926
4922
4924
4922
4916
4913
4912
4913
4912
4912
4908
4907
4907
4902
4905
4902
4898
4897
4900
4900
4897
4897
4894
4893
4893
4891
4893
4889
4889
4889
4887
4887
4883
4885
4888
4887
4884
4886
4883
4882
4883
4885
4885
4883
4882
4880
4881
4878
4879
4876
4874
4875
4874
4875
4873
4869
4867
4875
4870
4867
4865
4866
4869
4866
4865
4864
4866
4862
4863
4857
4856
4860
4856
4856
4852
4849
4843
4844
4846
4843
4841
4840
4839
4840
4838
4836
4834
4835
4832
4827
4828
4829
4833
4833
4833
4832
4828
4827
4827
4829
4827
4827
4827
4824
4824
4824
4823
4823
4819
4818
4824
4821
4819
4821
4820
4815
4817
4817
4818
4816
4814
4816
4812
4813
4809
4808
4813
4813
4808
4809
4808
4806
4808
4806
4806
4800
4801
4801
4807
4806
4804
4807
4815
4817
4815
4815
4815
4812
4811
4811
4808
4808
4805
4802
4803
4802
4800
4801
4795
4797
4799
4800
4797
4793
4791
4795
4793
4790
4790
4790
4789
4787
4788
4787
4783
4783
4780
4784
4785
4781
4782
4776
4778
4780
4783
4781
4783
4782
4783
4785
4784
4784
4782
4779
4781
4784
4782
4783
4781
4780
4780
4777
4776
4776
4774
4773
4775
4772
4771
4764
4764
4770
4764
4764
4759
4759
4760
4758
4754
4753
4758
4760
4758
4760
4759
4757
4758
4760
4759
4757
4757
4756
4754
4753
4752
4751
4751
4748
4748
4753
4750
4748
4749
4746
4748
4747
4742
4745
4753
4750
4752
4753
4754
4753
4755
4749
4750
4755
4752
4751
4746
4745
4747
4746
4743
4739
4739
4736
4733
4734
4731
4730
4730
4724
4724
4722
4728
4727
4726
4726
4725
4724
4725
4725
4723
4724
4726
4719
4720
4725
4724
4726
4725
4726
4724
4724
4732
4731
4730
4731
4730
4730
4730
4722
4726
4724
4726
4723
4723
4720
4720
4718
4712
4713
4711
4714
4715
4709
4711
4712
4712
4710
4710
4709
4702
4706
4708
4707
4704
4706
4706
4707
4707
4703
4706
4709
4710
4711
4710
4711
4709
4710
4708
4711
4710
4707
4710
4707
4709
4707
4708
4705
4703
4703
4700
4700
4695
4696
4699
4698
4696
4690
4691
4693
4692
4687
4687
4687
4688
4692
4690
4691
4693
4693
4692
4693
4693
4694
4693
4694
4695
4694
4694
4695
4693
4694
4691
4691
4687
4686
4688
4689
4691
4684
4683
4689
4684
4687
4687
4685
4680
4680
4685
4681
4682
4681
4681
4677
4676
4682
4679
4679
4679
4680
4674
4676
4680
4681
4674
4675
4677
4684
4685
4689
4690
4697
4698
4699
4703
4702
4702
4697
4696
4693
4692
4689
4687
4684
4681
4681
4679
4675
4675
4671
4673
4671
4666
4667
4670
4669
4665
4665
4666
4659
4661
4662
4662
4656
4660
4660
4666
4662
4660
4660
4668
4666
4666
4666
4665
4666
4663
4665
4663
4663
4664
4662
4664
4662
4663
4664
4665
4665
4665
4663
4662
4667
4667
4666
4666
4663
4667
4665
4660
4660
4667
4662
4662
4657
4657
4649
4650
4652
4650
4647
4646
4644
4643
4640
4640
4641
4635
4638
4638
4642
4640
4644
4642
4646
4645
4644
4642
4643
4647
4643
4641
4640
4646
4644
4644
4647
4643
4647
4644
4639
4641
4639
4644
4640
4641
4640
4634
4636
4635
4637
4636
4633
4632
4632
4631
4630
4633
4633
4632
4632
4631
4631
4631
4630
4631
4630
4632
4632
4630
4630
4626
4623
4621
4619
4623
4621
4622
4620
4616
4614
4612
4617
4614
4609
4608
4614
4612
4613
4614
4612
4611
4610
4616
4614
4612
4612
4608
4605
4605
4605
4605
4595
4597
4596
4598
4598
4594
4596
4596
4597
4598
4600
4601
4603
4603
4606
4607
4602
4603
4602
4605
4602
4602
4602
4600
4599
4597
4593
4592
4597
4592
4594
4591
4590
4590
4590
4587
4587
4585
4586
4587
4587
4589
4591
4591
4587
4591
4595
4595
4593
4588
4588
4589
4590
4590
4589
4586
4585
4586
4591
4587
4586
4585
4583
4583
4579
4579
4580
4577
4579
4577
4576
4578
4579
4577
4573
4573
4578
4575
4575
4575
4573
4570
4569
4575
4574
4572
4569
4568
4574
4572
4573
4570
4570
4568
4568
4567
4568
4564
4563
4570
4568
4568
4568
4565
4564
4563
4569
4567
4566
4566
4566
4567
4565
4568
4569
4570
4572
4572
4573
4571
4567
4567
4572
4569
4570
4568
4570
4564
4566
4570
4570
4568
4568
4567
4566
4566
4558
4563
4564
4563
4562
4560
4562
4559
4560
4559
4561
4559
4557
4557
4562
4563
4561
4559
4560
4560
4559
4557
4554
4558
4558
4550
4554
4554
4559
4559
4559
4561
4555
4560
4561
4564
4566
4565
4566
4560
4564
4565
4565
4564
4563
4564
4559
4559
4558
4558
4557
4555
4556
4554
4556
4557
4557
4556
4554
4558
4556
4556
4553
4555
4553
4556
4555
4551
4550
4556
4555
4554
4553
4554
4547
4548
4550
4548
4547
4544
4545
4538
4540
4543
4542
4541
4543
4541
4544
4545
4545
4547
4544
4545
4544
4546
4545
4540
4543
4546
4544
4541
4542
4541
4545
4544
4539
4538
4543
4541
4539
4540
4539
4541
4538
4539
4541
4539
4543
4539
4539
4538
4543
4543
4537
4540
4539
4546
4543
4544
4544
4538
4540
4541
4542
4541
4540
4540
4538
4537
4533
4532
4533
4536
4533
4534
4532
4533
4531
4530
4531
4530
4530
4532
4527
4529
4529
4528
4527
4524
4526
4529
4530
4528
4529
4527
4526
4527
4526
4525
4528
4526
4527
4525
4525
4529
4528
4526
4524
4530
4530
4527
4529
4526
4522
4522
4528
4527
4525
4525
4523
4524
4526
4518
4520
4520
4523
4524
4521
4524
4529
4531
4533
4537
4537
4537
4538
4540
4536
4535
4532
4530
4528
4525
4520
4519
4523
4521
4519
4521
4518
4513
4515
4519
4520
4517
4515
4517
4511
4513
4514
4511
4513
4513
4513
4515
4513
4516
4514
4509
4511
4509
4514
4514
4515
4518
4517
4518
4516
4515
4517
4512
4513
4510
4511
4510
4509
4510
4509
4510
4510
4507
4504
4505
4509
4514
4513
4512
4521
4527
4532
4534
4538
4543
4556
4563
4568
4577
4579
4586
4596
4605
4615
4620
4627
4642
4646
4655
4659
4668
4681
4684
4689
4698
4708
4718
4725
4728
4738
4748
4756
4756
4765
4774
4783
4790
4795
4800
4806
4810
4816
4816
4822
4824
4826
4829
4831
4829
4830
4828
