3859
3856
3853
3853
3853
3852
3849
3843
3840
3841
3838
3836
3832
3827
3823
3821
3818
3814
3809
3802
3800
3802
3797
3793
3790
3787
3785
3780
3775
3773
3769
3767
3764
3759
3756
3755
3751
3743
3742
3745
3742
3737
3729
3729
3732
3728
3719
3719
3719
3720
3716
3714
3714
3713
3709
3709
3708
3707
3704
3702
3695
3696
3701
3701
3697
3694
3693
3693
3689
3688
3687
3683
3679
3677
3680
3679
3675
3672
3671
3669
3667
3659
3660
3665
3662
3661
3662
3663
3658
3657
3661
3660
3659
3655
3656
3655
3654
3651
3651
3649
3646
3646
3647
3645
3644
3645
3639
3638
3642
3642
3641
3636
3636
3642
3639
3636
3635
3635
3631
3628
3633
3632
3629
3626
3629
3630
3629
3625
3627
3631
3629
3627
3627
3628
3625
3625
3626
3625
3624
3626
3626
3627
3627
3628
3629
3623
3623
3628
3631
3628
3626
3627
3628
3626
3626
3626
3624
3618
3618
3624
3622
3613
3615
3617
3619
3616
3612
3613
3617
3615
3613
3613
3611
3609
3607
3608
3608
3608
3606
3602
3603
3602
3603
3602
3595
3597
3598
3601
3600
3594
3596
3601
3602
3598
3596
3595
3600
3598
3597
3598
3602
3598
3599
3601
3601
3601
3600
3596
3596
3599
3601
3598
3598
3599
3598
3598
3597
3597
3598
3599
3600
3593
3595
3601
3602
3600
3600
3598
3599
3599
3599
3598
3597
3597
3598
3594
3593
3595
3593
3590
3589
3588
3591
3589
3587
3588
3584
3582
3582
3587
3585
3580
3582
3588
3587
3583
3580
3582
3585
3585
3584
3584
3583
3582
3583
3585
3583
3582
3582
3584
3585
3584
3579
3581
3584
3585
3580
3581
3581
3584
3584
3584
3584
3583
3582
3580
3580
3582
3589
3587
3585
3586
3582
3583
3583
3587
3585
3585
3585
3582
3584
3584
3588
3586
3587
3587
3588
3588
3589
3587
3587
3584
3584
3592
3591
3590
3590
3589
3590
3591
3589
3591
3590
3590
3591
3590
3591
3595
3595
3593
3595
3595
3598
3598
3598
3597
3594
3596
3602
3601
3602
3601
3600
3602
3603
3602
3605
3604
3598
3600
3610
3609
3608
3608
3608
3609
3609
3613
3613
3615
3616
3617
3618
3618
3623
3625
3622
3624
3631
3631
3631
3632
3633
3631
3634
3641
3643
3645
3646
3649
3648
3651
3651
3654
3656
3660
3660
3661
3663
3665
3667
3669
3671
3675
3679
3685
3683
3687
3694
3694
3695
3699
3702
3703
3709
3706
3709
3717
3717
3717
3718
3720
3729
3732
3731
3736
3742
3749
3751
3750
3754
3764
3767
3770
3776
3778
3782
3785
3787
3791
3797
3803
3808
3814
3816
3817
3822
3832
3835
3840
3841
3847
3855
3857
3858
3862
3870
3875
3881
3885
3890
3895
3898
3902
3907
3912
3917
3921
3927
3933
3938
3943
3949
3954
3961
3966
3971
3977
3982
3987
3993
4000
4012
4017
4020
4027
4040
4046
4053
4059
4065
4074
4081
4090
4098
4106
4112
4120
4133
4140
4144
4154
4167
4177
4185
4195
4203
4207
4219
4233
4239
4246
4252
4259
4265
4274
4281
4288
4296
4303
4310
4317
4323
4329
4338
4345
4354
4361
4370
4375
4387
4397
4405
4417
4426
4433
4446
4459
4467
4470
4480
4490
4503
4514
4519
4530
4547
4555
4566
4575
4585
4595
4603
4613
4621
4630
4638
4646
4654
4662
4665
4675
4691
4699
4707
4716
4725
4735
4747
4758
4770
4785
4798
4809
4818
4831
4849
4861
4867
4878
4891
4907
4914
4921
4933
4951
4960
4970
4980
4990
5000
5012
5017
5029
5046
5059
5071
5083
5094
5104
5117
5135
5145
5157
5171
5181
5191
5203
5212
5221
5234
5246
5255
5262
5274
5292
5302
5313
5325
5337
5351
5364
5375
5387
5398
5412
5424
5435
5446
5456
5465
5477
5488
5497
5504
5516
5533
5543
5554
5568
5580
5593
5608
5621
5633
5641
5653
5673
5681
5695
5706
5718
5731
5741
5747
5761
5773
5789
5797
5803
5813
5829
5840
5845
5855
5864
5879
5888
5899
5910
5922
5932
5942
5951
5957
5968
5979
5989
5999
6008
6015
6025
6037
6047
6052
6063
6077
6086
6092
6102
6111
6121
6130
6133
6143
6149
6162
6170
6174
6182
6199
6206
6212
6219
6230
6242
6255
6265
6276
6285
6293
6311
6328
6338
6347
6358
6366
6378
6388
6398
6408
6418
6425
6431
6436
6445
6451
6459
6458
6468
6477
6481
6481
6485
6488
6498
6497
6496
6497
6493
6498
6503
6511
6516
6516
6526
6538
6542
6555
6566
6575
6585
6596
6606
6619
6627
6637
6649
6660
6669
6675
6685
6691
6694
6703
6709
6710
6717
6722
6729
6734
6738
6750
6757
6757
6765
6775
6774
6770
6769
6767
6775
6776
6772
6772
6780
6777
6776
6774
6778
6790
6791
6795
6798
6804
6808
6811
6817
6823
6830
6835
6843
6849
6856
6863
6870
6875
6879
6895
6900
6909
6916
6919
6922
6925
6939
6944
6945
6948
6957
6966
6970
6977
6982
6987
6992
6994
6995
7002
7006
7011
7014
7014
7021
7022
7025
7026
7028
7026
7026
7030
7028
7031
7040
7043
7047
7051
7053
7059
7062
7063
7064
7055
7058
7065
7064
7065
7059
7062
7069
7070
7065
7073
7077
7084
7086
7086
7090
7100
7099
7103
7099
7099
7095
7098
7100
7102
7104
7106
7107
7111
7116
7115
7117
7112
7117
7121
7126
7133
7133
7135
7133
7133
7143
7145
7148
7153
7156
7160
7163
7169
7175
7181
7186
7191
7195
7197
7190
7199
7199
7206
7205
7205
7205
7204
7201
7197
7197
7197
7193
7195
7200
7195
7195
7189
7186
7181
7174
7165
7155
7152
7150
7146
7144
7145
7154
7155
7152
7157
7168
7172
7178
7181
7186
7182
7185
7197
7198
7197
7202
7203
7204
7201
7196
7198
7198
7199
7199
7196
7192
7190
7186
7180
7177
7178
7176
7176
7178
7178
7178
7180
7182
7178
7179
7188
7187
7184
7188
7190
7196
7197
7197
7193
7191
7188
7186
7182
7180
7175
7171
7162
7157
7161
7154
7148
7149
7147
7145
7145
7146
7146
7147
7146
7143
7139
7143
7147
7148
7147
7150
7151
7150
7148
7155
7155
7153
7156
7153
7149
7148
7139
7142
7149
7143
7142
7133
7134
7137
7130
7126
7123
7115
7111
7108
7109
7106
7102
7098
7090
7089
7087
7090
7085
7077
7072
7064
7059
7055
7051
7049
7046
7043
7035
7033
7036
7031
7027
7025
7023
7020
7015
7008
7002
6997
6991
6985
6980
6977
6973
6972
6974
6972
6970
6963
6967
6974
6973
6965
6966
6967
6971
6968
6960
6957
6963
6956
6951
6944
6937
6930
6925
6916
6915
6912
6910
6907
6907
6903
6902
6900
6898
6894
6898
6895
6894
6887
6889
6894
6888
6885
6883
6880
6877
6875
6870
6868
6865
6863
6860
6858
6855
6845
6845
6850
6848
6843
6842
6839
6836
6836
6827
6826
6821
6823
6818
6811
6807
6811
6804
6798
6790
6786
6788
6780
6778
6773
6763
6759
6758
6758
6755
6751
6748
6745
6742
6739
6738
6735
6734
6730
6731
6731
6731
6735
6735
6732
6733
6734
6734
6727
6725
6722
6726
6721
6716
6711
6700
6701
6699
6701
6698
6695
6692
6687
6682
6680
6673
6671
6678
6673
6672
6670
6667
6661
6660
6665
6661
6652
6648
6654
6648
6643
6641
6635
6630
6625
6620
6619
6614
6611
6608
6601
6598
6601
6596
6589
6584
6581
6581
6576
6571
6567
6564
6559
6555
6551
6547
6541
6540
6534
6532
6526
6520
6515
6502
6501
6500
6493
6487
6481
6477
6472
6464
6458
6452
6445
6440
6435
6431
6422
6411
6408
6408
6399
6397
6385
6382
6385
6380
6365
6362
6364
6361
6356
6344
6341
6344
6337
6327
6328
6323
6325
6319
6315
6313
6310
6304
6302
6298
6293
6286
6279
6275
6268
6260
6252
6248
6243
6236
6227
6220
6223
6217
6210
6204
6197
6186
6182
6181
6173
6166
6154
6150
6150
6144
6130
6128
6132
6129
6124
6120
6116
6108
6107
6112
6108
6104
6102
6100
6095
6093
6092
6088
6084
6081
6079
6077
6075
6073
6067
6059
6055
6054
6054
6050
6045
6038
6033
6029
6026
6020
6014
6007
6004
6007
6003
5998
5990
5989
5991
5987
5983
5980
5978
5976
5973
5970
5968
5965
5962
5952
5952
5951
5954
5945
5946
5943
5938
5936
5933
5926
5924
5924
5921
5911
5908
5909
5906
5902
5896
5892
5886
5881
5877
5871
5867
5863
5857
5856
5852
5841
5841
5839
5842
5838
5834
5830
5828
5824
5820
5818
5813
5805
5804
5806
5801
5800
5794
5791
5784
5782
5785
5780
5771
5772
5768
5771
5767
5763
5761
5757
5754
5745
5742
5738
5740
5736
5733
5728
5722
5718
5715
5710
5705
5703
5697
5695
5690
5684
5677
5674
5676
5672
5658
5658
5661
5657
5654
5646
5642
5643
5639
5633
5629
5625
5621
5616
5614
5609
5606
5601
5599
5594
5590
5590
5586
5583
5581
5571
5569
5566
5567
5564
5555
5552
5555
5549
5546
5537
5537
5540
5533
5528
5525
5521
5518
5513
5509
5508
5500
5496
5498
5493
5491
5485
5484
5478
5475
5473
5470
5465
5461
5457
5449
5447
5450
5445
5440
5430
5428
5431
5428
5425
5426
5416
5411
5410
5412
5409
5408
5404
5402
5399
5395
5394
5391
5389
5385
5378
5376
5375
5378
5372
5368
5367
5361
5361
5357
5356
5351
5343
5342
5347
5345
5338
5338
5336
5331
5328
5327
5323
5312
5314
5314
5317
5312
5305
5304
5307
5302
5295
5289
5289
5290
5287
5278
5279
5277
5274
5270
5270
5265
5261
5256
5255
5252
5248
5243
5239
5236
5234
5230
5227
5224
5222
5219
5217
5214
5212
5209
5207
5204
5203
5200
5197
5194
5192
5190
5185
5180
5176
5173
5175
5173
5172
5168
5163
5158
5156
5156
5153
5149
5145
5143
5141
5137
5135
5131
5122
5121
5124
5119
5115
5110
5109
5111
5110
5101
5102
5104
5102
5099
5097
5095
5088
5086
5086
5082
5081
5078
5075
5070
5067
5066
5064
5062
5059
5055
5049
5050
5055
5053
5044
5042
5038
5042
5035
5032
5032
5027
5021
5021
5017
5011
5007
5005
5002
5001
4999
4995
4990
4985
4984
4979
4978
4983
4981
4979
4971
4968
4971
4969
4965
4961
4960
4957
4954
4946
4944
4949
4945
4941
4933
4932
4933
4929
4928
4924
4921
4918
4917
4914
4912
4909
4907
4904
4901
4898
4895
4892
4883
4881
4884
4880
4876
4868
4867
4869
4867
4864
4860
4859
4856
4854
4852
4847
4842
4839
4844
4841
4834
4832
4830
4822
4820
4826
4822
4819
4813
4809
4812
4807
4804
4801
4800
4799
4797
4793
4792
4788
4786
4784
4781
4777
4775
4773
4767
4765
4769
4764
4762
4757
4756
4754
4752
4750
4749
4742
4741
4740
4743
4741
4739
4736
4725
4728
4727
4730
4726
4725
4724
4716
4716
4715
4716
4713
4707
4704
4707
4704
4701
4698
4694
4694
4691
4688
4686
4683
4684
4681
4679
4677
4674
4673
4670
4670
4669
4660
4661
4663
4661
4652
4650
4654
4653
4650
4650
4647
4639
4638
4644
4639
4636
4633
4630
4627
4624
4623
4622
4619
4619
4617
4614
4614
4613
4610
4608
4607
4606
4600
4598
4602
4599
4597
4597
4596
4591
4589
4595
4592
4591
4588
4585
4580
4580
4583
4580
4576
4575
4573
4571
4570
4564
4562
4566
4564
4556
4555
4554
4556
4553
4548
4548
4552
4550
4547
4545
4544
4543
4540
4538
4534
4534
4533
4531
4526
4526
4529
4527
4525
4523
4521
4514
4514
4517
4515
4513
4513
4512
4505
4506
4511
4505
4504
4503
4502
4501
4500
4498
4497
4493
4494
4492
4490
4489
4486
4483
4477
4477
4483
4475
4475
4473
4471
4470
4466
4459
4458
4461
4461
4458
4456
4454
4448
4448
4454
4451
4449
4447
4444
4442
4442
4441
4440
4437
4434
4434
4440
4437
4428
4430
4432
4431
4431
4424
4424
4428
4426
4423
4421
4419
4419
4417
4416
4416
4408
4409
4408
4411
4411
4409
4408
4401
4402
4401
4403
4401
4397
4397
4396
4395
4388
4389
4386
4390
4387
4385
4383
4382
4380
4378
4375
4372
4368
4366
4374
4369
4368
4366
4363
4360
4360
4357
4357
4351
4350
4350
4355
4352
4349
4347
4342
4340
4341
4343
4342
4338
4337
4337
4334
4329
4329
4329
4333
4332
4330
4329
4321
4322
4320
4325
4323
4324
4322
4319
4318
4315
4315
4312
4311
4309
4308
4305
4303
4303
4300
4295
4293
4298
4294
4288
4289
4288
4292
4291
4291
4289
4290
4288
4288
4285
4287
4281
4282
4285
4282
4277
4276
4275
4278
4276
4271
4269
4272
4270
4268
4266
4265
4267
4262
4259
4261
4260
4258
4258
4253
4251
4259
4254
4253
4251
4249
4250
4248
4247
4247
4239
4240
4239
4243
4243
4236
4236
4240
4236
4235
4227
4226
4231
4229
4228
4227
4226
4224
4223
4223
4223
4222
4221
4217
4217
4217
4215
4215
4208
4209
4213
4211
4209
4206
4206
4209
4208
4207
4207
4204
4202
4202
4206
4205
4203
4202
4201
4200
4196
4195
4196
4193
4192
4192
4190
4189
4186
4185
4179
4178
4186
4183
4177
4173
4174
4179
4178
4173
4172
4177
4176
4172
4172
4172
4169
4166
4161
4162
4162
4165
4163
4163
4162
4162
4161
4159
4157
4155
4154
4155
4154
4154
4154
4153
4152
4151
4151
4145
4146
4151
4148
4146
4141
4141
4145
4143
4141
4141
4136
4134
4134
4138
4136
4130
4129
4136
4132
4131
4131
4130
4130
4128
4128
4128
4125
4124
4123
4122
4120
4119
4118
4119
4118
4118
4113
4112
4118
4116
4115
4112
4111
4109
4105
4105
4103
4103
4102
4101
4095
4097
4100
4099
4091
4096
4097
4096
4093
4088
4087
4092
4092
4090
4088
4086
4086
4084
4084
4083
4082
4081
4080
4079
4078
4080
4079
4071
4073
4076
4076
4074
4070
4070
4073
4071
4072
4071
4072
4066
4067
4071
4069
4064
4063
4064
4065
4065
4059
4062
4065
4061
4060
4059
4060
4059
4059
4058
4056
4050
4050
4048
4053
4051
4048
4048
4047
4047
4046
4045
4044
4038
4039
4043
4041
4039
4039
4037
4039
4037
4031
4034
4037
4036
4035
4033
4031
4025
4026
4033
4030
4029
4027
4025
4023
4022
4016
4016
4023
4022
4022
4023
4023
4023
4023
4022
4021
4021
4017
4020
4013
4014
4018
4016
4014
4013
4012
4012
4011
4004
4005
4011
4007
4006
4008
4006
4001
4002
4006
4003
4003
3998
3998
4001
3999
3999
3998
3997
3997
3995
3996
3995
3989
3990
3995
3995
3994
3992
3991
3990
3989
3986
3986
3983
3984
3984
3984
3984
3977
3979
3980
3981
3982
3980
3980
3974
3975
3979
3980
3979
3976
3976
3981
3980
3977
3977
3974
3974
3973
3973
3971
3971
3968
3969
3969
3965
3962
3962
3964
3964
3963
3962
3961
3958
3959
3958
3960
3954
3954
3955
3957
3958
3954
3954
3949
3949
3950
3954
3953
3951
3950
3945
3945
3949
3950
3947
3941
3941
3945
3944
3941
3942
3941
3941
3940
3939
3937
3933
3933
3933
3937
3936
3936
3933
3933
3933
3930
3931
3931
3926
3927
3931
3930
3929
3928
3929
3928
3928
3926
3925
3926
3926
3925
3924
3923
3924
3923
3923
3922
3916
3916
3915
3919
3917
3913
3912
3919
3918
3917
3916
3916
3915
3915
3917
3913
3912
3915
3915
3908
3909
3913
3912
3912
3912
3911
3909
3908
3901
3902
3909
3907
3904
3899
3899
3903
3900
3900
3900
3899
3898
3897
3896
3895
3895
3893
3893
3892
3890
3891
3890
3888
3888
3886
3888
3884
3887
3885
3879
3879
3884
3882
3882
3877
3876
3880
3879
3873
3874
3878
3878
3877
3873
3873
3877
3875
3874
3873
3872
3871
3871
3870
3870
3870
3869
3868
3868
3867
3868
3867
3867
3867
3863
3860
3861
3864
3865
3861
3862
3867
3865
3864
3860
3859
3865
3862
3855
3858
3859
3863
3861
3860
3858
3858
3856
3856
3855
3855
3855
3855
3854
3855
3854
3854
3854
3852
3851
3852
3849
3844
3844
3844
3849
3845
3843
3846
3845
3844
3840
3838
3839
3842
3841
3836
3837
3841
3839
3839
3834
3834
3840
3837
3837
3836
3837
3835
3836
3835
3833
3835
3835
3830
3831
3831
3836
3836
3835
3834
3833
3833
3833
3834
3832
3830
3831
3830
3830
3830
3828
3827
3832
3830
3825
3824
3829
3829
3828
3824
3823
3827
3826
3826
3826
3827
3825
3824
3824
3823
3823
3822
3821
3820
3818
3819
3817
3815
3815
3815
3815
3813
3810
3810
3813
3813
3812
3812
3813
3806
3807
3814
3812
3806
3808
3808
3811
3810
3810
3811
3810
3808
3803
3802
3804
3807
3805
3804
3803
3805
3803
3803
3803
3803
3803
3803
3803
3802
3801
3797
3797
3803
3799
3800
3797
3798
3798
3798
3798
3796
3791
3791
3796
3796
3794
3790
3790
3794
3794
3790
3790
3790
3794
3792
3791
3791
3790
3791
3786
3788
3787
3793
3794
3792
3792
3791
3789
3790
3789
3787
3789
3785
3784
3786
3784
3786
3786
3786
3785
3779
3779
3784
3783
3781
3781
3779
3779
3778
3772
3774
3774
3779
3778
3777
3776
3772
3773
3774
3776
3776
3770
3772
3776
3774
3773
3774
3773
3773
3772
3770
3771
3769
3770
3768
3769
3768
3768
3767
3762
3766
3768
3769
3769
3765
3768
3770
3769
3763
3763
3763
3767
3766
3766
3767
3766
3766
3764
3763
3762
3761
3761
3754
3755
3757
3760
3760
3759
3759
3760
3759
3754
3752
3755
3758
3758
3755
3757
3752
3753
3753
3756
3754
3756
3756
3754
3753
3753
3751
3750
3751
3751
3752
3753
3753
3751
3751
3745
3746
3752
3748
3744
3745
3745
3748
3748
3749
3749
3749
3747
3744
3745
3744
3745
3744
3744
3744
3744
3742
3741
3736
3737
3743
3741
3736
3736
3736
3740
3737
3738
3737
3734
3734
3735
3739
3738
3735
3734
3735
3734
3735
3733
3732
3729
3730
3736
3734
3727
3729
3729
3735
3733
3732
3733
3733
3733
3731
3730
3731
3728
3727
3731
3730
3728
3726
3727
3727
3728
3726
3725
3725
3724
3726
3725
3725
3725
3723
3721
3723
3722
3723
3722
3721
3720
3716
3719
3723
3724
3722
3720
3721
3716
3715
3718
3717
3717
3717
3718
3713
3712
3717
3717
3718
3718
3718
3717
3716
3715
3715
3715
3717
3716
3715
3714
3712
3712
3712
3712
3713
3707
3708
3712
3710
3710
3710
3710
3707
3708
3712
3710
3704
3704
3707
3705
3705
3705
3705
3706
3705
3701
3701
3701
3705
3703
3698
3699
3705
3702
3703
3703
3703
3703
3702
3701
3701
3698
3698
3698
3696
3696
3692
3691
3697
3696
3695
3694
3692
3692
3691
3690
3690
3690
3687
3686
3691
3691
3691
3689
3685
3684
3683
3688
3687
3683
3684
3690
3689
3688
3683
3684
3690
3687
3686
3686
3685
3687
3687
3687
3685
3684
3682
3682
3681
3683
3683
3683
3677
3678
3684
3682
3682
3681
3680
3679
3679
3680
3680
3680
3677
3677
3680
3680
3673
3674
3678
3678
3678
3675
3675
3679
3677
3670
3671
3671
3676
3676
3673
3674
3679
3677
3677
3675
3675
3673
3674
3675
3675
3674
3675
3673
3673
3672
3670
3670
3672
3673
3672
3668
3669
3676
3676
3675
3674
3672
3674
3674
3673
3672
3672
3674
3670
3671
3671
3675
3674
3670
3668
3674
3673
3673
3674
3673
3669
3669
3674
3672
3672
3671
3673
3670
3670
3668
3666
3668
3668
3669
3669
3668
3663
3663
3668
3666
3666
3666
3665
3660
3660
3665
3663
3662
3661
3661
3663
3661
3657
3657
3661
3660
3661
3659
3661
3661
3661
3655
3656
3654
3658
3658
3656
3656
3655
3656
3654
3655
3652
3652
3653
3649
3650
3654
3653
3653
3651
3653
3657
3656
3654
3653
3653
3651
3652
3647
3649
3654
3655
3652
3648
3649
3655
3653
3652
3652
3648
3647
3648
3653
3651
3653
3653
3651
3650
3649
3648
3646
3648
3649
3645
3646
3646
3649
3647
3646
3647
3646
3646
3645
3645
3643
3642
3642
3642
3642
3643
3641
3642
3639
3638
3634
3634
3642
3641
3640
3635
3633
3640
3640
3634
3634
3638
3636
3638
3636
3636
3636
3634
3635
3637
3635
3631
3632
3636
3637
3640
3641
3641
3643
3641
3639
3638
3639
3639
3639
3637
3638
3638
3639
3638
3639
3640
3643
3646
3646
3649
3645
3644
3649
3648
3647
3645
3646
3652
3649
3649
3649
3648
3648
3646
3641
3642
3647
3643
3640
3639
3638
3638
3638
3638
3636
3635
3634
3633
3631
3632
3636
3636
3637
3637
3636
3633
3633
3629
3629
3634
3632
3625
3625
3625
3628
3627
3621
3621
3626
3625
3624
3623
3623
3616
3621
3627
3624
3623
3624
3623
3625
3624
3623
3622
3622
3624
3627
3630
3631
3632
3633
3636
3638
3639
3638
3638
3638
3637
3637
3633
3631
3629
3630
3628
3626
3625
3623
3624
3623
3625
3625
3623
3619
3620
3624
3623
3624
3622
3620
3618
3616
3611
3613
3617
3617
3615
3611
3611
3615
3613
3607
3608
3607
3610
3608
3606
3606
3607
3609
3610
3608
3608
3606
3605
3604
3606
3604
3603
3604
3604
3604
3605
3606
3601
3600
3600
3606
3605
3600
3600
3605
3605
3604
3601
3602
3609
3608
3608
3606
3605
3604
3605
3603
3601
3600
3600
3600
3601
3601
3600
3599
3598
3598
3595
3596
3597
3600
3597
3599
3598
3598
3599
3596
3597
3595
3601
3600
3599
3598
3600
3599
3598
3593
3593
3596
3595
3594
3596
3594
3591
3591
3595
3594
3595
3594
3594
3596
3597
3599
3598
3598
3597
3597
3600
3600
3600
3599
3591
3592
3597
3595
3593
3588
3589
3593
3592
3591
3590
3591
3591
3594
3596
3597
3596
3597
3597
3595
3595
3591
3592
3595
3594
3592
3592
3592
3592
3592
3591
3590
3589
3587
3587
3587
3586
3581
3583
3588
3585
3585
3585
3587
3589
3590
3587
3590
3598
3601
3602
3602
3607
3615
3619
3619
3625
3633
3640
3644
3646
3654
3664
3669
3675
3680
3685
3687
3693
3705
3712
3718
3726
3731
3737
3742
3747
3753
3754
3760
3769
3778
3784
3790
3794
3793
3799
3809
3811
3815
3817
3818
3823
3825
3827
3826
3828
3828
3828
