3784
3784
3782
3783
3782
3783
3781
3779
3777
3776
3774
3768
3766
3767
3764
3757
3756
3756
3753
3749
3746
3743
3739
3734
3731
3729
3725
3720
3716
3712
3711
3707
3703
3700
3697
3695
3686
3684
3688
3686
3678
3674
3674
3675
3671
3668
3666
3657
3656
3654
3658
3653
3652
3651
3647
3645
3642
3641
3639
3638
3636
3633
3630
3627
3626
3623
3617
3618
3623
3620
3612
3612
3614
3616
3613
3614
3611
3603
3604
3605
3607
3603
3601
3599
3599
3596
3593
3591
3589
3592
3593
3591
3591
3587
3588
3588
3585
3585
3587
3585
3585
3587
3586
3584
3587
3581
3581
3586
3585
3584
3581
3583
3581
3582
3580
3582
3577
3575
3574
3580
3577
3572
3574
3577
3575
3573
3568
3569
3572
3569
3563
3564
3565
3565
3565
3562
3560
3559
3559
3555
3554
3553
3550
3551
3550
3549
3547
3547
3547
3542
3542
3546
3546
3545
3546
3545
3541
3541
3547
3545
3544
3546
3540
3539
3543
3546
3544
3546
3544
3542
3542
3542
3541
3541
3542
3544
3542
3543
3543
3540
3540
3536
3533
3541
3540
3538
3538
3538
3530
3532
3534
3533
3534
3532
3532
3529
3529
3533
3532
3532
3534
3531
3531
3532
3530
3530
3530
3528
3524
3526
3528
3531
3532
3530
3530
3531
3529
3529
3530
3529
3527
3528
3527
3525
3525
3523
3524
3527
3526
3521
3522
3525
3523
3523
3524
3523
3518
3520
3525
3523
3523
3524
3524
3523
3523
3517
3516
3521
3522
3519
3523
3521
3521
3521
3522
3521
3522
3522
3524
3522
3521
3522
3520
3521
3520
3518
3514
3515
3518
3515
3515
3514
3513
3512
3515
3509
3508
3512
3512
3511
3506
3508
3512
3510
3506
3507
3506
3511
3511
3511
3514
3515
3513
3515
3514
3513
3515
3514
3509
3512
3518
3516
3514
3512
3511
3515
3516
3515
3514
3513
3511
3512
3512
3511
3508
3509
3512
3515
3515
3510
3511
3518
3516
3514
3515
3516
3516
3517
3519
3518
3518
3521
3522
3522
3525
3524
3525
3527
3527
3524
3525
3527
3530
3530
3532
3531
3531
3533
3535
3533
3534
3534
3533
3531
3533
3533
3538
3539
3536
3537
3543
3544
3541
3541
3543
3549
3548
3549
3552
3547
3549
3550
3556
3557
3557
3558
3561
3561
3560
3563
3565
3566
3569
3565
3567
3571
3577
3577
3574
3575
3585
3585
3587
3589
3590
3588
3589
3597
3598
3599
3602
3602
3605
3607
3605
3609
3615
3618
3622
3623
3624
3629
3632
3632
3637
3638
3640
3644
3648
3651
3653
3659
3662
3664
3668
3672
3676
3683
3688
3691
3695
3698
3702
3705
3703
3707
3711
3716
3711
3713
3718
3728
3730
3729
3736
3748
3751
3755
3760
3765
3769
3775
3780
3785
3789
3793
3797
3797
3805
3817
3823
3823
3828
3834
3840
3846
3851
3852
3855
3861
3869
3873
3878
3877
3884
3895
3897
3899
3903
3911
3922
3926
3930
3936
3945
3951
3957
3962
3971
3979
3983
3991
3997
4004
4010
4018
4027
4034
4035
4044
4053
4062
4070
4073
4081
4093
4098
4099
4105
4118
4130
4137
4146
4152
4157
4168
4176
4189
4196
4201
4212
4227
4235
4242
4253
4265
4274
4285
4294
4304
4313
4321
4329
4338
4347
4355
4361
4368
4377
4386
4391
4402
4418
4425
4430
4440
4455
4467
4476
4487
4496
4508
4517
4521
4533
4547
4562
4573
4579
4592
4605
4614
4624
4635
4648
4656
4666
4675
4685
4695
4705
4713
4723
4734
4744
4754
4767
4777
4786
4796
4806
4811
4820
4838
4846
4854
4861
4869
4876
4889
4897
4906
4911
4917
4925
4940
4947
4956
4962
4968
4975
4982
4993
5003
5014
5024
5030
5040
5052
5065
5075
5079
5092
5109
5121
5132
5145
5156
5170
5183
5189
5202
5221
5231
5244
5249
5262
5276
5289
5300
5313
5323
5329
5341
5357
5370
5382
5391
5403
5414
5426
5436
5450
5465
5477
5492
5504
5518
5531
5543
5553
5565
5585
5600
5613
5626
5639
5649
5662
5677
5687
5698
5709
5720
5729
5740
5745
5757
5774
5784
5792
5803
5810
5815
5828
5844
5855
5863
5875
5886
5893
5902
5913
5922
5927
5937
5949
5966
5974
5983
5993
5997
6008
6019
6031
6040
6048
6053
6052
6058
6066
6075
6079
6079
6089
6101
6106
6113
6121
6126
6135
6144
6144
6154
6168
6176
6183
6192
6202
6211
6221
6233
6244
6255
6265
6274
6283
6293
6302
6310
6318
6325
6333
6336
6343
6358
6364
6371
6379
6388
6392
6403
6418
6425
6424
6434
6442
6454
6461
6468
6477
6477
6485
6496
6500
6507
6512
6521
6526
6530
6538
6544
6554
6558
6565
6568
6575
6585
6588
6597
6594
6599
6607
6605
6611
6612
6610
6614
6617
6624
6627
6628
6629
6627
6629
6636
6643
6643
6650
6652
6657
6662
6667
6667
6671
6684
6688
6692
6696
6699
6701
6707
6711
6710
6713
6710
6701
6706
6708
6711
6712
6715
6714
6713
6717
6719
6718
6723
6732
6729
6732
6733
6731
6732
6734
6725
6725
6735
6729
6726
6728
6730
6725
6728
6737
6736
6736
6736
6735
6738
6737
6737
6740
6744
6743
6750
6757
6764
6768
6774
6780
6786
6791
6795
6799
6805
6805
6804
6809
6818
6818
6818
6813
6815
6820
6818
6817
6816
6813
6817
6820
6817
6822
6831
6829
6834
6837
6840
6841
6848
6855
6861
6865
6868
6875
6880
6883
6892
6893
6899
6903
6907
6910
6911
6911
6914
6923
6926
6927
6929
6931
6931
6936
6933
6935
6950
6949
6949
6955
6957
6956
6960
6968
6969
6975
6977
6979
6982
6981
6977
6983
6995
6995
6998
7001
7005
7007
7012
7016
7018
7019
7023
7025
7024
7026
7019
7019
7019
7025
7022
7014
7019
7028
7023
7023
7021
7022
7023
7024
7026
7029
7020
7024
7027
7031
7028
7020
7021
7021
7015
7011
7006
7003
7002
6994
6996
6995
6984
6983
6982
6981
6978
6966
6961
6962
6959
6953
6944
6942
6943
6938
6938
6938
6935
6936
6933
6936
6938
6938
6940
6932
6933
6931
6930
6926
6923
6916
6912
6906
6900
6896
6893
6886
6885
6876
6873
6873
6877
6874
6873
6876
6875
6875
6878
6879
6878
6881
6882
6882
6884
6877
6881
6885
6889
6891
6890
6889
6894
6896
6889
6890
6895
6898
6899
6893
6891
6894
6891
6889
6884
6883
6878
6877
6874
6873
6870
6870
6869
6860
6862
6867
6865
6864
6862
6860
6858
6854
6850
6849
6845
6843
6836
6828
6823
6826
6820
6815
6812
6810
6809
6809
6802
6802
6809
6805
6800
6797
6799
6801
6800
6792
6790
6793
6790
6787
6784
6782
6775
6773
6768
6765
6765
6760
6755
6749
6746
6736
6737
6737
6738
6736
6734
6730
6728
6722
6718
6717
6711
6708
6706
6693
6689
6695
6689
6685
6677
6676
6680
6680
6675
6671
6661
6654
6651
6651
6648
6640
6632
6621
6621
6616
6619
6616
6613
6610
6611
6610
6609
6607
6605
6601
6602
6598
6595
6591
6592
6589
6591
6590
6580
6583
6588
6585
6583
6584
6581
6580
6580
6575
6574
6571
6563
6562
6563
6562
6551
6551
6553
6548
6549
6542
6538
6542
6535
6523
6523
6520
6515
6511
6507
6502
6496
6490
6486
6481
6471
6466
6462
6451
6447
6450
6443
6443
6436
6430
6427
6421
6418
6416
6411
6406
6404
6401
6397
6395
6391
6389
6387
6384
6373
6375
6376
6372
6365
6361
6358
6361
6358
6348
6348
6353
6351
6346
6341
6339
6337
6332
6329
6320
6318
6306
6299
6300
6292
6284
6279
6269
6265
6258
6249
6245
6236
6228
6221
6213
6204
6197
6190
6176
6173
6176
6166
6163
6151
6145
6147
6137
6129
6126
6122
6113
6109
6105
6094
6093
6088
6081
6079
6076
6065
6061
6062
6057
6045
6044
6038
6041
6037
6026
6023
6028
6022
6019
6018
6013
6009
6008
6007
6005
6004
6004
6003
6002
6000
5998
6000
6000
5999
6001
5993
5995
6002
5998
5992
5994
5989
5988
5984
5977
5977
5978
5971
5970
5965
5956
5955
5952
5943
5939
5933
5929
5925
5916
5910
5913
5909
5906
5902
5896
5893
5890
5894
5889
5886
5883
5872
5873
5870
5871
5870
5863
5862
5859
5853
5853
5849
5847
5847
5842
5836
5835
5834
5835
5832
5824
5822
5828
5823
5821
5817
5815
5815
5810
5802
5802
5808
5801
5801
5797
5793
5793
5789
5781
5781
5783
5781
5779
5774
5771
5768
5766
5764
5760
5756
5754
5751
5745
5744
5733
5732
5732
5732
5726
5723
5719
5713
5710
5706
5699
5699
5687
5682
5682
5677
5666
5662
5661
5664
5659
5653
5651
5646
5642
5635
5624
5624
5626
5620
5613
5608
5601
5596
5589
5585
5581
5575
5569
5558
5555
5552
5550
5545
5533
5527
5529
5524
5515
5511
5503
5496
5491
5485
5478
5475
5469
5464
5461
5457
5446
5445
5450
5445
5443
5438
5436
5434
5434
5427
5426
5427
5432
5431
5424
5425
5428
5428
5421
5417
5417
5419
5413
5411
5405
5404
5399
5396
5390
5384
5385
5381
5368
5369
5367
5367
5362
5363
5357
5351
5349
5347
5343
5342
5337
5336
5336
5334
5331
5330
5327
5324
5325
5323
5319
5322
5321
5319
5317
5315
5306
5304
5313
5307
5299
5295
5292
5296
5292
5284
5284
5287
5288
5280
5274
5275
5279
5274
5267
5267
5266
5265
5261
5254
5250
5252
5247
5243
5235
5231
5227
5220
5211
5209
5207
5200
5197
5191
5188
5179
5177
5177
5171
5166
5162
5156
5153
5150
5145
5144
5141
5137
5137
5137
5132
5132
5129
5125
5125
5123
5119
5119
5115
5110
5110
5108
5104
5101
5100
5098
5095
5085
5084
5083
5084
5083
5080
5077
5069
5069
5072
5068
5067
5064
5063
5059
5057
5048
5049
5046
5049
5047
5044
5039
5039
5038
5032
5031
5031
5033
5031
5024
5023
5028
5023
5021
5015
5013
5012
5011
5009
5005
5005
4999
4998
4997
4995
4988
4987
4988
4989
4984
4983
4982
4978
4976
4973
4970
4969
4967
4962
4963
4956
4947
4949
4945
4946
4943
4932
4929
4932
4927
4918
4914
4914
4914
4912
4912
4908
4905
4901
4898
4893
4890
4889
4887
4884
4879
4875
4870
4868
4872
4868
4864
4863
4861
4857
4857
4856
4850
4852
4848
4838
4838
4836
4837
4834
4827
4825
4829
4827
4823
4821
4821
4816
4813
4808
4808
4811
4809
4808
4804
4801
4797
4796
4794
4794
4791
4785
4785
4789
4786
4784
4782
4778
4773
4773
4776
4773
4772
4768
4768
4765
4764
4761
4758
4759
4754
4751
4750
4745
4742
4741
4731
4730
4737
4730
4728
4723
4719
4722
4722
4717
4716
4717
4713
4712
4706
4705
4709
4708
4705
4703
4704
4702
4700
4701
4696
4695
4692
4687
4686
4682
4671
4671
4674
4667
4664
4661
4656
4655
4651
4648
4646
4641
4642
4637
4631
4631
4634
4631
4622
4620
4621
4622
4620
4620
4617
4610
4609
4610
4612
4608
4609
4605
4598
4598
4602
4599
4595
4590
4587
4590
4585
4581
4579
4578
4574
4573
4569
4569
4565
4562
4562
4560
4560
4559
4558
4557
4554
4554
4552
4551
4551
4548
4550
4548
4541
4543
4540
4542
4541
4536
4534
4536
4535
4530
4528
4524
4521
4519
4515
4514
4506
4503
4504
4507
4501
4501
4497
4494
4491
4490
4482
4479
4482
4479
4471
4468
4470
4469
4464
4461
4457
4457
4454
4446
4447
4444
4448
4445
4441
4440
4431
4433
4431
4435
4433
4428
4428
4425
4425
4420
4420
4417
4416
4414
4406
4407
4410
4406
4406
4399
4399
4400
4399
4395
4397
4395
4393
4392
4389
4388
4389
4386
4383
4380
4379
4385
4382
4376
4377
4382
4379
4376
4376
4374
4373
4374
4371
4371
4371
4369
4367
4368
4365
4362
4364
4362
4358
4359
4358
4357
4358
4355
4351
4352
4351
4351
4351
4349
4346
4347
4342
4343
4343
4339
4334
4336
4339
4337
4334
4330
4332
4335
4331
4325
4325
4327
4325
4325
4319
4320
4314
4312
4316
4313
4312
4309
4307
4305
4305
4302
4301
4297
4293
4293
4298
4295
4293
4292
4286
4285
4285
4284
4281
4277
4279
4282
4281
4280
4278
4279
4279
4277
4279
4275
4271
4268
4265
4269
4265
4256
4254
4260
4256
4253
4253
4249
4248
4246
4246
4242
4243
4237
4236
4242
4238
4239
4237
4235
4233
4231
4232
4230
4223
4226
4229
4226
4225
4223
4223
4219
4220
4211
4216
4213
4216
4214
4209
4210
4213
4212
4207
4204
4204
4207
4207
4203
4204
4202
4200
4200
4198
4195
4194
4195
4193
4194
4191
4187
4187
4186
4185
4182
4183
4176
4172
4173
4175
4173
4171
4170
4171
4168
4167
4163
4162
4166
4165
4157
4156
4156
4157
4157
4156
4154
4153
4152
4149
4150
4146
4141
4143
4146
4145
4139
4138
4138
4142
4138
4141
4139
4137
4139
4135
4130
4129
4132
4132
4130
4129
4130
4128
4131
4128
4129
4129
4125
4124
4121
4119
4118
4114
4113
4113
4105
4108
4105
4108
4106
4097
4098
4103
4097
4098
4094
4095
4094
4091
4089
4088
4090
4087
4087
4082
4081
4086
4082
4083
4080
4079
4078
4079
4078
4079
4075
4076
4082
4083
4081
4079
4078
4070
4070
4076
4070
4070
4065
4062
4068
4064
4065
4062
4062
4063
4060
4061
4058
4060
4058
4057
4058
4056
4054
4053
4056
4056
4055
4055
4054
4054
4051
4050
4052
4046
4044
4045
4047
4046
4043
4041
4041
4039
4036
4034
4038
4041
4041
4039
4039
4031
4031
4029
4034
4030
4025
4024
4028
4025
4024
4027
4024
4026
4025
4018
4020
4021
4024
4021
4021
4019
4016
4017
4015
4014
4012
4012
4009
4009
4007
4009
4007
4009
4008
4010
4009
4011
4011
4012
4010
4006
4010
4012
4014
4006
4009
4013
4010
4008
4007
4003
4002
4001
3994
3995
3993
3995
3992
3987
3987
3992
3987
3988
3986
3989
3986
3986
3984
3984
3982
3981
3980
3977
3977
3974
3973
3971
3971
3967
3963
3962
3966
3964
3962
3961
3959
3957
3956
3960
3957
3959
3958
3955
3955
3956
3959
3959
3959
3957
3956
3955
3956
3955
3954
3950
3951
3955
3953
3953
3950
3952
3946
3949
3952
3951
3944
3945
3945
3947
3946
3944
3946
3942
3943
3940
3940
3937
3936
3936
3934
3932
3931
3928
3928
3923
3923
3928
3925
3926
3924
3924
3919
3919
3923
3920
3921
3917
3919
3916
3916
3915
3915
3913
3912
3911
3911
3910
3911
3910
3903
3903
3910
3909
3907
3904
3901
3907
3902
3904
3904
3904
3904
3902
3898
3897
3904
3902
3900
3898
3898
3903
3900
3901
3900
3899
3899
3900
3898
3897
3892
3894
3898
3897
3894
3895
3891
3891
3893
3893
3893
3892
3891
3890
3889
3888
3888
3890
3888
3891
3889
3891
3892
3885
3889
3894
3892
3889
3887
3885
3891
3886
3883
3882
3886
3887
3885
3880
3879
3885
3880
3880
3875
3876
3872
3872
3869
3871
3868
3866
3867
3865
3864
3862
3864
3856
3860
3860
3861
3859
3860
3858
3855
3854
3860
3859
3858
3857
3858
3856
3856
3851
3854
3857
3862
3862
3856
3858
3861
3858
3855
3856
3853
3851
3847
3851
3850
3848
3847
3847
3848
3846
3846
3845
3844
3844
3845
3843
3842
3844
3841
3843
3842
3839
3837
3840
3844
3842
3839
3841
3838
3840
3837
3834
3832
3838
3836
3834
3835
3834
3833
3833
3828
3829
3834
3833
3833
3835
3834
3837
3837
3837
3836
3835
3834
3831
3828
3823
3829
3825
3825
3826
3824
3820
3820
3823
3824
3819
3819
3823
3825
3826
3826
3829
3825
3825
3823
3822
3820
3814
3814
3818
3814
3814
3813
3811
3809
3808
3804
3804
3810
3809
3809
3812
3812
3811
3812
3807
3809
3806
3807
3804
3802
3800
3806
3803
3799
3798
3800
3801
3800
3798
3798
3796
3794
3794
3790
3792
3789
3792
3790
3792
3792
3791
3792
3788
3787
3792
3790
3786
3787
3790
3793
3795
3788
3791
3793
3791
3788
3786
3784
3783
3782
3779
3777
3780
3776
3777
3776
3777
3777
3776
3771
3774
3772
3778
3776
3776
3776
3776
3777
3773
3773
3773
3777
3777
3776
3773
3774
3771
3771
3769
3768
3765
3765
3773
3769
3770
3769
3771
3772
3770
3767
3767
3771
3774
3771
3768
3767
3773
3771
3764
3765
3762
3764
3764
3759
3759
3756
3757
3754
3755
3752
3752
3750
3750
3748
3749
3745
3747
3745
3744
3745
3743
3746
3744
3743
3745
3744
3745
3745
3742
3741
3743
3746
3747
3741
3744
3747
3747
3742
3740
3741
3745
3745
3738
3740
3743
3744
3741
3744
3744
3742
3743
3751
3748
3748
3749
3746
3745
3743
3742
3738
3739
3736
3734
3733
3730
3731
3728
3724
3725
3725
3729
3725
3719
3719
3725
3720
3720
3717
3717
3714
3715
3714
3714
3711
3711
3712
3710
3710
3704
3706
3711
3711
3708
3709
3709
3709
3711
3710
3711
3709
3707
3708
3714
3712
3713
3712
3711
3712
3709
3704
3706
3710
3708
3707
3708
3708
3708
3708
3703
3707
3714
3712
3711
3707
3708
3711
3712
3705
3707
3708
3708
3708
3705
3705
3704
3705
3703
3701
3700
3700
3698
3705
3702
3703
3701
3702
3698
3699
3695
3695
3700
3697
3696
3692
3692
3696
3692
3693
3691
3691
3689
3690
3688
3687
3688
3687
3686
3686
3689
3688
3690
3690
3692
3691
3692
3691
3692
3693
3691
3689
3691
3688
3688
3687
3685
3688
3686
3683
3682
3687
3686
3683
3680
3679
3683
3681
3676
3676
3679
3678
3677
3672
3673
3678
3677
3676
3675
3675
3676
3675
3678
3677
3675
3678
3676
3676
3676
3670
3672
3679
3679
3675
3671
3674
3679
3679
3673
3675
3678
3678
3676
3676
3676
3670
3671
3676
3673
3673
3672
3671
3670
3669
3665
3665
3665
3662
3664
3659
3659
3662
3663
3655
3658
3657
3663
3661
3661
3661
3664
3663
3665
3666
3664
3665
3664
3664
3663
3659
3657
3657
3662
3660
3661
3659
3657
3658
3658
3657
3657
3654
3656
3653
3654
3653
3648
3647
3652
3652
3645
3647
3648
3649
3649
3643
3644
3648
3647
3641
3644
3643
3650
3645
3646
3646
3646
3645
3646
3640
3643
3644
3643
3641
3642
3639
3643
3640
3643
3643
3644
3643
3645
3647
3645
3643
3644
3637
3637
3643
3641
3641
3638
3638
3638
3637
3639
3636
3637
3636
3636
3635
3635
3632
3634
3632
3634
3633
3628
3627
3634
3631
3625
3626
3627
3631
3631
3632
3631
3633
3633
3632
3630
3629
3635
3633
3633
3630
3631
3628
3628
3627
3628
3621
3622
3627
3626
3625
3620
3622
3628
3627
3627
3629
3631
3631
3633
3633
3636
3630
3631
3635
3634
3631
3631
3632
3630
3631
3626
3628
3631
3634
3635
3633
3632
3632
3633
3629
3628
3626
3629
3630
3625
3625
3629
3626
3622
3624
3620
3617
3616
3624
3621
3622
3622
3621
3621
3621
3617
3619
3621
3620
3619
3621
3618
3618
3617
3616
3616
3616
3617
3615
3616
3615
3615
3616
3615
3617
3616
3613
3613
3620
3617
3616
3614
3614
3620
3618
3612
3613
3618
3619
3615
3615
3614
3613
3615
3606
3609
3610
3612
3613
3610
3611
3607
3609
3604
3604
3604
3609
3606
3605
3603
3602
3605
3601
3600
3598
3604
3601
3599
3599
3596
3597
3595
3596
3594
3596
3594
3596
3594
3597
3589
3592
3596
3596
3590
3591
3591
3594
3594
3594
3592
3591
3592
3588
3586
3587
3590
3590
3588
3591
3589
3591
3590
3593
3591
3592
3591
3592
3592
3590
3585
3583
3589
3586
3580
3583
3582
3588
3585
3586
3584
3586
3584
3584
3585
3584
3579
3579
3586
3583
3583
3583
3583
3583
3582
3577
3579
3582
3582
3581
3581
3580
3581
3581
3577
3579
3583
3583
3584
3583
3584
3584
3582
3582
3581
3583
3584
3586
3584
3586
3582
3584
3582
3584
3582
3579
3579
3584
3580
3582
3579
3581
3580
3579
3574
3573
3581
3578
3578
3573
3576
3580
3579
3577
3578
3577
3577
3576
3582
3580
3579
3581
3578
3579
3577
3579
3577
3577
3575
3576
3576
3579
3579
3581
3579
3579
3586
3585
3585
3583
3582
3582
3579
3580
3579
3578
3578
3576
3577
3576
3569
3571
3574
3575
3571
3568
3568
3572
3573
3565
3570
3570
3574
3573
3568
3570
3576
3575
3575
3573
3572
3573
3571
3572
3574
3567
3569
3568
3573
3570
3572
3570
3572
3570
3572
3570
3570
3570
3571
3571
3574
3571
3573
3571
3572
3569
3566
3566
3571
3570
3568
3565
3564
3570
3566
3561
3561
3562
3565
3563
3564
3564
3560
3562
3560
3557
3556
3562
3559
3559
3557
3558
3556
3556
3556
3556
3555
3554
3556
3555
3557
3555
3555
3554
3554
3550
3551
3555
3556
3556
3555
3555
3549
3551
3558
3556
3555
3552
3553
3556
3555
3555
3554
3554
3549
3552
3553
3555
3553
3554
3553
3552
3552
3553
3550
3551
3550
3552
3552
3552
3548
3550
3552
3553
3552
3552
3549
3549
3549
3549
3546
3543
3543
3548
3547
3548
3544
3547
3543
3544
3542
3544
3545
3543
3542
3548
3546
3544
3544
3547
3549
3551
3544
3546
3550
3549
3549
3547
3547
3545
3547
3543
3544
3541
3543
3541
3541
3539
3539
3538
3536
3536
3537
3537
3537
3538
3535
3536
3532
3535
3534
3535
3536
3534
3532
3531
3538
3536
3538
3532
3534
3536
3536
3530
3530
3532
3534
3535
3534
3534
3533
3533
3533
3534
3532
3530
3530
3535
3534
3527
3529
3530
3533
3533
3527
3529
3533
3531
3530
3528
3529
3527
3529
3521
3523
3526
3526
3527
3524
3526
3520
3521
3526
3527
3523
3524
3522
3523
3521
3522
3520
3520
3515
3518
3521
3522
3521
3519
3520
3520
3520
3519
3522
3522
3522
3521
3521
3522
3521
3522
3523
3522
3519
3521
3522
3526
3524
3526
3524
3526
3523
3525
3523
3524
3524
3523
3524
3523
3525
3523
3526
3521
3525
3530
3531
3527
3531
3535
3544
3547
3547
3553
3562
3569
3571
3576
3583
3591
3599
3604
3612
3619
3625
3633
3635
3643
3652
3659
3665
3671
3678
3683
3690
3691
3699
3708
3714
3717
3720
3725
3734
3737
3740
3743
3747
3749
3753
3755
3755
3756
3757
3757
