3742
3741
3742
3741
3736
3738
3741
3738
3737
3733
3731
3730
3727
3723
3721
3717
3713
3706
3703
3701
3703
3697
3695
3690
3687
3685
3681
3680
3677
3668
3668
3669
3665
3659
3654
3652
3652
3650
3647
3642
3634
3634
3631
3635
3632
3624
3625
3627
3626
3622
3622
3620
3616
3614
3618
3616
3612
3610
3608
3604
3603
3601
3597
3593
3593
3589
3588
3587
3579
3581
3584
3580
3580
3578
3575
3574
3571
3569
3568
3563
3560
3561
3563
3563
3561
3559
3555
3555
3555
3559
3556
3555
3555
3553
3551
3549
3545
3545
3540
3541
3543
3541
3540
3538
3538
3537
3535
3531
3531
3535
3534
3534
3531
3532
3532
3530
3527
3526
3527
3529
3527
3523
3524
3528
3528
3526
3525
3526
3526
3525
3526
3526
3525
3526
3527
3523
3523
3528
3524
3524
3523
3521
3517
3519
3520
3516
3516
3515
3508
3509
3507
3512
3509
3505
3506
3510
3510
3510
3508
3509
3508
3509
3509
3508
3506
3508
3508
3506
3506
3507
3506
3502
3503
3502
3506
3506
3501
3501
3507
3505
3503
3502
3499
3499
3501
3497
3498
3497
3493
3493
3498
3497
3496
3495
3493
3494
3494
3492
3492
3488
3487
3493
3490
3492
3492
3493
3487
3489
3494
3492
3493
3491
3493
3493
3492
3493
3492
3494
3492
3491
3492
3492
3489
3490
3489
3489
3490
3485
3484
3490
3489
3482
3486
3486
3490
3490
3483
3486
3491
3487
3483
3484
3483
3487
3487
3484
3485
3483
3486
3484
3485
3487
3486
3488
3481
3483
3485
3485
3484
3485
3485
3484
3485
3483
3483
3484
3482
3480
3487
3484
3483
3485
3485
3482
3484
3484
3484
3479
3480
3481
3484
3483
3484
3483
3479
3479
3482
3485
3483
3482
3483
3478
3480
3487
3485
3487
3488
3488
3492
3494
3489
3491
3493
3498
3497
3499
3498
3490
3491
3496
3493
3495
3491
3489
3489
3488
3489
3489
3488
3488
3490
3482
3485
3489
3487
3487
3485
3485
3488
3486
3481
3485
3488
3489
3489
3486
3486
3492
3491
3489
3492
3490
3491
3493
3491
3493
3489
3490
3494
3498
3498
3496
3497
3504
3503
3502
3503
3504
3505
3504
3508
3509
3512
3513
3515
3514
3516
3514
3514
3519
3520
3519
3516
3519
3525
3523
3521
3525
3528
3529
3530
3530
3530
3534
3536
3533
3538
3540
3544
3547
3550
3551
3553
3556
3557
3559
3559
3560
3565
3566
3568
3569
3570
3574
3574
3576
3575
3578
3587
3587
3587
3591
3593
3594
3597
3596
3598
3604
3608
3611
3613
3613
3617
3620
3622
3628
3628
3626
3632
3639
3642
3646
3648
3653
3653
3655
3665
3668
3670
3675
3681
3686
3692
3696
3698
3704
3710
3710
3716
3718
3717
3723
3730
3732
3732
3736
3740
3750
3750
3750
3753
3763
3767
3771
3774
3780
3779
3787
3797
3801
3804
3813
3815
3821
3827
3831
3839
3843
3848
3855
3859
3868
3872
3878
3886
3891
3898
3904
3909
3917
3925
3930
3940
3944
3953
3960
3963
3973
3983
3990
3995
4003
4010
4015
4025
4026
4037
4049
4054
4062
4069
4078
4085
4094
4103
4111
4117
4122
4133
4146
4153
4155
4166
4180
4188
4196
4199
4211
4225
4230
4241
4250
4257
4263
4270
4284
4288
4299
4308
4314
4323
4330
4340
4348
4355
4366
4381
4389
4397
4409
4418
4428
4439
4448
4459
4471
4481
4494
4505
4517
4527
4540
4547
4556
4569
4584
4593
4601
4613
4623
4634
4645
4648
4659
4671
4680
4681
4694
4702
4714
4721
4729
4739
4751
4762
4765
4779
4788
4802
4812
4823
4832
4844
4852
4863
4872
4882
4895
4905
4920
4928
4943
4951
4965
4976
4990
4993
5007
5023
5033
5043
5049
5060
5074
5084
5085
5097
5105
5121
5127
5137
5148
5156
5168
5177
5185
5194
5211
5220
5232
5241
5252
5266
5275
5289
5299
5311
5321
5332
5343
5354
5360
5370
5384
5391
5393
5402
5408
5420
5426
5436
5443
5450
5461
5463
5475
5486
5503
5510
5515
5525
5534
5541
5550
5554
5562
5575
5579
5587
5599
5606
5613
5623
5631
5644
5645
5659
5676
5685
5695
5706
5720
5726
5739
5761
5771
5781
5793
5805
5814
5827
5845
5857
5866
5879
5888
5900
5911
5917
5929
5938
5946
5957
5963
5971
5973
5980
5999
6003
6012
6020
6027
6038
6045
6055
6064
6068
6078
6085
6093
6096
6105
6109
6111
6113
6120
6127
6134
6135
6137
6151
6150
6160
6164
6171
6169
6181
6191
6196
6200
6205
6212
6216
6222
6218
6228
6237
6242
6249
6252
6258
6272
6276
6285
6292
6301
6305
6314
6329
6336
6344
6352
6361
6367
6377
6384
6389
6396
6404
6412
6421
6429
6437
6445
6447
6459
6471
6481
6484
6497
6504
6512
6517
6518
6526
6534
6545
6548
6556
6561
6569
6576
6582
6587
6595
6597
6607
6603
6608
6619
6619
6625
6621
6625
6637
6639
6637
6642
6652
6656
6662
6662
6665
6678
6677
6680
6684
6688
6690
6694
6698
6701
6703
6707
6714
6723
6732
6736
6740
6743
6748
6751
6749
6754
6757
6758
6758
6758
6756
6757
6757
6758
6759
6762
6765
6765
6770
6774
6775
6778
6786
6794
6789
6795
6798
6803
6801
6800
6798
6797
6800
6798
6797
6796
6792
6792
6797
6794
6786
6787
6784
6790
6789
6792
6791
6789
6790
6798
6805
6806
6804
6807
6822
6824
6826
6831
6835
6841
6846
6850
6855
6858
6860
6858
6862
6858
6858
6855
6857
6860
6859
6864
6865
6863
6869
6882
6883
6886
6889
6893
6908
6908
6911
6918
6929
6936
6936
6941
6943
6944
6942
6942
6940
6934
6932
6925
6922
6919
6919
6917
6914
6912
6914
6922
6919
6922
6924
6925
6932
6934
6936
6942
6938
6944
6950
6953
6952
6953
6953
6951
6955
6954
6955
6954
6955
6957
6949
6953
6963
6960
6953
6956
6956
6964
6961
6956
6958
6965
6964
6963
6963
6961
6961
6959
6956
6958
6954
6949
6950
6946
6943
6935
6930
6932
6921
6916
6911
6905
6895
6892
6896
6888
6880
6876
6869
6867
6866
6855
6853
6855
6854
6848
6848
6847
6842
6838
6838
6837
6835
6836
6836
6837
6838
6840
6843
6843
6844
6845
6856
6855
6856
6860
6858
6858
6857
6863
6860
6855
6851
6853
6852
6850
6846
6844
6830
6824
6828
6818
6810
6799
6794
6794
6792
6783
6780
6778
6773
6767
6765
6767
6758
6759
6763
6761
6758
6753
6749
6752
6752
6751
6749
6746
6740
6743
6745
6741
6741
6739
6739
6737
6735
6739
6737
6738
6738
6740
6741
6742
6740
6737
6732
6732
6735
6726
6718
6706
6701
6704
6694
6691
6689
6680
6679
6677
6681
6677
6673
6669
6667
6665
6667
6657
6656
6660
6660
6657
6655
6654
6651
6651
6651
6650
6648
6646
6646
6642
6642
6635
6636
6644
6637
6636
6635
6632
6630
6629
6625
6625
6630
6622
6617
6612
6611
6607
6601
6595
6587
6586
6576
6571
6568
6567
6554
6551
6554
6548
6545
6538
6533
6533
6528
6524
6516
6512
6506
6502
6505
6501
6498
6495
6493
6491
6487
6485
6484
6473
6467
6475
6472
6468
6464
6461
6457
6451
6444
6438
6435
6431
6427
6422
6419
6406
6400
6397
6392
6387
6377
6371
6373
6367
6355
6356
6353
6356
6355
6347
6343
6346
6344
6343
6341
6339
6336
6337
6334
6334
6334
6334
6335
6333
6332
6333
6334
6326
6326
6324
6329
6326
6321
6322
6314
6311
6310
6311
6309
6304
6299
6292
6293
6295
6291
6287
6284
6279
6269
6267
6273
6268
6267
6262
6259
6249
6251
6253
6247
6245
6242
6237
6234
6234
6230
6223
6223
6219
6215
6205
6204
6200
6196
6186
6181
6178
6175
6171
6166
6161
6153
6149
6146
6140
6132
6124
6117
6113
6108
6095
6090
6083
6083
6077
6071
6064
6059
6055
6051
6039
6033
6034
6028
6015
6012
6008
6007
6001
5989
5987
5988
5980
5976
5972
5968
5956
5953
5952
5946
5941
5938
5936
5933
5930
5924
5925
5920
5916
5914
5914
5913
5910
5906
5904
5903
5896
5898
5894
5894
5890
5890
5889
5885
5880
5872
5871
5869
5863
5860
5856
5852
5850
5849
5847
5837
5838
5842
5837
5829
5826
5824
5824
5815
5808
5805
5792
5790
5784
5783
5775
5768
5763
5753
5750
5745
5743
5736
5728
5724
5719
5715
5710
5707
5703
5701
5699
5694
5691
5686
5681
5679
5677
5673
5665
5663
5669
5666
5661
5653
5650
5650
5650
5646
5643
5637
5634
5632
5628
5625
5618
5614
5604
5600
5595
5592
5586
5582
5580
5570
5565
5564
5562
5558
5555
5551
5549
5547
5543
5536
5538
5535
5532
5530
5527
5518
5518
5517
5524
5522
5515
5515
5519
5516
5513
5507
5507
5509
5503
5495
5492
5491
5488
5485
5482
5478
5473
5470
5468
5465
5466
5459
5457
5454
5452
5449
5447
5443
5442
5435
5434
5431
5429
5427
5416
5413
5413
5415
5408
5399
5394
5399
5393
5387
5380
5377
5366
5365
5369
5362
5358
5352
5349
5349
5343
5339
5336
5332
5328
5324
5318
5316
5319
5315
5310
5309
5307
5306
5300
5297
5295
5293
5292
5289
5282
5280
5285
5282
5279
5276
5272
5270
5267
5265
5260
5252
5251
5256
5250
5247
5241
5238
5235
5234
5226
5226
5225
5228
5225
5222
5219
5214
5211
5203
5202
5197
5201
5197
5192
5188
5186
5179
5176
5167
5164
5166
5163
5154
5152
5150
5151
5147
5144
5144
5133
5130
5131
5126
5119
5115
5113
5110
5107
5104
5099
5096
5093
5091
5090
5088
5084
5079
5075
5072
5071
5070
5066
5063
5056
5053
5051
5049
5048
5045
5036
5030
5035
5030
5027
5026
5024
5017
5014
5019
5013
5010
5006
5003
5001
5000
4992
4993
4993
4990
4986
4984
4981
4974
4974
4977
4971
4967
4964
4961
4954
4949
4941
4942
4937
4936
4936
4933
4930
4920
4919
4921
4920
4917
4914
4912
4911
4907
4903
4899
4893
4892
4889
4887
4885
4883
4879
4874
4867
4864
4868
4866
4858
4857
4860
4856
4850
4849
4846
4847
4845
4841
4838
4837
4836
4836
4836
4831
4826
4825
4826
4829
4825
4816
4819
4822
4818
4813
4810
4812
4813
4811
4806
4802
4800
4798
4797
4796
4795
4796
4795
4793
4791
4789
4786
4784
4783
4781
4778
4774
4766
4763
4764
4763
4760
4757
4753
4751
4748
4744
4736
4734
4737
4733
4725
4723
4723
4724
4721
4715
4713
4715
4710
4706
4707
4704
4698
4695
4698
4694
4692
4688
4688
4687
4685
4683
4681
4678
4677
4677
4675
4673
4670
4667
4667
4667
4665
4663
4659
4654
4653
4659
4655
4645
4645
4643
4647
4645
4642
4639
4635
4631
4629
4628
4624
4618
4614
4618
4615
4609
4607
4605
4606
4604
4603
4599
4596
4593
4593
4592
4590
4582
4582
4587
4585
4581
4579
4578
4572
4571
4574
4572
4566
4565
4563
4565
4560
4562
4557
4555
4551
4550
4550
4546
4544
4543
4541
4540
4539
4537
4536
4536
4537
4538
4538
4534
4533
4533
4525
4521
4526
4523
4515
4514
4513
4513
4511
4504
4504
4507
4506
4505
4503
4499
4492
4494
4498
4494
4484
4483
4483
4485
4479
4474
4473
4473
4471
4466
4463
4463
4462
4460
4459
4456
4457
4457
4455
4454
4452
4451
4449
4446
4441
4442
4440
4437
4434
4433
4425
4427
4426
4430
4426
4421
4422
4428
4424
4420
4413
4414
4420
4416
4413
4411
4406
4404
4404
4409
4407
4405
4403
4403
4403
4401
4396
4393
4396
4395
4394
4392
4388
4385
4382
4385
4384
4380
4380
4376
4376
4377
4379
4377
4376
4376
4376
4375
4372
4370
4370
4370
4370
4361
4359
4358
4357
4357
4350
4350
4355
4353
4350
4347
4348
4346
4344
4340
4337
4332
4329
4327
4326
4327
4322
4319
4318
4318
4317
4311
4310
4312
4310
4303
4304
4309
4306
4302
4295
4296
4302
4301
4293
4294
4292
4296
4295
4294
4290
4286
4285
4282
4282
4280
4277
4277
4276
4275
4272
4270
4268
4263
4261
4265
4258
4255
4254
4253
4249
4248
4243
4243
4249
4245
4243
4243
4242
4240
4236
4232
4234
4237
4236
4232
4229
4229
4227
4224
4222
4222
4220
4219
4214
4209
4211
4216
4214
4213
4208
4207
4211
4210
4209
4208
4207
4204
4203
4201
4200
4194
4191
4194
4192
4191
4188
4187
4181
4182
4185
4182
4180
4179
4178
4174
4174
4174
4170
4171
4169
4168
4168
4166
4161
4160
4167
4162
4162
4156
4158
4161
4161
4157
4158
4155
4156
4156
4155
4157
4149
4149
4149
4152
4148
4145
4146
4141
4141
4138
4136
4137
4133
4133
4131
4128
4129
4126
4125
4121
4120
4124
4124
4116
4116
4121
4121
4118
4119
4118
4116
4118
4112
4111
4112
4114
4113
4112
4111
4104
4107
4106
4106
4105
4102
4100
4100
4097
4097
4095
4091
4093
4091
4088
4090
4088
4086
4085
4085
4085
4082
4081
4075
4075
4076
4080
4076
4078
4074
4069
4070
4074
4071
4071
4066
4063
4068
4070
4067
4070
4069
4062
4065
4070
4067
4067
4067
4064
4064
4063
4060
4057
4055
4057
4053
4051
4051
4051
4050
4042
4045
4052
4050
4048
4044
4046
4050
4047
4042
4042
4043
4047
4043
4043
4041
4040
4041
4039
4037
4037
4029
4030
4034
4032
4025
4025
4025
4028
4027
4024
4022
4021
4021
4018
4016
4014
4011
4012
4008
4007
4002
4000
4001
4006
4002
3995
3997
4002
3998
3999
4000
3998
3998
3996
3996
3995
3996
3995
3994
3987
3988
3994
3990
3985
3984
3983
3986
3986
3984
3986
3984
3984
3984
3983
3983
3982
3981
3978
3978
3974
3976
3972
3973
3973
3966
3969
3974
3974
3974
3970
3973
3966
3967
3976
3973
3975
3975
3972
3973
3973
3966
3966
3963
3965
3963
3958
3958
3951
3951
3954
3951
3951
3944
3943
3949
3946
3946
3944
3942
3944
3941
3941
3940
3940
3938
3937
3937
3936
3936
3934
3929
3929
3935
3932
3931
3930
3930
3929
3929
3923
3923
3925
3930
3927
3926
3925
3926
3923
3923
3918
3918
3921
3921
3917
3918
3917
3916
3914
3909
3909
3915
3913
3912
3911
3910
3907
3907
3903
3902
3911
3906
3905
3904
3901
3904
3899
3900
3898
3894
3893
3894
3900
3899
3899
3900
3900
3900
3899
3898
3898
3895
3898
3896
3895
3894
3887
3888
3892
3889
3890
3887
3887
3886
3882
3879
3880
3883
3883
3881
3879
3879
3875
3875
3878
3881
3878
3878
3876
3872
3875
3877
3876
3875
3874
3874
3872
3872
3872
3869
3871
3871
3863
3865
3866
3869
3869
3870
3869
3869
3866
3866
3860
3860
3866
3861
3858
3858
3861
3862
3859
3857
3855
3859
3858
3856
3856
3855
3853
3852
3846
3847
3851
3848
3848
3848
3845
3845
3844
3842
3842
3842
3839
3840
3840
3838
3841
3839
3838
3838
3838
3834
3836
3839
3838
3834
3834
3835
3838
3837
3833
3835
3834
3832
3833
3832
3831
3832
3832
3823
3826
3831
3826
3827
3826
3824
3827
3825
3824
3826
3823
3822
3822
3825
3825
3824
3823
3820
3817
3817
3822
3819
3819
3820
3810
3814
3814
3816
3816
3816
3815
3817
3815
3812
3815
3813
3810
3811
3804
3805
3809
3806
3807
3800
3800
3804
3802
3802
3803
3801
3799
3800
3797
3798
3793
3792
3792
3797
3794
3796
3795
3793
3794
3791
3789
3789
3795
3791
3792
3791
3788
3790
3791
3787
3789
3789
3789
3786
3787
3788
3788
3789
3787
3785
3784
3783
3783
3782
3781
3782
3778
3780
3780
3771
3773
3775
3778
3777
3771
3773
3778
3775
3774
3770
3771
3776
3775
3772
3773
3780
3779
3778
3778
3775
3776
3775
3775
3775
3772
3767
3766
3769
3769
3766
3764
3761
3760
3758
3763
3762
3761
3762
3761
3762
3760
3760
3760
3758
3758
3756
3756
3755
3755
3756
3752
3753
3752
3750
3750
3744
3745
3751
3747
3748
3750
3748
3750
3751
3748
3749
3753
3752
3750
3751
3747
3745
3744
3747
3746
3743
3744
3741
3737
3739
3741
3741
3736
3735
3740
3740
3738
3739
3737
3737
3737
3736
3737
3736
3734
3734
3733
3731
3729
3730
3729
3729
3730
3726
3727
3732
3731
3729
3729
3727
3726
3726
3730
3731
3731
3733
3735
3736
3737
3739
3738
3738
3738
3740
3738
3738
3732
3732
3733
3731
3723
3722
3720
3725
3722
3721
3722
3718
3719
3718
3718
3716
3719
3717
3710
3712
3712
3716
3712
3712
3710
3711
3709
3709
3707
3708
3705
3706
3703
3705
3697
3700
3698
3703
3704
3698
3699
3704
3705
3706
3706
3706
3708
3710
3710
3710
3711
3714
3711
3714
3712
3714
3712
3706
3707
3705
3710
3705
3701
3699
3704
3702
3698
3694
3694
3700
3698
3698
3696
3697
3696
3693
3695
3691
3687
3685
3692
3688
3687
3686
3685
3683
3681
3679
3676
3680
3682
3681
3679
3679
3677
3679
3674
3674
3676
3679
3678
3678
3675
3672
3673
3675
3679
3681
3680
3680
3682
3681
3683
3681
3683
3682
3680
3683
3680
3680
3680
3679
3678
3677
3672
3672
3676
3676
3675
3668
3669
3670
3670
3670
3668
3666
3661
3663
3666
3666
3662
3662
3668
3669
3667
3669
3667
3668
3664
3667
3664
3662
3661
3659
3658
3658
3652
3652
3652
3654
3654
3647
3649
3652
3652
3646
3645
3646
3651
3648
3647
3644
3646
3644
3645
3643
3645
3641
3642
3649
3647
3647
3645
3646
3645
3647
3645
3646
3644
3645
3643
3643
3640
3644
3641
3643
3642
3642
3642
3643
3642
3643
3642
3641
3641
3640
3638
3635
3636
3639
3636
3637
3635
3638
3637
3639
3633
3635
3639
3639
3637
3635
3634
3638
3638
3632
3630
3633
3636
3636
3635
3635
3634
3633
3629
3629
3629
3632
3634
3628
3627
3633
3632
3631
3632
3634
3638
3637
3640
3640
3642
3640
3644
3642
3644
3637
3640
3643
3644
3640
3637
3636
3642
3639
3639
3636
3637
3637
3636
3637
3634
3634
3633
3632
3627
3626
3629
3626
3626
3625
3625
3624
3623
3619
3619
3626
3626
3627
3626
3627
3626
3628
3627
3629
3630
3631
3628
3627
3627
3632
3629
3625
3625
3629
3628
3629
3627
3628
3629
3629
3629
3629
3628
3627
3624
3618
3618
3623
3620
3620
3617
3618
3615
3616
3612
3613
3606
3607
3605
3610
3607
3608
3607
3608
3606
3608
3602
3605
3607
3606
3602
3605
3606
3611
3610
3612
3610
3610
3609
3610
3607
3605
3605
3606
3609
3609
3602
3603
3606
3609
3610
3604
3605
3610
3608
3606
3601
3602
3605
3604
3601
3599
3599
3598
3599
3593
3593
3597
3595
3595
3593
3594
3591
3592
3593
3593
3589
3591
3592
3594
3594
3593
3593
3592
3592
3588
3589
3587
3583
3582
3589
3588
3585
3586
3587
3582
3581
3586
3585
3586
3583
3585
3584
3583
3581
3580
3587
3585
3585
3584
3583
3583
3584
3581
3582
3581
3580
3580
3576
3578
3581
3579
3575
3575
3577
3579
3578
3574
3576
3579
3578
3579
3578
3579
3578
3579
3579
3580
3578
3578
3578
3581
3579
3582
3581
3577
3576
3579
3580
3579
3574
3577
3579
3580
3574
3574
3573
3579
3577
3577
3575
3574
3576
3574
3576
3574
3574
3574
3573
3570
3570
3568
3568
3572
3570
3571
3570
3567
3565
3564
3570
3572
3570
3570
3564
3566
3567
3569
3571
3563
3566
3570
3567
3570
3568
3568
3567
3569
3567
3570
3569
3567
3565
3566
3566
3564
3564
3568
3570
3570
3572
3572
3572
3572
3567
3565
3567
3567
3567
3563
3563
3563
3561
3558
3556
3555
3558
3560
3552
3552
3557
3556
3555
3550
3549
3555
3552
3552
3552
3551
3550
3549
3550
3549
3550
3550
3550
3551
3550
3551
3551
3552
3552
3551
3551
3554
3549
3552
3555
3556
3555
3556
3557
3555
3555
3549
3548
3554
3552
3549
3550
3548
3544
3543
3549
3546
3546
3548
3548
3551
3553
3550
3551
3558
3557
3557
3555
3555
3554
3554
3548
3550
3553
3553
3552
3553
3551
3551
3548
3546
3547
3546
3546
3546
3543
3542
3549
3547
3547
3547
3547
3548
3546
3546
3542
3540
3538
3539
3542
3542
3536
3538
3541
3541
3541
3541
3541
3538
3538
3548
3545
3547
3544
3546
3544
3547
3539
3541
3542
3545
3542
3543
3543
3539
3538
3547
3545
3547
3549
3550
3550
3549
3551
3548
3548
3545
3543
3543
3540
3536
3535
3537
3538
3536
3537
3536
3534
3536
3534
3537
3537
3538
3539
3537
3539
3545
3541
3539
3533
3532
3536
3535
3531
3532
3535
3533
3534
3535
3535
3532
3534
3532
3534
3533
3534
3535
3533
3535
3533
3534
3531
3532
3530
3530
3528
3524
3524
3529
3527
3526
3524
3523
3518
3521
3525
3524
3524
3522
3520
3527
3525
3524
3523
3523
3518
3519
3521
3521
3519
3519
3518
3518
3519
3517
3518
3517
3518
3517
3517
3517
3511
3513
3515
3516
3513
3513
3511
3513
3512
3511
3513
3507
3510
3515
3514
3515
3513
3513
3514
3516
3513
3515
3513
3511
3510
3512
3511
3513
3512
3509
3505
3504
3510
3509
3507
3505
3505
3504
3502
3504
3501
3503
3501
3501
3499
3500
3496
3496
3499
3500
3499
3498
3495
3493
3492
3497
3496
3491
3493
3500
3501
3501
3496
3499
3503
3502
3503
3501
3503
3502
3503
3502
3504
3503
3503
3501
3503
3503
3502
3503
3504
3504
3504
3505
3506
3504
3505
3509
3510
3509
3509
3509
3504
3504
3507
3507
3505
3504
3504
3504
3502
3503
3502
3497
3498
3500
3501
3499
3496
3495
3499
3496
3492
3491
3492
3494
3494
3493
3494
3495
3494
3495
3495
3494
3492
3491
3498
3493
3492
3490
3491
3490
3491
3492
3492
3493
3493
3492
3491
3489
3489
3489
3484
3483
3484
3487
3487
3489
3485
3482
3482
3485
3485
3486
3484
3484
3483
3484
3482
3483
3481
3483
3482
3483
3485
3484
3487
3488
3488
3488
3497
3496
3498
3502
3511
3515
3519
3524
3530
3536
3544
3544
3552
3559
3572
3577
3578
3587
3598
3603
3608
3616
3621
3624
3630
3644
3648
3651
3658
3662
3672
3678
3683
3687
3693
3698
3701
3705
3708
3708
3712
3721
3720
3722
3720
3721
