3726
3726
3725
3726
3722
3719
3719
3724
3719
3718
3713
3713
3709
3709
3702
3701
3697
3695
3691
3690
3684
3682
3676
3671
3665
3670
3663
3661
3657
3653
3649
3648
3644
3642
3638
3635
3630
3629
3625
3619
3617
3621
3616
3613
3610
3611
3603
3604
3604
3603
3596
3594
3592
3597
3595
3588
3589
3592
3591
3588
3585
3584
3583
3581
3578
3575
3571
3570
3566
3565
3563
3560
3557
3556
3551
3552
3549
3548
3541
3541
3545
3541
3541
3539
3538
3532
3532
3537
3534
3532
3528
3527
3532
3528
3529
3525
3525
3523
3521
3522
3518
3516
3515
3521
3518
3519
3516
3517
3517
3516
3517
3515
3516
3511
3512
3516
3514
3515
3513
3510
3513
3511
3514
3512
3508
3510
3514
3513
3511
3511
3507
3508
3506
3503
3505
3503
3505
3504
3505
3506
3500
3502
3504
3506
3504
3504
3505
3499
3501
3507
3504
3505
3502
3503
3501
3499
3501
3497
3498
3494
3496
3495
3493
3491
3490
3492
3491
3490
3485
3485
3491
3486
3487
3489
3486
3483
3482
3485
3485
3485
3483
3482
3483
3480
3481
3481
3479
3478
3478
3476
3475
3475
3474
3471
3470
3477
3476
3474
3471
3471
3477
3479
3479
3481
3481
3477
3480
3483
3482
3478
3479
3480
3482
3482
3477
3479
3482
3481
3480
3479
3479
3481
3482
3480
3482
3478
3480
3481
3480
3479
3481
3478
3480
3478
3478
3474
3477
3474
3474
3470
3470
3469
3469
3467
3464
3466
3467
3469
3461
3463
3466
3467
3467
3462
3463
3469
3465
3464
3463
3460
3467
3466
3464
3464
3465
3464
3465
3464
3465
3466
3467
3467
3464
3463
3463
3460
3461
3460
3459
3458
3459
3460
3462
3455
3456
3462
3459
3455
3457
3460
3463
3464
3459
3457
3465
3463
3462
3458
3458
3463
3463
3461
3461
3462
3463
3462
3464
3463
3462
3463
3462
3463
3464
3466
3466
3467
3468
3471
3469
3471
3473
3474
3472
3475
3468
3473
3475
3476
3477
3471
3471
3477
3475
3468
3470
3472
3476
3477
3479
3479
3476
3478
3480
3482
3484
3480
3483
3487
3489
3490
3488
3490
3489
3490
3486
3486
3490
3489
3486
3489
3490
3492
3492
3489
3490
3494
3498
3500
3500
3500
3501
3505
3507
3507
3510
3512
3516
3517
3519
3518
3521
3523
3529
3531
3527
3531
3538
3538
3539
3540
3540
3538
3540
3548
3547
3549
3550
3550
3553
3555
3557
3558
3558
3559
3565
3571
3574
3577
3578
3582
3583
3589
3590
3595
3599
3602
3608
3609
3613
3616
3620
3617
3623
3631
3634
3638
3644
3645
3645
3649
3659
3661
3661
3666
3668
3671
3674
3671
3677
3688
3691
3693
3697
3701
3711
3715
3719
3724
3731
3734
3741
3746
3749
3752
3758
3762
3768
3771
3777
3782
3787
3791
3798
3802
3810
3815
3823
3825
3833
3845
3852
3855
3861
3868
3879
3885
3883
3890
3902
3909
3913
3922
3928
3931
3936
3950
3954
3963
3969
3976
3982
3990
3997
4007
4012
4022
4028
4038
4045
4052
4061
4062
4073
4081
4093
4099
4106
4114
4116
4126
4136
4146
4153
4163
4167
4178
4185
4196
4203
4213
4221
4232
4236
4247
4264
4270
4282
4286
4297
4310
4320
4329
4340
4350
4359
4372
4383
4393
4397
4408
4423
4435
4442
4452
4462
4468
4480
4488
4499
4507
4514
4522
4524
4535
4547
4554
4562
4570
4580
4589
4599
4605
4616
4633
4641
4649
4662
4671
4686
4695
4705
4718
4727
4740
4750
4761
4776
4779
4794
4811
4821
4833
4840
4852
4871
4879
4883
4898
4910
4923
4935
4946
4955
4967
4975
4986
4991
5004
5020
5034
5043
5055
5062
5074
5089
5104
5117
5128
5138
5151
5164
5175
5187
5203
5215
5229
5244
5255
5269
5279
5289
5294
5305
5318
5328
5334
5344
5353
5361
5372
5383
5395
5398
5410
5419
5432
5439
5449
5456
5465
5476
5485
5490
5501
5514
5521
5532
5539
5547
5557
5563
5576
5587
5592
5599
5607
5613
5621
5622
5628
5641
5646
5650
5655
5659
5661
5668
5682
5689
5686
5697
5709
5715
5720
5729
5741
5746
5756
5765
5776
5788
5791
5804
5822
5830
5833
5844
5857
5873
5881
5890
5905
5916
5924
5937
5947
5953
5962
5968
5967
5977
5989
5992
5993
6002
6008
6013
6022
6030
6040
6048
6056
6064
6066
6074
6087
6094
6098
6101
6104
6103
6109
6119
6121
6122
6129
6132
6146
6151
6157
6166
6166
6178
6190
6203
6209
6221
6226
6231
6236
6241
6249
6257
6256
6269
6284
6291
6303
6313
6325
6335
6346
6356
6368
6378
6385
6396
6406
6419
6427
6437
6438
6452
6464
6475
6483
6493
6500
6506
6518
6532
6538
6547
6555
6559
6559
6569
6582
6585
6595
6600
6604
6606
6613
6623
6622
6627
6624
6628
6630
6629
6627
6625
6627
6624
6615
6617
6615
6616
6614
6609
6615
6615
6623
6628
6631
6634
6640
6645
6649
6656
6663
6663
6670
6680
6682
6678
6686
6689
6695
6697
6695
6692
6684
6684
6686
6690
6690
6691
6688
6691
6695
6694
6699
6702
6705
6709
6715
6719
6716
6726
6733
6743
6747
6755
6756
6753
6765
6769
6776
6780
6778
6782
6789
6792
6790
6791
6795
6798
6803
6804
6811
6814
6819
6825
6824
6828
6832
6834
6827
6836
6840
6849
6849
6846
6850
6861
6857
6859
6860
6858
6850
6853
6861
6860
6862
6862
6864
6864
6860
6858
6857
6852
6849
6845
6840
6836
6828
6824
6829
6824
6823
6823
6824
6825
6828
6826
6825
6828
6829
6827
6825
6825
6836
6836
6840
6841
6848
6855
6859
6855
6863
6874
6874
6874
6877
6883
6890
6892
6894
6894
6894
6896
6893
6895
6897
6899
6899
6900
6903
6908
6909
6910
6908
6910
6919
6917
6911
6913
6912
6916
6913
6911
6906
6903
6901
6895
6891
6891
6880
6875
6881
6877
6871
6868
6866
6859
6854
6860
6858
6854
6850
6851
6858
6859
6857
6857
6857
6857
6857
6861
6862
6861
6859
6858
6856
6855
6853
6848
6848
6846
6840
6842
6850
6848
6849
6852
6852
6847
6851
6862
6860
6859
6861
6863
6864
6864
6868
6869
6867
6868
6869
6862
6867
6873
6871
6862
6860
6862
6865
6859
6850
6849
6854
6844
6838
6837
6833
6825
6822
6822
6818
6817
6808
6809
6816
6810
6811
6805
6798
6794
6793
6793
6789
6783
6778
6773
6771
6769
6763
6759
6756
6754
6752
6750
6749
6747
6745
6744
6742
6736
6738
6742
6740
6739
6732
6736
6739
6736
6726
6729
6730
6733
6728
6731
6731
6728
6721
6715
6707
6702
6699
6687
6679
6672
6662
6650
6642
6634
6627
6620
6614
6604
6595
6592
6585
6579
6575
6572
6567
6563
6563
6559
6559
6555
6550
6542
6540
6543
6542
6539
6529
6527
6530
6525
6515
6513
6513
6509
6504
6505
6499
6490
6487
6485
6489
6484
6476
6476
6483
6479
6475
6472
6471
6469
6468
6466
6465
6463
6462
6461
6462
6461
6461
6464
6467
6468
6468
6471
6470
6467
6470
6477
6475
6479
6480
6482
6482
6485
6485
6484
6477
6481
6483
6488
6485
6480
6479
6470
6468
6462
6453
6448
6448
6446
6440
6435
6427
6426
6421
6422
6418
6407
6405
6410
6407
6397
6392
6389
6382
6369
6362
6354
6344
6336
6328
6322
6315
6301
6297
6293
6288
6281
6273
6268
6271
6264
6260
6259
6254
6249
6247
6245
6240
6236
6234
6231
6229
6224
6216
6212
6213
6208
6202
6193
6187
6180
6172
6158
6151
6151
6144
6134
6128
6122
6119
6117
6108
6108
6107
6108
6106
6103
6100
6097
6097
6091
6088
6088
6093
6089
6082
6083
6088
6082
6078
6071
6071
6073
6065
6063
6060
6057
6054
6053
6052
6049
6043
6042
6038
6033
6027
6016
6015
6015
6007
5993
5987
5983
5983
5974
5966
5962
5956
5952
5947
5946
5942
5938
5934
5931
5929
5922
5920
5921
5921
5920
5919
5919
5916
5915
5915
5915
5913
5914
5913
5904
5905
5905
5910
5907
5899
5899
5905
5902
5897
5895
5891
5884
5881
5884
5881
5878
5873
5872
5868
5862
5863
5860
5854
5852
5849
5846
5846
5843
5839
5838
5835
5826
5824
5821
5824
5819
5809
5805
5807
5797
5792
5786
5779
5769
5766
5767
5761
5757
5756
5750
5741
5739
5741
5736
5731
5729
5726
5721
5718
5717
5713
5709
5708
5705
5700
5700
5696
5690
5686
5683
5676
5666
5663
5664
5657
5650
5647
5643
5639
5634
5633
5627
5617
5617
5620
5619
5614
5608
5607
5597
5593
5595
5591
5587
5576
5574
5575
5571
5558
5555
5559
5560
5553
5540
5542
5545
5540
5535
5532
5526
5522
5518
5514
5511
5507
5500
5499
5493
5492
5487
5481
5478
5473
5470
5466
5462
5461
5457
5450
5447
5449
5443
5439
5435
5430
5430
5428
5420
5417
5415
5415
5415
5414
5413
5405
5403
5408
5406
5405
5403
5402
5400
5396
5395
5391
5388
5380
5378
5381
5378
5374
5369
5365
5363
5359
5355
5352
5348
5345
5336
5329
5328
5331
5327
5315
5312
5313
5308
5303
5299
5296
5290
5285
5273
5268
5264
5266
5260
5254
5249
5242
5238
5233
5230
5226
5224
5222
5217
5215
5205
5202
5202
5205
5202
5201
5198
5193
5190
5186
5182
5179
5184
5182
5175
5175
5177
5179
5179
5177
5174
5169
5166
5157
5156
5153
5152
5147
5144
5141
5137
5133
5130
5126
5122
5119
5115
5107
5105
5106
5103
5095
5090
5085
5074
5072
5075
5068
5065
5057
5055
5059
5054
5050
5048
5044
5042
5039
5033
5030
5020
5020
5020
5019
5013
5008
5004
5002
5000
4995
4990
4989
4988
4984
4980
4976
4968
4969
4966
4967
4964
4960
4960
4956
4951
4947
4945
4942
4941
4938
4930
4927
4931
4926
4925
4917
4915
4919
4915
4913
4910
4910
4909
4907
4901
4901
4905
4901
4899
4896
4894
4892
4890
4883
4882
4886
4884
4882
4878
4875
4871
4869
4862
4863
4862
4865
4861
4856
4855
4845
4845
4848
4848
4845
4844
4838
4834
4833
4831
4828
4825
4823
4820
4815
4813
4815
4811
4808
4808
4804
4802
4800
4797
4795
4795
4795
4790
4788
4784
4776
4777
4784
4781
4777
4774
4772
4770
4769
4761
4758
4757
4758
4758
4755
4752
4750
4750
4746
4742
4741
4735
4737
4739
4734
4729
4731
4730
4732
4730
4724
4726
4730
4727
4723
4720
4718
4718
4716
4713
4710
4709
4709
4708
4705
4705
4703
4702
4694
4694
4691
4692
4688
4684
4681
4677
4672
4670
4663
4662
4664
4659
4652
4652
4656
4658
4653
4650
4648
4647
4640
4640
4635
4631
4625
4625
4627
4622
4617
4616
4613
4610
4606
4606
4604
4604
4601
4599
4598
4597
4592
4589
4595
4590
4582
4581
4580
4583
4582
4580
4579
4578
4577
4575
4573
4571
4568
4565
4559
4558
4560
4558
4556
4549
4548
4552
4548
4546
4543
4540
4538
4536
4536
4534
4530
4529
4528
4528
4526
4520
4519
4524
4523
4518
4516
4513
4518
4516
4514
4511
4511
4510
4508
4508
4506
4504
4501
4499
4497
4492
4492
4491
4490
4489
4487
4483
4477
4474
4474
4477
4476
4468
4465
4470
4466
4465
4461
4462
4454
4456
4459
4457
4456
4455
4451
4447
4444
4439
4437
4441
4442
4438
4435
4435
4434
4433
4426
4428
4426
4426
4424
4419
4418
4416
4413
4409
4410
4408
4406
4404
4404
4403
4396
4393
4392
4393
4393
4392
4391
4384
4385
4381
4382
4381
4380
4380
4373
4373
4373
4376
4375
4370
4370
4374
4372
4366
4363
4360
4362
4359
4358
4355
4354
4351
4349
4350
4349
4345
4348
4345
4346
4344
4343
4342
4342
4340
4339
4338
4333
4328
4327
4329
4329
4326
4323
4322
4319
4318
4313
4313
4316
4313
4309
4305
4302
4300
4299
4297
4295
4287
4286
4288
4286
4287
4283
4282
4276
4276
4280
4279
4277
4272
4271
4273
4272
4270
4270
4268
4264
4264
4267
4266
4264
4263
4263
4262
4262
4262
4260
4261
4258
4258
4254
4251
4250
4250
4242
4241
4245
4242
4242
4239
4237
4235
4234
4225
4227
4228
4228
4226
4224
4222
4219
4219
4219
4219
4219
4214
4214
4216
4213
4205
4206
4205
4208
4207
4205
4205
4205
4204
4204
4201
4201
4199
4200
4196
4196
4195
4194
4192
4191
4188
4183
4185
4189
4186
4181
4182
4178
4177
4175
4170
4170
4173
4174
4173
4171
4170
4165
4165
4169
4167
4165
4164
4161
4158
4158
4164
4160
4159
4158
4156
4155
4153
4153
4151
4146
4145
4145
4148
4145
4138
4141
4146
4145
4141
4141
4138
4132
4133
4137
4136
4133
4132
4131
4129
4129
4123
4123
4125
4125
4122
4121
4119
4120
4117
4116
4113
4113
4111
4111
4110
4109
4109
4107
4107
4106
4106
4098
4101
4103
4103
4099
4097
4097
4100
4099
4098
4096
4095
4095
4094
4090
4091
4090
4091
4085
4086
4087
4089
4087
4087
4084
4083
4082
4081
4079
4078
4074
4074
4079
4076
4069
4068
4067
4071
4069
4069
4067
4060
4059
4059
4061
4061
4055
4058
4062
4061
4059
4058
4057
4055
4055
4055
4052
4052
4050
4048
4042
4042
4045
4044
4043
4042
4042
4041
4040
4038
4035
4034
4035
4036
4037
4035
4035
4036
4032
4034
4040
4040
4039
4037
4035
4030
4032
4037
4036
4036
4039
4035
4034
4031
4030
4031
4029
4028
4025
4019
4017
4021
4018
4011
4007
4008
4012
4011
4009
4006
3998
3997
3994
3997
3996
3990
3991
3996
3991
3989
3988
3986
3986
3986
3985
3985
3983
3981
3980
3977
3976
3982
3980
3977
3976
3975
3973
3971
3967
3968
3974
3973
3974
3974
3974
3972
3973
3975
3977
3977
3977
3977
3976
3975
3976
3973
3965
3964
3962
3964
3962
3961
3960
3956
3953
3950
3947
3948
3952
3948
3943
3943
3949
3946
3945
3944
3943
3937
3938
3944
3941
3942
3941
3942
3937
3938
3942
3940
3935
3931
3932
3936
3937
3935
3932
3930
3931
3930
3928
3928
3926
3927
3928
3927
3927
3926
3927
3929
3926
3924
3923
3919
3916
3916
3917
3916
3917
3915
3907
3907
3907
3909
3909
3903
3903
3910
3911
3910
3908
3906
3908
3905
3905
3902
3903
3903
3901
3896
3897
3902
3901
3898
3897
3897
3892
3892
3894
3890
3884
3885
3885
3888
3885
3883
3883
3882
3882
3878
3876
3877
3882
3881
3877
3875
3876
3876
3875
3872
3870
3870
3870
3870
3868
3866
3865
3867
3867
3865
3862
3862
3861
3862
3861
3858
3857
3862
3862
3862
3861
3860
3859
3859
3860
3862
3858
3862
3861
3861
3862
3867
3867
3860
3858
3860
3860
3860
3859
3858
3857
3855
3853
3852
3850
3850
3850
3848
3845
3846
3846
3843
3837
3837
3842
3842
3841
3839
3834
3833
3836
3838
3838
3833
3831
3837
3838
3837
3837
3835
3830
3830
3835
3833
3834
3834
3831
3832
3831
3831
3830
3830
3828
3828
3828
3829
3827
3828
3827
3826
3828
3822
3823
3826
3826
3826
3825
3828
3825
3822
3817
3818
3821
3817
3820
3818
3818
3816
3816
3810
3812
3816
3812
3811
3812
3812
3807
3806
3812
3810
3809
3811
3811
3810
3808
3802
3805
3806
3808
3805
3805
3805
3804
3802
3802
3802
3801
3797
3799
3799
3799
3798
3799
3799
3799
3797
3800
3801
3794
3796
3798
3802
3803
3798
3799
3804
3804
3803
3801
3797
3792
3793
3798
3795
3788
3787
3787
3790
3791
3789
3785
3785
3785
3784
3781
3782
3781
3779
3778
3779
3772
3772
3773
3778
3776
3775
3775
3772
3772
3770
3774
3774
3769
3768
3770
3768
3767
3766
3763
3763
3764
3761
3760
3762
3760
3760
3757
3758
3764
3763
3761
3760
3759
3759
3757
3755
3755
3752
3753
3756
3757
3757
3760
3758
3758
3758
3759
3760
3758
3753
3753
3758
3757
3749
3749
3748
3753
3752
3748
3747
3746
3743
3743
3743
3743
3743
3742
3743
3741
3741
3741
3738
3732
3733
3738
3737
3736
3736
3737
3735
3734
3729
3726
3730
3728
3729
3728
3726
3721
3722
3725
3724
3725
3723
3724
3724
3722
3723
3723
3715
3719
3721
3722
3725
3722
3722
3729
3729
3726
3725
3726
3725
3724
3723
3722
3720
3719
3720
3714
3713
3719
3718
3714
3712
3714
3714
3715
3709
3711
3719
3716
3715
3717
3716
3715
3716
3716
3715
3710
3710
3712
3718
3715
3713
3713
3705
3708
3710
3713
3715
3713
3714
3712
3711
3709
3709
3706
3702
3702
3704
3703
3702
3697
3698
3697
3693
3691
3691
3696
3696
3696
3694
3696
3695
3693
3690
3690
3691
3692
3692
3685
3684
3689
3686
3685
3684
3685
3683
3684
3685
3683
3678
3676
3678
3684
3683
3681
3680
3682
3680
3676
3677
3678
3681
3678
3680
3678
3672
3673
3674
3676
3675
3675
3675
3671
3673
3672
3670
3670
3671
3671
3667
3668
3666
3663
3663
3669
3668
3665
3669
3661
3661
3664
3669
3667
3668
3669
3668
3672
3670
3671
3670
3670
3671
3672
3670
3666
3666
3665
3671
3669
3663
3666
3672
3668
3668
3663
3661
3666
3665
3663
3663
3662
3662
3662
3663
3661
3662
3661
3659
3660
3659
3657
3656
3651
3649
3656
3654
3654
3651
3650
3653
3656
3653
3655
3656
3651
3650
3657
3655
3654
3655
3654
3653
3654
3654
3654
3656
3654
3655
3655
3655
3653
3654
3653
3650
3646
3648
3647
3652
3648
3643
3645
3649
3647
3647
3645
3644
3641
3638
3644
3640
3641
3639
3638
3636
3637
3632
3632
3638
3636
3636
3638
3635
3637
3637
3637
3637
3635
3639
3638
3638
3639
3635
3633
3641
3640
3637
3637
3637
3636
3635
3631
3631
3633
3635
3637
3637
3636
3634
3634
3638
3639
3639
3638
3637
3632
3632
3636
3634
3630
3629
3629
3630
3629
3627
3630
3630
3630
3632
3631
3632
3632
3630
3629
3629
3627
3627
3626
3624
3624
3618
3618
3620
3624
3621
3618
3618
3621
3620
3617
3616
3618
3617
3617
3612
3614
3618
3618
3615
3613
3613
3616
3618
3615
3614
3616
3613
3613
3609
3608
3615
3615
3612
3613
3613
3611
3612
3607
3609
3612
3614
3612
3613
3611
3605
3609
3612
3612
3613
3610
3614
3616
3614
3613
3613
3614
3620
3618
3616
3614
3614
3615
3614
3613
3614
3610
3612
3613
3611
3614
3612
3614
3611
3612
3616
3615
3616
3612
3612
3612
3612
3611
3611
3611
3611
3605
3605
3604
3607
3606
3603
3604
3602
3603
3603
3598
3598
3603
3600
3599
3599
3598
3592
3593
3598
3595
3594
3595
3595
3594
3595
3595
3594
3592
3594
3593
3592
3591
3588
3587
3593
3590
3583
3586
3584
3588
3587
3584
3584
3582
3581
3583
3580
3581
3577
3575
3582
3580
3576
3577
3576
3582
3581
3582
3583
3581
3581
3582
3581
3580
3577
3575
3581
3580
3578
3579
3577
3577
3579
3577
3575
3577
3576
3576
3575
3577
3577
3580
3577
3580
3578
3579
3578
3572
3574
3578
3574
3571
3568
3569
3573
3572
3568
3567
3574
3574
3574
3571
3570
3576
3577
3576
3576
3576
3574
3575
3576
3572
3571
3571
3571
3570
3570
3570
3571
3566
3570
3574
3573
3575
3575
3576
3577
3579
3573
3574
3576
3577
3578
3571
3572
3575
3573
3568
3566
3568
3569
3568
3568
3566
3565
3567
3567
3566
3567
3566
3564
3563
3564
3561
3561
3560
3560
3557
3555
3554
3557
3561
3558
3559
3561
3559
3560
3554
3552
3553
3557
3555
3551
3553
3558
3558
3558
3554
3555
3560
3558
3556
3556
3556
3552
3551
3552
3551
3549
3549
3548
3547
3546
3547
3547
3544
3544
3544
3545
3544
3545
3544
3542
3543
3542
3540
3540
3538
3537
3542
3542
3536
3539
3547
3545
3545
3541
3541
3547
3547
3541
3541
3543
3547
3548
3548
3548
3546
3547
3548
3547
3546
3539
3539
3545
3542
3539
3539
3539
3538
3538
3531
3534
3537
3537
3535
3531
3530
3534
3534
3532
3531
3532
3533
3532
3531
3532
3532
3532
3525
3526
3529
3533
3533
3533
3535
3535
3535
3535
3533
3533
3533
3534
3532
3532
3533
3533
3532
3529
3532
3537
3532
3534
3536
3535
3537
3537
3534
3534
3539
3538
3535
3534
3532
3527
3527
3530
3529
3527
3524
3524
3526
3527
3526
3523
3525
3522
3523
3520
3520
3522
3522
3524
3524
3523
3525
3524
3523
3523
3522
3524
3522
3522
3522
3520
3520
3515
3516
3521
3519
3517
3514
3515
3519
3517
3517
3517
3517
3516
3519
3514
3516
3523
3521
3520
3519
3519
3520
3519
3512
3513
3519
3515
3517
3515
3517
3515
3515
3514
3512
3512
3510
3511
3517
3519
3514
3514
3519
3522
3523
3521
3519
3521
3519
3518
3518
3516
3515
3513
3514
3512
3506
3509
3511
3512
3510
3508
3508
3513
3513
3510
3508
3510
3515
3516
3516
3518
3520
3524
3524
3523
3528
3530
3531
3531
3530
3530
3523
3522
3526
3524
3522
3520
3520
3517
3518
3515
3516
3515
3515
3514
3515
3515
3514
3514
3509
3510
3514
3511
3510
3506
3506
3510
3509
3506
3506
3506
3505
3503
3502
3502
3502
3501
3501
3502
3500
3497
3500
3502
3500
3496
3497
3497
3499
3500
3494
3494
3500
3497
3496
3494
3493
3494
3494
3491
3491
3490
3490
3490
3489
3489
3489
3487
3486
3487
3488
3487
3486
3486
3487
3486
3487
3485
3487
3488
3483
3482
3489
3488
3481
3482
3483
3486
3484
3480
3482
3485
3485
3484
3482
3482
3486
3486
3486
3485
3480
3479
3481
3485
3482
3483
3484
3485
3484
3484
3483
3484
3483
3483
3483
3483
3484
3482
3482
3479
3479
3485
3485
3485
3486
3487
3487
3488
3489
3486
3485
3486
3485
3484
3486
3486
3486
3480
3484
3483
3485
3487
3486
3486
3488
3489
3489
3490
3489
3492
3490
3490
3491
3484
3484
3483
3487
3486
3487
3488
3481
3483
3483
3485
3485
3481
3483
3490
3489
3489
3489
3492
3497
3499
3499
3501
3510
3515
3519
3522
3528
3527
3534
3545
3549
3554
3562
3567
3569
3578
3588
3594
3601
3607
3610
3618
3624
3628
3636
3636
3643
3648
3657
3663
3669
3670
3677
3681
3684
3686
3690
3697
3701
3702
3705
3707
3708
3709
