3710
3710
3707
3710
3708
3708
3704
3704
3702
3701
3698
3689
3690
3687
3688
3685
3681
3677
3676
3672
3666
3662
3659
3660
3658
3653
3650
3645
3643
3639
3642
3636
3628
3627
3629
3624
3622
3615
3613
3616
3611
3608
3605
3602
3602
3597
3596
3594
3590
3589
3586
3582
3582
3578
3577
3574
3569
3568
3569
3565
3562
3559
3562
3560
3552
3553
3554
3552
3552
3544
3544
3549
3543
3542
3540
3537
3533
3530
3536
3534
3532
3531
3530
3529
3529
3527
3525
3526
3523
3523
3521
3521
3516
3515
3519
3516
3517
3516
3514
3515
3512
3507
3507
3511
3510
3509
3507
3507
3505
3505
3504
3503
3501
3496
3498
3501
3499
3499
3497
3490
3491
3493
3494
3493
3493
3491
3491
3491
3487
3489
3488
3487
3487
3483
3482
3485
3486
3487
3488
3487
3483
3484
3489
3488
3486
3486
3485
3481
3483
3486
3484
3484
3478
3481
3485
3485
3484
3484
3483
3483
3484
3481
3482
3478
3478
3483
3482
3480
3479
3480
3479
3479
3479
3479
3478
3478
3478
3477
3478
3474
3473
3476
3479
3478
3477
3478
3479
3478
3480
3478
3478
3478
3475
3471
3469
3475
3473
3473
3467
3466
3472
3470
3470
3472
3470
3467
3469
3476
3475
3476
3475
3474
3475
3474
3470
3471
3476
3475
3475
3475
3474
3470
3470
3472
3470
3471
3468
3465
3466
3463
3461
3459
3464
3463
3461
3461
3462
3460
3460
3460
3460
3454
3453
3455
3457
3456
3456
3456
3455
3454
3455
3455
3453
3451
3451
3452
3452
3455
3457
3457
3454
3455
3461
3459
3454
3455
3453
3459
3455
3452
3452
3458
3457
3454
3455
3455
3450
3452
3457
3455
3455
3457
3455
3451
3452
3457
3454
3454
3454
3453
3451
3453
3453
3450
3448
3448
3449
3447
3446
3442
3443
3447
3445
3446
3445
3444
3445
3448
3444
3447
3454
3454
3454
3456
3456
3456
3458
3462
3462
3463
3464
3466
3468
3467
3464
3466
3470
3471
3470
3467
3465
3468
3469
3468
3466
3466
3467
3464
3460
3462
3465
3465
3463
3459
3462
3467
3465
3466
3467
3468
3468
3470
3474
3476
3476
3478
3482
3481
3483
3484
3485
3483
3484
3484
3485
3486
3487
3489
3489
3492
3494
3495
3493
3496
3499
3505
3508
3509
3510
3504
3510
3511
3514
3516
3512
3513
3520
3518
3517
3516
3516
3520
3522
3522
3522
3525
3525
3524
3527
3530
3532
3533
3533
3536
3538
3539
3540
3544
3547
3543
3550
3554
3556
3558
3562
3564
3566
3570
3568
3570
3575
3583
3583
3581
3586
3594
3595
3600
3599
3604
3611
3613
3619
3621
3626
3629
3632
3637
3639
3644
3649
3653
3658
3662
3664
3667
3677
3679
3682
3687
3692
3693
3700
3707
3712
3716
3720
3722
3725
3728
3739
3742
3746
3751
3754
3759
3766
3770
3775
3781
3788
3793
3802
3806
3814
3819
3824
3831
3829
3839
3845
3855
3860
3861
3870
3882
3888
3892
3900
3907
3908
3916
3931
3935
3942
3951
3956
3966
3974
3975
3986
4001
4006
4016
4020
4030
4037
4046
4053
4061
4067
4074
4085
4096
4102
4110
4118
4118
4127
4136
4147
4153
4159
4168
4173
4182
4190
4197
4205
4209
4218
4231
4239
4246
4256
4264
4275
4282
4290
4298
4317
4325
4332
4342
4351
4361
4369
4380
4387
4396
4401
4412
4425
4433
4436
4449
4462
4474
4482
4488
4499
4517
4528
4539
4547
4557
4567
4576
4583
4592
4600
4608
4614
4625
4631
4640
4650
4653
4665
4680
4688
4699
4704
4715
4732
4741
4751
4763
4769
4781
4791
4796
4808
4823
4831
4841
4851
4859
4869
4878
4887
4899
4906
4918
4927
4939
4948
4954
4963
4984
4989
5001
5008
5020
5029
5042
5044
5059
5068
5083
5089
5101
5108
5120
5130
5135
5149
5159
5176
5185
5197
5209
5219
5231
5240
5252
5264
5277
5290
5297
5310
5329
5341
5356
5363
5375
5393
5401
5407
5417
5430
5444
5455
5464
5477
5486
5498
5510
5513
5526
5540
5550
5555
5566
5573
5576
5584
5597
5605
5610
5620
5625
5633
5641
5651
5658
5666
5675
5682
5693
5702
5710
5720
5731
5740
5750
5759
5769
5780
5790
5801
5812
5820
5833
5844
5856
5867
5873
5885
5903
5910
5914
5928
5942
5954
5966
5971
5981
5999
6006
6015
6021
6031
6044
6055
6062
6072
6080
6088
6097
6107
6114
6115
6127
6143
6149
6157
6164
6172
6179
6188
6194
6202
6212
6221
6227
6228
6238
6252
6256
6265
6272
6276
6284
6294
6300
6306
6314
6318
6326
6327
6337
6344
6351
6348
6360
6365
6375
6383
6387
6393
6403
6403
6412
6419
6425
6425
6431
6442
6445
6451
6454
6461
6465
6472
6478
6485
6483
6493
6500
6510
6513
6520
6527
6529
6535
6540
6545
6548
6553
6559
6565
6568
6564
6571
6579
6591
6591
6595
6601
6605
6611
6611
6609
6617
6627
6631
6625
6632
6643
6645
6647
6654
6656
6658
6664
6661
6664
6672
6681
6682
6687
6690
6692
6696
6699
6701
6706
6709
6712
6711
6720
6728
6732
6734
6739
6742
6744
6747
6750
6747
6749
6749
6748
6752
6754
6750
6755
6759
6767
6765
6773
6774
6778
6780
6775
6776
6777
6782
6780
6773
6773
6781
6778
6775
6769
6770
6779
6778
6772
6777
6781
6788
6789
6792
6795
6799
6803
6805
6807
6809
6812
6818
6821
6824
6829
6827
6828
6823
6825
6828
6829
6828
6831
6830
6829
6831
6836
6834
6833
6833
6826
6822
6817
6805
6799
6802
6798
6795
6795
6795
6796
6797
6801
6804
6806
6809
6809
6814
6813
6810
6815
6821
6823
6825
6826
6827
6825
6829
6833
6836
6833
6840
6841
6843
6844
6840
6843
6851
6847
6846
6847
6850
6852
6854
6858
6865
6864
6873
6875
6885
6882
6878
6880
6888
6887
6888
6885
6888
6895
6896
6896
6897
6897
6900
6902
6906
6906
6909
6911
6912
6910
6906
6900
6896
6884
6878
6880
6870
6863
6860
6850
6844
6840
6844
6833
6826
6817
6814
6814
6807
6805
6800
6797
6794
6788
6788
6781
6781
6777
6774
6769
6769
6763
6760
6762
6761
6753
6755
6757
6763
6764
6765
6769
6767
6768
6782
6778
6782
6784
6784
6781
6784
6795
6791
6793
6789
6789
6797
6796
6795
6797
6797
6796
6798
6793
6793
6801
6797
6797
6797
6797
6795
6794
6791
6793
6790
6788
6786
6783
6783
6782
6782
6780
6778
6775
6771
6770
6773
6774
6765
6766
6773
6768
6767
6766
6761
6758
6756
6758
6756
6752
6746
6743
6746
6742
6737
6731
6725
6718
6713
6714
6706
6693
6689
6690
6683
6673
6668
6658
6653
6646
6640
6635
6628
6618
6614
6615
6608
6603
6599
6593
6593
6587
6586
6584
6579
6577
6574
6572
6573
6572
6570
6570
6569
6568
6569
6569
6567
6565
6565
6565
6564
6565
6566
6562
6560
6559
6557
6554
6549
6548
6545
6542
6535
6534
6535
6528
6516
6516
6512
6514
6509
6497
6493
6494
6491
6484
6481
6477
6468
6465
6470
6466
6464
6463
6455
6456
6449
6448
6446
6442
6441
6439
6433
6432
6437
6434
6422
6425
6423
6423
6420
6408
6405
6407
6397
6393
6390
6385
6380
6374
6371
6365
6356
6355
6352
6352
6348
6343
6339
6337
6330
6328
6322
6321
6316
6317
6304
6306
6307
6303
6296
6287
6284
6285
6281
6275
6272
6267
6263
6261
6257
6257
6246
6249
6248
6249
6245
6244
6241
6235
6232
6239
6234
6232
6227
6226
6224
6219
6213
6210
6204
6202
6195
6195
6190
6186
6182
6180
6175
6174
6163
6159
6162
6156
6146
6142
6138
6137
6135
6128
6127
6116
6116
6112
6115
6112
6098
6094
6098
6094
6086
6082
6075
6070
6065
6057
6052
6055
6048
6040
6031
6026
6017
6015
5998
5995
5990
5989
5980
5970
5964
5965
5955
5949
5941
5937
5926
5921
5914
5910
5897
5895
5889
5892
5886
5884
5881
5880
5878
5880
5875
5875
5873
5874
5867
5868
5867
5874
5871
5862
5858
5866
5861
5852
5850
5845
5849
5846
5844
5840
5838
5837
5832
5831
5827
5824
5824
5822
5821
5817
5813
5809
5814
5809
5808
5805
5803
5801
5800
5796
5797
5791
5792
5787
5786
5784
5779
5775
5782
5775
5774
5772
5769
5766
5765
5763
5758
5750
5748
5752
5744
5743
5736
5733
5727
5723
5721
5718
5712
5711
5705
5698
5694
5699
5696
5688
5683
5681
5686
5681
5673
5668
5670
5664
5657
5648
5646
5648
5642
5637
5632
5630
5622
5619
5612
5608
5597
5593
5591
5588
5582
5580
5573
5571
5566
5564
5562
5561
5558
5555
5548
5550
5552
5549
5548
5542
5544
5546
5546
5543
5538
5539
5540
5535
5535
5534
5525
5527
5529
5529
5524
5522
5519
5518
5514
5509
5507
5503
5498
5493
5490
5483
5482
5476
5473
5467
5463
5459
5455
5448
5446
5450
5444
5439
5435
5431
5427
5420
5418
5410
5410
5396
5395
5393
5389
5384
5379
5370
5364
5357
5362
5352
5340
5336
5337
5333
5326
5323
5320
5310
5306
5309
5307
5303
5298
5297
5294
5295
5291
5291
5286
5284
5280
5286
5285
5281
5280
5278
5276
5275
5272
5272
5271
5268
5269
5264
5263
5254
5255
5257
5255
5251
5250
5249
5245
5241
5236
5233
5239
5231
5229
5226
5224
5221
5218
5214
5212
5212
5207
5206
5197
5197
5197
5196
5193
5189
5187
5183
5181
5173
5172
5173
5170
5166
5162
5157
5149
5145
5150
5142
5141
5134
5134
5128
5126
5116
5116
5118
5115
5108
5106
5105
5100
5098
5094
5091
5090
5085
5085
5074
5074
5075
5070
5064
5062
5055
5053
5049
5047
5044
5035
5035
5035
5037
5036
5033
5031
5028
5027
5024
5023
5017
5011
5006
5010
5002
4997
4994
4988
4979
4977
4978
4973
4970
4966
4963
4961
4957
4951
4948
4952
4948
4942
4942
4937
4934
4931
4928
4924
4916
4915
4916
4913
4913
4902
4904
4905
4903
4897
4897
4892
4893
4889
4888
4885
4884
4879
4879
4875
4876
4872
4871
4861
4862
4859
4865
4859
4860
4855
4846
4845
4847
4848
4844
4841
4836
4837
4832
4831
4827
4828
4821
4820
4822
4823
4818
4815
4813
4810
4805
4797
4795
4799
4796
4792
4786
4786
4785
4781
4770
4769
4772
4768
4763
4761
4759
4758
4755
4748
4746
4745
4748
4745
4741
4741
4738
4736
4731
4728
4725
4732
4728
4728
4723
4725
4723
4721
4718
4717
4715
4718
4713
4713
4713
4712
4713
4712
4711
4710
4708
4706
4702
4700
4702
4696
4693
4689
4680
4680
4675
4679
4673
4670
4665
4663
4661
4658
4651
4649
4655
4649
4648
4646
4642
4642
4639
4639
4635
4625
4627
4631
4628
4627
4618
4619
4622
4620
4612
4612
4610
4615
4612
4607
4604
4608
4603
4599
4597
4595
4585
4586
4587
4585
4581
4583
4578
4578
4573
4573
4567
4566
4560
4558
4552
4551
4547
4544
4541
4537
4534
4527
4528
4531
4529
4526
4524
4523
4522
4518
4516
4515
4507
4503
4510
4507
4505
4502
4499
4493
4492
4494
4491
4488
4489
4487
4483
4484
4481
4481
4482
4479
4479
4472
4471
4474
4471
4471
4466
4467
4459
4460
4462
4461
4454
4456
4455
4456
4454
4453
4451
4451
4448
4446
4448
4447
4445
4446
4439
4440
4443
4443
4439
4435
4435
4429
4429
4435
4435
4432
4431
4429
4429
4426
4428
4428
4425
4425
4422
4420
4417
4413
4412
4408
4407
4404
4400
4400
4394
4394
4398
4392
4385
4381
4377
4379
4374
4366
4366
4368
4364
4361
4358
4357
4347
4347
4352
4349
4347
4346
4343
4342
4339
4338
4338
4335
4330
4332
4335
4334
4331
4330
4328
4325
4324
4325
4324
4316
4314
4322
4316
4316
4315
4310
4312
4308
4309
4306
4304
4300
4298
4303
4299
4299
4299
4296
4296
4294
4296
4294
4289
4288
4292
4290
4285
4281
4277
4281
4279
4278
4274
4274
4270
4270
4269
4266
4267
4264
4265
4265
4265
4263
4260
4261
4262
4258
4260
4256
4251
4249
4250
4248
4239
4241
4241
4244
4242
4235
4236
4239
4235
4230
4228
4230
4234
4230
4222
4225
4229
4228
4225
4224
4223
4222
4221
4219
4219
4215
4217
4213
4213
4213
4213
4211
4212
4210
4211
4202
4201
4203
4200
4193
4190
4187
4192
4188
4186
4184
4175
4176
4176
4175
4175
4171
4169
4168
4167
4164
4164
4163
4161
4160
4158
4158
4154
4156
4152
4149
4149
4153
4153
4149
4150
4150
4149
4147
4146
4144
4135
4136
4139
4138
4135
4130
4129
4130
4128
4122
4121
4121
4122
4122
4116
4115
4120
4116
4117
4114
4114
4112
4111
4109
4105
4109
4104
4105
4105
4103
4101
4101
4101
4103
4099
4100
4098
4099
4097
4092
4092
4093
4096
4092
4087
4085
4091
4084
4086
4081
4082
4080
4080
4075
4076
4073
4074
4072
4072
4072
4066
4067
4071
4071
4068
4070
4069
4065
4065
4072
4069
4065
4064
4062
4065
4063
4063
4059
4053
4051
4051
4053
4051
4051
4048
4048
4046
4047
4043
4044
4044
4042
4040
4039
4039
4038
4040
4039
4038
4039
4040
4041
4040
4039
4039
4040
4035
4037
4045
4040
4039
4038
4034
4029
4031
4032
4032
4025
4024
4025
4025
4022
4017
4016
4022
4018
4015
4011
4008
4013
4011
4010
4008
4007
4004
4005
4004
4001
4002
3999
4000
3998
3997
3997
3996
3996
3996
3995
3995
3992
3987
3987
3990
3988
3989
3988
3987
3990
3988
3987
3989
3996
3998
3996
3995
3995
3992
3996
3989
3989
3996
3992
3990
3987
3984
3987
3985
3980
3979
3975
3969
3969
3972
3968
3963
3963
3966
3965
3963
3960
3960
3957
3958
3954
3951
3952
3949
3949
3943
3944
3949
3948
3945
3943
3942
3940
3941
3947
3944
3945
3946
3947
3946
3945
3946
3944
3944
3943
3942
3942
3939
3939
3938
3937
3935
3933
3932
3932
3940
3935
3929
3931
3930
3930
3928
3921
3922
3920
3920
3924
3920
3920
3917
3913
3912
3911
3908
3909
3906
3906
3905
3903
3905
3897
3898
3902
3900
3898
3898
3897
3897
3894
3894
3892
3892
3890
3891
3891
3890
3891
3887
3890
3885
3885
3885
3884
3879
3879
3887
3885
3883
3881
3880
3885
3885
3882
3884
3880
3876
3878
3879
3878
3874
3871
3873
3874
3872
3873
3870
3868
3868
3859
3860
3862
3863
3864
3861
3861
3861
3856
3857
3855
3853
3855
3851
3853
3852
3849
3846
3845
3852
3849
3843
3843
3847
3848
3846
3840
3842
3845
3846
3844
3845
3845
3844
3846
3844
3845
3844
3843
3843
3841
3841
3841
3840
3837
3837
3842
3840
3841
3833
3837
3841
3842
3841
3841
3844
3836
3836
3841
3836
3835
3831
3829
3829
3825
3824
3822
3820
3821
3816
3816
3816
3812
3812
3811
3809
3811
3811
3810
3810
3810
3805
3804
3809
3810
3804
3803
3803
3807
3808
3804
3806
3807
3805
3809
3802
3800
3806
3804
3795
3796
3796
3798
3796
3795
3796
3793
3793
3793
3793
3794
3792
3794
3795
3794
3794
3793
3796
3794
3795
3789
3788
3795
3790
3791
3784
3785
3788
3786
3788
3784
3783
3782
3781
3781
3783
3777
3776
3781
3777
3778
3775
3774
3774
3773
3773
3773
3770
3771
3769
3763
3764
3766
3767
3767
3766
3767
3761
3763
3767
3764
3766
3762
3763
3762
3760
3755
3756
3763
3760
3756
3757
3756
3755
3757
3749
3750
3753
3753
3754
3752
3749
3753
3750
3742
3748
3746
3752
3750
3750
3749
3750
3749
3750
3749
3750
3744
3743
3748
3749
3748
3746
3749
3744
3744
3751
3749
3749
3746
3747
3744
3744
3742
3742
3735
3735
3736
3738
3740
3736
3737
3732
3732
3731
3733
3731
3732
3731
3731
3731
3727
3726
3726
3722
3722
3725
3723
3724
3724
3722
3720
3720
3720
3716
3717
3714
3714
3713
3713
3709
3711
3709
3710
3705
3707
3705
3711
3709
3706
3705
3711
3710
3710
3706
3708
3711
3712
3711
3715
3714
3715
3715
3717
3714
3715
3712
3709
3707
3708
3712
3710
3710
3709
3710
3707
3708
3705
3708
3701
3701
3706
3704
3703
3701
3699
3692
3695
3697
3695
3692
3692
3690
3690
3689
3688
3688
3682
3683
3681
3686
3685
3686
3683
3675
3679
3678
3682
3680
3679
3679
3679
3679
3673
3676
3678
3680
3678
3678
3678
3675
3677
3677
3677
3679
3675
3677
3684
3683
3682
3682
3682
3682
3682
3682
3680
3679
3677
3679
3675
3675
3669
3669
3673
3671
3669
3665
3665
3669
3668
3660
3661
3662
3666
3662
3661
3661
3660
3659
3657
3657
3656
3657
3656
3651
3654
3657
3658
3656
3655
3653
3654
3654
3654
3654
3653
3653
3654
3652
3652
3651
3653
3652
3652
3651
3653
3652
3653
3651
3646
3646
3648
3650
3651
3645
3647
3650
3652
3646
3644
3643
3649
3646
3648
3647
3641
3642
3642
3647
3645
3640
3642
3650
3648
3650
3652
3651
3651
3650
3650
3650
3649
3648
3646
3645
3643
3644
3642
3642
3641
3642
3640
3639
3638
3637
3630
3634
3633
3637
3634
3635
3635
3635
3637
3633
3634
3632
3638
3636
3635
3636
3630
3630
3629
3636
3633
3630
3629
3637
3635
3635
3632
3632
3631
3631
3630
3630
3626
3628
3629
3623
3624
3629
3627
3623
3621
3622
3626
3626
3624
3624
3623
3623
3624
3618
3620
3623
3624
3622
3624
3620
3618
3620
3625
3622
3622
3620
3621
3618
3620
3617
3618
3618
3615
3614
3613
3614
3612
3612
3612
3613
3615
3616
3612
3609
3610
3616
3616
3612
3613
3617
3617
3616
3612
3611
3617
3616
3615
3617
3616
3615
3614
3614
3611
3608
3607
3611
3612
3614
3613
3614
3613
3613
3606
3606
3605
3612
3610
3605
3604
3611
3606
3608
3604
3605
3602
3603
3599
3599
3600
3600
3599
3598
3601
3593
3596
3597
3598
3596
3593
3592
3597
3595
3590
3591
3592
3594
3597
3596
3597
3597
3597
3595
3598
3598
3599
3600
3601
3601
3605
3605
3603
3604
3604
3601
3600
3605
3603
3601
3600
3600
3597
3598
3591
3593
3592
3595
3591
3592
3592
3584
3585
3589
3588
3585
3585
3582
3583
3580
3580
3578
3579
3579
3579
3571
3572
3577
3577
3574
3571
3572
3576
3575
3575
3574
3574
3571
3572
3571
3572
3569
3572
3567
3568
3568
3574
3571
3573
3571
3572
3571
3571
3572
3570
3573
3571
3568
3569
3574
3572
3573
3568
3570
3572
3573
3572
3572
3571
3572
3571
3572
3571
3571
3572
3570
3569
3570
3574
3574
3574
3574
3576
3575
3576
3571
3572
3577
3577
3571
3575
3574
3581
3578
3576
3575
3582
3580
3579
3578
3575
3578
3576
3576
3575
3572
3573
3572
3570
3570
3570
3568
3568
3566
3567
3561
3563
3565
3564
3562
3564
3565
3564
3563
3559
3558
3565
3561
3557
3557
3558
3562
3561
3561
3558
3554
3553
3554
3557
3556
3549
3551
3555
3554
3552
3552
3552
3550
3551
3548
3551
3549
3549
3548
3547
3548
3542
3543
3548
3547
3546
3545
3546
3541
3541
3547
3544
3542
3540
3541
3543
3546
3543
3544
3538
3537
3541
3542
3541
3535
3537
3542
3540
3539
3540
3537
3538
3538
3539
3537
3536
3536
3536
3536
3535
3535
3534
3536
3533
3535
3533
3534
3528
3531
3536
3535
3533
3534
3532
3535
3532
3529
3528
3532
3533
3534
3528
3529
3533
3532
3526
3527
3529
3532
3531
3530
3531
3525
3526
3529
3532
3531
3526
3529
3533
3533
3530
3529
3531
3529
3528
3529
3528
3525
3524
3526
3529
3529
3528
3528
3529
3526
3528
3526
3527
3524
3527
3525
3526
3525
3526
3526
3525
3524
3526
3526
3519
3522
3520
3526
3524
3522
3520
3525
3523
3524
3517
3517
3523
3521
3522
3522
3520
3518
3520
3522
3519
3519
3521
3520
3520
3516
3519
3516
3519
3516
3517
3515
3515
3515
3514
3511
3510
3516
3514
3515
3513
3514
3512
3513
3509
3510
3516
3515
3514
3511
3511
3516
3516
3516
3517
3515
3513
3513
3518
3515
3511
3511
3515
3515
3514
3512
3512
3517
3516
3515
3514
3513
3513
3513
3511
3513
3510
3512
3511
3511
3510
3510
3509
3510
3511
3509
3509
3508
3505
3506
3509
3507
3506
3507
3506
3506
3505
3503
3501
3507
3505
3506
3502
3502
3505
3505
3504
3505
3504
3504
3505
3504
3503
3504
3503
3503
3500
3500
3498
3499
3502
3500
3497
3498
3496
3502
3499
3496
3495
3501
3499
3500
3499
3499
3497
3497
3493
3493
3497
3496
3496
3494
3497
3494
3495
3493
3495
3494
3495
3493
3494
3493
3494
3495
3493
3494
3495
3494
3494
3490
3492
3496
3496
3494
3493
3494
3488
3488
3495
3493
3491
3492
3491
3491
3493
3486
3489
3489
3493
3493
3492
3493
3491
3491
3492
3492
3491
3492
3490
3492
3490
3484
3487
3486
3489
3490
3486
3486
3492
3490
3487
3487
3487
3490
3491
3490
3488
3488
3488
3488
3486
3488
3489
3487
3484
3485
3483
3490
3488
3485
3483
3488
3487
3487
3486
3487
3486
3484
3485
3486
3480
3481
3481
3484
3484
3483
3483
3482
3483
3481
3483
3483
3483
3482
3482
3483
3480
3478
3479
3483
3482
3480
3481
3480
3479
3479
3475
3476
3479
3480
3473
3475
3475
3479
3480
3480
3479
3476
3475
3478
3480
3478
3477
3478
3478
3476
3478
3477
3475
3474
3473
3478
3478
3476
3475
3476
3472
3472
3477
3474
3474
3474
3472
3475
3472
3469
3470
3475
3474
3474
3471
3474
3469
3471
3475
3473
3474
3474
3473
3474
3472
3472
3473
3472
3470
3472
3471
3471
3470
3470
3467
3466
3474
3473
3471
3468
3467
3472
3470
3469
3470
3468
3469
3470
3464
3466
3470
3471
3469
3468
3469
3468
3469
3468
3469
3469
3466
3468
3467
3468
3469
3468
3468
3469
3467
3469
3470
3466
3469
3462
3465
3465
3469
3467
3468
3469
3468
3473
3469
3470
3473
3480
3483
3483
3486
3497
3500
3506
3505
3511
3522
3525
3527
3532
3541
3550
3557
3560
3569
3568
3577
3586
3594
3599
3601
3609
3619
3624
3629
3635
3641
3645
3651
3651
3658
3668
3671
3676
3677
3681
3684
3688
3690
3694
3690
3692
3694
