4832
4830
4826
4826
4822
4820
4816
4813
4810
4803
4800
4795
4792
4785
4783
4776
4772
4766
4762
4758
4751
4747
4742
4736
4733
4721
4718
4719
4711
4707
4697
4694
4694
4687
4683
4678
4675
4669
4666
4658
4655
4657
4651
4645
4639
4638
4638
4635
4632
4628
4626
4622
4619
4613
4610
4605
4604
4596
4594
4591
4593
4589
4585
4582
4585
4581
4577
4576
4573
4571
4569
4563
4561
4565
4563
4562
4560
4559
4554
4553
4554
4554
4552
4550
4547
4546
4546
4543
4543
4545
4545
4542
4542
4537
4537
4535
4533
4533
4528
4524
4523
4528
4525
4517
4517
4516
4518
4513
4510
4508
4512
4508
4505
4505
4503
4502
4503
4500
4502
4506
4505
4501
4501
4501
4496
4498
4502
4499
4499
4496
4495
4494
4495
4495
4492
4495
4495
4496
4496
4494
4495
4493
4491
4488
4488
4481
4480
4484
4478
4475
4475
4472
4477
4476
4474
4472
4469
4470
4471
4472
4471
4466
4467
4471
4472
4474
4473
4475
4476
4475
4476
4475
4473
4473
4469
4469
4467
4465
4463
4459
4458
4462
4463
4461
4456
4461
4464
4462
4457
4458
4458
4461
4458
4459
4459
4457
4456
4457
4451
4452
4453
4450
4450
4451
4448
4448
4448
4445
4446
4446
4445
4445
4446
4444
4444
4445
4445
4444
4444
4447
4447
4447
4448
4445
4445
4450
4448
4446
4445
4444
4449
4450
4449
4449
4450
4449
4448
4446
4445
4449
4449
4446
4446
4448
4446
4445
4443
4442
4449
4447
4443
4442
4443
4446
4445
4443
4443
4448
4445
4444
4440
4439
4442
4442
4442
4438
4439
4438
4437
4435
4436
4435
4434
4435
4437
4434
4430
4433
4436
4436
4435
4434
4434
4435
4433
4434
4435
4435
4435
4437
4436
4437
4434
4434
4439
4439
4438
4440
4439
4437
4438
4435
4435
4442
4441
4438
4440
4441
4438
4440
4436
4436
4439
4441
4441
4444
4441
4437
4440
4441
4443
4444
4444
4445
4448
4448
4448
4449
4449
4446
4450
4454
4457
4460
4463
4466
4466
4468
4475
4476
4480
4481
4480
4481
4482
4489
4488
4490
4490
4485
4490
4489
4494
4494
4493
4494
4490
4491
4494
4499
4499
4502
4505
4510
4510
4513
4518
4517
4521
4522
4522
4524
4526
4525
4529
4527
4528
4537
4539
4540
4543
4544
4546
4549
4554
4559
4557
4563
4570
4575
4580
4584
4586
4592
4597
4595
4604
4609
4617
4621
4624
4625
4625
4631
4635
4642
4645
4643
4649
4657
4661
4666
4669
4676
4680
4684
4692
4696
4702
4708
4714
4720
4726
4727
4736
4749
4753
4760
4768
4776
4782
4794
4801
4812
4817
4826
4831
4843
4849
4855
4864
4872
4877
4885
4892
4899
4914
4922
4929
4940
4949
4953
4964
4975
4984
4992
5000
5009
5018
5023
5029
5036
5050
5057
5063
5071
5080
5087
5095
5102
5110
5127
5133
5145
5155
5164
5172
5182
5199
5211
5219
5228
5244
5260
5271
5285
5296
5311
5324
5334
5349
5362
5374
5389
5404
5417
5434
5446
5460
5480
5495
5504
5519
5533
5543
5556
5568
5580
5587
5605
5624
5638
5654
5668
5686
5695
5711
5733
5747
5762
5775
5790
5811
5826
5843
5856
5874
5889
5905
5924
5940
5953
5969
5981
5994
6008
6017
6027
6037
6047
6057
6069
6084
6094
6110
6120
6132
6151
6161
6171
6182
6193
6210
6223
6229
6242
6262
6270
6286
6301
6313
6330
6346
6360
6377
6396
6408
6427
6447
6466
6485
6504
6525
6547
6567
6583
6607
6632
6653
6672
6688
6708
6720
6739
6761
6777
6792
6808
6818
6829
6845
6858
6872
6891
6904
6919
6936
6951
6972
6989
7001
7016
7035
7048
7059
7072
7085
7098
7110
7125
7135
7150
7167
7181
7197
7212
7225
7240
7255
7270
7281
7293
7309
7327
7339
7357
7374
7392
7410
7426
7454
7477
7492
7513
7528
7541
7559
7580
7593
7604
7624
7644
7659
7674
7684
7699
7724
7739
7752
7768
7783
7795
7808
7819
7832
7846
7863
7875
7893
7908
7926
7944
7961
7980
7993
8008
8026
8040
8053
8064
8074
8089
8098
8110
8113
8130
8145
8157
8171
8183
8198
8210
8227
8238
8254
8264
8280
8300
8315
8331
8346
8359
8368
8384
8404
8414
8428
8437
8451
8464
8477
8486
8494
8506
8516
8523
8531
8538
8546
8555
8561
8568
8577
8581
8586
8595
8599
8606
8614
8627
8635
8647
8668
8676
8680
8693
8706
8723
8735
8745
8757
8771
8783
8793
8805
8819
8831
8842
8849
8857
8870
8882
8890
8894
8902
8911
8923
8929
8938
8952
8969
8980
8991
9000
9002
9012
9018
9022
9025
9025
9025
9031
9029
9022
9028
9030
9040
9040
9039
9040
9043
9043
9044
9049
9053
9063
9073
9082
9093
9096
9105
9115
9127
9135
9138
9147
9162
9166
9167
9175
9183
9187
9194
9194
9205
9216
9229
9236
9240
9253
9270
9280
9288
9296
9308
9317
9323
9336
9346
9358
9366
9379
9389
9400
9404
9418
9434
9443
9454
9462
9472
9476
9482
9489
9488
9489
9490
9492
9486
9486
9490
9489
9490
9495
9501
9514
9522
9525
9533
9550
9552
9557
9555
9554
9553
9552
9548
9545
9537
9528
9522
9510
9498
9490
9481
9469
9462
9455
9447
9445
9436
9440
9445
9445
9450
9448
9454
9465
9468
9473
9484
9493
9503
9510
9519
9528
9542
9550
9552
9562
9572
9583
9590
9596
9601
9606
9612
9616
9622
9629
9627
9632
9645
9642
9646
9650
9651
9648
9648
9640
9642
9651
9649
9649
9644
9647
9653
9653
9649
9650
9648
9649
9647
9641
9643
9650
9648
9649
9650
9652
9652
9655
9659
9660
9664
9668
9672
9676
9679
9675
9679
9687
9686
9687
9688
9687
9691
9693
9690
9688
9689
9688
9688
9685
9682
9675
9674
9676
9667
9657
9655
9651
9639
9636
9641
9639
9637
9629
9627
9631
9630
9630
9628
9627
9627
9627
9622
9620
9613
9608
9611
9605
9599
9590
9589
9589
9585
9581
9578
9576
9571
9571
9572
9569
9562
9566
9571
9572
9573
9578
9579
9575
9580
9590
9589
9588
9591
9589
9586
9580
9578
9572
9570
9565
9562
9560
9556
9553
9551
9548
9548
9550
9546
9547
9552
9550
9547
9541
9540
9535
9529
9522
9520
9522
9512
9503
9496
9494
9488
9484
9482
9478
9470
9464
9458
9451
9445
9430
9427
9425
9422
9416
9409
9405
9407
9403
9398
9401
9402
9401
9404
9410
9410
9409
9412
9409
9407
9408
9407
9404
9404
9400
9400
9400
9401
9400
9393
9394
9393
9390
9385
9379
9367
9363
9362
9355
9344
9344
9344
9338
9339
9329
9329
9331
9328
9326
9324
9323
9321
9318
9314
9311
9306
9301
9300
9294
9292
9294
9294
9285
9281
9276
9269
9261
9250
9239
9228
9223
9217
9209
9205
9195
9187
9188
9179
9167
9164
9162
9167
9162
9164
9165
9163
9161
9164
9166
9167
9166
9166
9158
9155
9157
9152
9148
9142
9137
9136
9133
9131
9129
9128
9120
9118
9122
9116
9113
9112
9110
9107
9102
9095
9092
9077
9068
9063
9050
9035
9021
9012
8997
8988
8987
8974
8967
8955
8942
8929
8919
8899
8892
8888
8880
8870
8863
8855
8849
8845
8842
8839
8834
8826
8825
8826
8820
8818
8818
8813
8812
8814
8812
8812
8805
8809
8813
8815
8815
8815
8817
8811
8815
8822
8817
8813
8808
8808
8806
8802
8795
8792
8786
8777
8766
8759
8750
8735
8727
8724
8718
8707
8701
8693
8685
8679
8678
8669
8656
8648
8640
8629
8617
8599
8590
8581
8579
8568
8561
8554
8550
8538
8529
8517
8512
8505
8497
8489
8484
8478
8475
8470
8461
8463
8463
8459
8454
8453
8449
8448
8444
8442
8442
8435
8435
8440
8442
8440
8437
8430
8429
8425
8413
8412
8410
8408
8400
8387
8378
8376
8364
8354
8346
8334
8323
8316
8306
8292
8282
8274
8267
8271
8262
8248
8249
8247
8241
8233
8225
8218
8213
8206
8200
8196
8191
8186
8182
8182
8178
8177
8176
8171
8173
8169
8161
8158
8159
8151
8143
8139
8140
8139
8133
8129
8120
8106
8104
8094
8089
8084
8076
8069
8063
8054
8050
8044
8034
8023
8022
8021
8014
8012
8003
8000
7999
7994
7984
7982
7986
7981
7980
7973
7970
7954
7946
7943
7931
7919
7910
7904
7887
7883
7880
7873
7864
7857
7851
7844
7838
7832
7827
7823
7816
7813
7801
7794
7793
7784
7777
7768
7762
7755
7749
7744
7735
7731
7729
7719
7717
7717
7714
7711
7701
7701
7701
7694
7690
7682
7679
7682
7675
7668
7665
7668
7666
7662
7658
7658
7651
7651
7648
7645
7642
7639
7636
7630
7628
7633
7627
7623
7616
7612
7614
7611
7603
7604
7597
7589
7588
7583
7585
7574
7572
7576
7568
7566
7559
7554
7551
7543
7533
7529
7526
7527
7520
7516
7508
7502
7496
7489
7481
7476
7467
7462
7448
7445
7442
7434
7428
7421
7414
7406
7402
7396
7391
7384
7380
7374
7369
7366
7363
7358
7352
7347
7345
7342
7335
7324
7321
7323
7312
7306
7297
7290
7290
7281
7271
7264
7256
7249
7243
7233
7228
7219
7215
7213
7211
7204
7196
7196
7199
7195
7192
7187
7182
7172
7170
7172
7168
7164
7158
7156
7147
7148
7146
7144
7138
7132
7128
7116
7114
7105
7101
7095
7085
7080
7072
7068
7057
7054
7051
7043
7032
7028
7023
7022
7018
7007
7005
7003
6997
6992
6986
6983
6977
6973
6965
6965
6958
6956
6953
6944
6941
6943
6933
6928
6924
6920
6912
6908
6902
6897
6893
6889
6885
6878
6877
6872
6870
6861
6860
6861
6859
6855
6855
6852
6850
6846
6838
6838
6838
6840
6836
6835
6830
6832
6824
6825
6820
6820
6814
6815
6805
6804
6806
6804
6799
6796
6790
6794
6790
6780
6778
6779
6780
6775
6770
6767
6771
6765
6765
6762
6761
6756
6753
6748
6746
6747
6740
6736
6732
6729
6726
6721
6716
6711
6709
6708
6703
6700
6697
6690
6692
6691
6687
6683
6674
6674
6675
6670
6664
6661
6657
6651
6647
6642
6641
6639
6637
6634
6627
6624
6626
6622
6611
6610
6607
6605
6601
6596
6589
6584
6577
6571
6567
6560
6552
6547
6542
6539
6526
6522
6517
6516
6511
6500
6493
6494
6488
6480
6471
6465
6465
6458
6452
6446
6440
6434
6429
6425
6421
6418
6413
6411
6410
6409
6400
6401
6404
6402
6402
6399
6396
6392
6395
6394
6393
6389
6386
6381
6379
6378
6380
6377
6373
6367
6364
6360
6357
6353
6348
6341
6334
6337
6332
6326
6321
6316
6309
6306
6306
6299
6294
6289
6285
6281
6280
6276
6272
6268
6266
6261
6256
6254
6249
6246
6245
6243
6242
6239
6236
6229
6229
6230
6228
6219
6217
6215
6214
6210
6201
6202
6203
6196
6194
6190
6188
6189
6184
6180
6177
6176
6171
6170
6165
6162
6153
6148
6149
6147
6141
6133
6131
6132
6127
6124
6120
6119
6117
6115
6110
6107
6109
6103
6099
6094
6092
6085
6081
6078
6074
6072
6067
6065
6061
6061
6054
6053
6056
6051
6046
6042
6039
6036
6033
6022
6018
6019
6018
6014
6010
6006
6002
5999
5994
5992
5987
5983
5980
5970
5968
5970
5964
5957
5949
5946
5948
5943
5937
5931
5927
5924
5920
5911
5907
5908
5904
5901
5898
5894
5891
5887
5879
5880
5884
5882
5881
5879
5877
5878
5879
5878
5878
5877
5876
5878
5876
5874
5874
5871
5862
5860
5857
5860
5857
5853
5852
5844
5845
5842
5842
5841
5834
5835
5840
5834
5828
5820
5817
5817
5810
5802
5799
5799
5792
5789
5786
5779
5776
5774
5772
5768
5764
5763
5758
5758
5755
5754
5753
5747
5744
5743
5749
5745
5739
5736
5738
5734
5732
5731
5728
5723
5723
5720
5717
5713
5710
5705
5698
5697
5699
5691
5686
5683
5681
5679
5678
5674
5670
5670
5669
5666
5664
5663
5661
5659
5656
5655
5656
5653
5652
5656
5657
5658
5657
5654
5652
5650
5653
5652
5643
5644
5645
5643
5640
5639
5636
5635
5633
5632
5631
5629
5629
5627
5628
5625
5624
5623
5619
5619
5620
5622
5618
5613
5613
5611
5607
5609
5601
5599
5601
5597
5596
5593
5591
5588
5585
5583
5579
5570
5569
5571
5565
5561
5559
5555
5552
5549
5540
5537
5534
5538
5534
5530
5525
5516
5516
5512
5512
5507
5505
5502
5496
5493
5497
5496
5493
5495
5493
5485
5487
5493
5492
5491
5489
5488
5485
5483
5489
5487
5486
5486
5482
5477
5476
5480
5476
5477
5475
5472
5469
5469
5468
5467
5463
5463
5463
5462
5459
5461
5457
5458
5455
5454
5457
5454
5454
5453
5449
5449
5450
5453
5452
5446
5447
5450
5445
5444
5444
5441
5439
5438
5431
5429
5432
5429
5426
5427
5425
5420
5420
5425
5425
5422
5421
5417
5415
5412
5408
5408
5406
5405
5403
5402
5397
5395
5393
5383
5383
5382
5382
5377
5367
5367
5366
5360
5357
5354
5349
5346
5341
5348
5343
5345
5345
5347
5342
5344
5347
5343
5338
5338
5336
5334
5329
5327
5326
5323
5320
5317
5317
5316
5314
5310
5308
5308
5305
5305
5303
5300
5301
5305
5304
5300
5302
5301
5306
5306
5303
5303
5307
5305
5302
5301
5297
5301
5299
5295
5291
5291
5290
5285
5281
5279
5277
5275
5272
5268
5267
5263
5262
5264
5259
5259
5257
5252
5250
5249
5244
5238
5243
5240
5238
5234
5233
5233
5230
5224
5225
5232
5227
5225
5225
5225
5223
5220
5215
5213
5218
5218
5216
5211
5211
5215
5213
5212
5212
5211
5209
5209
5203
5203
5209
5209
5207
5206
5206
5199
5200
5205
5204
5203
5201
5202
5204
5202
5202
5202
5203
5200
5198
5199
5198
5197
5197
5196
5196
5196
5194
5191
5191
5190
5190
5185
5183
5182
5180
5171
5170
5173
5171
5163
5160
5162
5164
5162
5158
5158
5164
5164
5163
5160
5161
5166
5165
5159
5157
5155
5154
5148
5144
5142
5146
5141
5137
5137
5136
5135
5134
5132
5131
5131
5130
5130
5129
5128
5126
5125
5125
5121
5117
5114
5116
5118
5114
5113
5112
5107
5106
5106
5108
5106
5098
5099
5104
5101
5101
5100
5098
5092
5093
5100
5096
5097
5095
5095
5094
5092
5092
5090
5091
5089
5087
5086
5084
5080
5082
5087
5084
5082
5079
5076
5083
5082
5080
5081
5077
5077
5076
5079
5077
5076
5075
5075
5075
5074
5072
5073
5074
5073
5071
5070
5071
5070
5070
5063
5065
5072
5069
5064
5063
5066
5069
5067
5063
5066
5071
5068
5067
5067
5067
5061
5063
5068
5067
5068
5064
5064
5067
5066
5067
5067
5065
5065
5064
5065
5066
5064
5061
5061
5063
5060
5060
5058
5057
5056
5054
5054
5055
5049
5051
5052
5050
5050
5049
5049
5051
5049
5044
5044
5050
5048
5045
5043
5043
5041
5039
5031
5032
5035
5031
5028
5026
5023
5022
5018
5017
5016
5016
5015
5014
5011
5010
5003
5005
5009
5004
5001
4995
4993
4996
4994
4985
4986
4988
4989
4987
4982
4982
4986
4981
4983
4980
4980
4980
4980
4975
4976
4981
4981
4979
4977
4978
4977
4977
4978
4977
4975
4974
4974
4972
4972
4971
4969
4969
4968
4967
4965
4964
4967
4966
4966
4967
4966
4961
4961
4966
4965
4965
4962
4960
4959
4961
4958
4958
4952
4954
4955
4953
4951
4947
4946
4948
4944
4943
4942
4942
4940
4937
4931
4931
4936
4933
4932
4931
4928
4926
4924
4923
4922
4920
4919
4919
4923
4923
4918
4918
4921
4917
4917
4912
4913
4912
4912
4909
4910
4910
4912
4911
4910
4910
4910
4908
4907
4907
4905
4904
4903
4903
4902
4900
4900
4898
4893
4892
4897
4894
4890
4891
4891
4894
4893
4895
4896
4896
4896
4893
4891
4890
4894
4894
4893
4893
4893
4892
4890
4886
4887
4893
4892
4889
4888
4888
4884
4883
4884
4881
4879
4879
4875
4873
4874
4878
4876
4876
4878
4879
4878
4879
4873
4873
4877
4875
4871
4873
4871
4871
4867
4862
4862
4867
4864
4862
4861
4862
4857
4857
4861
4859
4859
4858
4858
4857
4857
4860
4861
4863
4862
4859
4854
4857
4862
4861
4860
4861
4863
4859
4857
4856
4854
4848
4846
4848
4845
4844
4839
4838
4840
4838
4834
4833
4832
4831
4833
4830
4830
4835
4835
4834
4831
4830
4829
4828
4826
4827
4824
4823
4822
4822
4820
4821
4818
4818
4819
4820
4821
4821
4820
4818
4811
4813
4815
4817
4819
4822
4821
4816
4819
4826
4822
4820
4819
4819
4817
4817
4811
4813
4812
4815
4813
4806
4807
4809
4809
4807
4809
4807
4806
4805
4806
4810
4811
4812
4813
4810
4809
4801
4800
4805
4801
4802
4798
4797
4796
4796
4795
4797
4795
4792
4791
4797
4796
4796
4794
4787
4790
4791
4794
4793
4787
4786
4791
4788
4787
4786
4785
4786
4784
4782
4781
4780
4781
4780
4774
4775
4776
4773
4765
4764
4765
4766
4764
4760
4760
4757
4757
4757
4752
4751
4753
4751
4749
4751
4748
4746
4748
4751
4749
4748
4747
4748
4746
4745
4747
4745
4745
4745
4745
4744
4744
4744
4744
4739
4739
4745
4743
4739
4738
4739
4746
4746
4742
4746
4752
4751
4750
4749
4748
4745
4745
4743
4741
4741
4735
4732
4736
4735
4735
4734
4733
4733
4730
4729
4730
4731
4733
4733
4733
4733
4733
4733
4731
4734
4739
4737
4738
4735
4734
4734
4732
4731
4730
4728
4726
4728
4732
4730
4726
4727
4735
4732
4732
4733
4732
4727
4727
4732
4727
4727
4719
4719
4719
4718
4717
4714
4713
4712
4711
4712
4710
4710
4709
4708
4708
4705
4701
4703
4707
4706
4703
4704
4703
4702
4701
4696
4696
4703
4700
4700
4700
4699
4699
4699
4691
4694
4701
4697
4697
4696
4696
4695
4697
4695
4697
4694
4694
4694
4694
4693
4688
4690
4693
4694
4692
4686
4687
4691
4689
4690
4689
4689
4688
4688
4688
4690
4689
4688
4686
4686
4686
4684
4687
4681
4682
4688
4688
4688
4685
4686
4691
4690
4684
4684
4685
4689
4689
4686
4687
4683
4680
4681
4685
4684
4681
4680
4675
4676
4678
4682
4679
4681
4677
4678
4675
4674
4671
4670
4668
4671
4669
4668
4663
4664
4664
4670
4669
4661
4662
4669
4667
4665
4664
4666
4665
4664
4664
4663
4664
4664
4665
4664
4663
4664
4664
4657
4658
4657
4658
4656
4652
4653
4655
4653
4653
4652
4649
4648
4648
4648
4646
4645
4645
4647
4644
4642
4648
4649
4645
4647
4648
4654
4653
4654
4651
4651
4652
4649
4647
4646
4649
4649
4648
4646
4645
4645
4646
4645
4643
4639
4640
4644
4641
4642
4637
4635
4641
4640
4635
4635
4637
4636
4634
4629
4633
4636
4633
4632
4633
4637
4636
4641
4641
4640
4636
4639
4640
4643
4641
4639
4640
4641
4644
4638
4637
4639
4641
4637
4636
4633
4631
4631
4630
4626
4624
4629
4628
4622
4622
4623
4628
4628
4621
4623
4629
4626
4626
4625
4625
4624
4623
4622
4623
4620
4620
4619
4616
4615
4615
4614
4613
4613
4612
4612
4612
4608
4607
4602
4605
4605
4607
4605
4602
4601
4605
4604
4604
4600
4601
4603
4601
4600
4601
4594
4596
4596
4601
4603
4601
4602
4602
4604
4604
4602
4601
4597
4597
4598
4599
4593
4597
4596
4602
4599
4599
4598
4591
4592
4593
4596
4595
4595
4593
4595
4594
4595
4595
4593
4592
4592
4592
4592
4586
4586
4586
4591
4591
4586
4587
4592
4591
4590
4588
4587
4587
4585
4581
4581
4583
4585
4586
4583
4583
4589
4586
4585
4584
4584
4585
4585
4586
4586
4585
4584
4587
4589
4590
4588
4586
4586
4584
4581
4577
4577
4579
4578
4574
4573
4577
4577
4576
4570
4569
4575
4574
4573
4571
4571
4570
4571
4572
4571
4570
4572
4575
4577
4577
4577
4579
4579
4579
4573
4575
4577
4579
4579
4575
4575
4575
4575
4573
4567
4567
4570
4571
4563
4561
4563
4564
4565
4563
4561
4556
4557
4564
4561
4558
4558
4559
4554
4554
4560
4558
4558
4556
4555
4553
4555
4554
4554
4552
4551
4551
4551
4548
4548
4547
4550
4552
4554
4555
4554
4551
4555
4561
4560
4561
4557
4557
4559
4558
4558
4557
4557
4554
4552
4549
4549
4550
4550
4551
4552
4551
4549
4548
4544
4543
4546
4541
4541
4538
4539
4537
4535
4536
4536
4534
4533
4533
4534
4536
4530
4535
4538
4542
4540
4537
4538
4544
4541
4540
4540
4539
4536
4536
4531
4530
4535
4533
4528
4525
4527
4528
4528
4523
4525
4528
4528
4529
4526
4525
4530
4532
4532
4532
4529
4529
4527
4529
4526
4522
4522
4524
4525
4525
4524
4523
4523
4525
4525
4523
4522
4521
4522
4522
4521
4520
4520
4520
4519
4519
4513
4512
4517
4517
4513
4512
4511
4515
4515
4515
4513
4515
4515
4515
4515
4518
4516
4517
4517
4518
4518
4513
4512
4518
4518
4514
4515
4517
4519
4517
4515
4516
4519
4519
4518
4521
4521
4524
4525
4528
4528
4530
4529
4530
4531
4531
4529
4528
4526
4526
4522
4521
4519
4524
4520
4520
4519
4519
4520
4517
4511
4510
4515
4513
4505
4507
4505
4508
4509
4508
4504
4499
4499
4501
4500
4498
4497
4497
4496
4494
4493
4494
4493
4492
4492
4491
4491
4491
4493
4493
4488
4489
4494
4495
4493
4492
4492
4493
4493
4490
4493
4497
4495
4495
4495
4494
4492
4493
4488
4486
4493
4489
4487
4482
4484
4485
4484
4477
4479
4482
4482
4480
4480
4480
4481
4479
4480
4479
4479
4482
4484
4482
4482
4484
4483
4484
4483
4482
4477
4479
4483
4482
4480
4480
4477
4473
4476
4479
4477
4471
4475
4474
4476
4475
4475
4475
4475
4476
4474
4474
4474
4472
4472
4471
4473
4472
4470
4468
4470
4471
4470
4471
4469
4467
4467
4469
4469
4469
4469
4465
4468
4469
4475
4476
4472
4475
4479
4478
4477
4475
4477
4483
4486
4485
4490
4501
4505
4510
4512
4517
4529
4537
4538
4547
4559
4570
4580
4588
4598
4605
4615
4623
4628
4636
4651
4660
4668
4679
4684
4693
4702
4713
4721
4730
4737
4746
4752
4760
4766
4773
4779
4783
4789
4792
4796
4799
4801
4802
4805
