3675
3671
3671
3674
3674
3672
3671
3668
3665
3662
3661
3659
3658
3653
3650
3644
3643
3643
3642
3637
3635
3629
3627
3622
3620
3615
3614
3608
3601
3597
3597
3595
3593
3588
3587
3584
3583
3579
3576
3573
3567
3566
3567
3563
3559
3558
3555
3549
3544
3547
3545
3542
3539
3538
3531
3530
3530
3529
3528
3526
3524
3522
3519
3518
3515
3514
3512
3513
3509
3510
3506
3507
3500
3501
3506
3503
3503
3500
3499
3497
3496
3494
3493
3488
3487
3485
3491
3488
3488
3490
3488
3490
3490
3487
3487
3493
3492
3490
3489
3487
3484
3482
3482
3480
3474
3477
3478
3480
3480
3477
3477
3482
3480
3475
3475
3476
3477
3477
3475
3475
3474
3471
3471
3465
3467
3470
3469
3467
3467
3466
3465
3467
3461
3460
3464
3461
3459
3459
3457
3456
3457
3456
3456
3454
3456
3454
3454
3454
3453
3454
3452
3454
3452
3451
3450
3444
3446
3451
3450
3442
3443
3442
3446
3443
3438
3438
3443
3442
3440
3441
3442
3443
3444
3438
3442
3444
3446
3446
3448
3447
3446
3449
3446
3449
3447
3448
3447
3449
3447
3448
3447
3447
3443
3444
3447
3443
3440
3438
3442
3441
3440
3438
3438
3432
3432
3436
3434
3431
3431
3431
3429
3430
3425
3425
3426
3427
3427
3427
3428
3427
3428
3431
3430
3431
3429
3430
3435
3434
3430
3431
3432
3435
3435
3435
3433
3432
3430
3431
3427
3428
3425
3426
3425
3423
3422
3420
3420
3416
3415
3421
3421
3413
3414
3415
3417
3418
3418
3416
3417
3414
3417
3415
3415
3416
3414
3414
3415
3416
3415
3418
3413
3417
3423
3423
3419
3418
3420
3424
3423
3416
3418
3422
3424
3421
3418
3418
3422
3422
3418
3420
3419
3422
3421
3419
3420
3425
3427
3427
3429
3431
3433
3434
3434
3433
3431
3432
3431
3431
3429
3429
3428
3428
3427
3426
3427
3427
3426
3427
3421
3423
3427
3426
3424
3421
3419
3426
3423
3426
3425
3424
3425
3425
3422
3422
3428
3426
3427
3425
3429
3427
3428
3426
3427
3424
3426
3427
3432
3434
3433
3433
3435
3434
3437
3436
3439
3439
3441
3437
3438
3441
3445
3445
3444
3444
3451
3452
3450
3454
3453
3454
3457
3454
3455
3461
3461
3462
3461
3462
3466
3465
3464
3468
3470
3473
3474
3475
3479
3481
3481
3484
3487
3489
3492
3495
3495
3497
3495
3497
3502
3506
3509
3510
3514
3510
3515
3520
3524
3526
3531
3533
3533
3536
3544
3544
3548
3545
3548
3555
3558
3559
3561
3565
3567
3571
3574
3579
3582
3585
3588
3589
3594
3596
3600
3599
3604
3612
3616
3618
3618
3621
3631
3634
3637
3644
3647
3653
3656
3664
3667
3673
3677
3681
3684
3689
3696
3701
3706
3711
3715
3720
3724
3728
3732
3733
3739
3747
3750
3754
3759
3761
3767
3768
3769
3774
3781
3789
3791
3796
3801
3807
3810
3819
3823
3829
3835
3838
3846
3853
3861
3867
3873
3876
3883
3894
3899
3901
3910
3922
3928
3934
3942
3949
3953
3960
3975
3982
3990
3997
4004
4007
4017
4032
4039
4046
4055
4062
4069
4076
4079
4084
4094
4104
4109
4117
4123
4128
4137
4142
4152
4162
4165
4174
4190
4198
4205
4213
4223
4234
4244
4247
4257
4272
4282
4288
4297
4305
4313
4326
4334
4343
4352
4362
4373
4383
4393
4401
4409
4413
4425
4438
4450
4459
4466
4476
4484
4494
4503
4512
4518
4526
4533
4534
4543
4557
4564
4572
4574
4581
4595
4605
4611
4622
4634
4645
4654
4666
4676
4686
4695
4706
4716
4727
4732
4745
4760
4770
4777
4790
4801
4818
4829
4838
4849
4861
4873
4882
4888
4898
4908
4920
4925
4935
4949
4959
4970
4978
4991
5011
5019
5027
5039
5050
5057
5071
5087
5096
5100
5112
5124
5140
5151
5161
5168
5178
5184
5194
5202
5207
5213
5224
5236
5245
5255
5264
5269
5280
5293
5302
5310
5311
5323
5333
5345
5355
5362
5371
5382
5396
5399
5410
5418
5433
5440
5450
5462
5467
5479
5490
5501
5511
5517
5525
5537
5546
5559
5566
5578
5586
5596
5602
5616
5627
5639
5645
5651
5665
5676
5686
5690
5701
5712
5728
5737
5737
5749
5762
5769
5777
5788
5795
5798
5804
5821
5826
5833
5839
5847
5851
5855
5861
5867
5871
5877
5883
5888
5896
5908
5915
5921
5928
5935
5944
5951
5962
5968
5972
5977
5981
5985
5990
5988
5992
6000
6004
6001
6009
6017
6032
6040
6040
6051
6066
6074
6081
6087
6095
6112
6119
6131
6138
6150
6155
6165
6169
6179
6194
6203
6210
6219
6227
6238
6247
6255
6264
6270
6281
6289
6297
6304
6305
6312
6323
6325
6333
6342
6348
6355
6362
6367
6374
6375
6385
6392
6406
6411
6420
6430
6430
6438
6446
6454
6461
6463
6469
6473
6475
6478
6483
6487
6496
6499
6496
6501
6510
6513
6515
6521
6524
6522
6529
6542
6541
6546
6550
6555
6558
6562
6565
6569
6566
6571
6571
6571
6570
6568
6566
6567
6568
6571
6571
6573
6568
6571
6579
6580
6583
6586
6590
6595
6602
6607
6614
6618
6622
6628
6633
6637
6643
6645
6643
6648
6650
6658
6658
6653
6655
6662
6659
6657
6652
6655
6661
6662
6655
6662
6666
6668
6669
6664
6667
6670
6671
6669
6670
6669
6668
6670
6672
6673
6674
6674
6678
6680
6679
6681
6681
6687
6690
6685
6686
6689
6697
6696
6690
6693
6701
6702
6705
6706
6709
6706
6711
6722
6722
6724
6723
6724
6727
6726
6717
6720
6725
6726
6722
6724
6721
6720
6715
6715
6708
6708
6706
6704
6704
6703
6701
6699
6696
6686
6688
6690
6685
6684
6683
6683
6682
6684
6684
6687
6689
6688
6689
6689
6686
6684
6680
6675
6676
6669
6674
6675
6683
6684
6682
6687
6695
6696
6692
6692
6694
6701
6698
6695
6693
6694
6697
6697
6694
6695
6704
6703
6705
6706
6705
6706
6704
6704
6704
6704
6699
6698
6699
6697
6696
6696
6695
6693
6684
6684
6679
6680
6679
6675
6672
6661
6662
6658
6662
6658
6650
6651
6657
6651
6653
6653
6653
6652
6658
6653
6655
6663
6663
6661
6664
6666
6668
6668
6669
6670
6669
6669
6668
6666
6668
6662
6666
6670
6670
6670
6672
6671
6662
6661
6666
6657
6649
6642
6637
6625
6620
6620
6613
6607
6607
6606
6603
6603
6593
6595
6598
6599
6594
6595
6593
6591
6590
6589
6588
6590
6590
6591
6590
6588
6581
6583
6586
6589
6587
6588
6587
6581
6579
6581
6580
6573
6568
6567
6561
6559
6548
6550
6546
6549
6544
6543
6540
6529
6527
6528
6528
6523
6518
6515
6514
6511
6509
6508
6507
6506
6503
6502
6500
6500
6498
6496
6491
6490
6496
6493
6491
6489
6486
6485
6482
6478
6476
6470
6470
6474
6472
6471
6467
6467
6462
6458
6453
6449
6442
6431
6429
6431
6423
6418
6413
6412
6405
6401
6405
6402
6397
6398
6396
6395
6393
6395
6393
6385
6384
6390
6387
6384
6374
6372
6373
6370
6360
6358
6355
6356
6351
6350
6346
6343
6338
6336
6332
6331
6320
6317
6318
6313
6307
6304
6297
6293
6288
6283
6279
6273
6269
6263
6256
6253
6242
6240
6243
6238
6230
6229
6225
6214
6215
6219
6215
6213
6208
6205
6202
6197
6195
6195
6190
6190
6189
6186
6186
6180
6177
6183
6179
6170
6166
6164
6167
6163
6154
6151
6154
6146
6140
6133
6125
6121
6116
6112
6109
6107
6104
6100
6095
6092
6088
6084
6077
6069
6066
6067
6061
6050
6050
6056
6048
6046
6041
6038
6029
6027
6032
6023
6019
6016
6014
6010
6009
6001
5997
5989
5984
5981
5982
5979
5978
5973
5970
5968
5965
5963
5960
5956
5951
5941
5939
5937
5939
5932
5924
5921
5923
5917
5909
5903
5899
5894
5893
5889
5883
5873
5867
5864
5864
5858
5853
5847
5838
5836
5834
5836
5833
5829
5825
5820
5814
5809
5803
5800
5787
5785
5789
5781
5776
5773
5769
5766
5762
5760
5757
5747
5746
5743
5744
5739
5733
5730
5726
5724
5715
5709
5707
5711
5705
5696
5695
5700
5694
5692
5688
5686
5677
5677
5683
5676
5675
5673
5670
5669
5666
5665
5663
5657
5652
5655
5657
5650
5647
5648
5645
5641
5639
5638
5634
5627
5624
5620
5614
5611
5602
5602
5604
5600
5590
5590
5594
5593
5591
5590
5589
5586
5585
5580
5578
5573
5567
5563
5560
5555
5543
5538
5536
5535
5530
5521
5519
5521
5514
5508
5504
5500
5501
5497
5492
5482
5477
5473
5469
5467
5463
5453
5450
5453
5444
5440
5436
5432
5426
5420
5417
5413
5407
5403
5400
5402
5402
5394
5392
5397
5395
5390
5388
5386
5384
5383
5381
5379
5378
5377
5374
5371
5369
5365
5358
5357
5353
5350
5347
5344
5335
5333
5339
5333
5329
5322
5321
5325
5321
5312
5312
5311
5313
5310
5308
5306
5304
5302
5299
5297
5298
5295
5294
5293
5292
5291
5285
5283
5275
5271
5275
5269
5260
5258
5255
5257
5252
5250
5247
5238
5239
5240
5239
5236
5232
5225
5223
5218
5213
5210
5207
5201
5195
5189
5189
5193
5187
5183
5176
5174
5177
5171
5165
5162
5157
5155
5151
5146
5144
5134
5132
5136
5131
5129
5124
5122
5120
5117
5107
5103
5100
5100
5095
5093
5088
5085
5083
5079
5077
5075
5069
5067
5069
5063
5060
5057
5054
5052
5048
5045
5044
5041
5040
5036
5032
5031
5029
5024
5023
5018
5015
5013
5010
5008
5002
4999
4999
4994
4994
4990
4986
4983
4989
4983
4977
4977
4976
4976
4973
4964
4963
4967
4962
4955
4953
4953
4955
4953
4945
4944
4947
4943
4939
4935
4933
4932
4929
4925
4925
4923
4919
4916
4914
4910
4908
4907
4906
4906
4904
4899
4897
4901
4897
4890
4887
4887
4888
4882
4878
4874
4869
4868
4865
4858
4856
4860
4856
4852
4850
4849
4845
4844
4837
4835
4837
4834
4834
4829
4827
4821
4819
4824
4822
4817
4817
4814
4812
4810
4801
4800
4807
4802
4801
4798
4794
4794
4792
4790
4787
4785
4782
4778
4771
4769
4771
4765
4760
4755
4749
4746
4744
4733
4731
4734
4729
4722
4720
4717
4715
4711
4710
4708
4706
4704
4702
4702
4701
4694
4693
4695
4693
4688
4685
4683
4680
4677
4674
4670
4663
4660
4659
4662
4656
4646
4646
4651
4649
4645
4642
4638
4630
4630
4635
4631
4630
4621
4619
4624
4623
4620
4617
4617
4614
4612
4609
4608
4606
4603
4594
4596
4596
4600
4595
4594
4590
4583
4585
4586
4592
4591
4589
4589
4585
4581
4579
4576
4572
4567
4563
4560
4559
4551
4550
4548
4552
4550
4546
4545
4544
4541
4535
4530
4527
4532
4527
4524
4524
4516
4512
4510
4513
4512
4509
4505
4502
4501
4500
4497
4497
4489
4491
4494
4493
4490
4489
4487
4485
4484
4482
4481
4478
4475
4473
4473
4471
4466
4466
4473
4470
4468
4467
4463
4456
4456
4461
4457
4458
4450
4451
4454
4451
4449
4446
4445
4443
4439
4437
4434
4425
4424
4428
4423
4420
4415
4412
4415
4413
4410
4409
4408
4401
4401
4405
4404
4402
4400
4398
4396
4394
4393
4391
4389
4387
4386
4386
4385
4384
4381
4376
4374
4378
4375
4373
4366
4362
4365
4363
4362
4360
4359
4355
4351
4353
4354
4353
4352
4351
4349
4349
4347
4345
4343
4342
4340
4339
4339
4333
4332
4339
4338
4330
4330
4330
4330
4328
4326
4324
4314
4315
4321
4317
4316
4315
4314
4312
4310
4306
4304
4303
4302
4301
4299
4298
4298
4295
4294
4294
4294
4286
4286
4293
4290
4283
4284
4284
4286
4284
4283
4282
4275
4273
4270
4273
4270
4269
4267
4259
4258
4262
4261
4259
4254
4251
4251
4249
4248
4247
4245
4244
4242
4236
4238
4245
4243
4243
4236
4236
4238
4236
4233
4232
4227
4225
4221
4219
4216
4214
4210
4207
4205
4203
4199
4199
4198
4195
4188
4187
4188
4190
4186
4181
4181
4186
4181
4175
4174
4174
4174
4173
4173
4170
4169
4167
4169
4168
4165
4162
4163
4161
4159
4156
4153
4155
4159
4157
4155
4157
4152
4149
4149
4155
4152
4151
4149
4149
4149
4147
4140
4142
4146
4144
4135
4136
4136
4139
4136
4129
4130
4135
4133
4131
4130
4129
4128
4127
4127
4125
4122
4122
4122
4122
4118
4117
4119
4109
4109
4110
4115
4113
4111
4111
4108
4109
4108
4108
4105
4098
4099
4105
4102
4095
4094
4096
4100
4098
4090
4092
4097
4093
4091
4091
4089
4087
4086
4085
4083
4084
4083
4080
4079
4080
4077
4076
4077
4074
4073
4070
4067
4070
4070
4063
4065
4064
4068
4068
4062
4063
4067
4066
4065
4065
4063
4064
4062
4061
4061
4061
4060
4058
4058
4055
4052
4052
4051
4049
4048
4048
4046
4044
4044
4044
4041
4041
4041
4038
4036
4036
4034
4033
4038
4037
4038
4035
4036
4038
4036
4030
4029
4027
4029
4027
4020
4018
4021
4017
4011
4008
4008
4010
4006
4000
3999
4002
4001
4001
3997
3998
3998
3995
3993
3995
3994
3992
3992
3987
3987
3990
3988
3985
3982
3981
3981
3980
3980
3981
3973
3977
3978
3982
3983
3976
3975
3982
3978
3975
3972
3971
3973
3971
3970
3968
3967
3968
3967
3966
3966
3964
3965
3965
3962
3963
3963
3961
3956
3956
3959
3957
3956
3954
3954
3951
3950
3950
3950
3945
3946
3945
3949
3949
3940
3941
3946
3941
3940
3936
3934
3930
3928
3933
3931
3928
3928
3925
3925
3926
3924
3923
3923
3920
3922
3920
3918
3917
3915
3910
3911
3907
3912
3910
3906
3908
3908
3908
3907
3903
3902
3905
3904
3899
3901
3901
3901
3901
3898
3899
3899
3898
3898
3897
3895
3896
3893
3893
3892
3891
3893
3890
3884
3886
3890
3887
3885
3885
3883
3884
3882
3876
3879
3881
3879
3880
3879
3878
3879
3877
3872
3874
3878
3877
3876
3873
3873
3868
3867
3873
3872
3868
3866
3864
3869
3870
3870
3870
3869
3867
3868
3867
3865
3865
3864
3863
3861
3863
3863
3860
3861
3859
3857
3858
3854
3855
3856
3854
3854
3849
3848
3854
3851
3850
3847
3845
3849
3847
3839
3841
3843
3845
3844
3839
3836
3843
3840
3838
3840
3840
3837
3839
3832
3833
3838
3835
3834
3832
3830
3830
3830
3827
3828
3827
3826
3827
3823
3823
3817
3815
3821
3820
3817
3818
3817
3815
3817
3813
3813
3814
3808
3809
3814
3809
3805
3808
3807
3813
3813
3812
3817
3814
3816
3815
3812
3810
3809
3810
3809
3807
3804
3804
3806
3808
3807
3805
3805
3803
3804
3802
3798
3800
3801
3801
3794
3793
3797
3799
3797
3796
3794
3793
3791
3790
3788
3790
3788
3786
3786
3783
3785
3783
3781
3779
3779
3784
3782
3780
3781
3778
3779
3778
3777
3777
3777
3776
3776
3779
3780
3775
3776
3783
3780
3775
3777
3774
3776
3776
3770
3769
3774
3770
3768
3769
3766
3766
3766
3765
3764
3763
3763
3760
3757
3758
3759
3758
3752
3753
3753
3758
3757
3751
3753
3757
3755
3755
3757
3755
3755
3754
3758
3756
3755
3754
3753
3752
3752
3752
3749
3749
3749
3748
3750
3749
3749
3750
3747
3747
3748
3746
3747
3747
3745
3739
3741
3744
3744
3741
3736
3737
3740
3739
3739
3736
3736
3733
3734
3730
3729
3734
3731
3726
3728
3726
3728
3728
3727
3724
3725
3722
3721
3722
3721
3720
3721
3719
3717
3719
3717
3717
3713
3715
3719
3717
3715
3713
3714
3720
3717
3716
3719
3716
3713
3716
3715
3715
3717
3715
3710
3712
3712
3715
3714
3707
3709
3714
3711
3708
3708
3707
3713
3710
3709
3710
3706
3708
3706
3706
3707
3704
3706
3698
3701
3700
3703
3703
3699
3699
3696
3696
3696
3695
3692
3692
3693
3692
3691
3687
3687
3688
3693
3691
3690
3694
3688
3690
3692
3694
3693
3691
3692
3686
3688
3690
3691
3689
3690
3689
3689
3691
3689
3689
3686
3688
3685
3679
3680
3683
3681
3677
3674
3675
3677
3676
3677
3676
3673
3672
3672
3677
3674
3673
3669
3669
3670
3669
3665
3664
3671
3668
3667
3670
3667
3667
3665
3666
3664
3665
3663
3663
3662
3665
3659
3659
3664
3661
3663
3660
3662
3659
3659
3659
3656
3656
3656
3656
3653
3654
3649
3648
3653
3653
3650
3647
3649
3655
3653
3650
3651
3646
3646
3649
3652
3654
3650
3653
3650
3653
3653
3653
3654
3653
3655
3653
3654
3651
3651
3651
3646
3647
3652
3649
3648
3649
3649
3648
3647
3639
3644
3647
3647
3645
3640
3642
3644
3644
3638
3637
3640
3639
3641
3637
3636
3636
3637
3637
3637
3640
3640
3644
3641
3641
3649
3647
3649
3648
3648
3644
3644
3650
3647
3646
3645
3644
3646
3643
3639
3637
3643
3643
3640
3639
3640
3634
3637
3641
3641
3641
3640
3638
3636
3633
3633
3631
3629
3628
3628
3626
3625
3625
3624
3619
3622
3621
3628
3626
3626
3626
3624
3626
3623
3623
3621
3621
3618
3616
3614
3618
3617
3616
3612
3611
3619
3616
3612
3613
3614
3618
3615
3613
3613
3613
3611
3611
3611
3611
3609
3610
3603
3605
3606
3609
3607
3609
3607
3608
3604
3606
3604
3603
3597
3597
3603
3600
3601
3598
3598
3592
3594
3597
3596
3590
3591
3596
3597
3598
3593
3595
3599
3601
3599
3599
3597
3599
3598
3600
3600
3600
3600
3599
3598
3598
3598
3596
3597
3594
3595
3593
3594
3592
3591
3592
3592
3589
3591
3588
3585
3585
3590
3588
3581
3583
3582
3587
3585
3581
3581
3588
3585
3585
3585
3583
3584
3581
3582
3580
3580
3579
3579
3579
3578
3578
3578
3580
3579
3580
3581
3581
3576
3576
3582
3581
3576
3574
3575
3574
3574
3577
3575
3576
3575
3575
3575
3578
3577
3577
3571
3572
3572
3576
3575
3572
3572
3578
3575
3571
3570
3568
3572
3569
3568
3567
3565
3565
3565
3564
3564
3564
3562
3565
3562
3563
3562
3563
3563
3564
3557
3560
3563
3564
3565
3561
3563
3561
3563
3563
3561
3559
3560
3557
3559
3557
3553
3552
3555
3556
3558
3555
3556
3549
3550
3556
3557
3556
3557
3558
3555
3556
3555
3555
3553
3552
3553
3552
3553
3549
3551
3553
3555
3555
3552
3552
3558
3558
3557
3557
3557
3553
3555
3559
3559
3552
3553
3554
3561
3560
3555
3555
3560
3561
3559
3558
3559
3557
3558
3556
3556
3556
3553
3552
3553
3552
3553
3553
3548
3547
3548
3552
3550
3552
3549
3550
3548
3546
3547
3545
3541
3541
3547
3544
3544
3543
3542
3539
3537
3543
3541
3538
3540
3538
3536
3538
3530
3533
3537
3537
3535
3538
3535
3535
3533
3534
3533
3530
3530
3527
3532
3529
3528
3528
3523
3523
3522
3530
3525
3522
3522
3528
3525
3526
3525
3524
3525
3526
3526
3526
3526
3529
3528
3531
3530
3531
3532
3530
3530
3529
3526
3525
3531
3527
3528
3528
3530
3532
3533
3528
3528
3533
3531
3529
3527
3528
3531
3532
3525
3526
3529
3526
3526
3526
3523
3524
3525
3524
3523
3522
3520
3519
3520
3521
3519
3519
3519
3519
3520
3518
3518
3518
3516
3518
3516
3517
3517
3514
3511
3509
3516
3514
3511
3509
3508
3513
3512
3513
3513
3512
3514
3512
3512
3512
3509
3509
3504
3506
3505
3508
3509
3507
3508
3503
3504
3505
3509
3509
3504
3505
3508
3507
3507
3505
3506
3506
3508
3504
3503
3512
3510
3510
3511
3508
3509
3507
3509
3510
3508
3509
3510
3505
3507
3512
3512
3510
3510
3509
3502
3504
3508
3507
3502
3501
3502
3503
3504
3502
3500
3500
3498
3500
3496
3499
3497
3499
3494
3496
3499
3502
3501
3497
3499
3504
3503
3502
3502
3500
3499
3496
3501
3498
3500
3499
3499
3498
3496
3497
3495
3496
3494
3496
3493
3494
3492
3493
3492
3494
3494
3492
3493
3493
3494
3494
3495
3496
3496
3496
3492
3494
3497
3496
3492
3491
3494
3494
3493
3491
3490
3484
3484
3490
3487
3487
3487
3485
3485
3484
3477
3482
3484
3488
3488
3487
3488
3490
3492
3489
3490
3490
3494
3495
3493
3493
3493
3492
3493
3487
3488
3494
3493
3490
3492
3492
3497
3497
3498
3497
3498
3497
3496
3496
3494
3496
3495
3497
3492
3493
3491
3491
3485
3485
3490
3488
3488
3486
3486
3481
3480
3482
3482
3475
3478
3479
3481
3479
3475
3476
3480
3476
3478
3476
3476
3474
3474
3475
3475
3475
3474
3476
3473
3475
3474
3475
3474
3474
3476
3476
3479
3479
3482
3478
3478
3485
3481
3483
3476
3477
3480
3479
3477
3474
3474
3472
3472
3472
3471
3463
3466
3468
3471
3469
3465
3466
3471
3472
3470
3470
3471
3470
3471
3465
3468
3473
3470
3471
3471
3470
3470
3468
3470
3470
3471
3471
3471
3472
3471
3471
3469
3469
3470
3471
3474
3477
3477
3480
3475
3478
3480
3482
3482
3478
3479
3486
3482
3479
3478
3479
3479
3479
3473
3472
3477
3476
3474
3473
3472
3470
3470
3470
3467
3468
3465
3463
3465
3462
3464
3462
3459
3459
3458
3462
3462
3461
3458
3453
3456
3457
3460
3460
3458
3458
3458
3457
3458
3453
3454
3457
3458
3458
3457
3457
3456
3458
3455
3457
3450
3452
3457
3457
3458
3457
3458
3451
3453
3457
3457
3455
3456
3457
3456
3458
3458
3458
3455
3454
3452
3457
3453
3449
3448
3453
3451
3455
3453
3454
3455
3454
3455
3453
3455
3454
3456
3453
3454
3459
3458
3458
3458
3458
3457
3457
3450
3452
3455
3453
3450
3450
3449
3443
3441
3446
3446
3444
3444
3441
3437
3439
3442
3443
3443
3445
3446
3446
3447
3444
3447
3445
3447
3445
3446
3444
3444
3443
3442
3442
3441
3441
3439
3440
3440
3440
3441
3440
3438
3438
3435
3438
3441
3440
3436
3439
3440
3444
3445
3446
3446
3454
3454
3457
3456
3458
3468
3469
3468
3474
3479
3488
3491
3494
3499
3513
3516
3516
3525
3531
3542
3549
3548
3558
3568
3575
3579
3587
3591
3598
3602
3610
3614
3620
3623
3630
3633
3639
3640
3642
3654
3654
3657
3657
3658
3667
3665
