3668
3667
3667
3667
3666
3667
3665
3666
3660
3662
3656
3657
3651
3651
3642
3642
3642
3641
3636
3635
3630
3627
3625
3620
3617
3613
3605
3604
3607
3602
3601
3597
3592
3588
3585
3587
3584
3575
3576
3576
3575
3570
3569
3565
3560
3558
3561
3558
3554
3549
3546
3550
3546
3545
3540
3539
3536
3535
3531
3530
3529
3528
3524
3521
3519
3519
3513
3515
3511
3511
3508
3507
3500
3499
3502
3498
3495
3492
3494
3495
3492
3490
3490
3486
3486
3485
3483
3482
3479
3480
3478
3477
3478
3475
3477
3474
3473
3470
3469
3471
3473
3472
3471
3471
3464
3464
3468
3466
3466
3464
3466
3460
3461
3463
3463
3461
3461
3461
3460
3462
3458
3460
3454
3456
3459
3460
3461
3458
3459
3457
3457
3458
3457
3456
3452
3454
3459
3460
3456
3458
3460
3463
3462
3462
3460
3461
3457
3459
3456
3457
3453
3452
3456
3454
3454
3451
3450
3448
3448
3447
3446
3446
3445
3444
3442
3442
3441
3440
3441
3438
3436
3435
3437
3441
3440
3437
3436
3442
3439
3440
3433
3434
3439
3434
3433
3428
3429
3427
3425
3427
3425
3419
3421
3422
3424
3422
3423
3421
3416
3416
3422
3420
3418
3415
3415
3420
3418
3417
3418
3416
3417
3416
3416
3416
3415
3416
3415
3417
3416
3415
3416
3409
3413
3415
3416
3411
3414
3412
3413
3414
3407
3410
3410
3415
3412
3408
3408
3414
3411
3411
3410
3411
3411
3409
3410
3408
3409
3408
3409
3409
3408
3409
3409
3408
3409
3409
3407
3409
3412
3413
3406
3409
3409
3411
3410
3411
3412
3411
3411
3407
3409
3407
3414
3412
3413
3412
3408
3411
3411
3416
3416
3410
3411
3416
3416
3415
3414
3416
3415
3416
3417
3416
3414
3414
3416
3419
3418
3417
3418
3414
3416
3415
3413
3414
3412
3413
3412
3412
3414
3415
3417
3413
3414
3418
3416
3411
3410
3410
3415
3412
3407
3408
3413
3411
3413
3411
3411
3406
3408
3414
3413
3416
3416
3419
3419
3420
3423
3421
3425
3424
3424
3426
3424
3425
3421
3424
3424
3424
3426
3427
3421
3423
3429
3428
3427
3425
3426
3432
3431
3433
3434
3432
3433
3433
3435
3435
3431
3435
3441
3440
3444
3444
3447
3450
3451
3449
3453
3457
3461
3461
3463
3464
3460
3463
3469
3470
3471
3475
3475
3473
3475
3483
3485
3484
3486
3488
3488
3490
3490
3493
3494
3494
3498
3498
3501
3501
3502
3500
3502
3504
3512
3511
3509
3511
3519
3520
3520
3524
3526
3526
3529
3536
3540
3542
3543
3547
3552
3555
3552
3557
3565
3567
3570
3568
3574
3582
3587
3588
3593
3594
3599
3602
3606
3610
3614
3620
3623
3629
3632
3636
3641
3644
3647
3647
3654
3656
3664
3670
3670
3677
3679
3685
3689
3694
3697
3703
3705
3711
3717
3719
3723
3729
3739
3744
3749
3754
3754
3760
3766
3776
3783
3786
3792
3792
3799
3807
3816
3823
3823
3831
3842
3847
3852
3858
3864
3870
3874
3883
3888
3898
3903
3909
3913
3918
3933
3936
3944
3951
3958
3961
3971
3983
3991
3996
4005
4012
4020
4028
4037
4044
4050
4059
4064
4074
4081
4091
4097
4106
4115
4117
4128
4135
4147
4156
4158
4166
4179
4183
4190
4195
4203
4204
4213
4224
4233
4242
4249
4256
4265
4273
4287
4298
4303
4317
4326
4336
4346
4355
4364
4376
4388
4397
4410
4418
4425
4436
4451
4460
4468
4480
4489
4496
4508
4517
4525
4536
4545
4557
4567
4575
4582
4593
4607
4617
4626
4638
4647
4658
4670
4673
4684
4699
4709
4716
4727
4736
4738
4749
4766
4771
4782
4792
4800
4804
4814
4831
4840
4851
4860
4871
4880
4888
4899
4908
4914
4923
4932
4942
4950
4952
4964
4981
4988
4997
5006
5015
5029
5041
5045
5061
5075
5090
5099
5107
5122
5137
5150
5162
5177
5189
5199
5212
5226
5239
5249
5262
5273
5287
5297
5307
5316
5323
5336
5342
5351
5362
5376
5382
5388
5397
5411
5416
5416
5426
5431
5435
5441
5441
5451
5457
5467
5475
5482
5487
5489
5498
5512
5520
5527
5530
5541
5554
5559
5569
5578
5585
5593
5602
5613
5619
5621
5636
5644
5657
5666
5676
5684
5691
5700
5707
5712
5722
5735
5747
5752
5761
5768
5775
5783
5797
5803
5808
5816
5822
5825
5834
5841
5844
5854
5863
5870
5877
5883
5891
5895
5902
5912
5913
5923
5940
5950
5957
5965
5973
5980
5989
6004
6011
6020
6025
6035
6038
6043
6054
6057
6066
6073
6080
6078
6085
6096
6101
6098
6103
6112
6120
6123
6127
6133
6128
6131
6136
6145
6150
6157
6162
6164
6173
6179
6185
6194
6199
6205
6216
6222
6225
6236
6243
6262
6271
6273
6283
6301
6309
6312
6323
6332
6332
6340
6355
6357
6355
6356
6358
6363
6360
6361
6363
6362
6365
6372
6373
6379
6384
6387
6390
6394
6400
6404
6406
6412
6421
6420
6426
6437
6444
6450
6449
6455
6464
6460
6459
6462
6461
6462
6462
6456
6455
6460
6457
6454
6452
6447
6446
6444
6444
6443
6444
6447
6449
6451
6457
6460
6467
6483
6488
6494
6497
6506
6517
6524
6528
6536
6543
6550
6556
6557
6565
6578
6585
6588
6585
6594
6602
6605
6611
6616
6614
6620
6626
6636
6638
6638
6639
6643
6646
6644
6646
6648
6646
6645
6640
6641
6640
6640
6639
6638
6635
6630
6629
6626
6626
6625
6621
6622
6631
6627
6632
6631
6636
6638
6639
6640
6642
6641
6641
6636
6636
6636
6646
6646
6635
6634
6640
6636
6636
6637
6640
6642
6641
6641
6646
6650
6652
6658
6660
6661
6667
6672
6669
6669
6671
6677
6679
6673
6675
6683
6680
6680
6675
6676
6682
6679
6680
6677
6676
6668
6670
6679
6677
6679
6677
6682
6684
6686
6690
6690
6692
6694
6699
6695
6699
6697
6701
6694
6697
6705
6707
6711
6711
6714
6715
6718
6714
6719
6725
6730
6732
6732
6735
6725
6731
6737
6736
6738
6733
6733
6740
6737
6734
6734
6732
6731
6728
6726
6726
6723
6726
6724
6722
6720
6722
6723
6715
6719
6723
6724
6723
6725
6723
6717
6715
6725
6720
6722
6713
6713
6715
6715
6710
6707
6704
6701
6695
6693
6691
6683
6684
6687
6686
6680
6679
6670
6669
6661
6658
6651
6647
6637
6635
6639
6633
6628
6623
6622
6615
6614
6605
6605
6609
6603
6599
6593
6588
6580
6574
6570
6562
6559
6553
6548
6541
6539
6532
6532
6522
6517
6517
6514
6508
6497
6496
6493
6490
6482
6482
6478
6484
6478
6475
6471
6466
6464
6462
6460
6453
6455
6449
6447
6447
6446
6445
6443
6437
6438
6442
6441
6440
6437
6438
6434
6436
6436
6437
6430
6434
6433
6441
6438
6436
6435
6444
6439
6441
6437
6435
6434
6432
6421
6422
6427
6425
6421
6422
6420
6420
6417
6417
6416
6416
6406
6403
6408
6405
6401
6397
6394
6390
6389
6381
6380
6378
6379
6373
6372
6373
6373
6372
6362
6359
6364
6356
6352
6346
6343
6336
6334
6329
6321
6317
6307
6305
6305
6300
6285
6282
6282
6274
6267
6260
6257
6242
6237
6236
6228
6217
6206
6197
6198
6188
6183
6177
6175
6174
6171
6165
6167
6170
6170
6168
6168
6168
6164
6165
6162
6160
6155
6150
6149
6143
6136
6133
6127
6115
6109
6106
6100
6092
6085
6079
6072
6069
6061
6057
6052
6046
6038
6030
6029
6028
6024
6018
6012
6010
6000
5996
5997
5993
5988
5984
5979
5972
5968
5972
5965
5965
5964
5962
5961
5957
5955
5953
5951
5950
5950
5950
5946
5943
5942
5951
5950
5952
5950
5952
5951
5953
5952
5953
5951
5950
5952
5950
5951
5942
5945
5948
5944
5940
5932
5930
5930
5927
5913
5916
5913
5911
5906
5906
5900
5900
5895
5894
5888
5886
5883
5880
5875
5870
5864
5862
5860
5848
5841
5844
5835
5823
5819
5820
5812
5809
5802
5798
5794
5789
5775
5774
5768
5769
5764
5760
5754
5747
5746
5738
5733
5727
5729
5724
5719
5717
5707
5703
5699
5703
5695
5687
5683
5687
5682
5679
5673
5671
5668
5669
5664
5665
5661
5661
5655
5655
5649
5649
5644
5639
5633
5629
5633
5626
5619
5616
5617
5613
5608
5606
5600
5601
5596
5596
5591
5592
5589
5591
5587
5586
5583
5581
5579
5570
5571
5576
5572
5566
5563
5571
5566
5565
5561
5559
5555
5552
5547
5545
5541
5532
5529
5531
5525
5520
5516
5512
5508
5502
5501
5496
5494
5489
5489
5485
5484
5475
5475
5478
5477
5466
5468
5465
5469
5465
5464
5462
5454
5453
5456
5455
5454
5450
5449
5447
5444
5441
5439
5439
5428
5427
5428
5423
5416
5414
5409
5406
5398
5395
5391
5387
5384
5377
5375
5370
5360
5355
5358
5352
5343
5339
5332
5325
5318
5320
5312
5308
5301
5298
5296
5289
5287
5281
5280
5271
5272
5268
5266
5262
5260
5252
5250
5255
5249
5247
5238
5238
5240
5238
5228
5229
5225
5229
5225
5219
5217
5222
5217
5215
5212
5211
5207
5204
5203
5202
5197
5195
5194
5192
5189
5185
5184
5183
5179
5176
5173
5171
5169
5169
5161
5160
5160
5162
5158
5157
5151
5146
5141
5148
5142
5141
5136
5136
5132
5132
5127
5128
5123
5120
5119
5116
5114
5109
5110
5103
5101
5097
5102
5095
5087
5087
5089
5081
5078
5065
5063
5064
5059
5048
5044
5040
5041
5034
5027
5022
5017
5014
5010
5004
5000
4995
4992
4987
4985
4971
4972
4966
4970
4964
4956
4956
4960
4955
4953
4952
4948
4949
4945
4945
4941
4935
4933
4931
4932
4928
4924
4923
4919
4918
4914
4905
4904
4907
4903
4900
4897
4895
4894
4890
4888
4884
4877
4874
4877
4875
4873
4864
4866
4867
4865
4860
4859
4858
4855
4854
4850
4851
4841
4843
4840
4843
4839
4835
4832
4829
4831
4829
4826
4825
4820
4820
4824
4818
4813
4812
4808
4797
4795
4795
4792
4786
4781
4777
4772
4769
4763
4760
4753
4751
4746
4742
4739
4735
4731
4724
4723
4727
4726
4722
4721
4719
4711
4709
4714
4710
4708
4704
4702
4692
4691
4696
4690
4689
4687
4683
4682
4678
4679
4673
4671
4667
4668
4664
4661
4663
4661
4653
4655
4652
4655
4654
4648
4650
4651
4650
4646
4645
4643
4640
4638
4633
4631
4627
4625
4622
4618
4618
4610
4609
4613
4609
4606
4605
4602
4598
4597
4596
4590
4590
4587
4586
4585
4584
4582
4579
4579
4574
4575
4569
4568
4571
4570
4562
4563
4564
4568
4565
4559
4559
4564
4564
4563
4563
4559
4557
4553
4549
4548
4538
4537
4533
4535
4533
4527
4525
4521
4519
4517
4515
4511
4508
4504
4496
4495
4496
4495
4492
4491
4487
4480
4481
4483
4482
4479
4474
4475
4477
4477
4476
4474
4474
4473
4467
4468
4469
4465
4465
4462
4457
4456
4459
4455
4450
4449
4454
4452
4448
4448
4446
4443
4444
4440
4438
4437
4433
4433
4431
4429
4426
4425
4420
4418
4416
4421
4417
4408
4410
4410
4407
4407
4403
4402
4397
4399
4396
4394
4394
4384
4385
4388
4385
4384
4378
4378
4376
4374
4372
4369
4363
4365
4367
4364
4362
4360
4359
4356
4355
4352
4351
4352
4344
4346
4351
4346
4341
4340
4341
4343
4339
4340
4337
4336
4334
4331
4332
4329
4328
4327
4319
4321
4325
4323
4322
4317
4316
4322
4319
4318
4317
4313
4312
4311
4304
4303
4307
4305
4302
4302
4299
4294
4294
4297
4296
4292
4291
4292
4284
4285
4290
4286
4280
4279
4281
4284
4281
4280
4278
4272
4275
4278
4277
4275
4273
4272
4269
4268
4268
4266
4266
4264
4263
4264
4262
4259
4260
4258
4257
4254
4253
4250
4248
4248
4241
4239
4239
4240
4239
4232
4229
4236
4232
4227
4228
4227
4225
4226
4218
4220
4219
4220
4220
4216
4217
4215
4212
4212
4212
4208
4208
4208
4205
4208
4203
4205
4207
4212
4209
4209
4208
4200
4201
4203
4201
4199
4192
4188
4193
4190
4186
4185
4183
4180
4182
4180
4179
4174
4173
4173
4177
4173
4171
4169
4166
4164
4162
4157
4158
4155
4153
4153
4150
4143
4144
4142
4145
4143
4142
4142
4141
4140
4137
4137
4137
4135
4135
4134
4131
4130
4126
4124
4131
4125
4125
4125
4123
4123
4122
4115
4116
4119
4117
4109
4109
4108
4110
4106
4104
4102
4098
4095
4096
4093
4090
4085
4085
4090
4090
4089
4088
4087
4083
4080
4084
4082
4073
4074
4073
4074
4072
4071
4067
4064
4063
4062
4059
4059
4053
4051
4056
4056
4049
4049
4051
4054
4051
4051
4050
4049
4049
4048
4046
4044
4043
4041
4040
4041
4039
4037
4037
4037
4035
4035
4033
4027
4029
4029
4032
4032
4024
4025
4028
4025
4024
4022
4022
4014
4015
4021
4017
4017
4015
4014
4012
4012
4010
4008
4008
4008
4007
4004
4004
4001
3999
4005
4004
4003
4001
4002
4003
4004
4001
4001
4001
4000
3999
3999
3998
3997
3993
3995
3992
3992
3990
3988
3989
3987
3981
3981
3979
3984
3983
3976
3976
3982
3980
3975
3975
3977
3981
3978
3975
3973
3977
3976
3974
3969
3971
3975
3972
3972
3973
3969
3968
3969
3967
3963
3965
3964
3959
3960
3957
3960
3959
3957
3956
3950
3951
3949
3953
3950
3949
3946
3946
3946
3945
3944
3944
3946
3947
3947
3948
3947
3946
3948
3953
3951
3949
3946
3945
3944
3941
3934
3933
3938
3935
3928
3928
3930
3931
3929
3927
3928
3926
3927
3921
3918
3919
3923
3919
3914
3913
3918
3915
3913
3912
3910
3911
3910
3908
3907
3906
3906
3905
3904
3902
3901
3901
3899
3897
3897
3896
3894
3894
3893
3888
3888
3888
3893
3893
3890
3892
3892
3892
3893
3887
3887
3890
3889
3882
3882
3885
3883
3880
3880
3879
3872
3874
3878
3878
3874
3870
3871
3874
3872
3871
3871
3869
3868
3868
3866
3864
3859
3859
3862
3862
3865
3865
3865
3866
3864
3862
3864
3863
3862
3860
3854
3854
3857
3853
3853
3852
3853
3852
3851
3850
3850
3849
3848
3846
3840
3841
3843
3842
3842
3841
3840
3833
3834
3839
3836
3834
3834
3832
3829
3828
3829
3829
3821
3821
3825
3827
3825
3825
3826
3820
3820
3824
3824
3823
3822
3819
3818
3819
3819
3817
3816
3818
3816
3809
3810
3816
3814
3814
3814
3812
3812
3812
3813
3809
3808
3810
3807
3804
3802
3807
3804
3797
3796
3797
3799
3800
3797
3797
3791
3793
3795
3795
3793
3792
3792
3786
3788
3790
3790
3787
3786
3784
3779
3777
3783
3780
3780
3773
3774
3776
3777
3776
3776
3776
3773
3774
3776
3775
3774
3774
3772
3773
3772
3770
3771
3770
3768
3771
3771
3771
3765
3765
3772
3770
3764
3767
3769
3769
3770
3769
3770
3771
3768
3770
3768
3767
3768
3768
3767
3768
3762
3762
3765
3767
3765
3759
3759
3764
3762
3760
3758
3756
3751
3749
3756
3751
3750
3749
3749
3745
3744
3748
3745
3745
3743
3741
3740
3740
3738
3738
3736
3736
3734
3729
3732
3736
3735
3731
3732
3732
3729
3727
3727
3727
3726
3724
3724
3725
3722
3723
3724
3719
3716
3722
3723
3720
3721
3721
3716
3716
3721
3722
3717
3719
3718
3723
3723
3718
3719
3724
3724
3722
3722
3722
3722
3720
3718
3719
3719
3717
3715
3715
3715
3714
3711
3707
3708
3708
3710
3708
3709
3708
3701
3704
3702
3709
3706
3702
3701
3708
3706
3706
3707
3705
3705
3705
3705
3705
3706
3704
3704
3704
3705
3704
3703
3702
3704
3702
3700
3700
3695
3696
3698
3698
3693
3691
3693
3695
3694
3689
3688
3691
3688
3691
3687
3686
3688
3687
3679
3681
3681
3684
3682
3681
3682
3680
3679
3678
3679
3678
3677
3677
3679
3680
3681
3681
3682
3682
3684
3683
3682
3678
3679
3678
3681
3680
3678
3678
3677
3676
3673
3669
3668
3671
3671
3672
3670
3664
3664
3664
3670
3668
3666
3666
3668
3668
3667
3668
3669
3662
3662
3668
3667
3663
3660
3661
3665
3663
3662
3661
3660
3660
3659
3652
3656
3662
3660
3662
3661
3662
3663
3663
3664
3663
3663
3664
3660
3659
3659
3661
3662
3660
3660
3657
3654
3657
3659
3658
3655
3653
3654
3652
3651
3646
3645
3648
3647
3647
3645
3646
3643
3643
3642
3643
3641
3640
3641
3642
3640
3640
3639
3634
3634
3640
3638
3636
3632
3631
3636
3636
3634
3635
3634
3633
3633
3633
3633
3628
3627
3635
3632
3633
3630
3629
3630
3629
3622
3625
3623
3631
3629
3626
3627
3631
3630
3628
3625
3626
3631
3631
3625
3624
3629
3628
3628
3624
3625
3620
3618
3625
3622
3621
3621
3620
3620
3621
3620
3621
3621
3620
3621
3622
3620
3621
3620
3619
3620
3618
3618
3618
3616
3615
3616
3614
3614
3616
3615
3613
3615
3614
3615
3613
3616
3615
3613
3613
3609
3611
3614
3613
3610
3606
3608
3612
3609
3605
3604
3604
3609
3607
3606
3605
3603
3603
3601
3598
3598
3604
3601
3600
3600
3594
3593
3596
3599
3598
3598
3596
3594
3597
3597
3594
3596
3596
3595
3592
3593
3595
3599
3597
3594
3594
3601
3600
3594
3597
3596
3600
3600
3593
3593
3600
3597
3596
3597
3596
3594
3594
3593
3592
3594
3594
3595
3592
3594
3595
3593
3592
3592
3592
3591
3590
3591
3589
3591
3589
3588
3585
3583
3588
3587
3580
3582
3581
3581
3580
3580
3577
3572
3572
3579
3574
3575
3573
3574
3568
3570
3573
3573
3571
3568
3569
3571
3572
3571
3570
3567
3569
3570
3570
3566
3568
3568
3567
3569
3569
3564
3565
3568
3567
3566
3565
3565
3565
3565
3564
3564
3559
3563
3567
3571
3574
3577
3579
3579
3579
3578
3578
3578
3575
3575
3568
3570
3577
3574
3574
3571
3569
3574
3570
3569
3569
3568
3566
3566
3559
3558
3564
3564
3563
3563
3561
3561
3561
3557
3555
3561
3558
3556
3556
3554
3553
3553
3553
3550
3551
3550
3550
3548
3547
3547
3547
3542
3542
3542
3544
3542
3538
3539
3543
3540
3540
3537
3537
3533
3533
3539
3538
3537
3537
3536
3537
3537
3532
3534
3538
3538
3538
3534
3535
3539
3539
3539
3538
3538
3533
3534
3540
3540
3540
3539
3539
3538
3535
3535
3534
3535
3533
3533
3533
3532
3532
3533
3533
3535
3529
3531
3532
3534
3533
3532
3532
3530
3530
3528
3528
3527
3527
3527
3527
3527
3527
3525
3526
3526
3528
3523
3526
3531
3530
3528
3522
3522
3526
3523
3519
3520
3522
3523
3519
3519
3519
3519
3520
3514
3516
3517
3518
3518
3511
3513
3517
3516
3517
3515
3515
3517
3514
3510
3512
3516
3518
3517
3516
3514
3513
3514
3515
3516
3514
3514
3514
3513
3514
3509
3509
3508
3510
3510
3506
3507
3507
3508
3505
3503
3504
3507
3506
3505
3505
3506
3507
3505
3500
3501
3505
3504
3504
3503
3504
3504
3505
3504
3504
3504
3506
3506
3507
3507
3503
3504
3511
3508
3502
3503
3504
3509
3506
3504
3503
3504
3504
3503
3503
3502
3497
3498
3503
3501
3498
3494
3494
3497
3495
3495
3495
3490
3492
3492
3496
3496
3496
3495
3496
3497
3499
3500
3501
3501
3503
3505
3506
3507
3508
3510
3508
3508
3506
3505
3504
3503
3500
3500
3499
3493
3493
3497
3496
3495
3491
3491
3494
3492
3485
3484
3487
3489
3489
3486
3486
3492
3490
3490
3490
3490
3490
3490
3490
3490
3491
3490
3492
3492
3492
3492
3491
3493
3492
3489
3488
3489
3490
3489
3486
3488
3494
3495
3496
3493
3492
3495
3493
3485
3484
3483
3487
3484
3478
3477
3481
3481
3482
3482
3482
3482
3481
3484
3483
3484
3483
3484
3483
3484
3484
3484
3484
3484
3484
3482
3482
3483
3481
3476
3476
3478
3479
3478
3474
3474
3479
3476
3475
3474
3473
3473
3471
3472
3472
3473
3473
3474
3472
3472
3478
3480
3480
3479
3477
3474
3474
3476
3474
3474
3473
3474
3474
3474
3473
3471
3472
3470
3470
3468
3466
3462
3462
3466
3465
3461
3462
3465
3466
3466
3465
3464
3464
3463
3465
3465
3463
3465
3463
3459
3461
3467
3465
3464
3460
3459
3462
3459
3460
3458
3457
3459
3459
3458
3458
3459
3459
3461
3462
3463
3459
3461
3467
3467
3463
3464
3466
3473
3472
3474
3474
3474
3476
3475
3474
3474
3472
3471
3469
3467
3467
3465
3465
3460
3460
3464
3463
3461
3461
3459
3458
3456
3452
3452
3455
3455
3452
3451
3453
3447
3448
3453
3452
3451
3451
3450
3451
3450
3450
3450
3450
3451
3450
3446
3448
3453
3453
3446
3447
3450
3451
3450
3443
3443
3448
3447
3442
3442
3444
3449
3449
3449
3448
3448
3445
3446
3447
3446
3448
3447
3443
3444
3446
3448
3447
3447
3445
3443
3443
3442
3441
3441
3440
3440
3441
3440
3441
3441
3439
3438
3437
3435
3436
3435
3436
3433
3433
3435
3441
3441
3436
3437
3443
3442
3441
3441
3442
3443
3443
3438
3439
3442
3445
3444
3443
3440
3435
3436
3440
3442
3443
3442
3442
3442
3441
3441
3441
3441
3440
3440
3439
3439
3439
3439
3438
3437
3437
3433
3434
3441
3441
3440
3440
3440
3444
3442
3442
3442
3434
3435
3434
3438
3438
3437
3436
3430
3432
3432
3435
3434
3429
3430
3435
3433
3432
3431
3430
3429
3429
3429
3428
3427
3426
3425
3425
3425
3424
3425
3425
3425
3425
3422
3421
3424
3425
3425
3423
3420
3420
3420
3425
3423
3420
3420
3427
3425
3425
3425
3425
3425
3425
3426
3426
3426
3427
3427
3428
3428
3430
3431
3432
3433
3432
3432
3432
3432
3431
3431
3429
3430
3430
3429
3430
3429
3431
3431
3431
3431
3431
3427
3428
3432
3429
3427
3424
3425
3428
3428
3429
3426
3426
3428
3426
3428
3428
3423
3424
3429
3427
3430
3425
3426
3432
3432
3426
3430
3434
3440
3442
3441
3447
3454
3458
3462
3466
3472
3476
3482
3484
3491
3503
3508
3513
3515
3522
3532
3539
3541
3546
3557
3565
3570
3572
3579
3588
3594
3593
3600
3605
3615
3619
3622
3627
3630
3632
3636
3637
3638
3640
3644
3644
