3619
3617
3615
3615
3612
3613
3604
3605
3602
3606
3602
3598
3597
3593
3591
3585
3584
3579
3576
3575
3566
3564
3565
3562
3558
3558
3553
3550
3546
3544
3541
3540
3533
3530
3533
3529
3523
3522
3519
3519
3515
3514
3510
3509
3504
3502
3499
3498
3493
3492
3489
3487
3484
3483
3480
3474
3473
3476
3474
3468
3467
3466
3468
3465
3461
3458
3462
3462
3458
3455
3453
3451
3451
3449
3444
3445
3443
3442
3442
3441
3438
3439
3438
3437
3435
3433
3432
3429
3427
3432
3432
3426
3427
3425
3430
3428
3426
3426
3424
3425
3424
3418
3421
3425
3422
3425
3423
3421
3422
3421
3417
3417
3418
3418
3413
3411
3411
3412
3411
3411
3409
3407
3407
3405
3404
3405
3402
3402
3403
3401
3401
3396
3398
3403
3400
3404
3403
3401
3403
3401
3396
3396
3400
3398
3395
3395
3396
3389
3391
3396
3393
3393
3392
3391
3391
3391
3390
3390
3389
3387
3386
3384
3386
3391
3389
3387
3388
3393
3393
3391
3388
3389
3394
3394
3392
3391
3392
3392
3394
3389
3390
3397
3395
3396
3394
3393
3394
3391
3390
3388
3386
3386
3384
3384
3382
3376
3378
3381
3382
3380
3380
3380
3379
3380
3373
3375
3379
3380
3379
3376
3378
3375
3375
3370
3368
3370
3373
3374
3368
3370
3375
3372
3372
3372
3371
3373
3370
3371
3373
3371
3372
3372
3371
3370
3372
3370
3369
3371
3369
3370
3369
3363
3364
3369
3367
3369
3368
3368
3370
3370
3367
3369
3372
3371
3372
3371
3371
3371
3369
3364
3365
3364
3369
3369
3363
3365
3370
3368
3366
3367
3365
3368
3365
3362
3364
3366
3368
3366
3363
3363
3368
3365
3366
3366
3365
3365
3366
3364
3365
3364
3363
3363
3361
3360
3362
3362
3364
3365
3359
3362
3360
3364
3365
3362
3360
3367
3367
3364
3363
3362
3366
3367
3365
3368
3366
3366
3368
3367
3369
3369
3370
3372
3371
3372
3372
3373
3376
3378
3381
3383
3383
3386
3385
3386
3384
3385
3387
3386
3383
3383
3389
3388
3384
3387
3389
3392
3390
3387
3388
3394
3395
3389
3390
3393
3397
3397
3392
3394
3401
3399
3401
3401
3402
3399
3402
3411
3411
3415
3415
3420
3418
3422
3427
3428
3429
3431
3432
3435
3435
3432
3435
3440
3440
3441
3440
3441
3442
3442
3446
3447
3447
3449
3450
3451
3455
3455
3459
3457
3460
3463
3467
3469
3470
3472
3482
3485
3487
3490
3493
3495
3498
3501
3501
3502
3508
3510
3512
3518
3515
3517
3527
3527
3531
3529
3532
3539
3542
3542
3543
3551
3557
3560
3565
3568
3571
3575
3576
3581
3584
3587
3591
3596
3598
3603
3608
3609
3610
3615
3625
3629
3632
3638
3639
3644
3647
3652
3659
3659
3664
3671
3676
3681
3682
3688
3699
3702
3703
3708
3715
3725
3729
3736
3741
3741
3749
3757
3768
3771
3774
3782
3795
3802
3807
3814
3820
3827
3834
3841
3848
3856
3862
3870
3874
3884
3890
3898
3901
3911
3920
3929
3937
3945
3950
3960
3966
3975
3983
3991
3994
4004
4016
4024
4034
4040
4049
4056
4065
4065
4076
4090
4096
4104
4113
4120
4130
4138
4145
4155
4165
4170
4182
4184
4194
4208
4216
4223
4232
4239
4244
4253
4265
4273
4273
4285
4290
4304
4309
4316
4324
4331
4339
4349
4354
4363
4368
4376
4384
4395
4396
4407
4416
4428
4436
4445
4452
4462
4470
4474
4481
4489
4500
4507
4517
4525
4535
4545
4553
4557
4569
4582
4592
4600
4609
4614
4621
4630
4638
4644
4654
4663
4670
4680
4690
4695
4706
4710
4722
4732
4742
4751
4752
4762
4776
4781
4786
4797
4805
4821
4830
4833
4844
4857
4864
4871
4874
4885
4893
4901
4915
4922
4929
4939
4945
4955
4965
4973
4984
4995
5004
5017
5027
5037
5050
5062
5071
5088
5099
5111
5126
5138
5152
5166
5178
5190
5203
5215
5228
5241
5252
5266
5277
5289
5302
5312
5326
5331
5342
5361
5367
5381
5386
5394
5411
5419
5425
5438
5451
5459
5470
5479
5488
5492
5505
5521
5531
5543
5551
5564
5573
5581
5596
5607
5618
5627
5635
5643
5649
5658
5662
5670
5675
5681
5689
5696
5702
5710
5710
5718
5727
5737
5741
5744
5747
5760
5761
5765
5765
5769
5780
5786
5785
5791
5803
5812
5822
5828
5833
5840
5850
5862
5871
5877
5885
5893
5898
5904
5912
5922
5927
5938
5943
5953
5958
5962
5970
5967
5968
5977
5984
5984
5988
5991
5996
6004
6006
6012
6018
6030
6039
6040
6046
6059
6072
6076
6079
6086
6096
6102
6108
6113
6118
6123
6130
6127
6133
6148
6150
6154
6158
6161
6163
6170
6175
6181
6181
6182
6190
6196
6201
6205
6207
6213
6217
6219
6223
6228
6232
6238
6241
6250
6253
6259
6267
6271
6275
6277
6284
6292
6302
6304
6307
6311
6308
6314
6325
6328
6332
6336
6342
6344
6347
6356
6360
6365
6371
6375
6376
6379
6397
6398
6401
6401
6405
6418
6418
6413
6418
6423
6427
6430
6432
6434
6434
6435
6433
6436
6434
6434
6439
6438
6443
6438
6442
6447
6452
6452
6451
6454
6465
6466
6470
6473
6474
6475
6481
6479
6482
6493
6494
6494
6497
6496
6500
6503
6505
6506
6509
6507
6510
6508
6509
6502
6507
6512
6513
6514
6506
6513
6518
6518
6518
6520
6520
6521
6520
6519
6519
6516
6514
6506
6507
6507
6504
6503
6495
6496
6500
6498
6497
6496
6497
6492
6495
6502
6505
6509
6505
6509
6520
6519
6526
6529
6529
6536
6536
6541
6541
6545
6545
6549
6549
6553
6550
6553
6560
6558
6561
6562
6566
6555
6561
6570
6567
6561
6560
6561
6567
6563
6564
6564
6566
6565
6561
6563
6563
6571
6568
6565
6568
6573
6571
6571
6568
6569
6569
6569
6571
6570
6568
6569
6569
6571
6571
6564
6568
6577
6578
6579
6583
6580
6584
6584
6583
6586
6585
6578
6580
6584
6585
6581
6581
6581
6579
6581
6578
6580
6579
6577
6577
6573
6575
6569
6568
6575
6570
6571
6567
6565
6557
6555
6560
6558
6548
6548
6543
6547
6547
6540
6536
6540
6538
6535
6536
6532
6525
6526
6530
6530
6526
6525
6522
6522
6516
6514
6509
6503
6499
6491
6489
6484
6480
6475
6469
6466
6461
6455
6453
6444
6443
6446
6442
6434
6433
6424
6415
6413
6417
6413
6403
6405
6404
6408
6407
6401
6401
6403
6401
6394
6391
6388
6381
6379
6374
6371
6359
6359
6356
6358
6358
6354
6354
6349
6345
6346
6339
6340
6343
6344
6342
6342
6341
6343
6343
6336
6341
6348
6348
6347
6348
6347
6348
6351
6350
6351
6342
6340
6341
6342
6339
6331
6327
6314
6311
6309
6309
6302
6300
6301
6298
6297
6295
6294
6294
6293
6292
6285
6285
6294
6289
6285
6283
6278
6273
6271
6274
6272
6266
6262
6259
6256
6254
6249
6248
6239
6238
6239
6241
6237
6232
6231
6226
6225
6221
6218
6216
6214
6209
6209
6205
6203
6199
6195
6194
6188
6179
6180
6183
6175
6172
6162
6162
6165
6161
6153
6153
6153
6154
6153
6152
6154
6153
6152
6142
6144
6146
6146
6144
6137
6134
6137
6135
6129
6127
6122
6121
6117
6113
6111
6110
6106
6103
6099
6094
6085
6084
6085
6081
6074
6068
6063
6050
6048
6050
6046
6042
6037
6031
6027
6023
6020
6017
6012
6006
6002
6006
6003
5999
5997
5997
5994
5989
5989
5986
5980
5980
5971
5968
5969
5970
5967
5959
5956
5964
5959
5954
5951
5952
5946
5946
5946
5943
5940
5941
5935
5933
5932
5923
5919
5927
5921
5919
5915
5912
5900
5898
5902
5897
5894
5891
5887
5880
5876
5880
5876
5869
5864
5863
5866
5858
5855
5852
5846
5844
5841
5837
5832
5831
5827
5819
5818
5812
5808
5806
5794
5790
5791
5786
5778
5768
5762
5756
5748
5738
5732
5734
5725
5723
5718
5711
5698
5697
5696
5691
5687
5679
5676
5668
5663
5665
5661
5657
5653
5652
5652
5647
5647
5643
5635
5636
5633
5633
5627
5624
5616
5607
5605
5599
5598
5596
5589
5585
5577
5571
5573
5569
5563
5558
5555
5550
5547
5543
5540
5533
5528
5526
5521
5515
5516
5512
5511
5509
5506
5504
5503
5508
5505
5496
5494
5493
5498
5494
5493
5491
5481
5482
5480
5482
5479
5481
5477
5474
5474
5471
5463
5461
5463
5459
5454
5449
5447
5439
5433
5424
5422
5422
5415
5409
5403
5399
5397
5395
5391
5389
5386
5382
5380
5377
5373
5365
5361
5364
5359
5354
5350
5346
5342
5334
5331
5326
5323
5322
5319
5309
5307
5310
5304
5296
5293
5291
5291
5284
5282
5280
5268
5268
5270
5265
5262
5259
5258
5253
5253
5251
5246
5245
5241
5237
5231
5230
5238
5232
5230
5225
5222
5226
5221
5217
5217
5218
5214
5213
5206
5205
5212
5208
5208
5206
5203
5201
5200
5194
5192
5189
5186
5184
5177
5176
5177
5175
5173
5169
5167
5163
5162
5161
5158
5154
5151
5150
5149
5142
5140
5136
5125
5124
5128
5121
5117
5113
5110
5101
5100
5103
5097
5090
5089
5085
5089
5087
5082
5077
5074
5072
5068
5061
5062
5063
5063
5060
5056
5053
5048
5048
5049
5044
5038
5033
5032
5029
5026
5025
5021
5018
5015
5006
5001
4999
5005
5002
4998
4996
4990
4987
4988
4991
4985
4983
4981
4976
4973
4973
4970
4966
4964
4962
4959
4957
4953
4951
4947
4940
4935
4940
4933
4927
4925
4918
4909
4909
4909
4903
4902
4898
4895
4893
4890
4887
4884
4884
4882
4873
4870
4871
4875
4872
4868
4867
4866
4862
4862
4860
4857
4855
4854
4852
4850
4847
4844
4841
4844
4843
4834
4833
4839
4836
4832
4831
4830
4821
4822
4827
4821
4820
4814
4811
4813
4813
4809
4806
4803
4798
4796
4797
4793
4790
4787
4786
4784
4781
4776
4775
4774
4767
4765
4765
4761
4757
4756
4752
4748
4746
4741
4732
4731
4727
4730
4727
4722
4721
4713
4711
4709
4712
4708
4702
4699
4705
4703
4701
4699
4696
4687
4688
4694
4689
4688
4686
4681
4682
4678
4675
4674
4668
4668
4664
4661
4658
4655
4652
4644
4643
4644
4645
4641
4642
4638
4636
4635
4627
4626
4625
4627
4627
4618
4614
4622
4618
4614
4613
4608
4600
4600
4604
4600
4599
4593
4592
4589
4584
4583
4578
4576
4573
4570
4571
4567
4565
4563
4560
4560
4558
4554
4553
4550
4548
4546
4545
4543
4537
4538
4542
4539
4535
4534
4534
4537
4536
4533
4536
4529
4527
4533
4531
4529
4525
4521
4524
4521
4518
4514
4511
4507
4503
4502
4496
4497
4495
4491
4490
4487
4486
4484
4475
4474
4476
4475
4470
4469
4465
4460
4458
4455
4454
4450
4442
4443
4446
4441
4434
4435
4435
4434
4432
4426
4426
4421
4419
4416
4415
4409
4405
4403
4406
4403
4400
4400
4397
4395
4394
4392
4393
4386
4387
4392
4389
4389
4388
4387
4386
4384
4383
4380
4382
4379
4377
4374
4374
4371
4370
4368
4362
4366
4368
4367
4364
4363
4363
4359
4359
4351
4352
4356
4354
4352
4350
4351
4347
4347
4338
4337
4343
4339
4337
4337
4336
4336
4332
4328
4328
4332
4331
4328
4328
4325
4326
4323
4323
4322
4318
4312
4309
4311
4310
4300
4302
4300
4301
4298
4294
4294
4290
4291
4289
4291
4289
4288
4288
4279
4282
4285
4285
4280
4273
4275
4275
4272
4269
4267
4265
4262
4260
4256
4254
4250
4247
4246
4243
4243
4236
4233
4238
4235
4228
4228
4225
4232
4227
4227
4225
4223
4222
4220
4219
4218
4216
4218
4216
4215
4211
4209
4209
4214
4211
4208
4205
4213
4209
4208
4201
4199
4205
4200
4194
4194
4193
4195
4190
4184
4184
4185
4183
4178
4179
4176
4175
4172
4169
4172
4172
4175
4172
4174
4170
4171
4165
4166
4162
4161
4158
4157
4153
4151
4149
4146
4144
4143
4141
4134
4133
4140
4135
4132
4131
4129
4129
4130
4128
4128
4124
4123
4126
4126
4125
4118
4117
4121
4119
4108
4109
4106
4110
4106
4103
4100
4107
4103
4101
4099
4099
4096
4094
4093
4092
4091
4088
4088
4086
4086
4084
4081
4078
4080
4072
4075
4074
4073
4072
4066
4065
4064
4070
4065
4061
4060
4067
4065
4062
4063
4061
4062
4059
4054
4054
4058
4057
4058
4050
4051
4055
4054
4052
4055
4053
4054
4051
4053
4048
4047
4044
4041
4038
4037
4032
4030
4030
4027
4024
4020
4019
4023
4020
4014
4014
4019
4015
4013
4009
4010
4013
4010
4007
4006
4006
4006
4003
4000
3998
3993
3992
3994
3993
3990
3992
3990
3989
3989
3989
3983
3985
3982
3983
3978
3979
3977
3977
3976
3974
3974
3968
3969
3973
3973
3966
3968
3966
3973
3971
3970
3968
3963
3963
3961
3966
3962
3957
3957
3959
3958
3955
3954
3950
3949
3949
3947
3946
3944
3944
3941
3942
3940
3934
3933
3938
3935
3936
3931
3932
3924
3924
3929
3926
3924
3923
3921
3921
3918
3916
3917
3914
3914
3912
3907
3908
3913
3911
3903
3906
3904
3911
3910
3904
3905
3911
3909
3909
3906
3906
3903
3904
3900
3900
3896
3896
3894
3894
3893
3886
3887
3893
3890
3890
3886
3888
3884
3884
3883
3881
3883
3880
3880
3877
3878
3876
3878
3872
3871
3871
3875
3872
3866
3867
3871
3872
3868
3867
3864
3870
3867
3863
3863
3867
3868
3870
3869
3869
3862
3864
3866
3865
3863
3862
3861
3858
3856
3855
3855
3854
3853
3851
3852
3849
3851
3849
3849
3844
3845
3849
3851
3848
3849
3847
3843
3845
3842
3843
3836
3837
3841
3839
3836
3832
3830
3835
3831
3832
3831
3829
3824
3825
3827
3830
3823
3824
3827
3828
3826
3826
3825
3823
3823
3823
3821
3820
3819
3817
3818
3816
3815
3815
3815
3815
3814
3815
3814
3814
3814
3812
3811
3810
3804
3805
3809
3809
3807
3806
3804
3799
3799
3805
3803
3802
3800
3798
3797
3796
3789
3790
3794
3793
3793
3792
3790
3787
3785
3791
3788
3789
3787
3787
3787
3785
3781
3779
3786
3782
3783
3781
3781
3777
3777
3776
3778
3777
3780
3779
3775
3776
3781
3780
3781
3781
3780
3779
3780
3775
3775
3782
3780
3778
3775
3774
3781
3777
3777
3775
3771
3770
3768
3765
3765
3757
3759
3761
3760
3757
3756
3753
3754
3750
3751
3748
3748
3747
3745
3747
3744
3740
3739
3742
3741
3741
3736
3736
3740
3740
3737
3737
3736
3735
3734
3729
3731
3737
3734
3733
3728
3729
3733
3731
3731
3730
3731
3728
3728
3726
3725
3726
3723
3725
3723
3724
3721
3723
3719
3723
3716
3715
3718
3721
3721
3713
3716
3720
3720
3718
3719
3717
3714
3711
3719
3716
3716
3715
3715
3714
3711
3712
3710
3710
3708
3709
3707
3707
3701
3704
3709
3709
3709
3710
3707
3708
3709
3707
3707
3700
3702
3701
3706
3702
3697
3698
3702
3700
3698
3698
3696
3696
3694
3695
3695
3693
3695
3693
3688
3689
3692
3692
3685
3685
3685
3691
3692
3690
3692
3692
3694
3692
3689
3690
3690
3692
3688
3688
3685
3683
3684
3686
3686
3682
3682
3681
3680
3679
3678
3678
3677
3677
3671
3674
3673
3677
3674
3674
3672
3674
3674
3673
3674
3673
3673
3676
3675
3676
3672
3672
3674
3678
3678
3670
3671
3680
3676
3675
3677
3677
3670
3670
3676
3674
3670
3672
3668
3669
3669
3666
3667
3660
3661
3662
3663
3663
3657
3655
3663
3659
3658
3657
3653
3654
3651
3644
3648
3649
3650
3651
3647
3647
3645
3643
3641
3641
3638
3638
3639
3632
3635
3639
3639
3637
3632
3633
3638
3639
3638
3635
3637
3636
3634
3635
3634
3634
3631
3631
3633
3630
3627
3628
3633
3633
3627
3629
3632
3636
3639
3636
3639
3638
3639
3634
3635
3636
3642
3639
3633
3633
3637
3635
3636
3631
3631
3633
3630
3631
3629
3627
3628
3622
3619
3618
3621
3618
3617
3614
3614
3613
3610
3609
3609
3607
3610
3610
3607
3608
3602
3604
3611
3608
3607
3607
3607
3605
3606
3607
3606
3603
3601
3602
3605
3602
3603
3603
3600
3601
3601
3600
3600
3600
3602
3608
3610
3610
3609
3610
3605
3603
3609
3607
3599
3599
3597
3600
3599
3593
3591
3597
3596
3594
3594
3591
3591
3591
3590
3588
3590
3582
3584
3590
3589
3587
3587
3587
3584
3586
3587
3586
3586
3587
3585
3585
3587
3580
3582
3589
3590
3592
3591
3591
3591
3591
3584
3587
3591
3588
3588
3588
3586
3584
3585
3584
3580
3580
3581
3578
3574
3575
3580
3578
3581
3582
3581
3581
3582
3580
3579
3578
3578
3574
3573
3574
3576
3575
3576
3576
3568
3570
3570
3572
3571
3571
3569
3569
3569
3567
3566
3567
3560
3561
3566
3566
3564
3565
3566
3560
3559
3565
3562
3561
3562
3561
3558
3560
3556
3556
3564
3562
3561
3560
3559
3560
3559
3559
3559
3559
3559
3560
3560
3561
3562
3560
3557
3559
3559
3562
3561
3559
3558
3560
3557
3555
3556
3556
3556
3552
3549
3549
3550
3551
3552
3543
3544
3549
3545
3546
3548
3548
3549
3549
3550
3548
3547
3548
3546
3541
3542
3545
3543
3539
3538
3542
3540
3538
3535
3535
3539
3538
3534
3534
3534
3538
3539
3537
3538
3531
3533
3534
3536
3534
3535
3533
3534
3533
3534
3534
3533
3534
3533
3533
3536
3536
3536
3536
3538
3540
3536
3537
3544
3542
3538
3537
3535
3535
3532
3530
3531
3528
3528
3528
3528
3527
3526
3527
3521
3523
3525
3531
3530
3531
3533
3528
3528
3528
3532
3530
3523
3524
3529
3525
3523
3521
3520
3514
3512
3518
3518
3516
3515
3514
3515
3512
3514
3511
3513
3512
3510
3511
3509
3509
3509
3509
3509
3507
3508
3506
3507
3504
3502
3501
3508
3505
3506
3501
3500
3505
3504
3498
3500
3500
3504
3503
3497
3499
3504
3502
3497
3497
3496
3501
3501
3500
3498
3499
3500
3500
3501
3502
3499
3499
3508
3507
3509
3511
3510
3506
3506
3510
3510
3509
3507
3508
3508
3507
3508
3504
3503
3503
3501
3497
3498
3501
3501
3499
3499
3499
3497
3498
3497
3496
3497
3495
3496
3496
3496
3493
3493
3490
3489
3495
3495
3492
3492
3494
3488
3490
3494
3495
3493
3492
3494
3492
3494
3496
3495
3494
3495
3494
3492
3493
3487
3487
3494
3492
3491
3486
3487
3490
3491
3490
3490
3490
3485
3486
3491
3490
3489
3490
3488
3488
3489
3488
3489
3485
3486
3490
3490
3488
3488
3487
3483
3482
3486
3486
3482
3479
3478
3481
3481
3479
3477
3477
3475
3475
3475
3474
3471
3472
3471
3470
3470
3471
3469
3465
3466
3469
3468
3467
3462
3463
3468
3466
3465
3466
3462
3459
3461
3465
3462
3463
3462
3462
3463
3462
3460
3461
3455
3457
3465
3465
3465
3466
3466
3467
3470
3470
3473
3473
3472
3473
3467
3468
3472
3469
3463
3464
3464
3466
3465
3463
3465
3463
3462
3462
3456
3457
3462
3461
3460
3461
3457
3454
3457
3460
3460
3460
3457
3452
3453
3452
3458
3456
3454
3455
3454
3454
3455
3454
3452
3456
3454
3453
3454
3453
3453
3453
3451
3453
3452
3451
3453
3452
3453
3449
3448
3454
3452
3452
3451
3451
3449
3450
3453
3454
3447
3449
3452
3453
3456
3455
3456
3458
3457
3458
3460
3458
3453
3454
3458
3455
3456
3454
3454
3455
3452
3449
3450
3451
3451
3450
3447
3450
3445
3444
3450
3448
3446
3447
3446
3444
3444
3442
3442
3447
3445
3443
3444
3444
3444
3443
3446
3444
3445
3446
3445
3445
3445
3445
3442
3438
3439
3438
3441
3441
3440
3438
3437
3436
3435
3435
3435
3434
3432
3429
3430
3432
3434
3434
3427
3429
3433
3430
3426
3427
3427
3433
3431
3427
3429
3434
3434
3435
3435
3435
3435
3437
3436
3436
3437
3437
3437
3439
3438
3436
3439
3433
3433
3433
3437
3438
3439
3439
3435
3434
3436
3440
3438
3438
3438
3436
3436
3431
3430
3432
3434
3433
3428
3427
3432
3432
3428
3429
3428
3426
3426
3426
3425
3424
3426
3424
3424
3425
3425
3425
3424
3423
3422
3416
3418
3421
3420
3416
3415
3416
3420
3417
3417
3418
3410
3412
3414
3416
3417
3414
3415
3421
3421
3418
3419
3418
3419
3418
3416
3415
3416
3415
3413
3415
3414
3414
3414
3414
3413
3415
3415
3415
3409
3411
3416
3414
3414
3416
3415
3410
3412
3417
3414
3408
3411
3412
3415
3414
3412
3412
3413
3412
3411
3413
3412
3406
3409
3412
3412
3413
3411
3413
3409
3410
3415
3414
3412
3414
3414
3410
3412
3416
3414
3416
3414
3413
3415
3413
3407
3409
3411
3410
3408
3409
3406
3406
3403
3400
3398
3405
3404
3402
3403
3402
3401
3402
3399
3399
3401
3397
3398
3405
3403
3399
3403
3405
3407
3405
3403
3403
3404
3402
3401
3401
3400
3400
3400
3395
3393
3401
3396
3398
3397
3399
3400
3400
3403
3402
3403
3404
3401
3402
3402
3400
3399
3399
3399
3398
3395
3395
3402
3402
3397
3399
3404
3406
3406
3409
3408
3402
3402
3404
3402
3404
3401
3402
3397
3396
3401
3402
3400
3399
3399
3398
3396
3396
3396
3395
3395
3393
3395
3395
3394
3395
3391
3390
3392
3394
3393
3393
3392
3392
3391
3390
3387
3389
3392
3390
3385
3385
3386
3388
3386
3387
3385
3383
3385
3381
3383
3387
3392
3394
3389
3391
3396
3398
3397
3399
3400
3400
3401
3400
3398
3397
3398
3396
3390
3391
3394
3392
3392
3391
3391
3390
3390
3388
3388
3387
3386
3384
3386
3384
3384
3385
3385
3386
3386
3382
3380
3386
3384
3381
3382
3381
3380
3381
3379
3380
3379
3382
3381
3382
3385
3382
3382
3384
3383
3379
3379
3380
3385
3385
3382
3385
3389
3390
3391
3391
3395
3391
3393
3398
3400
3401
3405
3409
3407
3412
3423
3425
3427
3433
3440
3449
3455
3458
3464
3477
3481
3485
3491
3496
3507
3512
3517
3524
3528
3534
3540
3544
3551
3554
3560
3565
3568
3574
3576
3580
3585
3587
3591
3593
3595
3599
3599
3600
3602
3596
3598
