3547
3546
3547
3542
3541
3547
3546
3542
3542
3538
3533
3533
3534
3531
3525
3521
3520
3521
3515
3513
3508
3507
3503
3501
3497
3493
3491
3486
3481
3480
3477
3477
3473
3466
3464
3469
3463
3462
3458
3456
3449
3449
3451
3446
3439
3436
3436
3435
3435
3430
3429
3425
3423
3422
3420
3421
3414
3414
3416
3415
3413
3411
3408
3410
3406
3405
3403
3402
3398
3399
3400
3396
3397
3394
3390
3389
3391
3392
3389
3388
3386
3384
3382
3381
3381
3379
3379
3377
3373
3373
3379
3376
3378
3375
3377
3369
3370
3375
3371
3370
3366
3367
3361
3363
3365
3365
3358
3359
3356
3362
3360
3358
3356
3350
3351
3350
3352
3351
3349
3347
3347
3346
3344
3345
3344
3345
3343
3345
3346
3347
3345
3347
3345
3346
3336
3340
3343
3341
3340
3341
3338
3334
3334
3340
3336
3337
3331
3333
3334
3335
3334
3332
3327
3325
3325
3329
3327
3327
3326
3325
3323
3324
3322
3323
3320
3323
3320
3322
3320
3320
3322
3321
3320
3317
3318
3322
3321
3321
3322
3321
3318
3319
3323
3323
3320
3321
3319
3320
3320
3323
3322
3323
3319
3320
3323
3323
3318
3320
3324
3325
3323
3325
3324
3320
3319
3326
3323
3321
3318
3319
3321
3321
3317
3317
3316
3316
3313
3314
3311
3312
3311
3311
3309
3311
3308
3309
3306
3306
3316
3312
3314
3313
3312
3308
3308
3311
3311
3312
3309
3309
3311
3309
3303
3307
3308
3309
3309
3308
3307
3305
3306
3300
3300
3301
3304
3302
3299
3300
3304
3303
3301
3299
3301
3300
3299
3298
3300
3298
3297
3299
3298
3299
3296
3297
3302
3303
3301
3301
3302
3302
3301
3302
3302
3300
3301
3302
3301
3301
3295
3295
3301
3301
3300
3296
3295
3300
3300
3298
3300
3299
3298
3299
3300
3297
3300
3298
3298
3298
3298
3297
3297
3295
3295
3299
3301
3302
3300
3302
3297
3298
3305
3306
3304
3302
3301
3309
3310
3310
3310
3311
3306
3309
3315
3312
3313
3311
3313
3312
3314
3308
3310
3314
3314
3314
3315
3313
3312
3314
3314
3316
3318
3316
3317
3315
3316
3323
3321
3318
3320
3326
3329
3329
3329
3331
3332
3334
3334
3337
3338
3339
3342
3344
3343
3341
3342
3346
3350
3349
3351
3352
3352
3355
3355
3355
3358
3360
3358
3362
3363
3365
3368
3371
3370
3374
3380
3383
3380
3385
3388
3394
3394
3393
3396
3402
3403
3404
3405
3408
3406
3409
3418
3418
3415
3421
3424
3431
3435
3436
3439
3442
3447
3450
3453
3458
3459
3463
3467
3470
3472
3477
3479
3479
3484
3490
3495
3498
3501
3505
3506
3510
3510
3515
3523
3525
3528
3532
3537
3539
3543
3547
3549
3555
3558
3562
3568
3570
3570
3575
3585
3590
3594
3594
3600
3610
3612
3613
3621
3626
3637
3641
3644
3650
3660
3668
3671
3679
3686
3690
3699
3705
3712
3719
3725
3733
3734
3745
3756
3761
3761
3771
3780
3789
3796
3801
3807
3815
3821
3828
3833
3839
3845
3851
3864
3873
3880
3884
3896
3905
3913
3923
3934
3936
3948
3957
3970
3975
3985
3990
3998
4004
4010
4015
4026
4036
4046
4054
4060
4065
4076
4085
4098
4105
4112
4122
4130
4141
4149
4159
4166
4176
4184
4191
4203
4211
4223
4230
4242
4252
4266
4275
4280
4294
4306
4320
4332
4337
4350
4365
4377
4386
4396
4407
4424
4433
4448
4458
4470
4479
4493
4501
4514
4524
4533
4545
4553
4565
4569
4578
4594
4602
4604
4613
4624
4636
4646
4655
4668
4675
4684
4691
4702
4710
4725
4733
4740
4749
4762
4770
4776
4785
4792
4797
4807
4812
4821
4827
4835
4843
4850
4859
4866
4876
4883
4890
4900
4905
4916
4930
4939
4943
4954
4966
4984
4995
5006
5014
5027
5039
5050
5062
5073
5076
5087
5101
5114
5118
5125
5136
5149
5159
5166
5173
5180
5188
5194
5202
5208
5213
5219
5230
5236
5239
5242
5249
5260
5267
5274
5278
5287
5295
5305
5313
5318
5327
5333
5343
5350
5356
5367
5370
5371
5380
5392
5395
5404
5410
5417
5424
5430
5434
5441
5449
5457
5464
5468
5477
5490
5502
5511
5521
5532
5542
5554
5566
5579
5583
5598
5611
5623
5633
5636
5643
5658
5660
5667
5675
5684
5690
5701
5707
5716
5728
5738
5744
5746
5759
5770
5780
5783
5795
5809
5824
5833
5842
5853
5864
5873
5880
5885
5896
5899
5905
5909
5912
5916
5915
5917
5919
5923
5923
5928
5929
5936
5938
5941
5951
5960
5968
5969
5979
5995
5999
6007
6012
6023
6023
6032
6048
6055
6062
6070
6076
6082
6089
6095
6104
6108
6117
6125
6127
6136
6148
6151
6159
6163
6172
6179
6183
6192
6196
6202
6211
6210
6217
6220
6226
6232
6235
6240
6246
6246
6252
6262
6266
6262
6268
6278
6282
6284
6284
6286
6293
6295
6294
6297
6296
6297
6300
6294
6298
6307
6305
6311
6311
6315
6318
6320
6321
6325
6334
6339
6341
6346
6345
6348
6353
6357
6359
6366
6367
6371
6381
6385
6390
6393
6399
6404
6408
6411
6416
6419
6421
6423
6425
6427
6422
6428
6431
6434
6429
6432
6439
6445
6445
6438
6438
6446
6445
6441
6436
6434
6437
6435
6430
6430
6431
6426
6429
6423
6422
6428
6420
6419
6417
6410
6408
6407
6403
6404
6404
6402
6405
6407
6406
6405
6407
6407
6410
6411
6416
6416
6422
6424
6420
6425
6435
6434
6439
6433
6434
6442
6444
6446
6447
6451
6454
6456
6454
6457
6466
6467
6464
6464
6464
6476
6474
6477
6477
6477
6479
6481
6479
6483
6482
6483
6494
6494
6499
6502
6504
6504
6507
6508
6509
6512
6514
6517
6520
6521
6516
6517
6527
6528
6525
6527
6526
6529
6529
6522
6524
6526
6530
6528
6530
6529
6522
6523
6528
6527
6527
6517
6516
6519
6511
6509
6505
6500
6500
6494
6491
6490
6483
6483
6479
6474
6473
6472
6468
6464
6466
6467
6468
6467
6465
6467
6466
6464
6456
6460
6459
6460
6459
6450
6452
6454
6449
6443
6441
6430
6421
6417
6418
6410
6403
6397
6392
6386
6383
6380
6375
6372
6371
6367
6363
6360
6352
6352
6359
6357
6352
6349
6351
6346
6344
6346
6348
6341
6339
6344
6348
6348
6341
6342
6347
6345
6343
6338
6335
6342
6342
6339
6337
6338
6338
6334
6335
6331
6330
6329
6326
6320
6321
6320
6314
6314
6312
6308
6308
6306
6299
6296
6298
6293
6290
6287
6283
6281
6277
6269
6270
6274
6270
6267
6264
6261
6257
6255
6247
6246
6249
6246
6244
6236
6235
6240
6239
6230
6229
6231
6238
6236
6225
6228
6233
6226
6223
6221
6216
6213
6211
6207
6201
6196
6195
6192
6185
6183
6173
6172
6175
6170
6168
6164
6164
6162
6156
6155
6153
6151
6149
6148
6145
6143
6143
6138
6128
6128
6125
6126
6124
6123
6118
6106
6106
6099
6097
6094
6087
6081
6078
6071
6060
6060
6055
6049
6046
6037
6032
6035
6031
6025
6022
6023
6011
6009
6014
6007
6002
5999
5995
5988
5982
5975
5970
5961
5958
5951
5939
5937
5937
5927
5915
5912
5905
5904
5898
5886
5880
5886
5878
5872
5868
5863
5860
5860
5850
5849
5855
5848
5847
5844
5843
5840
5837
5836
5834
5831
5832
5831
5827
5828
5826
5828
5825
5818
5816
5821
5814
5805
5806
5804
5803
5798
5790
5788
5794
5790
5778
5779
5780
5782
5777
5778
5775
5773
5775
5769
5763
5765
5768
5764
5763
5762
5757
5756
5751
5747
5746
5742
5737
5733
5729
5724
5720
5713
5710
5706
5702
5697
5694
5691
5685
5679
5677
5681
5677
5671
5671
5668
5660
5660
5663
5662
5660
5656
5655
5646
5642
5648
5645
5640
5637
5633
5629
5629
5623
5618
5616
5610
5604
5603
5600
5590
5591
5596
5590
5580
5580
5574
5574
5574
5566
5560
5561
5552
5548
5545
5540
5536
5535
5525
5522
5519
5514
5511
5500
5500
5498
5491
5478
5473
5465
5466
5462
5447
5444
5448
5439
5434
5427
5425
5427
5424
5415
5412
5414
5412
5405
5404
5397
5394
5389
5385
5382
5376
5373
5372
5367
5362
5358
5353
5351
5351
5347
5345
5343
5336
5333
5337
5335
5328
5322
5320
5315
5309
5302
5299
5294
5297
5293
5284
5284
5279
5275
5273
5267
5266
5262
5257
5250
5244
5242
5234
5231
5224
5219
5224
5217
5206
5206
5202
5204
5202
5197
5197
5188
5189
5188
5191
5189
5182
5181
5187
5184
5181
5182
5181
5179
5179
5175
5173
5173
5167
5166
5162
5160
5157
5153
5144
5143
5140
5143
5138
5134
5133
5129
5126
5123
5119
5117
5113
5111
5109
5104
5097
5095
5091
5095
5092
5082
5083
5089
5084
5079
5075
5071
5073
5071
5061
5059
5063
5058
5054
5052
5045
5041
5037
5026
5025
5022
5022
5016
5013
5009
5004
5001
4999
4996
4990
4983
4980
4978
4971
4965
4959
4954
4957
4949
4945
4941
4935
4933
4927
4925
4921
4910
4910
4912
4907
4904
4896
4897
4892
4889
4885
4880
4876
4871
4868
4860
4857
4862
4858
4847
4845
4843
4845
4840
4832
4830
4832
4831
4827
4824
4824
4814
4815
4820
4815
4813
4813
4812
4810
4810
4807
4804
4806
4804
4800
4799
4799
4796
4794
4793
4791
4791
4787
4788
4781
4780
4786
4782
4780
4776
4774
4768
4765
4771
4766
4762
4762
4758
4758
4755
4748
4746
4751
4751
4747
4739
4741
4741
4740
4732
4730
4733
4729
4728
4718
4718
4721
4715
4715
4709
4708
4707
4702
4702
4698
4696
4694
4689
4688
4687
4682
4683
4680
4679
4674
4670
4668
4663
4660
4653
4651
4654
4652
4649
4647
4643
4641
4635
4632
4630
4627
4620
4616
4622
4616
4615
4614
4605
4605
4605
4605
4605
4599
4601
4592
4594
4595
4595
4595
4586
4586
4592
4587
4587
4580
4581
4577
4576
4573
4571
4565
4566
4565
4567
4565
4557
4558
4559
4557
4553
4552
4549
4544
4543
4540
4539
4538
4534
4535
4531
4531
4527
4526
4524
4523
4524
4518
4517
4522
4519
4517
4515
4513
4511
4508
4507
4504
4501
4496
4493
4485
4481
4482
4478
4472
4471
4472
4472
4468
4462
4462
4464
4462
4459
4459
4457
4457
4457
4454
4455
4449
4451
4445
4445
4440
4438
4434
4433
4430
4422
4419
4417
4420
4417
4413
4412
4407
4407
4404
4399
4397
4400
4395
4387
4387
4386
4388
4385
4377
4375
4381
4375
4374
4372
4370
4367
4363
4363
4360
4357
4353
4352
4349
4345
4344
4344
4342
4341
4338
4331
4332
4333
4330
4321
4321
4327
4325
4327
4319
4320
4326
4322
4321
4317
4314
4314
4309
4309
4304
4302
4299
4297
4294
4290
4290
4285
4277
4277
4279
4277
4277
4272
4273
4269
4265
4259
4257
4256
4260
4255
4255
4253
4245
4243
4245
4247
4247
4244
4241
4236
4236
4239
4240
4236
4233
4234
4227
4225
4230
4224
4226
4225
4222
4222
4218
4219
4217
4215
4215
4212
4207
4207
4211
4210
4208
4210
4208
4207
4207
4200
4201
4204
4200
4197
4194
4194
4191
4189
4182
4180
4182
4183
4181
4178
4179
4177
4174
4174
4173
4174
4166
4169
4172
4169
4167
4166
4167
4165
4164
4161
4162
4153
4155
4156
4159
4156
4155
4154
4148
4146
4149
4145
4144
4139
4141
4140
4137
4134
4130
4130
4133
4128
4129
4126
4125
4121
4117
4117
4113
4110
4109
4108
4107
4106
4102
4100
4095
4093
4099
4098
4096
4095
4095
4099
4096
4097
4096
4088
4091
4089
4092
4089
4088
4084
4083
4081
4078
4077
4074
4070
4067
4071
4067
4060
4061
4059
4061
4060
4059
4058
4050
4051
4051
4055
4053
4048
4045
4050
4047
4045
4045
4041
4042
4039
4040
4038
4040
4036
4037
4033
4035
4032
4030
4030
4031
4029
4031
4028
4025
4023
4029
4025
4022
4019
4020
4022
4022
4013
4014
4018
4015
4011
4005
4007
4009
4008
4006
4003
4004
4001
4003
3999
3999
3992
3995
3996
3996
3994
3994
3991
3991
3988
3988
3985
3988
3986
3988
3981
3983
3986
3987
3982
3981
3980
3979
3976
3973
3972
3967
3966
3965
3962
3959
3953
3954
3958
3953
3951
3950
3949
3944
3941
3948
3944
3944
3941
3941
3940
3940
3939
3937
3934
3931
3935
3941
3939
3936
3935
3940
3936
3936
3933
3933
3925
3926
3929
3926
3926
3921
3923
3921
3919
3916
3914
3914
3911
3913
3910
3910
3905
3904
3910
3909
3908
3905
3905
3908
3909
3906
3908
3906
3906
3904
3903
3903
3902
3901
3894
3895
3895
3900
3896
3896
3893
3893
3893
3890
3884
3886
3889
3885
3884
3884
3881
3879
3880
3873
3873
3880
3876
3869
3868
3869
3871
3872
3871
3870
3871
3871
3872
3872
3868
3867
3868
3867
3865
3865
3858
3856
3860
3856
3851
3851
3853
3853
3854
3850
3851
3849
3847
3848
3846
3845
3841
3842
3846
3848
3848
3849
3851
3851
3851
3854
3853
3846
3848
3851
3847
3848
3845
3843
3841
3839
3838
3837
3836
3833
3831
3834
3833
3831
3829
3826
3823
3822
3824
3824
3816
3814
3816
3816
3813
3811
3809
3804
3803
3802
3799
3799
3797
3795
3793
3794
3792
3790
3790
3785
3783
3787
3787
3786
3783
3783
3783
3780
3782
3781
3775
3777
3784
3781
3780
3776
3775
3781
3781
3779
3781
3778
3777
3777
3772
3771
3775
3775
3773
3770
3771
3769
3769
3769
3768
3767
3765
3767
3766
3767
3766
3763
3758
3759
3760
3759
3760
3758
3756
3752
3752
3754
3755
3751
3748
3747
3749
3749
3748
3746
3748
3741
3741
3749
3747
3746
3750
3747
3745
3745
3743
3738
3746
3744
3743
3742
3740
3738
3740
3738
3737
3731
3731
3729
3732
3732
3731
3729
3723
3724
3725
3726
3728
3726
3724
3725
3724
3720
3720
3722
3724
3723
3718
3717
3722
3720
3721
3721
3717
3718
3717
3717
3716
3714
3713
3711
3712
3712
3711
3713
3708
3709
3708
3713
3713
3711
3713
3708
3707
3709
3711
3709
3709
3707
3700
3702
3703
3703
3702
3701
3698
3696
3697
3698
3695
3696
3692
3693
3691
3693
3691
3691
3693
3687
3688
3693
3692
3685
3687
3686
3689
3687
3683
3681
3686
3682
3683
3680
3680
3674
3675
3677
3677
3675
3675
3674
3673
3675
3674
3675
3672
3673
3671
3672
3669
3671
3668
3669
3666
3667
3666
3666
3667
3668
3660
3662
3667
3665
3664
3661
3661
3664
3663
3663
3661
3660
3662
3661
3655
3657
3661
3658
3655
3653
3654
3660
3658
3659
3658
3657
3658
3659
3658
3655
3657
3656
3655
3653
3651
3652
3651
3646
3648
3651
3651
3645
3644
3644
3647
3648
3639
3641
3643
3643
3641
3641
3641
3636
3636
3641
3641
3639
3640
3638
3643
3642
3644
3642
3646
3644
3646
3644
3646
3640
3640
3646
3643
3641
3638
3635
3633
3630
3629
3626
3626
3622
3622
3620
3619
3617
3618
3612
3611
3612
3617
3616
3613
3614
3620
3616
3615
3608
3608
3612
3609
3603
3601
3603
3605
3607
3602
3603
3600
3601
3600
3601
3600
3595
3597
3601
3600
3601
3600
3600
3598
3597
3592
3594
3598
3597
3597
3597
3595
3596
3596
3597
3599
3596
3594
3593
3598
3597
3595
3596
3594
3594
3593
3594
3594
3592
3594
3591
3593
3592
3591
3592
3592
3589
3591
3590
3585
3585
3585
3589
3590
3584
3586
3590
3589
3587
3588
3585
3585
3585
3583
3585
3581
3579
3579
3584
3582
3578
3580
3584
3581
3582
3581
3581
3575
3575
3582
3579
3579
3578
3577
3575
3574
3572
3572
3569
3569
3568
3568
3566
3566
3565
3563
3563
3562
3563
3562
3554
3561
3566
3566
3565
3564
3561
3568
3569
3569
3569
3568
3567
3567
3563
3565
3569
3567
3568
3565
3567
3564
3566
3558
3559
3562
3561
3560
3558
3557
3555
3556
3555
3554
3553
3555
3553
3552
3552
3547
3547
3551
3554
3553
3553
3554
3548
3551
3556
3556
3555
3550
3549
3553
3550
3551
3548
3549
3545
3546
3544
3544
3537
3537
3541
3541
3541
3536
3536
3540
3538
3537
3536
3534
3534
3533
3533
3535
3532
3535
3533
3537
3537
3539
3539
3534
3533
3539
3537
3536
3530
3532
3535
3531
3530
3530
3529
3530
3529
3526
3526
3532
3532
3533
3533
3532
3531
3534
3528
3530
3533
3536
3534
3535
3535
3535
3533
3534
3531
3530
3527
3528
3525
3527
3521
3522
3522
3523
3525
3520
3521
3526
3522
3518
3518
3519
3520
3519
3514
3513
3518
3516
3514
3512
3513
3511
3512
3512
3512
3513
3512
3514
3513
3513
3512
3511
3512
3510
3508
3502
3505
3509
3510
3505
3509
3509
3515
3512
3515
3513
3514
3514
3511
3509
3508
3514
3513
3514
3512
3509
3507
3507
3509
3507
3508
3502
3503
3500
3500
3499
3498
3497
3497
3496
3496
3495
3492
3492
3495
3495
3494
3494
3493
3495
3495
3490
3490
3492
3492
3493
3491
3492
3489
3490
3488
3488
3489
3487
3485
3483
3482
3488
3486
3485
3484
3484
3483
3483
3478
3477
3483
3480
3478
3478
3477
3481
3480
3480
3480
3477
3478
3479
3478
3479
3474
3473
3480
3477
3477
3475
3473
3474
3471
3472
3471
3470
3470
3470
3468
3469
3464
3463
3468
3466
3465
3463
3461
3467
3466
3466
3466
3464
3465
3465
3466
3466
3466
3464
3458
3460
3463
3468
3467
3463
3464
3470
3470
3468
3468
3468
3462
3464
3469
3465
3467
3464
3462
3463
3463
3462
3462
3459
3461
3461
3457
3459
3461
3462
3462
3463
3462
3460
3460
3462
3460
3461
3460
3459
3458
3458
3458
3459
3458
3457
3450
3451
3453
3458
3455
3452
3451
3457
3454
3452
3449
3448
3454
3452
3448
3450
3453
3452
3451
3446
3447
3450
3450
3448
3445
3447
3446
3446
3445
3444
3445
3444
3443
3442
3441
3448
3449
3449
3450
3447
3446
3449
3453
3452
3453
3452
3454
3454
3453
3455
3454
3455
3455
3456
3455
3454
3454
3452
3448
3448
3453
3453
3448
3448
3446
3445
3444
3442
3442
3441
3439
3440
3433
3434
3439
3438
3438
3438
3436
3435
3436
3440
3440
3436
3436
3442
3441
3442
3441
3443
3440
3442
3443
3440
3441
3440
3441
3440
3437
3438
3438
3437
3436
3434
3430
3432
3435
3435
3429
3429
3429
3431
3431
3424
3424
3433
3430
3434
3429
3429
3435
3432
3434
3431
3431
3431
3427
3429
3426
3428
3427
3423
3425
3426
3431
3432
3434
3433
3436
3436
3438
3439
3441
3441
3440
3444
3443
3440
3437
3435
3432
3429
3436
3432
3432
3433
3432
3434
3435
3428
3431
3435
3434
3434
3428
3428
3431
3429
3429
3428
3425
3426
3425
3418
3420
3423
3420
3420
3420
3417
3414
3412
3418
3418
3416
3416
3417
3415
3416
3414
3416
3418
3416
3416
3418
3416
3419
3417
3411
3412
3415
3415
3411
3406
3407
3409
3407
3406
3406
3404
3404
3404
3400
3403
3401
3400
3396
3393
3394
3399
3398
3398
3401
3400
3401
3402
3403
3401
3398
3401
3407
3406
3406
3404
3403
3408
3408
3401
3403
3405
3405
3406
3406
3404
3405
3404
3404
3404
3405
3404
3404
3406
3404
3406
3405
3405
3403
3404
3406
3407
3401
3401
3404
3409
3407
3409
3408
3402
3405
3409
3409
3409
3406
3408
3406
3406
3406
3405
3405
3401
3401
3402
3403
3401
3400
3399
3398
3396
3394
3394
3392
3389
3390
3388
3387
3383
3382
3386
3386
3383
3384
3380
3381
3380
3379
3379
3378
3380
3378
3378
3377
3376
3377
3377
3376
3376
3377
3378
3374
3376
3383
3383
3377
3380
3382
3385
3381
3377
3378
3381
3380
3376
3373
3373
3375
3375
3374
3373
3376
3377
3377
3381
3379
3379
3381
3382
3382
3385
3379
3381
3385
3384
3383
3382
3381
3381
3379
3374
3373
3377
3374
3369
3369
3368
3372
3372
3371
3371
3370
3371
3373
3370
3372
3371
3370
3366
3365
3366
3370
3368
3369
3367
3362
3363
3367
3367
3367
3365
3367
3361
3362
3368
3365
3366
3365
3364
3363
3361
3365
3365
3362
3364
3363
3361
3361
3361
3364
3359
3359
3360
3365
3364
3362
3363
3356
3357
3358
3359
3361
3354
3355
3359
3356
3356
3353
3355
3354
3352
3353
3352
3355
3355
3355
3357
3355
3357
3355
3351
3352
3350
3355
3353
3350
3352
3355
3357
3355
3356
3356
3358
3359
3359
3359
3360
3361
3359
3360
3358
3355
3355
3353
3353
3353
3348
3349
3352
3351
3345
3347
3345
3350
3346
3350
3348
3348
3350
3343
3345
3345
3348
3349
3348
3348
3347
3347
3349
3348
3347
3341
3342
3347
3345
3345
3344
3346
3344
3345
3339
3340
3345
3344
3344
3343
3342
3344
3340
3342
3341
3342
3338
3338
3341
3341
3338
3339
3338
3339
3339
3345
3344
3344
3345
3344
3344
3345
3344
3345
3344
3344
3344
3342
3341
3342
3343
3343
3342
3345
3345
3346
3347
3347
3348
3347
3348
3349
3349
3349
3350
3347
3348
3354
3350
3353
3350
3352
3352
3353
3345
3347
3351
3348
3347
3341
3344
3346
3344
3341
3341
3344
3346
3346
3345
3346
3342
3343
3349
3348
3346
3347
3346
3344
3342
3342
3343
3343
3340
3341
3336
3336
3340
3337
3337
3337
3340
3341
3340
3336
3338
3344
3341
3340
3342
3341
3339
3340
3340
3339
3337
3336
3336
3332
3331
3336
3336
3334
3333
3332
3332
3332
3328
3328
3333
3332
3331
3326
3328
3332
3330
3330
3330
3328
3328
3328
3330
3331
3326
3330
3335
3336
3336
3334
3333
3341
3337
3338
3336
3336
3336
3334
3330
3331
3336
3337
3337
3334
3335
3332
3333
3331
3331
3332
3329
3332
3330
3332
3330
3331
3331
3328
3329
3325
3328
3327
3327
3324
3325
3325
3331
3331
3331
3332
3326
3329
3330
3332
3331
3332
3330
3328
3328
3331
3331
3329
3330
3330
3330
3332
3329
3334
3336
3343
3344
3344
3349
3356
3361
3362
3366
3373
3381
3387
3391
3399
3405
3410
3417
3418
3424
3436
3441
3448
3454
3458
3466
3470
3473
3481
3490
3497
3500
3504
3510
3514
3520
3524
3527
3532
3534
3540
3541
3543
3543
3545
3551
