3552
3551
3551
3552
3550
3548
3550
3548
3546
3545
3542
3535
3534
3536
3532
3529
3526
3524
3519
3517
3511
3507
3509
3506
3501
3496
3493
3492
3490
3486
3482
3481
3476
3473
3472
3469
3466
3463
3461
3458
3455
3450
3449
3452
3446
3444
3443
3441
3438
3435
3427
3428
3431
3427
3424
3419
3417
3422
3420
3416
3413
3411
3409
3406
3401
3399
3401
3400
3397
3396
3395
3392
3392
3388
3386
3381
3379
3380
3382
3379
3379
3376
3369
3369
3375
3369
3372
3369
3367
3363
3362
3366
3364
3363
3363
3360
3360
3358
3358
3356
3353
3353
3350
3355
3354
3352
3353
3350
3350
3350
3347
3350
3347
3348
3343
3344
3344
3347
3345
3342
3342
3347
3344
3345
3341
3341
3341
3342
3340
3343
3336
3338
3339
3343
3344
3344
3346
3344
3345
3345
3344
3344
3339
3342
3344
3344
3343
3342
3343
3340
3341
3338
3339
3338
3337
3336
3336
3333
3330
3332
3336
3335
3333
3333
3327
3329
3327
3326
3327
3324
3322
3320
3327
3324
3320
3321
3324
3323
3321
3318
3318
3321
3324
3321
3323
3319
3322
3321
3323
3323
3323
3323
3320
3320
3319
3324
3319
3316
3315
3321
3319
3319
3317
3317
3315
3313
3313
3311
3313
3307
3308
3313
3311
3309
3308
3313
3316
3315
3316
3314
3315
3313
3314
3311
3312
3309
3309
3309
3309
3306
3309
3307
3304
3303
3307
3307
3305
3307
3305
3304
3306
3304
3304
3298
3298
3303
3303
3302
3303
3302
3299
3300
3307
3305
3305
3300
3301
3306
3303
3306
3305
3306
3305
3304
3305
3303
3305
3303
3302
3303
3300
3299
3299
3304
3305
3298
3302
3304
3305
3306
3305
3305
3301
3301
3303
3306
3304
3305
3304
3298
3302
3306
3307
3306
3307
3308
3306
3306
3307
3308
3308
3308
3307
3305
3306
3310
3311
3309
3307
3306
3312
3314
3312
3315
3314
3316
3318
3317
3319
3316
3317
3325
3323
3322
3325
3327
3326
3328
3323
3326
3327
3330
3329
3329
3330
3325
3326
3331
3331
3330
3327
3328
3334
3333
3330
3331
3332
3339
3337
3337
3338
3337
3340
3339
3340
3342
3341
3343
3345
3345
3347
3348
3349
3350
3352
3353
3355
3353
3355
3357
3363
3365
3360
3364
3371
3370
3368
3368
3371
3376
3380
3375
3376
3384
3384
3386
3389
3388
3391
3395
3389
3393
3399
3403
3405
3408
3409
3411
3415
3416
3418
3423
3424
3427
3431
3432
3436
3438
3441
3442
3443
3450
3454
3452
3455
3459
3469
3470
3472
3476
3473
3477
3485
3491
3490
3494
3497
3495
3499
3508
3511
3514
3520
3524
3528
3531
3533
3538
3542
3552
3555
3559
3563
3566
3572
3577
3582
3587
3589
3595
3605
3610
3613
3619
3626
3630
3637
3637
3643
3656
3659
3664
3672
3676
3678
3686
3695
3703
3706
3712
3720
3725
3733
3737
3743
3750
3759
3765
3768
3778
3785
3790
3790
3800
3808
3820
3827
3829
3840
3851
3856
3863
3867
3876
3890
3895
3903
3911
3916
3925
3933
3939
3949
3952
3959
3972
3978
3986
3993
4000
4007
4015
4025
4032
4042
4052
4062
4066
4075
4090
4099
4100
4110
4123
4134
4141
4152
4161
4165
4176
4187
4201
4209
4217
4226
4237
4246
4254
4264
4274
4284
4289
4300
4309
4319
4327
4336
4348
4355
4359
4370
4384
4394
4401
4406
4416
4431
4440
4447
4457
4464
4472
4481
4497
4505
4515
4527
4533
4544
4553
4568
4576
4587
4597
4608
4618
4628
4635
4647
4657
4668
4676
4686
4696
4707
4714
4723
4735
4751
4759
4768
4775
4787
4797
4807
4811
4824
4839
4847
4856
4865
4875
4884
4894
4905
4917
4921
4932
4943
4956
4966
4969
4982
4999
5007
5016
5024
5034
5043
5050
5061
5071
5081
5087
5094
5107
5116
5124
5133
5142
5151
5159
5163
5173
5184
5194
5202
5211
5218
5222
5234
5243
5250
5256
5264
5271
5276
5282
5295
5304
5311
5317
5323
5332
5339
5347
5356
5365
5374
5383
5392
5400
5410
5417
5420
5431
5449
5456
5465
5475
5484
5489
5500
5517
5526
5532
5538
5550
5563
5572
5576
5586
5603
5613
5623
5634
5641
5641
5648
5666
5671
5680
5686
5695
5705
5715
5723
5728
5736
5746
5754
5763
5772
5774
5782
5797
5803
5814
5820
5829
5832
5843
5857
5863
5870
5877
5888
5894
5901
5901
5911
5919
5926
5930
5934
5938
5938
5944
5956
5960
5962
5970
5974
5978
5986
5990
5995
6001
6004
6010
6013
6018
6017
6025
6034
6037
6040
6045
6050
6047
6054
6067
6068
6073
6079
6085
6090
6096
6101
6107
6111
6117
6121
6130
6135
6136
6144
6153
6160
6163
6164
6170
6179
6182
6181
6188
6194
6203
6204
6208
6213
6214
6216
6219
6226
6231
6238
6243
6243
6249
6258
6267
6272
6277
6284
6288
6292
6290
6295
6299
6306
6308
6310
6312
6317
6320
6322
6319
6319
6324
6327
6330
6331
6331
6332
6334
6339
6341
6338
6342
6355
6359
6364
6357
6361
6369
6369
6371
6373
6379
6384
6387
6391
6392
6387
6391
6399
6407
6412
6416
6417
6420
6425
6432
6440
6446
6447
6452
6460
6463
6464
6472
6473
6473
6475
6485
6484
6489
6488
6490
6489
6485
6484
6479
6472
6463
6460
6457
6454
6454
6449
6444
6443
6450
6445
6443
6436
6436
6440
6438
6431
6431
6426
6426
6425
6420
6422
6427
6428
6420
6421
6422
6427
6431
6429
6428
6425
6425
6424
6418
6419
6419
6414
6410
6408
6406
6403
6398
6397
6390
6390
6387
6386
6384
6382
6379
6381
6387
6387
6386
6389
6393
6399
6405
6400
6404
6415
6416
6419
6421
6424
6427
6432
6436
6440
6441
6447
6447
6451
6454
6458
6465
6466
6468
6471
6474
6481
6474
6479
6487
6486
6484
6483
6484
6490
6489
6490
6489
6488
6482
6482
6481
6476
6473
6465
6452
6449
6449
6446
6447
6446
6439
6438
6439
6438
6437
6436
6434
6432
6424
6421
6425
6418
6411
6399
6396
6395
6387
6375
6373
6370
6370
6366
6360
6359
6355
6349
6347
6343
6343
6343
6341
6341
6343
6338
6339
6340
6344
6345
6339
6340
6345
6344
6345
6343
6343
6344
6344
6343
6344
6346
6345
6343
6346
6344
6344
6344
6342
6341
6344
6342
6341
6340
6338
6327
6325
6320
6324
6321
6316
6313
6309
6309
6306
6302
6299
6306
6303
6294
6297
6304
6304
6304
6302
6301
6304
6303
6301
6298
6299
6301
6297
6293
6290
6289
6285
6276
6270
6268
6268
6262
6251
6245
6247
6240
6235
6230
6226
6219
6212
6207
6204
6200
6193
6187
6190
6187
6181
6179
6174
6171
6166
6156
6153
6161
6157
6147
6148
6144
6146
6143
6144
6140
6138
6136
6136
6136
6132
6132
6130
6125
6125
6129
6129
6126
6121
6119
6109
6103
6108
6100
6096
6091
6087
6076
6074
6077
6070
6064
6059
6058
6055
6051
6044
6039
6037
6033
6028
6023
6022
6027
6023
6020
6014
6011
6002
5997
5990
5984
5980
5969
5963
5958
5955
5945
5939
5943
5935
5926
5924
5919
5911
5907
5896
5893
5896
5892
5886
5881
5880
5879
5877
5871
5868
5871
5874
5874
5871
5868
5869
5871
5868
5868
5867
5873
5869
5864
5861
5868
5867
5866
5858
5856
5858
5854
5851
5848
5842
5838
5833
5831
5828
5819
5820
5820
5818
5816
5810
5809
5814
5809
5807
5804
5803
5800
5800
5797
5794
5794
5790
5789
5784
5780
5776
5771
5769
5766
5763
5758
5753
5750
5748
5740
5742
5747
5744
5740
5734
5734
5734
5731
5729
5724
5722
5717
5716
5719
5713
5703
5702
5704
5703
5700
5698
5695
5686
5684
5686
5685
5679
5673
5670
5668
5667
5655
5656
5654
5658
5656
5654
5652
5652
5651
5643
5639
5639
5646
5641
5640
5634
5629
5625
5619
5612
5607
5609
5602
5598
5595
5590
5585
5578
5576
5574
5569
5563
5557
5554
5547
5545
5538
5525
5522
5527
5523
5521
5510
5506
5507
5500
5495
5491
5483
5478
5473
5469
5466
5459
5455
5448
5443
5441
5431
5426
5430
5423
5419
5417
5413
5406
5405
5407
5405
5403
5401
5400
5394
5395
5387
5385
5388
5382
5377
5372
5370
5366
5361
5353
5350
5355
5351
5349
5346
5342
5338
5335
5332
5332
5328
5327
5323
5315
5315
5319
5316
5310
5306
5305
5310
5308
5304
5300
5299
5293
5293
5288
5283
5279
5274
5268
5264
5259
5254
5252
5246
5239
5228
5221
5222
5220
5214
5203
5200
5202
5198
5186
5185
5183
5186
5184
5181
5177
5169
5167
5165
5165
5164
5158
5156
5153
5149
5145
5145
5141
5140
5135
5134
5132
5129
5125
5122
5116
5113
5119
5115
5111
5106
5103
5101
5097
5084
5081
5083
5076
5072
5070
5062
5061
5056
5054
5051
5040
5039
5036
5038
5036
5025
5023
5025
5020
5014
5011
5010
5006
5004
5002
4999
4998
4996
4993
4990
4987
4987
4985
4980
4981
4978
4978
4975
4967
4966
4972
4968
4965
4957
4958
4960
4955
4952
4950
4949
4942
4941
4945
4941
4933
4929
4933
4926
4923
4921
4919
4911
4909
4914
4910
4907
4904
4899
4897
4894
4890
4885
4882
4878
4874
4870
4868
4863
4860
4856
4854
4850
4847
4845
4839
4838
4841
4836
4836
4835
4831
4824
4827
4828
4824
4821
4818
4814
4809
4808
4811
4807
4807
4803
4798
4797
4797
4791
4789
4781
4780
4778
4781
4776
4775
4773
4769
4766
4762
4758
4753
4751
4747
4737
4738
4739
4733
4731
4724
4721
4711
4707
4710
4707
4701
4696
4694
4687
4685
4682
4678
4676
4674
4670
4670
4667
4665
4665
4655
4655
4656
4658
4652
4646
4646
4650
4649
4646
4642
4641
4632
4629
4634
4626
4622
4618
4613
4610
4605
4595
4593
4594
4591
4586
4582
4578
4575
4573
4569
4567
4567
4561
4562
4566
4562
4562
4561
4558
4555
4551
4545
4542
4536
4533
4536
4532
4525
4521
4519
4520
4516
4515
4508
4511
4503
4505
4503
4500
4495
4496
4497
4498
4495
4495
4491
4491
4489
4487
4487
4485
4483
4483
4480
4477
4471
4469
4470
4472
4470
4461
4460
4465
4456
4453
4449
4445
4450
4447
4446
4443
4442
4441
4440
4438
4439
4436
4437
4434
4435
4434
4425
4425
4428
4424
4423
4421
4418
4418
4417
4417
4414
4407
4409
4411
4409
4406
4403
4402
4399
4396
4396
4391
4390
4383
4382
4385
4385
4380
4379
4376
4377
4375
4375
4372
4369
4367
4365
4367
4365
4357
4359
4362
4357
4356
4356
4352
4351
4349
4343
4343
4347
4342
4338
4334
4332
4338
4333
4326
4325
4330
4326
4325
4321
4321
4317
4315
4309
4306
4305
4309
4305
4300
4300
4288
4288
4290
4289
4289
4284
4282
4287
4285
4282
4285
4282
4282
4279
4279
4273
4270
4266
4264
4263
4256
4254
4252
4248
4246
4240
4241
4238
4233
4234
4222
4225
4230
4227
4228
4224
4223
4223
4220
4220
4214
4213
4212
4210
4209
4208
4198
4200
4201
4200
4201
4195
4193
4197
4196
4187
4188
4187
4189
4188
4185
4183
4183
4182
4179
4178
4176
4171
4170
4173
4172
4169
4166
4167
4165
4162
4164
4163
4159
4161
4159
4158
4157
4157
4154
4148
4148
4148
4150
4149
4143
4141
4148
4146
4139
4137
4137
4138
4137
4136
4134
4131
4131
4131
4129
4128
4127
4122
4122
4121
4117
4110
4110
4114
4109
4109
4108
4099
4098
4094
4099
4093
4091
4091
4080
4082
4080
4081
4080
4075
4076
4068
4068
4068
4069
4070
4067
4066
4067
4063
4063
4064
4062
4062
4061
4060
4060
4056
4055
4054
4053
4053
4051
4049
4042
4043
4041
4048
4044
4034
4037
4043
4039
4039
4036
4034
4039
4038
4036
4035
4029
4027
4028
4031
4029
4023
4022
4028
4025
4023
4022
4021
4018
4018
4011
4011
4011
4015
4012
4014
4011
4013
4014
4013
4012
4012
4011
4008
4008
4005
4006
4005
4004
4003
4000
3994
3995
3999
3996
3991
3988
3985
3991
3989
3982
3981
3989
3986
3984
3984
3982
3979
3978
3978
3976
3975
3975
3973
3966
3968
3972
3968
3966
3965
3964
3961
3960
3959
3956
3953
3953
3951
3950
3948
3943
3944
3947
3944
3943
3939
3936
3941
3940
3934
3934
3935
3937
3936
3934
3933
3934
3932
3929
3930
3928
3927
3926
3921
3923
3927
3927
3925
3924
3925
3923
3924
3923
3925
3922
3922
3917
3918
3916
3908
3908
3911
3909
3907
3906
3903
3901
3901
3894
3894
3891
3896
3893
3890
3889
3892
3890
3891
3888
3887
3884
3886
3879
3881
3884
3882
3882
3881
3880
3878
3877
3872
3872
3873
3873
3873
3872
3871
3873
3872
3867
3865
3866
3870
3870
3868
3868
3861
3861
3859
3865
3864
3861
3860
3862
3861
3860
3857
3858
3857
3856
3855
3854
3853
3851
3851
3849
3847
3846
3845
3843
3842
3842
3838
3833
3839
3839
3839
3840
3837
3833
3835
3841
3837
3830
3830
3833
3834
3835
3834
3831
3825
3825
3830
3828
3825
3822
3821
3826
3823
3824
3820
3819
3819
3818
3818
3816
3815
3815
3814
3815
3812
3807
3808
3813
3811
3808
3806
3806
3802
3801
3804
3801
3799
3800
3797
3796
3795
3793
3792
3793
3791
3789
3789
3789
3784
3784
3789
3786
3784
3783
3783
3784
3782
3777
3777
3782
3780
3778
3770
3770
3774
3773
3771
3769
3769
3768
3767
3762
3762
3768
3767
3766
3763
3762
3762
3761
3759
3760
3757
3758
3757
3757
3757
3755
3754
3749
3751
3752
3752
3751
3750
3747
3747
3745
3740
3740
3739
3744
3741
3740
3739
3732
3731
3732
3736
3734
3734
3732
3729
3729
3733
3733
3732
3731
3730
3730
3729
3727
3725
3723
3724
3725
3727
3727
3721
3724
3727
3732
3732
3727
3726
3731
3730
3727
3727
3727
3730
3729
3727
3727
3724
3724
3721
3721
3720
3720
3721
3714
3714
3713
3716
3716
3709
3709
3714
3712
3709
3707
3704
3705
3704
3703
3701
3700
3698
3698
3695
3693
3691
3690
3683
3684
3685
3687
3686
3678
3678
3684
3683
3679
3678
3678
3681
3679
3673
3673
3674
3675
3674
3678
3677
3675
3675
3673
3673
3672
3671
3672
3672
3673
3672
3670
3671
3670
3671
3671
3671
3669
3670
3670
3670
3670
3670
3669
3668
3668
3668
3668
3667
3667
3666
3663
3662
3661
3661
3660
3659
3659
3654
3654
3659
3657
3655
3655
3654
3651
3652
3657
3657
3651
3652
3651
3654
3653
3653
3651
3646
3646
3650
3651
3650
3648
3649
3648
3647
3646
3645
3645
3645
3645
3643
3643
3643
3643
3644
3644
3644
3640
3640
3643
3642
3638
3635
3634
3640
3638
3630
3632
3637
3636
3634
3634
3633
3633
3633
3633
3631
3631
3630
3628
3624
3624
3629
3627
3624
3622
3620
3623
3622
3622
3620
3620
3618
3617
3618
3618
3615
3617
3625
3622
3624
3624
3622
3621
3621
3620
3619
3616
3616
3615
3614
3612
3604
3604
3610
3609
3608
3607
3606
3601
3599
3606
3606
3609
3611
3615
3614
3615
3610
3612
3613
3611
3611
3608
3607
3602
3601
3605
3603
3603
3602
3601
3598
3598
3597
3596
3595
3592
3592
3592
3592
3592
3592
3593
3593
3592
3586
3588
3594
3590
3590
3590
3589
3586
3586
3582
3582
3587
3588
3587
3584
3584
3583
3581
3583
3582
3579
3579
3581
3584
3582
3575
3576
3580
3578
3578
3574
3574
3579
3577
3571
3570
3572
3575
3576
3572
3573
3580
3579
3579
3580
3579
3577
3579
3578
3578
3577
3578
3578
3577
3574
3575
3573
3574
3575
3574
3568
3567
3571
3570
3569
3567
3564
3562
3563
3565
3563
3562
3561
3561
3559
3561
3561
3561
3553
3556
3560
3559
3558
3553
3552
3555
3552
3544
3545
3547
3546
3545
3543
3542
3540
3540
3539
3540
3540
3534
3534
3540
3538
3530
3531
3531
3534
3535
3534
3535
3535
3535
3536
3536
3537
3533
3533
3536
3534
3534
3533
3532
3531
3533
3529
3531
3536
3534
3533
3532
3535
3532
3535
3533
3532
3531
3532
3532
3528
3529
3533
3532
3530
3529
3527
3526
3526
3526
3526
3526
3525
3524
3523
3523
3517
3518
3524
3524
3522
3518
3519
3522
3522
3521
3520
3520
3519
3519
3519
3519
3519
3517
3516
3515
3514
3515
3515
3516
3516
3512
3514
3518
3518
3517
3518
3518
3510
3511
3515
3515
3514
3508
3509
3515
3512
3512
3512
3514
3513
3515
3515
3515
3513
3512
3509
3507
3507
3512
3510
3505
3507
3512
3511
3508
3508
3509
3507
3509
3502
3505
3505
3510
3509
3510
3509
3508
3509
3507
3507
3505
3501
3500
3506
3505
3499
3498
3497
3501
3499
3497
3497
3496
3495
3495
3496
3495
3496
3496
3496
3497
3495
3495
3494
3492
3492
3492
3491
3486
3488
3487
3492
3491
3486
3486
3491
3491
3490
3488
3488
3487
3486
3481
3483
3486
3488
3488
3488
3490
3489
3489
3488
3488
3487
3483
3484
3487
3484
3484
3482
3481
3476
3476
3480
3478
3479
3478
3477
3479
3477
3473
3474
3478
3477
3478
3477
3476
3474
3473
3473
3472
3472
3470
3470
3470
3469
3468
3467
3466
3466
3461
3459
3460
3463
3462
3457
3456
3462
3459
3459
3455
3455
3458
3456
3456
3458
3458
3460
3459
3455
3455
3461
3460
3459
3457
3456
3457
3455
3451
3451
3457
3455
3456
3455
3454
3455
3455
3450
3452
3452
3455
3455
3453
3452
3448
3449
3454
3454
3453
3451
3451
3451
3452
3451
3452
3454
3454
3456
3451
3450
3455
3455
3454
3453
3452
3451
3450
3449
3449
3447
3448
3446
3442
3442
3447
3445
3440
3441
3442
3446
3446
3445
3445
3445
3446
3446
3440
3439
3444
3441
3442
3440
3437
3435
3435
3439
3438
3434
3435
3439
3437
3436
3436
3437
3435
3435
3434
3432
3434
3433
3432
3428
3429
3434
3433
3433
3432
3434
3435
3436
3436
3437
3437
3437
3436
3435
3434
3434
3434
3434
3432
3433
3427
3428
3432
3431
3429
3430
3427
3426
3427
3431
3430
3425
3424
3430
3428
3427
3425
3425
3421
3421
3428
3424
3424
3423
3423
3423
3420
3416
3418
3419
3419
3418
3418
3418
3414
3414
3418
3416
3416
3416
3415
3415
3414
3416
3417
3418
3414
3414
3419
3418
3419
3419
3419
3419
3417
3416
3417
3416
3417
3416
3414
3416
3410
3412
3415
3414
3413
3413
3412
3409
3409
3412
3411
3410
3411
3410
3410
3411
3411
3411
3408
3409
3408
3409
3410
3407
3408
3413
3413
3408
3413
3413
3416
3415
3413
3411
3410
3409
3407
3403
3405
3409
3409
3404
3405
3410
3410
3409
3405
3406
3410
3410
3409
3408
3406
3406
3407
3407
3408
3407
3406
3407
3407
3406
3406
3405
3400
3401
3405
3405
3403
3404
3402
3402
3401
3400
3399
3399
3398
3397
3397
3397
3397
3397
3393
3393
3393
3397
3398
3397
3398
3393
3394
3395
3400
3400
3397
3399
3405
3404
3403
3405
3405
3406
3408
3404
3405
3409
3412
3411
3411
3410
3404
3404
3412
3410
3409
3408
3408
3407
3407
3406
3405
3405
3404
3403
3398
3399
3403
3402
3399
3398
3396
3394
3395
3389
3392
3398
3399
3397
3397
3398
3398
3399
3393
3394
3396
3399
3399
3398
3397
3398
3397
3399
3399
3397
3398
3399
3393
3393
3397
3394
3394
3388
3388
3390
3388
3382
3382
3381
3385
3383
3383
3381
3381
3381
3379
3379
3378
3376
3378
3377
3378
3372
3372
3372
3376
3374
3374
3374
3375
3373
3374
3375
3375
3377
3376
3376
3376
3373
3372
3373
3377
3376
3371
3373
3378
3378
3378
3375
3375
3380
3380
3381
3382
3382
3382
3382
3377
3376
3381
3379
3378
3378
3378
3375
3374
3380
3379
3380
3379
3379
3379
3379
3379
3378
3378
3377
3376
3374
3375
3374
3373
3374
3374
3376
3376
3374
3370
3371
3375
3373
3371
3370
3371
3369
3369
3364
3364
3369
3368
3367
3367
3366
3362
3362
3367
3365
3364
3364
3363
3364
3362
3357
3358
3362
3361
3362
3360
3360
3360
3362
3362
3361
3361
3360
3361
3367
3368
3363
3365
3368
3368
3369
3363
3365
3369
3367
3359
3361
3363
3366
3365
3363
3364
3371
3369
3369
3370
3371
3371
3369
3370
3369
3368
3367
3367
3367
3368
3367
3366
3368
3367
3368
3368
3369
3368
3367
3367
3367
3366
3363
3362
3361
3360
3355
3359
3362
3362
3363
3365
3366
3368
3368
3365
3368
3370
3374
3373
3368
3369
3373
3371
3369
3369
3366
3364
3362
3361
3359
3357
3355
3357
3357
3357
3352
3354
3358
3357
3356
3351
3352
3355
3355
3354
3355
3353
3350
3351
3355
3356
3355
3357
3352
3351
3351
3355
3354
3354
3355
3356
3356
3356
3353
3354
3359
3358
3356
3354
3352
3350
3348
3348
3347
3346
3346
3342
3341
3341
3344
3343
3343
3342
3341
3339
3339
3338
3337
3336
3336
3337
3337
3337
3335
3335
3340
3339
3340
3340
3339
3338
3338
3342
3342
3335
3336
3341
3340
3338
3334
3335
3340
3339
3339
3340
3339
3340
3339
3336
3335
3335
3332
3333
3332
3331
3326
3327
3328
3327
3326
3326
3326
3323
3322
3326
3326
3324
3323
3323
3323
3322
3318
3320
3323
3321
3321
3320
3320
3320
3321
3323
3325
3327
3328
3330
3327
3330
3333
3332
3333
3332
3331
3326
3326
3330
3329
3328
3327
3329
3329
3329
3330
3331
3325
3326
3331
3331
3331
3332
3333
3333
3332
3331
3330
3329
3327
3325
3323
3320
3320
3320
3321
3320
3318
3317
3320
3326
3326
3323
3327
3329
3334
3333
3333
3333
3329
3330
3331
3336
3335
3335
3337
3330
3329
3332
3332
3333
3331
3331
3332
3332
3333
3334
3333
3332
3332
3331
3331
3329
3329
3328
3328
3327
3327
3328
3326
3325
3323
3319
3320
3325
3323
3321
3320
3317
3318
3317
3319
3319
3317
3318
3313
3313
3315
3318
3319
3316
3319
3329
3331
3332
3332
3335
3342
3346
3345
3351
3359
3364
3367
3368
3375
3386
3390
3396
3402
3407
3412
3417
3423
3428
3429
3436
3445
3451
3455
3456
3464
3475
3479
3484
3490
3494
3494
3499
3511
3512
3516
3519
3523
3528
3530
3533
3534
3536
3536
3535
3532
3532
