3529
3525
3527
3525
3519
3517
3517
3519
3517
3514
3511
3509
3505
3503
3501
3497
3495
3492
3490
3485
3481
3476
3475
3475
3472
3465
3461
3466
3461
3459
3455
3453
3445
3443
3446
3442
3438
3438
3434
3430
3426
3430
3425
3425
3421
3420
3417
3415
3412
3411
3404
3403
3404
3404
3402
3400
3398
3396
3394
3393
3389
3388
3386
3385
3384
3382
3381
3379
3378
3371
3372
3374
3371
3370
3369
3367
3367
3364
3361
3359
3364
3361
3360
3355
3354
3357
3357
3355
3354
3354
3352
3352
3349
3351
3349
3348
3347
3347
3346
3345
3343
3339
3338
3344
3340
3341
3335
3337
3339
3338
3336
3335
3332
3330
3331
3335
3334
3327
3329
3333
3330
3330
3331
3329
3328
3326
3328
3326
3326
3325
3324
3320
3320
3322
3321
3318
3318
3316
3320
3317
3319
3317
3315
3315
3317
3316
3316
3315
3316
3314
3314
3314
3311
3312
3310
3312
3310
3311
3306
3305
3305
3311
3308
3304
3304
3307
3308
3305
3302
3302
3308
3306
3303
3304
3303
3302
3301
3298
3299
3303
3302
3301
3303
3300
3302
3301
3302
3300
3302
3301
3302
3300
3300
3301
3304
3303
3306
3304
3302
3301
3307
3304
3300
3301
3304
3302
3303
3297
3299
3304
3303
3303
3302
3301
3302
3302
3299
3299
3296
3297
3295
3294
3292
3299
3297
3298
3297
3298
3296
3296
3296
3294
3292
3292
3292
3290
3291
3287
3288
3292
3290
3285
3286
3287
3288
3289
3288
3288
3282
3284
3289
3287
3287
3285
3287
3284
3286
3284
3285
3284
3283
3284
3283
3285
3284
3284
3284
3286
3287
3284
3288
3286
3287
3287
3286
3288
3282
3284
3286
3287
3282
3283
3285
3288
3290
3285
3287
3292
3291
3292
3291
3291
3291
3292
3291
3289
3289
3288
3288
3287
3287
3284
3285
3284
3284
3286
3285
3287
3284
3283
3290
3286
3289
3291
3291
3293
3292
3288
3291
3295
3298
3299
3300
3302
3297
3301
3305
3305
3303
3300
3300
3306
3307
3304
3306
3305
3305
3306
3305
3306
3306
3306
3308
3308
3309
3309
3313
3312
3312
3310
3309
3310
3316
3317
3318
3317
3315
3317
3324
3327
3329
3331
3333
3334
3336
3335
3339
3339
3342
3343
3345
3346
3341
3345
3344
3350
3349
3347
3346
3355
3352
3353
3353
3355
3355
3357
3355
3356
3364
3363
3365
3366
3369
3370
3372
3371
3374
3378
3384
3386
3388
3392
3397
3400
3402
3399
3403
3411
3413
3414
3415
3418
3421
3424
3425
3428
3432
3434
3438
3440
3444
3446
3451
3450
3457
3466
3472
3474
3477
3481
3485
3486
3491
3493
3499
3501
3504
3503
3509
3517
3520
3523
3527
3531
3536
3541
3541
3547
3556
3563
3567
3569
3576
3583
3589
3594
3597
3601
3607
3610
3619
3621
3627
3631
3637
3642
3649
3653
3658
3671
3672
3679
3682
3688
3691
3696
3696
3702
3714
3716
3719
3722
3731
3741
3746
3754
3759
3768
3773
3780
3787
3792
3799
3806
3810
3820
3825
3833
3837
3843
3850
3862
3870
3876
3884
3890
3898
3904
3907
3916
3925
3933
3941
3946
3955
3956
3967
3979
3984
3993
3999
4009
4015
4026
4030
4040
4053
4059
4069
4073
4083
4089
4098
4105
4114
4122
4127
4137
4152
4158
4168
4178
4190
4195
4204
4215
4222
4234
4243
4254
4259
4268
4277
4285
4292
4302
4319
4328
4335
4341
4352
4368
4375
4383
4394
4403
4413
4425
4432
4442
4448
4460
4475
4482
4492
4502
4512
4524
4534
4543
4552
4562
4572
4580
4587
4597
4612
4620
4630
4636
4644
4660
4669
4677
4688
4691
4699
4712
4722
4730
4738
4744
4753
4759
4768
4776
4783
4788
4796
4810
4820
4828
4837
4848
4851
4862
4878
4883
4892
4902
4909
4920
4930
4939
4949
4959
4968
4979
4986
4993
5010
5022
5031
5044
5054
5057
5071
5088
5094
5104
5113
5122
5133
5140
5147
5155
5162
5168
5180
5186
5195
5205
5210
5213
5227
5242
5248
5258
5266
5280
5289
5298
5307
5316
5315
5327
5335
5349
5358
5362
5369
5380
5387
5394
5396
5405
5414
5422
5424
5431
5443
5453
5459
5469
5475
5484
5493
5500
5509
5516
5523
5530
5537
5542
5538
5545
5551
5565
5567
5571
5579
5578
5587
5597
5608
5613
5622
5630
5638
5646
5654
5661
5666
5673
5680
5679
5687
5702
5705
5711
5716
5725
5737
5740
5751
5755
5757
5758
5761
5770
5772
5776
5779
5781
5785
5789
5793
5796
5798
5804
5800
5808
5816
5826
5831
5828
5834
5847
5850
5854
5862
5872
5877
5884
5886
5894
5908
5913
5920
5931
5936
5945
5952
5961
5970
5977
5980
5990
6003
6007
6016
6024
6027
6030
6038
6047
6052
6055
6059
6062
6065
6068
6071
6072
6075
6079
6082
6085
6087
6092
6099
6107
6114
6110
6119
6129
6137
6141
6148
6155
6159
6166
6170
6174
6177
6175
6180
6187
6191
6190
6191
6191
6189
6192
6200
6206
6209
6212
6214
6218
6221
6218
6221
6231
6234
6233
6231
6230
6229
6228
6225
6226
6218
6220
6220
6228
6227
6222
6227
6235
6236
6237
6239
6243
6248
6252
6257
6261
6263
6265
6272
6277
6280
6284
6288
6295
6300
6306
6311
6315
6326
6335
6333
6339
6348
6356
6363
6363
6368
6379
6380
6386
6387
6390
6385
6385
6393
6391
6389
6385
6384
6384
6381
6383
6381
6379
6380
6379
6378
6382
6380
6381
6373
6371
6377
6373
6367
6360
6360
6362
6358
6354
6355
6357
6363
6360
6359
6355
6354
6353
6351
6350
6349
6342
6341
6350
6350
6350
6348
6352
6356
6358
6359
6362
6362
6364
6367
6369
6374
6373
6374
6384
6388
6390
6389
6393
6397
6398
6399
6400
6398
6393
6395
6389
6390
6394
6394
6392
6390
6390
6393
6394
6390
6389
6399
6395
6391
6388
6388
6383
6380
6379
6376
6373
6374
6376
6375
6376
6375
6375
6367
6369
6370
6376
6376
6372
6376
6386
6387
6385
6385
6383
6390
6390
6391
6387
6382
6379
6378
6372
6368
6360
6360
6363
6354
6349
6346
6340
6329
6326
6333
6326
6320
6318
6315
6311
6308
6307
6303
6300
6298
6297
6297
6293
6294
6290
6289
6285
6286
6279
6279
6285
6280
6281
6281
6279
6275
6275
6284
6288
6286
6286
6281
6283
6282
6286
6285
6282
6279
6278
6277
6271
6269
6267
6257
6255
6261
6254
6248
6241
6243
6243
6241
6240
6238
6230
6231
6233
6236
6236
6236
6236
6237
6236
6237
6240
6237
6236
6238
6241
6242
6241
6235
6239
6243
6240
6239
6241
6240
6237
6233
6234
6229
6223
6222
6217
6213
6208
6198
6196
6199
6195
6184
6180
6182
6182
6180
6173
6173
6179
6171
6170
6167
6164
6159
6159
6152
6151
6151
6149
6145
6138
6139
6141
6135
6133
6131
6126
6121
6118
6113
6109
6097
6093
6094
6090
6087
6080
6077
6074
6073
6067
6064
6061
6055
6055
6059
6054
6046
6043
6039
6039
6035
6031
6025
6025
6019
6016
6013
6009
6006
6003
5993
5992
5995
5987
5982
5976
5969
5967
5962
5955
5952
5950
5943
5941
5935
5931
5921
5917
5920
5916
5914
5905
5904
5907
5902
5899
5896
5891
5892
5886
5883
5881
5878
5872
5867
5865
5859
5855
5854
5842
5841
5844
5840
5837
5829
5829
5834
5830
5825
5823
5824
5815
5814
5817
5811
5811
5811
5807
5806
5806
5797
5795
5801
5798
5790
5785
5784
5787
5785
5780
5775
5771
5769
5763
5762
5759
5754
5753
5744
5742
5740
5742
5738
5725
5725
5728
5719
5717
5712
5707
5703
5698
5692
5689
5687
5681
5676
5674
5667
5658
5659
5659
5654
5652
5647
5646
5644
5638
5633
5632
5637
5632
5633
5628
5626
5625
5624
5614
5615
5616
5616
5612
5611
5605
5602
5601
5595
5589
5587
5586
5583
5573
5573
5574
5574
5568
5565
5563
5559
5553
5553
5550
5547
5543
5541
5537
5534
5532
5527
5524
5522
5521
5516
5513
5513
5510
5507
5505
5506
5496
5496
5499
5498
5488
5489
5487
5492
5491
5486
5484
5481
5477
5473
5467
5463
5464
5461
5461
5456
5446
5446
5444
5442
5438
5429
5425
5429
5420
5418
5409
5402
5401
5396
5387
5382
5373
5369
5366
5357
5351
5356
5351
5343
5339
5336
5333
5326
5325
5323
5316
5313
5312
5303
5298
5301
5300
5297
5292
5290
5288
5283
5283
5280
5274
5269
5267
5265
5257
5251
5252
5255
5251
5238
5242
5239
5242
5238
5232
5230
5234
5229
5228
5222
5220
5218
5216
5213
5210
5209
5206
5203
5197
5195
5199
5197
5194
5191
5191
5184
5179
5183
5179
5173
5168
5164
5160
5152
5146
5142
5133
5129
5123
5113
5108
5105
5099
5096
5091
5079
5076
5077
5078
5072
5065
5064
5066
5066
5061
5051
5050
5055
5049
5042
5041
5044
5043
5040
5038
5034
5032
5031
5029
5024
5019
5015
5011
5006
5002
4992
4994
4994
4994
4988
4986
4983
4979
4978
4969
4967
4966
4969
4963
4960
4955
4946
4946
4942
4944
4941
4939
4934
4926
4926
4925
4928
4925
4920
4916
4913
4908
4905
4905
4904
4900
4896
4895
4893
4892
4889
4887
4879
4878
4880
4882
4879
4876
4873
4869
4867
4871
4868
4858
4860
4860
4859
4856
4845
4842
4842
4839
4836
4833
4829
4823
4821
4820
4818
4816
4814
4812
4809
4808
4806
4807
4803
4801
4799
4798
4792
4792
4790
4787
4786
4784
4782
4782
4775
4774
4779
4779
4772
4770
4768
4766
4761
4754
4753
4756
4751
4745
4743
4742
4736
4733
4732
4728
4725
4722
4722
4719
4717
4715
4713
4704
4706
4705
4706
4702
4692
4693
4699
4692
4689
4688
4686
4684
4682
4674
4675
4679
4676
4675
4666
4665
4669
4668
4664
4660
4658
4657
4654
4649
4645
4644
4639
4637
4634
4632
4630
4629
4623
4620
4624
4619
4620
4616
4613
4608
4608
4603
4600
4597
4601
4599
4597
4594
4585
4584
4587
4583
4580
4574
4574
4578
4572
4569
4567
4566
4561
4559
4558
4557
4552
4551
4550
4546
4545
4541
4539
4539
4537
4529
4529
4529
4531
4527
4523
4523
4525
4521
4520
4512
4511
4516
4511
4504
4504
4505
4504
4498
4497
4495
4489
4485
4483
4480
4478
4469
4468
4470
4468
4465
4463
4461
4457
4457
4454
4452
4448
4446
4445
4444
4442
4434
4433
4439
4439
4436
4433
4431
4421
4421
4423
4421
4420
4415
4414
4409
4407
4410
4406
4404
4402
4400
4397
4395
4393
4392
4389
4388
4383
4383
4382
4384
4381
4379
4377
4374
4371
4369
4365
4363
4360
4356
4354
4354
4353
4348
4346
4341
4339
4344
4339
4336
4335
4333
4324
4322
4326
4325
4321
4319
4317
4317
4317
4309
4308
4313
4312
4311
4309
4305
4303
4302
4300
4301
4300
4298
4295
4297
4295
4292
4289
4283
4284
4285
4286
4283
4277
4276
4282
4278
4277
4275
4276
4267
4267
4271
4269
4267
4265
4266
4267
4265
4256
4254
4259
4256
4251
4247
4247
4239
4237
4238
4237
4231
4228
4226
4225
4224
4222
4220
4221
4218
4214
4210
4210
4215
4213
4209
4209
4209
4207
4207
4200
4199
4207
4204
4199
4198
4197
4196
4193
4190
4190
4190
4188
4187
4181
4182
4189
4184
4181
4182
4182
4178
4174
4175
4172
4169
4166
4165
4159
4158
4160
4159
4151
4150
4152
4149
4149
4146
4144
4143
4143
4134
4134
4131
4137
4134
4125
4123
4127
4123
4121
4121
4117
4114
4112
4105
4106
4109
4108
4106
4106
4105
4104
4100
4100
4098
4099
4098
4096
4090
4090
4096
4096
4093
4090
4088
4086
4087
4086
4084
4079
4079
4080
4084
4082
4076
4077
4081
4075
4074
4072
4070
4068
4067
4061
4061
4063
4065
4061
4061
4061
4058
4055
4053
4055
4052
4050
4048
4048
4048
4038
4039
4040
4043
4041
4037
4038
4037
4037
4035
4030
4032
4037
4033
4032
4032
4030
4028
4030
4023
4023
4025
4024
4022
4016
4017
4017
4016
4013
4015
4015
4014
4012
4007
4006
4010
4008
4001
4001
4009
4008
4007
4008
4008
4005
4002
4002
3999
3998
3998
3995
3986
3986
3991
3987
3986
3986
3985
3981
3980
3975
3974
3977
3976
3974
3971
3971
3970
3966
3968
3965
3961
3956
3956
3959
3956
3950
3950
3949
3951
3950
3947
3945
3945
3941
3941
3942
3941
3939
3939
3934
3932
3936
3935
3935
3928
3926
3934
3932
3922
3923
3925
3926
3925
3926
3923
3921
3921
3921
3919
3917
3916
3918
3914
3914
3908
3909
3908
3912
3909
3910
3909
3905
3906
3904
3901
3900
3902
3902
3895
3897
3900
3899
3900
3895
3894
3894
3892
3890
3889
3886
3881
3882
3885
3881
3876
3875
3874
3876
3878
3870
3870
3875
3873
3874
3871
3870
3872
3870
3870
3871
3869
3870
3869
3868
3869
3869
3868
3863
3865
3864
3864
3864
3861
3860
3860
3856
3852
3853
3850
3848
3848
3846
3845
3838
3839
3837
3843
3841
3833
3835
3840
3835
3834
3829
3827
3831
3831
3823
3825
3829
3827
3825
3825
3820
3820
3819
3817
3819
3816
3810
3812
3816
3813
3811
3811
3808
3809
3808
3807
3805
3804
3804
3802
3801
3802
3799
3800
3799
3797
3792
3792
3791
3795
3795
3791
3791
3791
3788
3787
3781
3781
3785
3783
3784
3782
3782
3784
3782
3780
3780
3784
3785
3784
3784
3783
3779
3778
3782
3781
3778
3777
3777
3774
3773
3772
3771
3764
3763
3768
3766
3765
3764
3763
3762
3759
3758
3760
3760
3759
3758
3755
3756
3759
3760
3758
3758
3758
3753
3754
3760
3757
3754
3754
3753
3757
3756
3754
3752
3750
3748
3747
3744
3744
3745
3744
3739
3740
3742
3743
3742
3738
3738
3740
3739
3739
3737
3737
3732
3731
3735
3736
3734
3733
3731
3731
3732
3726
3726
3735
3733
3729
3729
3729
3727
3727
3727
3727
3724
3724
3723
3719
3720
3719
3717
3715
3717
3715
3709
3708
3713
3710
3709
3707
3707
3704
3706
3701
3699
3705
3704
3702
3704
3702
3701
3701
3700
3699
3691
3694
3692
3695
3694
3692
3692
3688
3686
3686
3680
3680
3685
3683
3680
3681
3681
3679
3679
3680
3678
3673
3674
3678
3678
3676
3668
3671
3676
3673
3670
3672
3672
3674
3674
3672
3671
3670
3671
3665
3662
3664
3667
3665
3664
3663
3663
3663
3659
3660
3657
3656
3656
3656
3654
3656
3656
3654
3654
3654
3651
3652
3651
3649
3650
3644
3645
3652
3651
3646
3649
3650
3652
3654
3653
3652
3655
3657
3655
3650
3653
3658
3655
3650
3653
3654
3654
3654
3652
3648
3647
3646
3641
3642
3641
3639
3638
3635
3634
3633
3631
3629
3629
3627
3623
3623
3627
3626
3619
3618
3618
3623
3621
3618
3617
3618
3615
3614
3616
3613
3610
3611
3617
3616
3614
3611
3610
3616
3615
3609
3610
3612
3611
3611
3605
3604
3608
3607
3605
3605
3605
3603
3606
3604
3603
3602
3603
3603
3603
3600
3600
3599
3599
3599
3598
3596
3597
3598
3597
3591
3592
3599
3596
3595
3597
3596
3595
3595
3592
3594
3592
3587
3589
3593
3591
3591
3590
3590
3590
3589
3590
3587
3586
3587
3592
3594
3591
3589
3590
3593
3595
3588
3589
3589
3592
3590
3590
3589
3583
3585
3588
3588
3586
3584
3582
3583
3583
3581
3585
3583
3578
3579
3585
3581
3583
3581
3579
3579
3576
3577
3573
3572
3572
3568
3568
3566
3566
3566
3560
3561
3566
3564
3563
3561
3561
3564
3563
3558
3559
3561
3566
3565
3564
3565
3565
3565
3564
3564
3564
3562
3562
3563
3560
3560
3559
3557
3553
3552
3555
3555
3553
3551
3552
3548
3547
3551
3549
3543
3545
3548
3548
3548
3540
3542
3549
3547
3549
3547
3548
3542
3543
3549
3548
3548
3549
3547
3548
3546
3544
3545
3542
3543
3540
3539
3538
3534
3536
3534
3534
3527
3527
3528
3530
3530
3523
3525
3528
3526
3523
3520
3523
3528
3527
3524
3525
3525
3522
3525
3521
3520
3526
3523
3522
3521
3519
3521
3520
3521
3520
3520
3521
3521
3520
3518
3519
3520
3518
3519
3514
3514
3516
3518
3516
3516
3513
3514
3513
3512
3510
3510
3508
3509
3501
3503
3504
3509
3508
3502
3504
3507
3505
3506
3503
3505
3499
3500
3505
3503
3497
3499
3498
3500
3501
3502
3499
3500
3501
3498
3499
3499
3497
3500
3497
3498
3494
3494
3496
3499
3500
3500
3498
3499
3496
3497
3498
3497
3500
3497
3492
3494
3493
3497
3495
3489
3491
3496
3494
3493
3495
3495
3493
3495
3488
3491
3496
3496
3496
3495
3494
3492
3491
3486
3489
3489
3495
3494
3496
3494
3494
3492
3488
3485
3486
3490
3489
3486
3487
3480
3482
3481
3484
3483
3478
3480
3487
3484
3482
3481
3482
3482
3482
3479
3480
3479
3478
3478
3479
3480
3477
3477
3476
3475
3474
3474
3475
3469
3473
3476
3475
3473
3470
3471
3472
3474
3472
3471
3466
3465
3467
3470
3471
3469
3469
3466
3466
3464
3465
3463
3464
3465
3459
3460
3460
3463
3464
3463
3463
3456
3459
3463
3462
3460
3458
3457
3457
3454
3455
3455
3452
3450
3449
3453
3451
3451
3450
3449
3445
3444
3450
3448
3444
3444
3450
3449
3449
3449
3447
3450
3449
3450
3448
3449
3447
3449
3447
3447
3443
3443
3445
3447
3447
3446
3444
3445
3443
3444
3441
3440
3437
3437
3443
3440
3444
3445
3448
3450
3451
3448
3450
3453
3456
3455
3455
3455
3450
3453
3457
3457
3450
3451
3451
3455
3455
3453
3452
3450
3450
3448
3445
3444
3444
3441
3444
3440
3440
3437
3436
3437
3438
3438
3439
3436
3437
3438
3435
3436
3431
3434
3439
3439
3436
3435
3433
3437
3438
3435
3437
3435
3436
3433
3431
3429
3435
3433
3430
3430
3432
3436
3435
3431
3433
3439
3439
3439
3436
3436
3435
3436
3435
3433
3434
3431
3432
3431
3428
3424
3423
3425
3424
3421
3418
3416
3421
3418
3417
3415
3414
3414
3412
3414
3411
3413
3410
3409
3405
3405
3412
3411
3408
3408
3414
3414
3413
3413
3413
3414
3411
3412
3410
3410
3407
3407
3407
3405
3406
3404
3403
3398
3400
3403
3403
3396
3399
3403
3402
3401
3404
3402
3404
3405
3405
3405
3404
3401
3400
3406
3402
3403
3400
3400
3401
3399
3399
3397
3392
3393
3397
3396
3396
3395
3394
3394
3393
3394
3395
3395
3391
3393
3398
3397
3392
3393
3395
3399
3398
3397
3398
3396
3397
3390
3393
3392
3396
3393
3394
3392
3392
3390
3390
3391
3387
3388
3386
3382
3382
3384
3387
3388
3384
3383
3390
3387
3387
3387
3386
3382
3381
3386
3385
3380
3380
3381
3385
3383
3382
3382
3382
3383
3384
3383
3384
3384
3385
3384
3384
3380
3379
3380
3384
3383
3383
3383
3384
3384
3384
3382
3383
3381
3382
3372
3375
3374
3378
3377
3375
3372
3379
3375
3375
3375
3374
3374
3373
3374
3374
3374
3374
3377
3376
3378
3370
3372
3378
3376
3375
3372
3372
3379
3378
3378
3377
3377
3377
3377
3376
3379
3373
3373
3376
3374
3375
3374
3375
3375
3374
3369
3371
3372
3377
3374
3371
3372
3377
3375
3375
3377
3376
3379
3379
3380
3384
3383
3384
3383
3385
3383
3383
3382
3382
3379
3378
3374
3374
3380
3377
3377
3375
3371
3370
3367
3375
3375
3377
3374
3370
3369
3371
3372
3373
3369
3370
3367
3369
3366
3364
3362
3365
3365
3359
3359
3362
3362
3362
3363
3362
3364
3363
3365
3363
3365
3364
3366
3365
3366
3364
3366
3365
3364
3363
3361
3360
3361
3362
3357
3355
3358
3361
3360
3354
3355
3361
3359
3357
3354
3354
3357
3355
3353
3352
3353
3350
3350
3349
3349
3346
3348
3343
3344
3342
3349
3346
3346
3347
3340
3342
3341
3347
3344
3340
3341
3347
3347
3346
3349
3349
3347
3348
3353
3354
3351
3353
3352
3353
3354
3353
3354
3351
3351
3350
3347
3347
3344
3346
3342
3343
3340
3340
3340
3334
3336
3339
3339
3336
3336
3335
3336
3334
3332
3328
3336
3333
3335
3334
3334
3330
3328
3335
3333
3332
3332
3330
3331
3330
3330
3332
3330
3330
3330
3326
3326
3332
3330
3331
3329
3329
3329
3328
3324
3325
3330
3329
3330
3328
3329
3328
3327
3322
3325
3327
3327
3328
3328
3330
3322
3325
3328
3327
3327
3325
3325
3325
3325
3318
3320
3322
3324
3325
3325
3324
3325
3324
3325
3325
3323
3325
3323
3324
3324
3319
3323
3323
3331
3329
3325
3329
3332
3335
3332
3329
3331
3337
3339
3333
3337
3341
3343
3342
3341
3342
3340
3341
3339
3340
3341
3343
3344
3344
3346
3346
3349
3349
3349
3346
3346
3344
3343
3341
3339
3337
3335
3330
3331
3335
3334
3327
3331
3331
3337
3335
3337
3336
3336
3335
3332
3328
3328
3332
3329
3325
3323
3329
3325
3325
3323
3322
3320
3318
3318
3315
3316
3315
3315
3307
3310
3313
3313
3312
3314
3314
3316
3315
3314
3316
3324
3324
3325
3326
3322
3324
3324
3323
3324
3322
3319
3317
3320
3319
3317
3317
3314
3313
3312
3305
3307
3310
3309
3307
3307
3307
3306
3306
3301
3302
3308
3305
3305
3306
3305
3304
3306
3303
3303
3307
3310
3310
3309
3310
3310
3311
3309
3309
3312
3306
3307
3313
3312
3310
3310
3311
3306
3307
3311
3311
3308
3308
3309
3306
3306
3304
3306
3305
3303
3303
3303
3302
3303
3303
3295
3298
3302
3304
3302
3297
3298
3304
3302
3296
3296
3298
3300
3298
3296
3298
3301
3301
3302
3303
3303
3304
3304
3306
3307
3306
3305
3306
3299
3300
3305
3304
3302
3301
3301
3301
3299
3298
3297
3298
3296
3295
3296
3294
3294
3294
3291
3291
3292
3291
3289
3291
3291
3290
3289
3285
3286
3286
3292
3290
3286
3289
3294
3295
3294
3294
3295
3300
3303
3300
3303
3308
3310
3313
3314
3315
3324
3329
3333
3337
3343
3346
3352
3360
3367
3374
3378
3383
3389
3393
3399
3405
3412
3418
3420
3424
3431
3441
3446
3452
3456
3461
3465
3471
3474
3479
3483
3486
3485
3492
3497
3501
3503
3507
3506
3508
3509
