3510
3509
3509
3509
3507
3507
3506
3498
3500
3497
3499
3496
3488
3489
3491
3487
3481
3478
3474
3475
3473
3469
3465
3463
3460
3456
3453
3450
3443
3440
3444
3441
3436
3435
3433
3429
3428
3425
3424
3421
3420
3419
3415
3414
3408
3406
3408
3407
3406
3401
3399
3398
3396
3393
3391
3390
3387
3385
3379
3380
3384
3380
3379
3378
3377
3374
3372
3372
3369
3366
3364
3363
3358
3357
3360
3358
3353
3351
3351
3355
3354
3347
3348
3352
3349
3344
3342
3342
3345
3342
3342
3337
3338
3338
3335
3333
3334
3326
3327
3333
3329
3328
3327
3326
3325
3325
3323
3323
3321
3322
3322
3321
3319
3320
3319
3319
3316
3317
3317
3315
3315
3315
3310
3310
3311
3314
3312
3306
3308
3312
3310
3308
3308
3307
3307
3309
3302
3302
3309
3306
3305
3300
3300
3303
3300
3296
3297
3297
3302
3299
3298
3298
3298
3296
3296
3295
3296
3293
3294
3294
3293
3292
3293
3293
3292
3291
3288
3288
3292
3291
3291
3285
3286
3291
3289
3282
3283
3288
3288
3285
3282
3283
3287
3285
3280
3283
3283
3286
3287
3285
3284
3286
3285
3286
3284
3283
3284
3283
3283
3282
3283
3284
3284
3285
3286
3281
3285
3288
3288
3287
3282
3281
3284
3283
3282
3282
3280
3277
3276
3280
3279
3279
3277
3276
3278
3277
3275
3276
3276
3274
3276
3276
3274
3273
3273
3278
3278
3279
3279
3278
3279
3280
3280
3280
3275
3275
3279
3279
3278
3278
3278
3278
3275
3277
3278
3280
3275
3274
3279
3277
3270
3271
3273
3276
3275
3274
3274
3269
3268
3272
3274
3273
3269
3270
3277
3276
3275
3277
3278
3277
3277
3277
3276
3276
3276
3277
3277
3275
3274
3274
3267
3268
3273
3275
3274
3270
3272
3278
3277
3272
3274
3275
3279
3277
3277
3278
3278
3277
3278
3277
3278
3274
3277
3274
3274
3271
3270
3272
3276
3274
3274
3274
3272
3273
3275
3275
3273
3274
3275
3274
3274
3276
3276
3278
3279
3278
3274
3278
3280
3281
3282
3280
3282
3287
3288
3284
3285
3288
3294
3295
3290
3292
3300
3299
3299
3300
3303
3303
3303
3303
3304
3304
3306
3306
3307
3308
3308
3310
3311
3311
3310
3312
3314
3314
3314
3311
3313
3313
3319
3320
3316
3318
3324
3324
3321
3321
3326
3331
3332
3329
3331
3339
3340
3341
3345
3346
3348
3347
3352
3354
3355
3357
3359
3362
3363
3365
3369
3369
3372
3373
3378
3378
3384
3387
3384
3391
3393
3400
3403
3399
3404
3412
3415
3419
3423
3425
3425
3430
3441
3443
3447
3450
3451
3454
3460
3463
3465
3464
3469
3473
3479
3483
3485
3486
3490
3493
3495
3498
3503
3502
3506
3512
3513
3516
3523
3528
3535
3541
3545
3549
3550
3555
3561
3570
3572
3578
3583
3588
3592
3597
3598
3603
3614
3619
3617
3624
3633
3639
3644
3648
3652
3660
3664
3663
3672
3677
3688
3695
3702
3706
3715
3723
3729
3736
3744
3744
3751
3759
3765
3768
3774
3780
3785
3791
3797
3802
3811
3816
3822
3831
3837
3841
3850
3863
3869
3874
3878
3885
3897
3906
3908
3918
3931
3936
3944
3951
3960
3970
3976
3983
3992
3999
4009
4016
4021
4030
4045
4051
4057
4066
4071
4079
4087
4093
4100
4106
4112
4122
4134
4142
4149
4158
4167
4176
4185
4189
4199
4211
4220
4227
4237
4246
4253
4262
4271
4281
4291
4300
4310
4320
4328
4340
4352
4357
4369
4386
4395
4406
4411
4424
4437
4450
4454
4468
4480
4495
4505
4517
4526
4539
4546
4558
4568
4580
4595
4603
4611
4621
4629
4640
4650
4658
4668
4680
4689
4699
4706
4719
4722
4736
4752
4761
4770
4782
4787
4798
4808
4824
4832
4837
4848
4867
4873
4883
4892
4901
4909
4919
4929
4937
4946
4955
4966
4973
4984
4992
5002
5010
5020
5029
5036
5047
5052
5064
5070
5080
5085
5087
5096
5108
5113
5119
5125
5130
5133
5139
5148
5152
5150
5158
5165
5173
5176
5179
5186
5189
5195
5194
5206
5215
5227
5238
5244
5253
5265
5273
5284
5293
5303
5314
5324
5328
5342
5355
5366
5376
5378
5391
5408
5416
5426
5435
5442
5445
5452
5465
5472
5479
5488
5492
5502
5511
5517
5526
5530
5535
5543
5549
5551
5560
5564
5568
5575
5580
5587
5594
5600
5604
5606
5615
5625
5630
5634
5636
5643
5652
5654
5652
5661
5667
5676
5679
5682
5690
5697
5700
5707
5709
5719
5721
5731
5735
5738
5744
5746
5751
5758
5760
5765
5767
5772
5776
5778
5781
5780
5776
5782
5790
5790
5787
5792
5796
5810
5814
5811
5822
5836
5836
5847
5853
5859
5870
5875
5878
5888
5899
5908
5915
5919
5927
5934
5938
5948
5957
5960
5965
5975
5978
5985
5991
5997
6004
6011
6015
6022
6025
6027
6035
6048
6056
6059
6061
6063
6076
6076
6073
6081
6084
6091
6094
6096
6096
6092
6096
6099
6108
6111
6114
6119
6122
6125
6129
6133
6135
6140
6142
6144
6143
6146
6149
6148
6151
6151
6151
6155
6153
6154
6152
6149
6150
6157
6158
6155
6157
6165
6171
6175
6180
6182
6189
6190
6186
6193
6197
6205
6207
6208
6215
6216
6221
6224
6228
6233
6229
6238
6248
6251
6254
6262
6264
6269
6274
6269
6279
6285
6286
6290
6286
6294
6301
6305
6307
6312
6313
6308
6310
6313
6312
6313
6313
6308
6308
6311
6313
6315
6315
6312
6312
6312
6314
6313
6310
6312
6312
6312
6312
6308
6304
6297
6294
6288
6280
6275
6267
6261
6258
6247
6244
6249
6246
6232
6234
6232
6235
6232
6225
6222
6230
6228
6224
6225
6222
6214
6217
6225
6222
6223
6226
6226
6227
6227
6230
6232
6234
6235
6237
6235
6237
6247
6250
6248
6255
6252
6251
6253
6248
6248
6252
6248
6245
6243
6242
6245
6240
6240
6241
6237
6235
6234
6235
6236
6227
6227
6237
6234
6232
6234
6229
6227
6227
6219
6219
6217
6219
6215
6210
6210
6216
6215
6209
6210
6213
6222
6221
6225
6228
6228
6232
6230
6228
6229
6231
6224
6222
6218
6214
6210
6207
6205
6199
6192
6187
6193
6190
6184
6183
6184
6183
6186
6184
6186
6187
6187
6186
6190
6189
6190
6191
6188
6193
6189
6186
6188
6195
6195
6188
6192
6191
6197
6198
6189
6190
6195
6191
6193
6190
6188
6191
6193
6193
6194
6188
6190
6187
6194
6194
6191
6194
6190
6190
6191
6188
6186
6183
6181
6175
6172
6170
6173
6169
6167
6165
6162
6162
6159
6158
6154
6150
6146
6150
6146
6141
6138
6136
6132
6126
6126
6123
6122
6121
6117
6113
6111
6112
6109
6107
6103
6093
6090
6091
6090
6087
6073
6069
6075
6067
6063
6060
6055
6054
6046
6046
6041
6040
6031
6028
6036
6031
6022
6023
6022
6025
6020
6019
6019
6011
6010
6008
6009
6003
5995
5992
5996
5991
5988
5985
5982
5972
5969
5976
5971
5965
5963
5967
5966
5964
5965
5963
5960
5963
5962
5958
5959
5955
5955
5952
5950
5952
5949
5946
5943
5939
5941
5939
5936
5932
5932
5931
5926
5920
5918
5917
5916
5904
5900
5899
5899
5890
5882
5878
5879
5877
5871
5863
5861
5853
5848
5846
5839
5833
5830
5825
5821
5816
5806
5803
5805
5799
5794
5781
5781
5785
5778
5775
5769
5766
5762
5757
5755
5746
5737
5737
5736
5734
5731
5720
5718
5723
5718
5718
5713
5710
5707
5705
5701
5700
5695
5697
5691
5688
5685
5682
5677
5675
5671
5669
5667
5665
5658
5659
5659
5658
5647
5645
5641
5648
5645
5638
5640
5628
5633
5628
5630
5630
5626
5625
5623
5620
5617
5615
5612
5608
5608
5606
5603
5601
5597
5595
5593
5587
5577
5575
5578
5571
5565
5562
5556
5550
5549
5542
5537
5535
5531
5525
5520
5518
5514
5513
5504
5501
5497
5501
5497
5486
5484
5491
5484
5479
5474
5470
5471
5468
5463
5459
5455
5453
5448
5437
5436
5438
5432
5422
5420
5417
5416
5412
5400
5395
5398
5392
5384
5382
5380
5373
5368
5367
5361
5359
5359
5354
5347
5346
5349
5345
5343
5340
5339
5335
5337
5332
5329
5326
5320
5316
5314
5309
5305
5302
5298
5297
5291
5283
5285
5288
5284
5280
5278
5271
5270
5272
5273
5271
5270
5264
5264
5263
5260
5260
5256
5244
5245
5247
5242
5236
5231
5229
5234
5229
5226
5225
5222
5222
5216
5210
5210
5212
5210
5207
5202
5201
5194
5192
5195
5189
5182
5180
5174
5170
5168
5162
5158
5146
5143
5144
5137
5135
5126
5125
5113
5110
5111
5107
5102
5099
5095
5090
5088
5079
5078
5081
5079
5075
5072
5066
5060
5058
5052
5047
5042
5037
5035
5027
5025
5030
5025
5020
5012
5009
5010
5006
5001
4996
4993
4986
4981
4978
4972
4962
4957
4959
4954
4950
4946
4943
4938
4936
4930
4930
4928
4925
4922
4917
4915
4914
4912
4908
4905
4903
4895
4894
4899
4897
4885
4884
4883
4886
4883
4881
4876
4867
4868
4867
4867
4861
4859
4855
4853
4850
4845
4839
4837
4839
4836
4827
4824
4827
4825
4819
4817
4814
4803
4804
4808
4802
4801
4797
4793
4792
4790
4788
4782
4781
4779
4775
4771
4771
4763
4761
4765
4763
4758
4758
4754
4750
4750
4748
4748
4743
4737
4738
4742
4737
4730
4730
4733
4731
4728
4730
4725
4725
4725
4721
4719
4718
4714
4714
4708
4706
4708
4708
4705
4701
4703
4701
4697
4691
4691
4688
4688
4683
4674
4672
4676
4670
4667
4665
4665
4655
4656
4657
4655
4653
4650
4648
4645
4640
4639
4638
4634
4631
4624
4621
4619
4620
4615
4613
4606
4606
4604
4603
4599
4597
4594
4590
4587
4585
4579
4571
4571
4571
4568
4560
4556
4557
4557
4553
4551
4549
4540
4541
4542
4542
4539
4537
4538
4536
4535
4535
4532
4529
4526
4523
4526
4523
4518
4515
4514
4510
4508
4508
4504
4505
4501
4499
4496
4495
4486
4487
4488
4482
4482
4476
4472
4471
4468
4467
4463
4456
4454
4453
4454
4452
4441
4440
4447
4443
4440
4436
4435
4431
4431
4430
4428
4423
4423
4422
4424
4423
4421
4419
4414
4413
4417
4419
4415
4409
4409
4413
4410
4409
4405
4404
4402
4401
4401
4398
4390
4391
4391
4395
4391
4390
4387
4385
4385
4382
4383
4379
4378
4378
4375
4375
4373
4370
4370
4369
4364
4359
4360
4363
4360
4358
4355
4355
4352
4349
4347
4344
4340
4336
4333
4336
4335
4330
4329
4322
4321
4318
4321
4319
4310
4307
4315
4310
4307
4306
4302
4299
4298
4295
4291
4291
4288
4283
4277
4276
4279
4276
4275
4271
4271
4269
4263
4256
4258
4262
4256
4254
4253
4251
4247
4241
4243
4240
4237
4238
4235
4227
4228
4232
4230
4227
4223
4221
4221
4218
4211
4212
4215
4212
4211
4206
4205
4210
4209
4207
4207
4205
4202
4202
4196
4196
4200
4198
4197
4195
4192
4190
4190
4187
4188
4186
4183
4180
4179
4180
4173
4172
4177
4176
4173
4171
4172
4170
4168
4169
4168
4160
4158
4158
4164
4159
4151
4152
4157
4153
4150
4150
4150
4146
4146
4146
4143
4138
4135
4135
4140
4139
4137
4135
4131
4130
4130
4127
4126
4117
4117
4123
4120
4117
4117
4116
4116
4114
4113
4111
4106
4104
4104
4108
4105
4102
4102
4101
4099
4100
4096
4094
4094
4091
4081
4082
4081
4082
4079
4077
4075
4073
4071
4068
4062
4060
4065
4065
4062
4058
4053
4053
4051
4053
4053
4046
4044
4047
4044
4043
4042
4038
4037
4036
4034
4031
4032
4029
4027
4026
4027
4019
4018
4025
4021
4019
4019
4015
4015
4015
4012
4011
4011
4006
4003
4009
4010
4005
4006
4002
3998
3999
4003
4002
3997
3998
4004
4000
4001
3997
3998
3996
3997
3996
3995
3994
3994
3993
3993
3992
3990
3991
3988
3987
3983
3982
3980
3979
3975
3969
3967
3966
3968
3967
3963
3963
3960
3962
3962
3956
3956
3960
3960
3959
3956
3953
3947
3948
3951
3947
3947
3944
3944
3942
3941
3936
3933
3939
3934
3932
3931
3929
3928
3927
3920
3921
3923
3920
3916
3912
3911
3916
3914
3912
3909
3910
3909
3907
3905
3905
3910
3909
3907
3906
3905
3905
3901
3901
3900
3900
3896
3898
3895
3894
3888
3887
3894
3890
3884
3884
3883
3887
3883
3883
3882
3880
3879
3880
3876
3877
3874
3874
3873
3870
3870
3869
3869
3869
3869
3864
3863
3872
3867
3868
3863
3861
3867
3863
3864
3861
3861
3858
3860
3853
3854
3859
3854
3852
3849
3850
3852
3850
3843
3845
3848
3845
3846
3842
3842
3840
3836
3837
3833
3831
3832
3829
3829
3827
3824
3823
3827
3827
3825
3826
3824
3824
3823
3822
3822
3821
3818
3815
3821
3817
3816
3813
3815
3807
3807
3810
3809
3806
3805
3801
3802
3799
3800
3797
3797
3796
3793
3791
3791
3789
3789
3785
3786
3781
3781
3783
3785
3785
3780
3779
3783
3782
3777
3774
3774
3778
3777
3774
3774
3771
3772
3769
3768
3767
3764
3765
3760
3763
3760
3761
3759
3755
3755
3761
3757
3756
3753
3753
3750
3749
3749
3747
3741
3744
3742
3749
3743
3744
3740
3735
3736
3737
3739
3740
3737
3738
3736
3735
3731
3728
3730
3733
3735
3734
3736
3735
3738
3735
3732
3731
3737
3733
3734
3731
3730
3730
3728
3721
3720
3727
3724
3721
3719
3718
3711
3710
3712
3710
3709
3706
3705
3703
3702
3701
3699
3691
3692
3690
3692
3690
3690
3688
3686
3686
3686
3685
3684
3680
3682
3680
3680
3677
3678
3677
3673
3672
3676
3678
3674
3676
3674
3677
3676
3673
3671
3679
3675
3676
3673
3673
3666
3668
3670
3671
3667
3666
3665
3664
3665
3661
3660
3654
3655
3655
3660
3660
3662
3662
3663
3663
3661
3661
3659
3665
3662
3658
3658
3659
3657
3656
3657
3657
3653
3653
3658
3656
3654
3653
3650
3649
3648
3644
3645
3648
3647
3649
3645
3646
3644
3642
3642
3639
3639
3637
3637
3635
3637
3630
3633
3634
3638
3635
3637
3633
3633
3632
3631
3627
3630
3626
3627
3625
3624
3615
3618
3618
3620
3618
3611
3613
3616
3616
3612
3609
3609
3616
3614
3614
3613
3613
3611
3613
3611
3611
3608
3608
3615
3611
3611
3609
3608
3606
3608
3606
3604
3602
3598
3595
3600
3598
3596
3595
3592
3589
3591
3592
3593
3591
3592
3586
3587
3586
3592
3588
3589
3587
3581
3581
3583
3585
3584
3583
3582
3582
3580
3581
3579
3581
3579
3578
3580
3578
3578
3577
3578
3577
3575
3577
3575
3576
3574
3575
3572
3572
3576
3575
3570
3569
3572
3571
3571
3567
3567
3566
3566
3565
3564
3564
3563
3564
3556
3559
3565
3563
3563
3563
3561
3556
3557
3564
3563
3561
3564
3561
3558
3557
3562
3559
3558
3556
3555
3551
3552
3554
3553
3554
3549
3549
3548
3546
3546
3546
3546
3544
3545
3543
3543
3541
3542
3536
3539
3543
3541
3540
3533
3535
3536
3535
3534
3532
3534
3530
3531
3529
3530
3527
3525
3526
3526
3526
3525
3527
3520
3522
3526
3526
3526
3525
3524
3526
3524
3519
3519
3520
3522
3523
3521
3520
3516
3516
3518
3519
3519
3520
3519
3520
3519
3512
3513
3516
3519
3519
3517
3517
3512
3511
3510
3514
3515
3512
3512
3506
3507
3509
3512
3509
3510
3508
3509
3507
3508
3509
3509
3511
3511
3512
3510
3510
3509
3507
3506
3508
3500
3502
3505
3504
3498
3497
3499
3502
3501
3499
3500
3499
3499
3501
3497
3500
3498
3498
3495
3494
3495
3498
3498
3497
3497
3497
3496
3497
3495
3494
3489
3490
3494
3492
3492
3490
3490
3486
3485
3490
3488
3489
3488
3488
3487
3486
3485
3486
3481
3484
3486
3488
3489
3485
3489
3487
3489
3487
3488
3488
3482
3483
3486
3486
3479
3479
3482
3484
3484
3479
3478
3482
3478
3479
3478
3478
3477
3477
3475
3476
3474
3475
3474
3473
3471
3468
3471
3475
3473
3473
3471
3471
3476
3472
3472
3471
3469
3468
3468
3464
3461
3467
3462
3463
3461
3459
3460
3458
3457
3457
3456
3455
3454
3455
3454
3450
3449
3456
3455
3449
3450
3449
3454
3454
3447
3449
3453
3454
3452
3452
3453
3452
3452
3448
3449
3449
3447
3449
3440
3443
3447
3448
3447
3451
3451
3452
3454
3453
3454
3452
3452
3451
3450
3448
3447
3450
3451
3452
3452
3452
3451
3447
3446
3453
3448
3449
3448
3448
3441
3444
3446
3446
3443
3442
3440
3441
3438
3433
3433
3438
3437
3434
3428
3430
3435
3431
3431
3429
3430
3428
3429
3428
3426
3423
3423
3429
3428
3426
3423
3421
3427
3425
3426
3423
3424
3423
3421
3423
3421
3421
3422
3421
3420
3421
3419
3419
3420
3420
3414
3414
3414
3418
3417
3413
3415
3418
3416
3415
3409
3412
3418
3416
3407
3409
3412
3414
3413
3413
3411
3413
3411
3407
3406
3409
3414
3413
3414
3413
3415
3413
3413
3409
3407
3414
3413
3415
3414
3413
3410
3412
3414
3416
3413
3413
3413
3411
3410
3411
3408
3408
3405
3406
3404
3404
3402
3404
3402
3402
3404
3404
3403
3405
3405
3404
3405
3411
3409
3406
3407
3408
3410
3410
3406
3408
3405
3407
3406
3402
3402
3406
3405
3403
3402
3400
3401
3399
3395
3393
3399
3396
3396
3393
3395
3393
3393
3391
3392
3385
3388
3387
3390
3389
3389
3389
3387
3387
3387
3387
3386
3388
3385
3385
3384
3384
3383
3383
3382
3383
3378
3379
3384
3385
3383
3379
3379
3385
3383
3380
3379
3384
3385
3386
3380
3383
3387
3387
3386
3385
3384
3380
3380
3384
3383
3381
3382
3380
3380
3378
3378
3377
3377
3375
3374
3376
3373
3376
3374
3371
3369
3375
3372
3372
3372
3370
3371
3369
3365
3364
3366
3370
3367
3369
3366
3362
3361
3366
3366
3365
3366
3363
3361
3360
3368
3365
3366
3365
3366
3365
3367
3365
3366
3364
3366
3365
3367
3365
3362
3363
3367
3365
3366
3367
3366
3366
3367
3370
3369
3371
3370
3370
3364
3365
3371
3367
3366
3363
3364
3358
3358
3363
3362
3361
3360
3363
3367
3367
3367
3368
3366
3366
3366
3365
3363
3366
3363
3361
3361
3364
3368
3366
3368
3366
3361
3361
3366
3366
3364
3364
3363
3364
3364
3357
3356
3355
3360
3358
3351
3352
3357
3355
3354
3355
3353
3354
3352
3350
3351
3349
3347
3348
3346
3346
3347
3344
3345
3344
3345
3341
3342
3347
3346
3341
3345
3345
3351
3349
3345
3347
3351
3351
3350
3350
3350
3348
3347
3347
3346
3344
3346
3346
3344
3345
3344
3343
3340
3341
3341
3345
3343
3338
3339
3343
3342
3342
3340
3341
3337
3336
3341
3340
3334
3336
3334
3340
3337
3337
3337
3337
3336
3337
3336
3335
3337
3339
3337
3337
3338
3337
3335
3333
3332
3336
3334
3329
3329
3329
3333
3331
3331
3331
3327
3329
3329
3323
3325
3325
3324
3331
3328
3327
3328
3326
3327
3325
3326
3325
3324
3326
3325
3324
3323
3322
3324
3323
3324
3326
3325
3326
3325
3323
3326
3324
3325
3324
3324
3324
3325
3320
3322
3326
3325
3325
3324
3325
3324
3323
3319
3318
3321
3323
3324
3320
3319
3325
3323
3319
3319
3318
3322
3323
3315
3318
3324
3322
3322
3318
3319
3321
3319
3321
3326
3323
3326
3327
3327
3329
3326
3328
3333
3333
3331
3332
3330
3329
3329
3323
3323
3324
3326
3324
3320
3321
3327
3328
3329
3328
3330
3331
3331
3332
3332
3330
3329
3327
3327
3326
3325
3324
3318
3316
3317
3318
3318
3315
3313
3313
3312
3308
3306
3304
3309
3310
3307
3306
3305
3302
3305
3308
3307
3307
3307
3302
3303
3305
3308
3310
3312
3313
3313
3315
3314
3312
3314
3311
3310
3310
3307
3306
3307
3306
3305
3305
3300
3301
3308
3304
3304
3300
3299
3303
3303
3300
3301
3302
3297
3298
3303
3300
3295
3296
3298
3300
3299
3296
3298
3302
3304
3301
3305
3303
3302
3303
3300
3300
3301
3301
3301
3299
3299
3301
3299
3297
3300
3299
3302
3298
3298
3301
3298
3298
3298
3298
3298
3300
3297
3296
3296
3300
3299
3298
3298
3296
3293
3295
3298
3298
3298
3296
3297
3292
3290
3296
3294
3289
3292
3291
3296
3296
3294
3296
3296
3296
3297
3295
3296
3297
3296
3290
3291
3294
3294
3294
3294
3293
3290
3290
3296
3296
3292
3293
3293
3288
3288
3294
3293
3294
3294
3295
3296
3293
3295
3294
3293
3292
3290
3288
3288
3287
3286
3285
3283
3284
3285
3283
3277
3280
3282
3282
3281
3282
3283
3286
3287
3283
3286
3288
3289
3289
3283
3283
3288
3286
3280
3281
3280
3286
3286
3284
3283
3284
3283
3282
3283
3284
3278
3281
3286
3284
3284
3285
3283
3284
3282
3282
3281
3278
3279
3281
3284
3286
3285
3285
3283
3281
3282
3286
3285
3282
3282
3281
3279
3279
3279
3277
3272
3272
3279
3276
3275
3275
3274
3275
3273
3267
3270
3274
3273
3272
3268
3269
3272
3273
3272
3270
3269
3271
3272
3272
3272
3273
3275
3276
3279
3282
3280
3282
3289
3288
3287
3286
3285
3284
3281
3280
3280
3278
3278
3279
3278
3276
3272
3272
3277
3276
3271
3271
3274
3279
3280
3280
3280
3282
3283
3283
3284
3282
3278
3278
3280
3280
3277
3277
3275
3272
3273
3277
3275
3275
3273
3272
3272
3272
3265
3269
3273
3272
3271
3272
3271
3273
3271
3270
3271
3270
3267
3268
3268
3268
3269
3271
3264
3268
3270
3275
3275
3272
3272
3276
3275
3272
3273
3274
3270
3272
3277
3275
3276
3274
3274
3273
3272
3270
3271
3270
3270
3269
3268
3267
3265
3265
3265
3266
3265
3264
3267
3266
3268
3263
3265
3267
3268
3266
3264
3262
3267
3266
3262
3262
3265
3272
3272
3275
3277
3274
3279
3283
3292
3296
3296
3303
3313
3316
3324
3328
3332
3339
3344
3345
3354
3362
3367
3373
3377
3383
3388
3392
3398
3405
3409
3414
3421
3418
3425
3438
3438
3442
3445
3447
3457
3459
3463
3467
3466
3468
3471
3476
3476
3477
3476
