3478
3476
3474
3471
3469
3474
3471
3468
3467
3464
3461
3460
3457
3454
3451
3450
3446
3444
3441
3439
3433
3432
3429
3420
3420
3415
3418
3413
3409
3408
3403
3400
3396
3391
3390
3391
3387
3381
3378
3379
3378
3374
3372
3368
3361
3361
3364
3362
3360
3356
3356
3355
3351
3350
3348
3345
3343
3339
3334
3336
3338
3335
3335
3332
3330
3333
3331
3327
3329
3328
3327
3327
3322
3322
3325
3323
3319
3318
3320
3320
3318
3316
3314
3312
3310
3307
3307
3303
3302
3300
3297
3297
3290
3290
3289
3292
3291
3289
3287
3289
3287
3284
3285
3285
3290
3290
3289
3288
3289
3286
3287
3288
3285
3282
3282
3286
3285
3282
3281
3280
3274
3274
3278
3277
3277
3274
3276
3277
3274
3270
3271
3277
3278
3276
3276
3276
3274
3272
3268
3267
3266
3271
3270
3263
3267
3271
3270
3268
3266
3265
3266
3266
3260
3262
3266
3263
3262
3261
3262
3261
3260
3257
3258
3257
3256
3257
3255
3255
3252
3254
3253
3252
3253
3253
3254
3254
3253
3254
3255
3254
3255
3253
3253
3253
3247
3250
3251
3252
3253
3253
3250
3246
3248
3249
3251
3252
3245
3247
3250
3248
3244
3242
3244
3249
3246
3247
3246
3241
3242
3245
3247
3246
3247
3244
3245
3245
3244
3241
3242
3237
3237
3241
3240
3238
3238
3238
3236
3237
3235
3236
3237
3237
3236
3231
3232
3238
3238
3233
3237
3239
3242
3243
3242
3241
3241
3241
3240
3238
3238
3239
3238
3232
3235
3241
3240
3239
3240
3239
3237
3240
3239
3238
3238
3238
3240
3234
3232
3238
3237
3235
3236
3235
3230
3231
3238
3234
3229
3232
3233
3237
3235
3231
3234
3241
3237
3238
3239
3239
3238
3236
3238
3238
3236
3237
3238
3236
3235
3238
3238
3236
3238
3237
3234
3238
3244
3243
3245
3248
3248
3250
3254
3250
3250
3257
3255
3249
3251
3251
3254
3254
3255
3255
3253
3253
3254
3254
3253
3253
3254
3249
3250
3252
3255
3253
3253
3252
3254
3253
3251
3250
3250
3255
3255
3249
3250
3256
3254
3253
3254
3255
3253
3254
3260
3261
3262
3261
3262
3264
3265
3264
3265
3268
3270
3270
3271
3275
3276
3278
3279
3282
3284
3284
3286
3285
3288
3296
3296
3297
3297
3299
3304
3306
3306
3306
3304
3306
3309
3315
3318
3319
3320
3318
3320
3321
3327
3329
3331
3333
3336
3338
3341
3343
3345
3348
3350
3350
3354
3356
3357
3358
3362
3364
3359
3366
3374
3374
3378
3382
3384
3386
3391
3397
3401
3403
3408
3409
3410
3415
3418
3422
3420
3425
3430
3435
3438
3437
3440
3450
3451
3456
3456
3461
3470
3471
3476
3480
3483
3486
3490
3493
3499
3503
3506
3511
3515
3519
3521
3525
3535
3539
3542
3549
3554
3558
3565
3568
3575
3580
3584
3588
3593
3596
3608
3613
3613
3621
3631
3634
3642
3647
3655
3660
3666
3674
3681
3686
3692
3699
3707
3714
3714
3724
3733
3744
3750
3752
3761
3772
3779
3786
3792
3800
3806
3813
3823
3827
3836
3843
3851
3860
3866
3871
3877
3894
3900
3909
3915
3924
3929
3939
3952
3959
3969
3975
3985
3991
4001
4003
4016
4029
4040
4045
4055
4062
4072
4079
4083
4092
4104
4113
4122
4126
4135
4149
4157
4168
4175
4185
4193
4204
4205
4218
4232
4240
4248
4256
4268
4275
4286
4294
4305
4313
4324
4331
4342
4351
4361
4368
4378
4384
4394
4396
4409
4421
4430
4432
4447
4454
4471
4477
4490
4497
4507
4517
4525
4534
4546
4554
4567
4570
4583
4599
4608
4618
4622
4634
4649
4658
4660
4670
4679
4696
4702
4713
4722
4731
4740
4749
4760
4768
4778
4786
4790
4799
4813
4817
4824
4832
4837
4841
4849
4862
4869
4875
4883
4888
4895
4903
4905
4918
4928
4937
4947
4954
4966
4974
4981
4993
4999
5011
5018
5029
5038
5048
5057
5067
5076
5087
5097
5109
5118
5120
5135
5146
5158
5168
5176
5186
5188
5198
5211
5218
5226
5230
5238
5255
5261
5271
5283
5293
5299
5309
5327
5335
5342
5352
5368
5377
5390
5400
5407
5418
5425
5435
5439
5448
5449
5459
5472
5478
5486
5491
5499
5501
5510
5514
5523
5530
5536
5542
5548
5555
5559
5564
5568
5577
5582
5591
5596
5594
5600
5608
5612
5607
5613
5618
5623
5625
5627
5633
5635
5638
5643
5647
5653
5667
5671
5674
5682
5698
5709
5717
5722
5730
5738
5749
5758
5765
5773
5780
5788
5794
5805
5811
5817
5826
5832
5839
5843
5850
5861
5868
5868
5877
5885
5896
5903
5905
5912
5923
5931
5935
5942
5945
5951
5956
5964
5966
5975
5978
5987
5988
5998
6002
6006
6005
6010
6018
6029
6034
6034
6036
6047
6047
6049
6052
6055
6053
6058
6066
6065
6062
6059
6055
6049
6048
6045
6042
6044
6043
6047
6043
6051
6062
6066
6072
6080
6083
6087
6087
6087
6088
6098
6099
6098
6099
6099
6096
6094
6092
6090
6085
6084
6082
6080
6079
6082
6082
6074
6078
6077
6084
6088
6090
6093
6088
6097
6106
6111
6115
6114
6122
6133
6139
6144
6150
6153
6159
6161
6162
6166
6178
6180
6183
6186
6191
6189
6193
6205
6205
6207
6207
6211
6216
6224
6226
6233
6227
6232
6235
6238
6240
6233
6231
6218
6221
6216
6218
6214
6211
6206
6197
6199
6199
6199
6197
6199
6197
6198
6197
6197
6196
6200
6195
6199
6191
6192
6203
6200
6202
6202
6208
6205
6209
6212
6212
6212
6208
6210
6215
6217
6212
6216
6224
6224
6227
6221
6224
6233
6235
6237
6237
6239
6239
6238
6234
6234
6233
6227
6225
6218
6218
6219
6217
6214
6209
6207
6203
6200
6192
6192
6197
6194
6191
6189
6185
6181
6175
6165
6162
6165
6162
6157
6156
6150
6148
6149
6149
6149
6148
6145
6146
6147
6148
6149
6150
6144
6151
6153
6157
6157
6160
6160
6157
6158
6163
6167
6164
6157
6157
6160
6156
6150
6151
6149
6148
6145
6140
6137
6144
6136
6138
6135
6134
6131
6134
6138
6137
6136
6139
6137
6139
6137
6138
6136
6137
6136
6135
6131
6133
6129
6128
6122
6122
6123
6128
6129
6128
6128
6128
6128
6127
6131
6128
6129
6129
6120
6122
6128
6126
6125
6120
6118
6125
6121
6109
6111
6108
6112
6111
6101
6105
6108
6104
6105
6103
6103
6099
6101
6098
6094
6094
6090
6090
6084
6084
6082
6077
6075
6073
6071
6066
6068
6063
6062
6053
6052
6054
6058
6052
6049
6043
6053
6047
6039
6038
6033
6035
6030
6027
6022
6019
6013
6007
6002
5998
5995
5987
5984
5978
5971
5965
5962
5967
5962
5960
5959
5956
5955
5950
5950
5946
5947
5947
5946
5948
5949
5942
5948
5952
5953
5946
5946
5953
5955
5957
5956
5956
5955
5954
5955
5953
5956
5954
5955
5945
5947
5953
5948
5946
5939
5937
5930
5928
5916
5913
5911
5908
5903
5897
5893
5887
5883
5880
5875
5875
5866
5860
5863
5852
5841
5839
5833
5830
5826
5823
5818
5808
5806
5803
5803
5798
5794
5789
5785
5781
5779
5774
5774
5770
5767
5767
5762
5758
5756
5752
5745
5742
5744
5738
5724
5726
5726
5725
5722
5715
5714
5718
5713
5712
5710
5707
5703
5702
5703
5699
5698
5699
5698
5689
5689
5695
5689
5684
5683
5680
5674
5673
5670
5665
5664
5662
5659
5659
5656
5654
5652
5651
5649
5642
5641
5640
5644
5643
5641
5639
5630
5629
5627
5622
5615
5604
5603
5602
5594
5591
5588
5582
5577
5577
5568
5567
5572
5570
5568
5559
5557
5558
5553
5549
5544
5539
5531
5528
5525
5518
5513
5507
5500
5496
5490
5487
5483
5479
5478
5468
5463
5464
5468
5462
5460
5460
5454
5452
5449
5447
5447
5439
5439
5444
5443
5433
5429
5427
5430
5428
5416
5418
5420
5410
5406
5398
5393
5393
5387
5384
5380
5376
5371
5368
5366
5364
5360
5360
5354
5351
5349
5352
5348
5343
5339
5336
5333
5329
5326
5322
5318
5317
5314
5312
5306
5301
5300
5308
5302
5293
5294
5300
5299
5295
5293
5294
5291
5289
5283
5282
5281
5275
5269
5258
5258
5264
5255
5249
5245
5243
5243
5237
5235
5228
5218
5215
5213
5213
5208
5207
5202
5196
5194
5193
5190
5186
5179
5177
5181
5176
5173
5167
5162
5157
5153
5148
5142
5135
5133
5132
5132
5130
5128
5123
5120
5120
5116
5115
5111
5101
5101
5102
5097
5091
5086
5083
5074
5069
5073
5068
5063
5060
5056
5050
5045
5045
5042
5038
5033
5032
5026
5023
5024
5021
5014
5013
5015
5016
5011
5006
5005
5005
5001
4999
4999
4993
4992
4992
4982
4982
4986
4983
4980
4972
4971
4974
4969
4966
4965
4961
4958
4955
4948
4946
4948
4944
4941
4937
4935
4932
4927
4926
4925
4918
4915
4912
4908
4906
4902
4895
4887
4885
4885
4880
4880
4875
4873
4865
4863
4866
4862
4860
4852
4851
4856
4852
4851
4849
4846
4841
4841
4838
4832
4830
4826
4822
4818
4814
4811
4806
4802
4800
4797
4793
4789
4780
4779
4783
4778
4775
4774
4768
4764
4762
4760
4756
4754
4748
4742
4739
4735
4735
4732
4723
4719
4723
4719
4711
4707
4704
4704
4699
4698
4695
4691
4685
4683
4686
4684
4683
4678
4675
4672
4671
4673
4671
4668
4665
4663
4660
4657
4658
4652
4650
4651
4648
4646
4644
4636
4635
4640
4638
4638
4636
4632
4634
4632
4627
4628
4627
4626
4617
4615
4615
4613
4611
4608
4603
4600
4596
4595
4588
4585
4589
4585
4584
4579
4577
4576
4571
4564
4563
4566
4562
4559
4558
4558
4547
4548
4552
4547
4546
4544
4541
4537
4536
4530
4530
4527
4523
4523
4521
4519
4513
4511
4514
4510
4502
4502
4502
4505
4501
4498
4496
4495
4492
4491
4489
4488
4488
4485
4486
4481
4481
4480
4476
4469
4468
4468
4466
4457
4453
4452
4456
4450
4445
4443
4431
4432
4431
4430
4427
4425
4420
4420
4416
4411
4410
4405
4402
4397
4394
4393
4389
4385
4383
4381
4375
4375
4373
4363
4362
4364
4367
4364
4363
4361
4353
4354
4358
4357
4356
4350
4351
4357
4354
4346
4347
4344
4346
4345
4344
4338
4338
4337
4333
4331
4330
4329
4325
4325
4325
4324
4321
4319
4315
4315
4317
4317
4314
4311
4307
4308
4305
4304
4305
4295
4296
4297
4300
4298
4296
4293
4287
4288
4289
4290
4288
4283
4282
4285
4283
4277
4274
4271
4274
4270
4267
4263
4262
4262
4259
4258
4257
4255
4256
4254
4254
4253
4251
4248
4246
4244
4240
4238
4231
4230
4229
4232
4230
4221
4222
4224
4222
4220
4216
4218
4210
4206
4213
4210
4208
4206
4202
4199
4198
4194
4193
4186
4183
4183
4188
4182
4181
4180
4171
4174
4172
4173
4172
4163
4163
4169
4165
4161
4158
4155
4160
4159
4156
4154
4155
4151
4150
4152
4148
4148
4146
4145
4145
4142
4141
4140
4137
4137
4135
4132
4131
4130
4128
4126
4125
4118
4118
4122
4121
4117
4110
4110
4115
4111
4109
4111
4111
4113
4110
4105
4108
4113
4110
4110
4104
4103
4102
4098
4093
4092
4095
4090
4088
4085
4081
4076
4075
4079
4077
4074
4073
4072
4068
4068
4059
4059
4059
4058
4055
4054
4053
4053
4052
4046
4048
4048
4046
4047
4039
4039
4045
4040
4039
4037
4035
4033
4031
4030
4029
4026
4026
4023
4016
4016
4020
4018
4009
4009
4008
4010
4007
4007
4005
4001
4002
3999
4002
3998
3996
3995
3988
3989
3990
3991
3991
3988
3989
3985
3983
3990
3989
3986
3987
3986
3985
3982
3983
3980
3978
3973
3970
3974
3972
3968
3968
3966
3966
3965
3962
3962
3958
3959
3952
3954
3953
3956
3956
3949
3950
3957
3951
3951
3951
3951
3951
3949
3948
3948
3942
3940
3941
3945
3941
3937
3938
3930
3928
3928
3929
3929
3928
3925
3924
3920
3920
3918
3916
3909
3909
3915
3910
3911
3909
3907
3908
3905
3905
3903
3901
3902
3901
3899
3898
3897
3894
3894
3892
3892
3885
3882
3887
3881
3876
3874
3876
3878
3873
3873
3872
3870
3866
3862
3861
3859
3866
3862
3857
3857
3862
3856
3856
3854
3852
3850
3847
3849
3846
3844
3842
3841
3836
3836
3839
3839
3835
3834
3834
3828
3827
3830
3831
3828
3827
3827
3826
3824
3823
3822
3821
3824
3820
3822
3819
3820
3816
3813
3812
3817
3816
3816
3816
3816
3810
3809
3817
3812
3813
3809
3809
3807
3807
3799
3800
3802
3804
3805
3798
3800
3803
3803
3800
3799
3798
3798
3796
3797
3795
3795
3793
3792
3790
3792
3790
3791
3791
3791
3786
3784
3785
3787
3785
3777
3778
3781
3779
3777
3774
3771
3777
3776
3774
3770
3771
3772
3770
3769
3771
3766
3765
3768
3769
3769
3766
3767
3763
3764
3762
3762
3763
3760
3762
3759
3760
3758
3758
3755
3750
3750
3753
3754
3750
3748
3747
3746
3745
3741
3741
3747
3744
3739
3739
3735
3741
3739
3739
3735
3728
3729
3727
3731
3728
3726
3726
3727
3727
3724
3726
3723
3724
3725
3721
3722
3727
3725
3727
3725
3724
3722
3723
3720
3720
3719
3720
3719
3721
3718
3712
3713
3717
3716
3715
3707
3710
3713
3712
3705
3707
3704
3707
3705
3702
3702
3699
3700
3698
3698
3696
3697
3695
3693
3691
3690
3688
3688
3682
3681
3686
3685
3682
3681
3678
3675
3675
3680
3676
3672
3671
3671
3673
3673
3671
3671
3670
3670
3668
3671
3669
3666
3665
3670
3670
3663
3666
3667
3672
3670
3664
3663
3671
3665
3665
3662
3662
3660
3664
3661
3664
3662
3664
3661
3661
3659
3659
3656
3654
3654
3652
3652
3652
3649
3646
3646
3647
3645
3647
3648
3645
3644
3650
3652
3648
3648
3648
3650
3650
3649
3648
3647
3644
3644
3641
3641
3635
3634
3638
3636
3635
3634
3635
3627
3629
3635
3632
3629
3630
3627
3624
3622
3627
3627
3624
3623
3623
3623
3622
3619
3618
3624
3622
3622
3621
3623
3620
3622
3621
3622
3616
3615
3613
3619
3616
3617
3613
3611
3612
3610
3616
3613
3613
3612
3614
3611
3612
3611
3611
3608
3609
3606
3606
3604
3603
3603
3600
3599
3595
3593
3601
3599
3598
3598
3598
3597
3597
3596
3592
3593
3589
3589
3592
3591
3583
3585
3585
3586
3585
3581
3579
3585
3582
3579
3579
3577
3583
3581
3577
3580
3586
3586
3584
3585
3583
3584
3582
3581
3581
3576
3576
3575
3578
3575
3575
3573
3573
3570
3572
3568
3568
3565
3567
3562
3564
3562
3563
3561
3560
3560
3559
3559
3557
3558
3555
3557
3555
3550
3552
3556
3554
3555
3549
3548
3553
3552
3552
3550
3550
3544
3545
3547
3547
3545
3545
3544
3543
3543
3538
3540
3545
3544
3539
3542
3540
3546
3545
3544
3542
3544
3542
3542
3540
3540
3539
3538
3537
3537
3535
3533
3532
3537
3538
3536
3538
3538
3536
3538
3534
3535
3538
3537
3537
3536
3537
3530
3531
3535
3532
3531
3530
3529
3530
3527
3529
3527
3528
3525
3526
3524
3525
3526
3525
3525
3525
3525
3524
3523
3519
3516
3522
3519
3515
3513
3517
3516
3517
3515
3518
3510
3513
3515
3517
3513
3511
3510
3516
3514
3513
3511
3512
3510
3510
3508
3510
3508
3508
3505
3505
3505
3504
3506
3503
3504
3504
3503
3502
3497
3497
3502
3500
3492
3494
3493
3497
3496
3495
3495
3489
3492
3492
3495
3494
3494
3492
3487
3488
3494
3490
3491
3490
3491
3489
3492
3492
3493
3490
3492
3488
3490
3489
3490
3486
3486
3482
3483
3484
3485
3484
3482
3474
3476
3473
3479
3478
3479
3478
3474
3474
3477
3480
3481
3480
3482
3476
3479
3481
3486
3484
3485
3485
3481
3482
3488
3485
3486
3484
3485
3481
3481
3478
3479
3477
3477
3475
3474
3472
3473
3471
3470
3468
3469
3464
3466
3466
3466
3462
3464
3464
3468
3468
3464
3464
3468
3466
3465
3461
3461
3464
3464
3459
3458
3461
3462
3462
3459
3460
3452
3454
3459
3457
3457
3456
3454
3454
3455
3454
3455
3452
3453
3453
3451
3449
3450
3448
3448
3450
3448
3445
3445
3452
3449
3450
3448
3449
3449
3448
3447
3449
3447
3449
3448
3449
3450
3447
3446
3452
3449
3449
3447
3447
3441
3442
3447
3444
3443
3443
3442
3442
3443
3442
3443
3444
3446
3446
3447
3447
3441
3441
3446
3444
3442
3439
3439
3444
3442
3440
3441
3435
3436
3439
3442
3443
3438
3439
3444
3442
3441
3437
3436
3442
3440
3438
3438
3436
3434
3434
3432
3430
3430
3428
3424
3426
3425
3423
3425
3418
3416
3423
3422
3419
3417
3417
3419
3420
3418
3417
3415
3414
3412
3417
3417
3415
3418
3421
3421
3423
3426
3425
3427
3429
3428
3428
3429
3428
3428
3428
3425
3423
3422
3420
3415
3416
3418
3417
3418
3416
3411
3411
3409
3414
3414
3407
3409
3411
3411
3410
3408
3407
3403
3402
3409
3406
3406
3407
3404
3406
3404
3405
3406
3404
3405
3405
3401
3402
3407
3408
3406
3407
3408
3407
3407
3408
3407
3406
3407
3403
3401
3403
3406
3404
3403
3402
3400
3398
3398
3399
3398
3391
3393
3398
3397
3396
3393
3392
3393
3392
3392
3392
3387
3389
3387
3392
3390
3387
3388
3384
3382
3384
3387
3385
3384
3383
3382
3383
3384
3379
3381
3383
3384
3379
3381
3383
3385
3384
3382
3384
3381
3384
3379
3380
3383
3388
3387
3388
3387
3386
3386
3386
3386
3385
3383
3384
3377
3379
3382
3385
3381
3382
3383
3379
3383
3383
3383
3384
3380
3380
3385
3382
3382
3383
3382
3379
3380
3383
3384
3382
3382
3382
3380
3379
3380
3377
3379
3379
3378
3378
3379
3378
3378
3372
3375
3381
3380
3383
3378
3380
3384
3383
3377
3376
3377
3380
3379
3377
3378
3372
3374
3379
3379
3380
3380
3377
3379
3379
3376
3377
3378
3376
3377
3371
3373
3378
3375
3374
3370
3371
3375
3372
3373
3369
3367
3368
3365
3365
3361
3358
3357
3362
3360
3358
3358
3355
3357
3357
3351
3354
3355
3358
3359
3354
3355
3360
3361
3356
3356
3357
3362
3362
3361
3361
3361
3362
3361
3363
3362
3361
3361
3360
3360
3358
3357
3357
3355
3356
3351
3350
3357
3355
3354
3353
3351
3352
3349
3342
3346
3342
3346
3345
3339
3340
3344
3345
3344
3343
3345
3343
3345
3344
3345
3346
3343
3344
3343
3344
3343
3341
3339
3339
3341
3345
3347
3347
3345
3347
3346
3344
3343
3343
3345
3346
3345
3345
3346
3344
3344
3339
3339
3343
3338
3339
3338
3336
3337
3335
3331
3331
3335
3336
3335
3333
3337
3341
3341
3338
3338
3344
3342
3342
3342
3342
3340
3342
3341
3341
3342
3341
3341
3343
3340
3340
3341
3340
3341
3338
3335
3335
3338
3339
3335
3336
3335
3329
3331
3335
3333
3333
3332
3332
3331
3333
3329
3327
3333
3330
3329
3329
3327
3322
3321
3326
3326
3322
3324
3322
3323
3323
3321
3322
3320
3319
3320
3318
3319
3317
3315
3321
3320
3318
3320
3318
3318
3316
3318
3316
3314
3317
3317
3317
3316
3318
3319
3313
3316
3316
3321
3323
3317
3318
3323
3321
3320
3319
3318
3316
3317
3313
3316
3321
3321
3322
3322
3323
3320
3319
3324
3323
3322
3315
3317
3321
3318
3317
3316
3313
3310
3309
3314
3313
3312
3315
3316
3317
3318
3319
3319
3316
3317
3318
3317
3316
3316
3315
3311
3311
3319
3317
3318
3316
3316
3317
3316
3316
3317
3311
3312
3315
3318
3317
3316
3317
3315
3314
3315
3313
3312
3312
3311
3304
3306
3305
3307
3306
3304
3303
3298
3299
3303
3303
3303
3299
3299
3307
3305
3305
3305
3304
3304
3300
3304
3303
3306
3307
3308
3307
3312
3318
3319
3313
3316
3319
3318
3316
3315
3314
3312
3311
3312
3309
3309
3310
3308
3307
3306
3301
3302
3304
3307
3306
3303
3305
3303
3304
3302
3303
3302
3297
3298
3302
3301
3304
3301
3301
3297
3297
3301
3299
3297
3296
3297
3302
3300
3298
3298
3298
3296
3290
3291
3291
3294
3295
3292
3291
3287
3288
3288
3293
3292
3291
3291
3290
3291
3289
3290
3288
3288
3288
3287
3285
3285
3284
3284
3282
3279
3285
3282
3277
3277
3278
3283
3280
3275
3277
3280
3281
3279
3278
3278
3279
3279
3278
3279
3278
3280
3278
3278
3278
3273
3275
3281
3279
3282
3279
3279
3281
3278
3277
3278
3276
3277
3278
3277
3278
3273
3274
3280
3280
3279
3275
3274
3280
3278
3276
3276
3274
3269
3271
3276
3275
3278
3280
3280
3280
3278
3278
3280
3278
3278
3275
3273
3275
3278
3277
3278
3279
3272
3274
3272
3276
3276
3276
3274
3270
3270
3272
3275
3273
3272
3274
3275
3274
3276
3277
3275
3276
3276
3275
3276
3275
3274
3274
3268
3270
3273
3271
3266
3267
3268
3270
3269
3269
3269
3269
3267
3269
3267
3266
3265
3267
3267
3266
3263
3265
3264
3269
3268
3267
3267
3262
3263
3266
3267
3267
3268
3266
3260
3263
3265
3266
3264
3264
3265
3264
3263
3263
3263
3262
3260
3263
3262
3261
3262
3262
3261
3261
3261
3257
3255
3264
3263
3262
3264
3264
3260
3262
3266
3265
3265
3264
3263
3259
3258
3263
3264
3257
3258
3263
3264
3263
3263
3261
3260
3261
3259
3259
3259
3256
3257
3252
3252
3258
3256
3254
3256
3254
3250
3250
3255
3253
3254
3252
3253
3251
3250
3255
3256
3253
3252
3252
3252
3251
3253
3250
3254
3254
3252
3254
3254
3254
3255
3247
3250
3249
3252
3253
3251
3251
3251
3249
3252
3252
3252
3254
3252
3253
3253
3249
3252
3251
3250
3253
3249
3251
3257
3256
3255
3251
3252
3254
3254
3256
3253
3253
3252
3254
3254
3252
3249
3251
3257
3258
3258
3258
3260
3265
3268
3263
3268
3272
3278
3281
3282
3287
3296
3301
3299
3304
3311
3321
3324
3325
3333
3344
3347
3352
3358
3364
3369
3375
3379
3386
3391
3398
3401
3406
3412
3418
3422
3428
3431
3436
3437
3440
3450
3452
3454
3459
3459
3459
3461
