3467
3465
3466
3467
3467
3463
3463
3462
3461
3461
3458
3452
3452
3449
3452
3448
3446
3444
3434
3434
3430
3434
3430
3425
3424
3419
3418
3413
3411
3410
3405
3402
3401
3398
3395
3392
3391
3385
3384
3386
3383
3382
3378
3376
3370
3366
3371
3366
3364
3363
3357
3353
3350
3352
3349
3341
3339
3342
3339
3337
3335
3331
3330
3329
3326
3324
3325
3320
3319
3318
3316
3314
3313
3312
3310
3310
3310
3308
3310
3307
3303
3305
3306
3311
3308
3303
3305
3309
3309
3307
3302
3303
3304
3305
3303
3300
3301
3298
3299
3295
3294
3290
3288
3293
3291
3290
3289
3287
3287
3287
3280
3281
3280
3283
3284
3281
3280
3280
3279
3279
3278
3275
3273
3272
3277
3276
3276
3275
3274
3275
3274
3270
3274
3279
3281
3281
3280
3280
3281
3279
3278
3278
3276
3276
3274
3272
3272
3267
3265
3269
3269
3265
3260
3262
3265
3263
3265
3263
3260
3261
3258
3255
3256
3259
3260
3256
3255
3256
3253
3253
3248
3247
3253
3251
3249
3250
3249
3243
3245
3250
3250
3251
3252
3252
3255
3254
3254
3255
3256
3253
3255
3255
3252
3247
3248
3252
3252
3251
3243
3245
3246
3246
3245
3242
3240
3240
3238
3239
3238
3232
3235
3233
3236
3236
3233
3233
3229
3229
3232
3233
3232
3232
3232
3228
3229
3235
3233
3232
3233
3233
3231
3231
3232
3232
3231
3232
3233
3233
3235
3234
3233
3235
3231
3233
3224
3226
3233
3230
3227
3229
3227
3232
3231
3226
3228
3233
3231
3231
3230
3229
3230
3229
3229
3228
3226
3226
3226
3227
3226
3225
3227
3225
3224
3222
3223
3223
3222
3220
3216
3217
3218
3221
3221
3219
3218
3224
3223
3224
3223
3223
3220
3221
3226
3226
3221
3223
3225
3230
3229
3231
3232
3231
3230
3233
3230
3230
3230
3231
3228
3229
3226
3223
3223
3228
3228
3221
3224
3229
3227
3225
3225
3226
3225
3225
3225
3226
3225
3227
3228
3223
3226
3231
3230
3231
3231
3229
3230
3231
3230
3230
3227
3227
3228
3233
3232
3233
3232
3230
3231
3234
3237
3238
3238
3238
3232
3235
3238
3240
3240
3240
3239
3236
3239
3241
3243
3246
3243
3245
3243
3243
3252
3250
3250
3251
3252
3253
3253
3256
3258
3257
3258
3261
3261
3262
3265
3266
3266
3268
3271
3272
3276
3277
3280
3283
3284
3285
3285
3290
3295
3296
3293
3296
3301
3300
3302
3304
3305
3307
3310
3305
3308
3313
3318
3319
3318
3321
3328
3331
3331
3329
3334
3341
3342
3341
3345
3352
3354
3358
3359
3361
3363
3367
3371
3374
3375
3379
3382
3384
3387
3392
3394
3397
3400
3403
3405
3408
3414
3417
3417
3421
3425
3432
3436
3440
3444
3449
3454
3459
3458
3466
3475
3481
3480
3488
3493
3502
3506
3507
3512
3516
3519
3523
3528
3533
3535
3541
3540
3547
3556
3560
3565
3565
3570
3580
3582
3588
3593
3596
3599
3605
3615
3621
3625
3629
3632
3638
3645
3655
3660
3667
3672
3671
3680
3686
3697
3702
3709
3713
3722
3729
3734
3742
3748
3755
3765
3770
3776
3784
3791
3799
3808
3815
3821
3831
3836
3844
3852
3854
3861
3875
3881
3886
3894
3897
3905
3912
3923
3931
3934
3940
3954
3959
3967
3974
3983
3988
3997
3998
4008
4016
4028
4035
4042
4051
4057
4064
4073
4082
4091
4097
4105
4110
4116
4132
4140
4148
4158
4166
4170
4181
4194
4201
4208
4216
4224
4234
4244
4247
4256
4266
4281
4287
4298
4308
4314
4323
4326
4337
4348
4358
4368
4375
4382
4391
4397
4405
4411
4420
4435
4442
4447
4456
4461
4471
4480
4488
4493
4500
4510
4521
4531
4540
4550
4558
4565
4577
4593
4604
4615
4626
4638
4646
4660
4671
4682
4693
4701
4712
4729
4735
4749
4759
4768
4776
4785
4793
4802
4808
4816
4822
4830
4837
4837
4849
4864
4867
4870
4883
4892
4904
4917
4920
4929
4945
4953
4955
4965
4975
4989
4998
5007
5013
5023
5030
5039
5049
5055
5066
5073
5079
5091
5098
5108
5117
5124
5135
5148
5161
5170
5177
5185
5193
5205
5216
5224
5235
5242
5250
5256
5264
5278
5287
5293
5301
5309
5311
5323
5334
5340
5345
5355
5366
5372
5381
5388
5395
5404
5413
5411
5423
5432
5443
5446
5456
5460
5467
5473
5480
5488
5495
5501
5507
5516
5523
5528
5537
5543
5544
5551
5564
5568
5573
5580
5584
5592
5598
5597
5603
5615
5619
5624
5625
5630
5631
5638
5649
5655
5654
5660
5669
5681
5688
5695
5702
5709
5716
5720
5730
5737
5744
5752
5758
5766
5773
5783
5790
5791
5800
5816
5822
5819
5826
5835
5842
5845
5845
5849
5858
5856
5859
5859
5860
5862
5864
5856
5861
5867
5876
5874
5877
5878
5879
5882
5882
5884
5886
5886
5885
5883
5889
5898
5899
5904
5911
5916
5917
5925
5942
5948
5952
5960
5970
5971
5978
5991
5994
6000
6007
6011
6016
6020
6025
6026
6029
6035
6038
6039
6042
6047
6051
6047
6052
6059
6067
6069
6073
6075
6081
6081
6080
6083
6088
6099
6100
6106
6111
6107
6113
6119
6130
6128
6135
6136
6139
6146
6147
6155
6155
6154
6163
6175
6178
6179
6184
6190
6199
6202
6201
6208
6217
6214
6219
6218
6217
6220
6220
6219
6223
6223
6219
6217
6219
6218
6216
6215
6212
6211
6211
6220
6222
6221
6222
6224
6224
6228
6227
6228
6234
6236
6236
6234
6232
6227
6226
6228
6229
6224
6220
6221
6220
6214
6212
6210
6207
6203
6201
6197
6197
6194
6194
6190
6189
6185
6191
6187
6182
6184
6189
6189
6185
6187
6199
6199
6197
6197
6199
6205
6201
6200
6205
6205
6207
6208
6204
6205
6213
6211
6213
6210
6211
6217
6218
6215
6217
6227
6227
6229
6225
6228
6232
6228
6226
6229
6229
6224
6223
6230
6231
6230
6231
6234
6233
6234
6235
6238
6242
6242
6239
6243
6247
6252
6252
6255
6257
6254
6255
6256
6257
6253
6251
6250
6244
6242
6237
6230
6227
6231
6227
6226
6223
6224
6224
6223
6226
6227
6219
6220
6228
6228
6226
6221
6222
6228
6225
6227
6224
6219
6219
6219
6215
6214
6212
6212
6205
6202
6206
6211
6213
6207
6210
6219
6218
6218
6215
6216
6223
6224
6227
6227
6224
6227
6231
6229
6231
6225
6225
6230
6225
6222
6221
6218
6213
6211
6204
6199
6194
6185
6179
6174
6165
6159
6155
6148
6140
6134
6131
6121
6108
6101
6101
6094
6086
6078
6074
6076
6073
6059
6061
6062
6063
6062
6062
6057
6048
6053
6054
6056
6052
6046
6044
6048
6047
6043
6041
6041
6041
6038
6037
6035
6033
6032
6031
6031
6031
6027
6027
6029
6024
6022
6019
6020
6020
6015
6005
6003
6004
6002
5999
5991
5987
5984
5979
5975
5973
5968
5960
5960
5960
5955
5951
5948
5944
5939
5935
5929
5923
5920
5915
5909
5905
5901
5892
5888
5890
5883
5879
5874
5873
5866
5863
5855
5854
5858
5857
5854
5849
5848
5849
5842
5843
5842
5840
5837
5836
5829
5830
5837
5832
5825
5824
5823
5825
5824
5814
5814
5818
5814
5811
5808
5808
5804
5799
5790
5789
5793
5789
5786
5786
5781
5780
5779
5774
5775
5773
5770
5766
5760
5757
5758
5754
5750
5744
5737
5726
5726
5728
5720
5716
5710
5704
5705
5700
5687
5683
5688
5682
5677
5668
5669
5672
5667
5662
5660
5655
5648
5648
5649
5643
5641
5636
5632
5629
5626
5621
5616
5613
5612
5607
5604
5605
5603
5601
5593
5594
5600
5591
5588
5586
5581
5576
5573
5569
5564
5561
5557
5552
5551
5549
5544
5540
5540
5536
5534
5535
5530
5523
5522
5530
5522
5522
5517
5515
5517
5514
5510
5504
5496
5495
5488
5489
5485
5480
5479
5469
5466
5464
5468
5464
5455
5453
5456
5453
5450
5448
5446
5444
5438
5438
5434
5430
5429
5428
5422
5420
5412
5409
5411
5407
5402
5396
5394
5390
5383
5374
5373
5371
5371
5362
5364
5358
5353
5350
5339
5335
5332
5334
5331
5325
5318
5316
5308
5306
5303
5299
5290
5286
5289
5287
5284
5280
5277
5276
5272
5270
5268
5260
5256
5254
5259
5253
5242
5241
5246
5240
5238
5227
5226
5229
5225
5223
5218
5214
5206
5206
5207
5205
5202
5199
5194
5192
5193
5196
5195
5190
5186
5183
5180
5177
5171
5165
5161
5158
5153
5149
5145
5140
5136
5128
5124
5130
5127
5119
5116
5118
5117
5113
5110
5105
5102
5102
5099
5096
5092
5081
5081
5082
5076
5075
5069
5067
5066
5063
5058
5054
5053
5051
5049
5038
5039
5042
5037
5027
5024
5020
5024
5021
5017
5013
5011
5007
5003
4998
4997
4999
4996
4990
4988
4983
4984
4981
4980
4977
4970
4968
4974
4971
4970
4968
4965
4962
4958
4958
4953
4951
4946
4945
4939
4938
4928
4927
4927
4926
4921
4920
4916
4913
4910
4903
4900
4896
4899
4895
4893
4888
4878
4876
4873
4875
4871
4867
4866
4857
4852
4854
4850
4848
4843
4840
4836
4833
4832
4827
4827
4822
4822
4818
4817
4815
4813
4811
4807
4807
4799
4801
4805
4801
4796
4793
4795
4797
4794
4788
4788
4794
4788
4789
4785
4785
4781
4783
4775
4778
4776
4780
4776
4774
4772
4770
4768
4763
4759
4754
4751
4747
4744
4742
4736
4735
4730
4723
4719
4724
4718
4715
4715
4711
4708
4705
4702
4701
4693
4693
4698
4697
4693
4686
4682
4685
4679
4677
4672
4667
4659
4656
4657
4652
4648
4644
4642
4640
4634
4632
4628
4625
4622
4620
4617
4613
4610
4610
4600
4600
4602
4599
4596
4589
4587
4592
4588
4584
4583
4580
4578
4575
4572
4571
4569
4568
4565
4563
4561
4553
4554
4557
4553
4552
4551
4550
4548
4546
4541
4537
4542
4534
4531
4525
4523
4517
4516
4503
4504
4504
4503
4497
4498
4492
4491
4487
4478
4477
4475
4478
4475
4475
4468
4460
4459
4462
4461
4459
4451
4452
4457
4453
4452
4451
4449
4446
4444
4436
4436
4441
4436
4435
4432
4430
4426
4426
4422
4418
4417
4413
4412
4414
4408
4409
4406
4400
4398
4396
4402
4398
4396
4393
4391
4391
4387
4387
4385
4385
4384
4376
4380
4379
4384
4380
4374
4373
4376
4373
4374
4371
4371
4363
4363
4365
4362
4358
4355
4351
4347
4345
4334
4336
4337
4332
4331
4327
4325
4321
4321
4317
4317
4316
4314
4311
4310
4307
4307
4307
4296
4299
4296
4302
4298
4295
4296
4286
4285
4287
4286
4285
4276
4276
4278
4276
4274
4271
4270
4267
4267
4264
4262
4257
4254
4256
4258
4257
4250
4249
4253
4248
4247
4242
4240
4238
4239
4236
4236
4231
4228
4230
4233
4231
4226
4223
4227
4224
4219
4216
4215
4209
4209
4206
4203
4203
4200
4199
4198
4194
4194
4191
4190
4191
4189
4189
4185
4181
4179
4187
4184
4183
4176
4175
4177
4175
4176
4172
4173
4168
4169
4171
4169
4166
4163
4163
4158
4159
4155
4152
4149
4147
4146
4141
4140
4139
4138
4132
4134
4137
4132
4130
4126
4123
4126
4123
4117
4116
4120
4118
4114
4114
4111
4109
4106
4103
4104
4103
4102
4102
4093
4093
4096
4092
4090
4087
4085
4080
4078
4067
4068
4069
4069
4065
4061
4062
4058
4057
4056
4054
4053
4052
4051
4047
4046
4046
4043
4041
4040
4037
4033
4033
4037
4036
4030
4030
4030
4028
4029
4022
4023
4028
4024
4024
4018
4017
4022
4018
4009
4011
4009
4014
4011
4005
4006
4008
4006
4005
4003
4004
4001
3999
4000
3997
3996
3997
3994
3994
3991
3990
3987
3986
3986
3982
3980
3979
3974
3973
3975
3973
3975
3976
3974
3972
3970
3968
3967
3967
3965
3963
3963
3962
3960
3957
3956
3956
3953
3951
3953
3948
3946
3950
3950
3948
3945
3945
3940
3940
3946
3942
3940
3940
3940
3935
3936
3937
3936
3936
3937
3933
3928
3928
3930
3927
3922
3921
3923
3923
3921
3917
3915
3921
3917
3915
3916
3912
3911
3911
3908
3909
3909
3908
3904
3902
3901
3904
3901
3900
3898
3895
3897
3894
3893
3889
3889
3886
3885
3886
3882
3875
3877
3880
3879
3880
3879
3878
3879
3879
3877
3878
3872
3872
3874
3872
3868
3862
3860
3864
3860
3858
3857
3855
3854
3854
3853
3851
3852
3852
3849
3849
3847
3851
3850
3846
3845
3845
3843
3843
3839
3838
3845
3842
3840
3837
3836
3832
3830
3829
3825
3824
3823
3818
3815
3815
3817
3818
3810
3810
3813
3813
3809
3809
3806
3800
3802
3807
3803
3804
3804
3802
3803
3802
3799
3801
3800
3800
3798
3794
3792
3799
3799
3792
3791
3792
3796
3794
3792
3792
3789
3789
3788
3784
3782
3785
3785
3782
3783
3779
3777
3777
3775
3775
3774
3774
3773
3773
3772
3773
3773
3770
3773
3771
3767
3768
3766
3765
3765
3763
3759
3758
3758
3762
3758
3752
3754
3756
3754
3748
3747
3747
3752
3749
3751
3750
3747
3747
3745
3743
3744
3740
3741
3737
3736
3736
3741
3738
3733
3734
3739
3737
3740
3738
3737
3738
3736
3737
3739
3732
3737
3735
3740
3739
3735
3735
3730
3728
3731
3731
3729
3724
3724
3723
3720
3718
3718
3717
3718
3715
3715
3713
3712
3713
3710
3705
3707
3708
3706
3706
3704
3704
3703
3701
3701
3700
3699
3700
3693
3694
3693
3695
3694
3689
3687
3693
3690
3689
3684
3682
3688
3686
3686
3686
3683
3679
3679
3685
3681
3682
3682
3676
3677
3676
3681
3681
3679
3679
3680
3679
3678
3678
3678
3673
3675
3673
3673
3672
3668
3669
3672
3670
3668
3667
3667
3665
3663
3663
3660
3654
3653
3659
3657
3656
3655
3653
3652
3649
3649
3647
3648
3648
3647
3648
3647
3641
3643
3647
3646
3646
3642
3643
3647
3643
3643
3643
3641
3641
3639
3635
3635
3640
3637
3635
3634
3631
3631
3630
3628
3630
3622
3621
3621
3626
3623
3616
3618
3623
3622
3621
3619
3617
3616
3616
3610
3612
3613
3616
3614
3614
3613
3613
3612
3610
3610
3610
3610
3611
3605
3608
3614
3613
3613
3610
3610
3613
3612
3610
3609
3608
3607
3607
3606
3604
3604
3606
3605
3606
3605
3601
3604
3609
3609
3608
3608
3607
3605
3605
3603
3601
3599
3598
3596
3594
3591
3590
3589
3583
3583
3587
3587
3587
3581
3581
3584
3582
3575
3575
3576
3579
3579
3578
3577
3577
3577
3577
3577
3578
3577
3578
3576
3576
3569
3571
3570
3574
3573
3566
3568
3572
3571
3568
3561
3562
3567
3565
3564
3564
3560
3556
3556
3560
3559
3556
3555
3554
3552
3553
3550
3551
3549
3548
3548
3547
3546
3546
3547
3546
3547
3540
3540
3543
3545
3545
3544
3543
3544
3543
3537
3538
3541
3545
3543
3544
3544
3544
3546
3545
3539
3541
3544
3542
3542
3542
3541
3541
3540
3535
3535
3540
3537
3537
3537
3535
3535
3536
3535
3534
3532
3532
3531
3530
3527
3527
3527
3522
3523
3524
3526
3526
3520
3520
3522
3520
3519
3519
3518
3513
3514
3518
3517
3517
3516
3518
3519
3520
3518
3519
3519
3519
3517
3518
3519
3519
3518
3518
3518
3511
3512
3511
3513
3511
3505
3506
3511
3509
3508
3503
3504
3506
3507
3506
3503
3503
3503
3503
3498
3500
3504
3504
3503
3500
3499
3497
3497
3497
3497
3496
3494
3493
3493
3492
3494
3490
3491
3491
3487
3487
3487
3492
3490
3492
3489
3489
3489
3488
3486
3487
3492
3489
3490
3486
3486
3488
3486
3485
3485
3481
3482
3484
3486
3487
3484
3485
3487
3487
3487
3488
3488
3482
3483
3488
3487
3487
3488
3487
3485
3486
3492
3490
3488
3487
3484
3481
3482
3485
3483
3481
3479
3479
3478
3474
3476
3475
3475
3472
3467
3467
3468
3470
3469
3464
3465
3470
3469
3467
3466
3466
3465
3464
3465
3464
3460
3460
3461
3467
3466
3466
3466
3465
3464
3465
3465
3467
3467
3468
3468
3465
3463
3458
3459
3463
3461
3460
3458
3452
3455
3454
3457
3457
3451
3453
3455
3457
3455
3453
3453
3453
3453
3454
3453
3452
3452
3451
3450
3448
3449
3449
3445
3444
3442
3446
3445
3445
3444
3438
3438
3437
3441
3440
3441
3441
3440
3440
3440
3441
3440
3436
3438
3444
3443
3439
3438
3439
3441
3440
3435
3436
3441
3441
3437
3432
3432
3435
3435
3435
3434
3432
3431
3430
3429
3429
3429
3429
3427
3425
3424
3424
3423
3419
3417
3424
3422
3423
3421
3419
3415
3417
3421
3421
3417
3415
3415
3419
3419
3419
3421
3422
3422
3422
3422
3421
3422
3424
3425
3427
3426
3426
3427
3426
3426
3427
3426
3425
3423
3423
3427
3426
3419
3422
3424
3423
3420
3421
3421
3416
3417
3422
3420
3419
3418
3418
3417
3416
3413
3412
3412
3410
3409
3406
3407
3410
3408
3408
3408
3406
3405
3404
3404
3404
3404
3403
3402
3400
3399
3400
3399
3394
3394
3396
3396
3398
3398
3399
3396
3396
3401
3401
3401
3400
3399
3395
3395
3400
3399
3399
3395
3395
3399
3399
3398
3398
3397
3396
3397
3396
3395
3390
3390
3393
3394
3393
3392
3393
3388
3388
3395
3396
3397
3397
3397
3397
3397
3399
3399
3399
3396
3395
3401
3400
3399
3399
3398
3397
3396
3394
3395
3394
3393
3394
3391
3390
3386
3387
3392
3390
3385
3386
3387
3389
3390
3384
3385
3389
3387
3386
3386
3385
3383
3380
3381
3381
3380
3379
3379
3374
3377
3379
3380
3373
3375
3375
3377
3376
3371
3371
3373
3374
3366
3366
3367
3370
3370
3368
3366
3367
3366
3366
3365
3365
3363
3363
3363
3364
3364
3364
3363
3364
3363
3357
3358
3362
3361
3362
3357
3356
3361
3362
3360
3360
3359
3357
3356
3355
3356
3356
3355
3353
3355
3353
3349
3351
3356
3353
3348
3348
3349
3354
3351
3351
3349
3350
3351
3350
3347
3348
3352
3351
3353
3355
3355
3356
3356
3358
3358
3355
3356
3360
3359
3359
3359
3357
3358
3356
3356
3356
3354
3353
3353
3350
3351
3355
3352
3352
3351
3353
3347
3350
3355
3355
3349
3350
3352
3356
3356
3354
3354
3354
3352
3351
3352
3352
3351
3349
3343
3344
3344
3348
3346
3342
3340
3344
3342
3342
3341
3342
3341
3341
3343
3343
3344
3344
3344
3343
3343
3342
3344
3344
3342
3342
3341
3341
3340
3341
3335
3337
3342
3341
3338
3338
3337
3338
3339
3332
3333
3333
3338
3337
3332
3332
3337
3334
3333
3332
3332
3332
3332
3331
3330
3330
3329
3328
3327
3327
3322
3323
3328
3327
3327
3326
3326
3321
3322
3327
3330
3327
3325
3327
3328
3329
3328
3329
3325
3325
3325
3330
3330
3329
3327
3328
3328
3328
3324
3324
3328
3327
3326
3328
3327
3326
3325
3326
3324
3325
3326
3326
3325
3325
3325
3326
3324
3326
3333
3332
3332
3330
3332
3337
3336
3336
3335
3336
3337
3338
3333
3333
3335
3333
3331
3329
3329
3324
3324
3329
3327
3325
3323
3322
3323
3322
3321
3323
3322
3321
3321
3319
3318
3314
3314
3319
3318
3318
3316
3313
3314
3311
3313
3312
3311
3310
3310
3308
3309
3303
3304
3311
3310
3311
3312
3313
3309
3311
3316
3316
3311
3309
3310
3314
3313
3313
3312
3312
3311
3312
3306
3306
3308
3308
3306
3306
3303
3303
3302
3305
3305
3305
3304
3302
3304
3304
3305
3306
3302
3302
3309
3307
3306
3306
3305
3304
3303
3304
3304
3303
3304
3305
3305
3305
3306
3308
3304
3304
3304
3308
3305
3306
3304
3304
3302
3300
3301
3301
3300
3301
3301
3301
3301
3299
3301
3301
3300
3302
3301
3297
3298
3298
3301
3300
3295
3295
3301
3299
3298
3294
3295
3297
3296
3290
3291
3291
3293
3292
3291
3290
3286
3286
3290
3290
3289
3289
3290
3289
3290
3289
3289
3291
3290
3287
3289
3289
3289
3290
3288
3288
3287
3292
3293
3289
3289
3295
3294
3296
3292
3292
3296
3294
3294
3293
3292
3291
3290
3289
3288
3282
3282
3283
3284
3283
3283
3280
3280
3279
3278
3278
3278
3278
3278
3276
3278
3276
3276
3276
3271
3272
3277
3275
3276
3275
3275
3275
3275
3272
3273
3278
3276
3272
3272
3273
3279
3279
3279
3279
3280
3281
3281
3281
3282
3282
3284
3282
3284
3285
3283
3285
3289
3288
3285
3286
3286
3284
3284
3278
3279
3280
3280
3278
3277
3275
3271
3272
3277
3278
3279
3280
3281
3282
3282
3279
3279
3283
3281
3277
3278
3280
3283
3285
3280
3280
3286
3285
3284
3284
3284
3283
3281
3282
3278
3277
3275
3274
3275
3275
3272
3273
3280
3279
3279
3279
3280
3280
3281
3281
3280
3280
3280
3280
3275
3276
3281
3278
3276
3274
3274
3268
3268
3271
3269
3268
3267
3266
3260
3261
3265
3264
3265
3264
3264
3264
3263
3264
3263
3257
3259
3260
3264
3264
3260
3260
3266
3265
3264
3266
3263
3263
3262
3263
3263
3257
3257
3258
3261
3261
3262
3261
3261
3261
3260
3262
3261
3257
3258
3263
3263
3263
3261
3260
3258
3257
3258
3257
3253
3253
3253
3257
3257
3258
3259
3254
3254
3255
3256
3256
3255
3254
3254
3254
3252
3253
3254
3254
3255
3251
3251
3256
3255
3254
3251
3252
3255
3254
3247
3246
3248
3249
3249
3243
3245
3249
3248
3244
3245
3245
3249
3249
3248
3250
3250
3251
3250
3249
3247
3248
3248
3247
3248
3247
3248
3248
3250
3251
3253
3252
3253
3254
3252
3252
3251
3251
3252
3249
3249
3250
3249
3248
3248
3246
3245
3245
3243
3244
3245
3239
3239
3243
3240
3240
3241
3242
3242
3241
3241
3241
3242
3243
3243
3242
3241
3241
3239
3236
3236
3236
3241
3241
3237
3237
3242
3242
3239
3238
3239
3243
3241
3236
3236
3240
3239
3239
3242
3243
3238
3241
3246
3248
3251
3249
3252
3261
3263
3261
3266
3274
3278
3283
3284
3288
3296
3301
3305
3309
3315
3320
3327
3332
3335
3340
3344
3349
3352
3359
3367
3372
3376
3380
3385
3389
3395
3401
3406
3406
3412
3421
3426
3429
3431
3436
3439
3442
3439
3443
3446
3452
3453
3453
3453
