3443
3443
3442
3437
3438
3440
3438
3438
3435
3432
3430
3428
3423
3420
3420
3416
3412
3410
3406
3397
3396
3396
3394
3393
3387
3385
3379
3374
3378
3373
3371
3367
3365
3357
3356
3360
3356
3354
3349
3349
3349
3345
3345
3344
3338
3335
3335
3335
3332
3332
3330
3328
3329
3326
3322
3321
3320
3316
3314
3311
3309
3304
3305
3307
3304
3303
3301
3296
3294
3291
3294
3293
3287
3284
3289
3285
3284
3281
3279
3278
3276
3275
3277
3274
3267
3269
3274
3271
3268
3269
3267
3268
3264
3265
3264
3262
3261
3261
3261
3261
3255
3257
3261
3259
3258
3257
3257
3255
3254
3252
3253
3252
3252
3250
3248
3249
3250
3249
3249
3250
3248
3249
3250
3247
3246
3251
3250
3245
3246
3244
3248
3247
3241
3240
3243
3242
3238
3235
3235
3240
3240
3239
3239
3235
3235
3235
3235
3233
3230
3230
3228
3227
3227
3224
3222
3226
3225
3219
3222
3222
3224
3224
3219
3219
3223
3222
3223
3221
3219
3219
3219
3217
3217
3218
3217
3215
3214
3215
3214
3214
3212
3212
3212
3213
3211
3211
3212
3206
3207
3213
3212
3211
3207
3207
3213
3213
3207
3205
3209
3214
3214
3213
3213
3208
3209
3209
3211
3211
3211
3210
3209
3211
3211
3213
3212
3213
3215
3218
3218
3219
3219
3220
3218
3219
3220
3221
3220
3218
3218
3220
3217
3219
3219
3218
3215
3218
3217
3218
3218
3220
3220
3220
3213
3216
3215
3219
3218
3213
3215
3220
3219
3216
3215
3215
3219
3219
3217
3216
3215
3214
3214
3213
3210
3204
3207
3211
3208
3207
3204
3204
3208
3207
3208
3205
3205
3203
3204
3206
3207
3202
3203
3203
3204
3202
3206
3206
3206
3204
3206
3206
3208
3208
3209
3210
3212
3212
3211
3210
3210
3211
3210
3210
3209
3209
3208
3207
3207
3207
3208
3207
3205
3207
3207
3207
3206
3207
3209
3208
3207
3210
3208
3207
3207
3212
3213
3207
3207
3213
3214
3213
3207
3209
3215
3216
3217
3217
3219
3223
3225
3225
3226
3224
3227
3231
3232
3233
3229
3229
3233
3232
3233
3233
3232
3229
3231
3237
3233
3236
3237
3237
3238
3237
3235
3236
3242
3241
3242
3244
3244
3243
3244
3246
3246
3248
3249
3252
3252
3255
3251
3254
3260
3262
3262
3259
3262
3267
3266
3267
3270
3271
3270
3273
3275
3275
3276
3279
3280
3283
3284
3287
3292
3288
3291
3299
3301
3301
3301
3305
3312
3314
3312
3316
3321
3323
3326
3329
3332
3330
3331
3340
3344
3344
3348
3351
3349
3353
3362
3365
3368
3369
3374
3380
3383
3386
3389
3394
3396
3399
3401
3405
3405
3411
3418
3423
3428
3428
3434
3439
3440
3446
3448
3453
3457
3462
3464
3467
3467
3474
3480
3485
3490
3495
3497
3499
3505
3514
3517
3523
3529
3533
3536
3542
3554
3557
3562
3566
3570
3577
3580
3587
3593
3595
3598
3605
3616
3620
3621
3629
3640
3644
3650
3656
3661
3666
3672
3678
3683
3691
3696
3701
3708
3716
3721
3728
3732
3736
3746
3758
3762
3771
3778
3777
3788
3795
3807
3812
3822
3827
3835
3843
3850
3854
3864
3875
3884
3893
3900
3907
3916
3924
3933
3941
3947
3956
3963
3970
3980
3988
3993
4003
4008
4011
4021
4027
4039
4043
4053
4060
4062
4071
4081
4091
4097
4102
4109
4122
4127
4136
4144
4151
4153
4160
4176
4178
4186
4192
4203
4209
4219
4225
4232
4236
4246
4258
4267
4276
4283
4293
4300
4310
4311
4320
4332
4347
4355
4362
4369
4376
4386
4394
4407
4414
4425
4433
4441
4449
4457
4464
4474
4476
4488
4502
4508
4518
4524
4534
4540
4550
4557
4568
4575
4585
4591
4601
4610
4615
4625
4639
4650
4659
4665
4678
4692
4699
4709
4721
4728
4739
4748
4760
4771
4782
4792
4805
4812
4827
4839
4848
4861
4871
4879
4889
4904
4915
4926
4933
4946
4953
4964
4973
4982
4992
4995
5007
5019
5029
5036
5047
5056
5064
5074
5089
5097
5108
5118
5125
5134
5143
5159
5169
5180
5186
5195
5205
5213
5225
5234
5241
5252
5256
5267
5279
5288
5298
5305
5314
5315
5326
5337
5346
5356
5357
5366
5378
5386
5394
5398
5406
5413
5423
5426
5438
5441
5451
5457
5464
5470
5473
5480
5493
5497
5497
5499
5502
5509
5508
5514
5516
5513
5523
5526
5540
5544
5551
5558
5561
5570
5575
5586
5592
5598
5607
5611
5617
5621
5626
5629
5634
5638
5641
5647
5652
5657
5661
5671
5679
5678
5687
5702
5707
5714
5717
5724
5738
5741
5751
5758
5766
5776
5780
5784
5791
5805
5812
5817
5824
5829
5837
5842
5843
5850
5863
5869
5873
5880
5888
5892
5898
5901
5911
5911
5914
5921
5931
5937
5941
5942
5938
5943
5949
5958
5965
5960
5968
5978
5981
5987
5992
5995
5996
5997
6011
6012
6016
6021
6020
6029
6029
6032
6031
6032
6037
6039
6043
6044
6050
6054
6057
6060
6066
6072
6078
6076
6082
6094
6094
6096
6100
6104
6113
6112
6120
6121
6123
6129
6135
6137
6142
6136
6141
6150
6146
6146
6145
6144
6135
6135
6139
6136
6136
6134
6135
6127
6128
6134
6132
6134
6132
6135
6135
6138
6138
6138
6139
6140
6141
6141
6143
6134
6137
6145
6144
6143
6140
6144
6142
6145
6138
6142
6153
6154
6156
6159
6164
6168
6173
6174
6179
6184
6185
6189
6198
6199
6203
6204
6208
6211
6215
6214
6219
6212
6214
6221
6220
6220
6214
6219
6223
6228
6224
6228
6225
6225
6222
6223
6219
6217
6219
6212
6212
6211
6220
6222
6214
6216
6226
6225
6221
6213
6211
6214
6211
6204
6200
6195
6190
6187
6182
6179
6175
6174
6173
6174
6173
6169
6171
6181
6184
6182
6184
6186
6188
6188
6192
6193
6196
6198
6200
6199
6202
6211
6213
6208
6210
6218
6218
6220
6213
6218
6224
6225
6224
6226
6225
6226
6230
6230
6229
6223
6226
6227
6233
6231
6230
6228
6225
6224
6222
6217
6213
6210
6205
6202
6198
6195
6189
6188
6178
6178
6181
6177
6165
6163
6166
6168
6168
6162
6162
6168
6167
6168
6167
6166
6169
6168
6169
6167
6161
6161
6156
6152
6144
6141
6134
6129
6119
6117
6106
6105
6105
6101
6090
6091
6093
6095
6094
6098
6096
6093
6096
6103
6103
6103
6105
6105
6105
6102
6094
6094
6091
6095
6092
6088
6086
6084
6082
6081
6076
6080
6073
6075
6069
6069
6066
6069
6066
6062
6061
6070
6069
6067
6067
6066
6066
6066
6066
6065
6057
6059
6061
6062
6056
6050
6048
6052
6046
6035
6034
6030
6034
6029
6022
6017
6023
6017
6014
6012
6006
6000
5999
5998
5992
5994
5990
5988
5985
5981
5978
5979
5974
5976
5970
5968
5966
5964
5962
5956
5955
5956
5957
5956
5947
5947
5949
5947
5940
5939
5936
5926
5924
5926
5923
5913
5909
5905
5904
5901
5895
5890
5884
5880
5875
5870
5865
5858
5855
5850
5849
5840
5833
5832
5831
5832
5829
5827
5819
5818
5815
5817
5813
5812
5804
5803
5800
5799
5789
5788
5791
5788
5784
5780
5776
5772
5768
5765
5760
5756
5753
5749
5747
5741
5738
5735
5732
5729
5717
5718
5715
5717
5714
5704
5702
5705
5700
5697
5695
5691
5684
5683
5688
5683
5679
5680
5679
5672
5669
5671
5668
5657
5653
5649
5650
5646
5640
5636
5633
5629
5625
5622
5622
5618
5617
5613
5615
5612
5607
5607
5602
5598
5597
5592
5588
5583
5579
5574
5572
5560
5556
5561
5553
5545
5536
5534
5531
5529
5516
5516
5518
5512
5510
5506
5504
5496
5495
5499
5494
5491
5491
5489
5487
5483
5480
5479
5475
5473
5471
5468
5466
5464
5461
5448
5447
5446
5450
5445
5437
5434
5441
5432
5431
5421
5419
5420
5416
5412
5409
5407
5403
5398
5388
5384
5382
5376
5367
5363
5357
5355
5348
5341
5338
5342
5334
5331
5326
5324
5321
5315
5311
5306
5304
5295
5293
5292
5289
5288
5283
5274
5272
5274
5278
5272
5273
5270
5268
5267
5265
5266
5262
5258
5256
5262
5258
5255
5253
5247
5247
5246
5237
5235
5238
5235
5230
5222
5221
5222
5216
5209
5208
5205
5205
5200
5197
5195
5188
5187
5180
5172
5169
5170
5165
5157
5154
5150
5141
5137
5129
5124
5118
5112
5108
5102
5098
5096
5091
5085
5082
5085
5081
5075
5077
5073
5066
5065
5070
5068
5062
5062
5059
5057
5054
5048
5047
5044
5040
5038
5028
5026
5027
5019
5016
5010
5002
4997
4990
4995
4990
4987
4981
4979
4976
4971
4965
4962
4966
4961
4951
4952
4949
4954
4949
4946
4945
4934
4936
4935
4934
4931
4927
4926
4919
4920
4919
4913
4914
4906
4906
4911
4905
4900
4898
4898
4900
4896
4895
4891
4889
4887
4882
4881
4879
4876
4876
4872
4870
4867
4864
4864
4857
4856
4847
4846
4850
4844
4841
4837
4835
4833
4828
4828
4824
4821
4820
4816
4815
4815
4802
4804
4808
4805
4801
4795
4793
4795
4791
4781
4778
4775
4778
4774
4768
4765
4760
4754
4749
4743
4738
4736
4730
4727
4724
4715
4716
4712
4717
4711
4701
4703
4705
4701
4699
4697
4696
4694
4694
4685
4686
4687
4684
4681
4677
4674
4671
4667
4664
4660
4659
4654
4653
4652
4649
4648
4644
4644
4640
4637
4630
4628
4631
4630
4628
4627
4625
4619
4616
4620
4616
4612
4610
4606
4603
4600
4597
4593
4586
4588
4584
4590
4584
4583
4580
4571
4571
4570
4571
4566
4566
4563
4559
4558
4550
4547
4547
4546
4545
4538
4539
4530
4531
4529
4532
4527
4527
4523
4521
4520
4515
4514
4510
4504
4502
4505
4503
4502
4499
4497
4489
4488
4493
4489
4486
4484
4483
4482
4478
4479
4476
4476
4474
4470
4466
4464
4471
4467
4459
4461
4463
4462
4459
4452
4453
4456
4453
4449
4449
4446
4443
4443
4440
4437
4435
4436
4433
4434
4432
4426
4424
4428
4426
4424
4422
4418
4418
4415
4414
4413
4411
4410
4411
4411
4411
4408
4408
4397
4396
4393
4394
4390
4379
4380
4380
4377
4369
4366
4365
4368
4366
4365
4360
4358
4354
4353
4352
4348
4342
4340
4343
4339
4335
4333
4329
4326
4324
4321
4319
4316
4314
4312
4307
4303
4309
4304
4302
4301
4297
4296
4294
4291
4291
4287
4285
4282
4276
4275
4280
4276
4274
4275
4275
4275
4272
4272
4271
4262
4262
4265
4261
4260
4253
4253
4256
4256
4248
4246
4251
4249
4245
4243
4241
4234
4230
4236
4230
4227
4224
4221
4219
4215
4212
4213
4209
4200
4199
4202
4197
4195
4193
4190
4185
4185
4180
4178
4178
4174
4166
4166
4162
4165
4164
4162
4160
4159
4156
4156
4154
4154
4156
4156
4156
4157
4157
4151
4151
4148
4146
4139
4139
4143
4140
4138
4129
4130
4134
4129
4128
4128
4124
4119
4117
4121
4120
4118
4119
4113
4111
4112
4114
4112
4110
4109
4107
4107
4103
4105
4103
4096
4097
4101
4099
4098
4096
4095
4094
4093
4090
4089
4089
4087
4085
4083
4084
4080
4078
4072
4072
4069
4074
4071
4063
4063
4069
4065
4064
4056
4058
4061
4058
4060
4056
4056
4057
4057
4051
4052
4057
4055
4047
4047
4049
4050
4049
4049
4045
4041
4039
4038
4034
4032
4030
4028
4018
4019
4020
4019
4017
4014
4014
4012
4006
4007
4007
4004
4002
4003
3997
3994
4001
4000
3998
3991
3991
3997
3995
3992
3988
3987
3986
3983
3987
3987
3985
3982
3981
3982
3980
3973
3975
3979
3977
3974
3973
3973
3971
3967
3969
3967
3960
3959
3962
3964
3962
3962
3961
3954
3953
3955
3953
3951
3948
3946
3945
3943
3941
3940
3937
3936
3937
3935
3935
3932
3934
3930
3931
3931
3931
3933
3935
3936
3931
3932
3932
3933
3930
3924
3921
3925
3921
3917
3913
3912
3910
3907
3900
3900
3899
3900
3899
3898
3895
3890
3890
3893
3891
3890
3885
3885
3887
3884
3884
3883
3881
3880
3878
3877
3876
3874
3872
3872
3872
3870
3869
3867
3863
3861
3866
3862
3862
3855
3854
3860
3858
3852
3854
3853
3854
3854
3854
3851
3850
3850
3849
3848
3845
3845
3842
3840
3841
3840
3836
3836
3831
3832
3834
3831
3830
3830
3827
3826
3826
3821
3818
3824
3824
3821
3816
3816
3820
3819
3817
3814
3814
3814
3812
3806
3806
3812
3809
3801
3803
3803
3806
3804
3803
3803
3803
3799
3800
3798
3797
3796
3795
3795
3795
3793
3792
3791
3790
3791
3784
3783
3788
3787
3786
3783
3783
3777
3775
3782
3779
3780
3777
3778
3774
3775
3778
3777
3778
3778
3776
3775
3773
3773
3773
3766
3765
3766
3771
3767
3766
3765
3761
3759
3759
3758
3756
3755
3754
3749
3749
3751
3750
3749
3743
3742
3747
3745
3742
3742
3744
3744
3745
3739
3740
3745
3743
3740
3739
3740
3738
3737
3734
3733
3727
3725
3724
3728
3727
3726
3724
3722
3722
3720
3720
3718
3717
3716
3713
3710
3709
3709
3709
3712
3712
3704
3705
3708
3706
3704
3700
3700
3700
3699
3698
3696
3693
3693
3692
3692
3692
3687
3686
3688
3691
3690
3685
3684
3689
3688
3688
3687
3687
3686
3684
3684
3683
3679
3678
3679
3683
3683
3683
3683
3682
3683
3683
3682
3677
3676
3675
3674
3673
3667
3665
3666
3669
3669
3663
3663
3669
3667
3667
3659
3660
3664
3661
3660
3657
3656
3656
3656
3655
3653
3653
3652
3646
3647
3649
3652
3651
3651
3653
3646
3648
3647
3652
3648
3648
3648
3649
3647
3644
3640
3641
3643
3640
3639
3637
3636
3634
3634
3633
3632
3627
3627
3631
3629
3628
3626
3624
3624
3623
3623
3621
3619
3618
3618
3613
3614
3620
3620
3614
3616
3616
3621
3619
3617
3617
3618
3618
3618
3613
3613
3618
3615
3608
3608
3608
3610
3608
3608
3606
3607
3605
3606
3605
3605
3603
3603
3603
3603
3597
3600
3600
3605
3605
3600
3601
3608
3607
3607
3604
3606
3604
3604
3604
3601
3602
3602
3600
3600
3596
3590
3590
3595
3590
3587
3585
3583
3577
3577
3582
3581
3578
3577
3574
3574
3573
3574
3571
3571
3571
3572
3572
3573
3571
3572
3572
3572
3573
3568
3571
3576
3577
3572
3575
3576
3577
3577
3577
3577
3571
3571
3575
3573
3571
3567
3564
3569
3566
3558
3557
3557
3561
3560
3559
3558
3557
3557
3557
3556
3557
3557
3556
3555
3554
3550
3550
3550
3553
3550
3548
3547
3546
3544
3541
3539
3538
3537
3538
3532
3532
3535
3537
3536
3537
3538
3537
3538
3537
3536
3535
3534
3535
3534
3532
3527
3529
3529
3531
3530
3528
3529
3521
3522
3525
3527
3526
3521
3520
3523
3521
3520
3517
3517
3513
3514
3521
3518
3514
3514
3515
3520
3518
3518
3516
3516
3515
3513
3513
3513
3512
3513
3513
3510
3509
3510
3510
3509
3508
3505
3508
3509
3510
3509
3506
3506
3512
3510
3502
3503
3506
3507
3507
3501
3501
3507
3505
3505
3505
3503
3498
3498
3503
3502
3500
3498
3497
3498
3497
3496
3496
3494
3495
3497
3496
3494
3493
3493
3492
3493
3492
3490
3490
3488
3491
3486
3488
3495
3494
3495
3493
3493
3497
3496
3494
3495
3495
3493
3493
3489
3488
3493
3490
3486
3485
3487
3491
3488
3486
3486
3485
3483
3481
3476
3477
3482
3480
3479
3477
3475
3476
3476
3474
3473
3473
3473
3473
3473
3474
3474
3477
3477
3476
3476
3476
3473
3473
3473
3468
3469
3474
3470
3470
3469
3469
3468
3468
3461
3461
3466
3466
3465
3460
3460
3464
3463
3458
3459
3458
3462
3460
3456
3456
3461
3459
3456
3456
3455
3456
3457
3457
3455
3455
3453
3455
3454
3453
3452
3453
3446
3448
3449
3453
3453
3447
3446
3450
3449
3449
3447
3447
3446
3445
3441
3442
3447
3446
3443
3438
3438
3442
3440
3437
3435
3437
3435
3433
3432
3431
3431
3430
3429
3430
3428
3428
3427
3427
3429
3423
3424
3426
3430
3429
3430
3429
3429
3426
3426
3425
3425
3421
3421
3426
3424
3423
3420
3420
3425
3426
3421
3426
3431
3430
3431
3426
3429
3431
3431
3430
3430
3430
3428
3428
3427
3428
3428
3426
3422
3419
3418
3422
3422
3419
3417
3416
3415
3414
3415
3411
3410
3408
3409
3408
3408
3407
3408
3402
3401
3406
3407
3406
3406
3405
3405
3405
3405
3404
3402
3402
3401
3402
3401
3395
3395
3401
3399
3398
3394
3394
3398
3399
3395
3396
3399
3399
3399
3401
3402
3402
3403
3398
3399
3400
3405
3402
3401
3400
3399
3396
3395
3395
3394
3392
3392
3391
3391
3391
3391
3391
3390
3390
3387
3384
3390
3389
3388
3387
3387
3381
3382
3388
3384
3382
3382
3382
3377
3376
3381
3380
3381
3380
3380
3380
3379
3375
3377
3382
3383
3383
3382
3381
3377
3377
3383
3382
3381
3380
3377
3377
3377
3377
3376
3373
3374
3374
3374
3375
3370
3370
3375
3373
3373
3373
3373
3371
3370
3372
3371
3371
3370
3371
3371
3370
3365
3365
3367
3370
3372
3367
3368
3373
3371
3366
3367
3368
3371
3369
3369
3367
3361
3362
3361
3362
3363
3364
3365
3358
3360
3363
3364
3363
3365
3364
3364
3364
3365
3366
3366
3366
3365
3365
3367
3366
3367
3366
3366
3363
3364
3362
3356
3356
3359
3358
3359
3357
3358
3355
3353
3348
3348
3349
3352
3353
3352
3352
3351
3351
3350
3346
3346
3351
3350
3349
3347
3346
3346
3346
3345
3344
3341
3340
3347
3346
3346
3343
3344
3349
3347
3346
3346
3347
3347
3347
3347
3346
3341
3342
3343
3346
3345
3340
3338
3344
3342
3342
3342
3343
3337
3339
3341
3340
3335
3336
3337
3341
3339
3339
3338
3338
3338
3338
3338
3338
3336
3336
3333
3333
3334
3334
3335
3334
3332
3326
3328
3332
3331
3331
3327
3327
3330
3328
3328
3329
3328
3329
3328
3324
3323
3328
3327
3327
3326
3324
3323
3325
3319
3322
3326
3325
3324
3320
3320
3323
3324
3325
3325
3321
3320
3322
3326
3327
3326
3325
3321
3323
3323
3326
3325
3325
3323
3322
3321
3320
3320
3318
3314
3315
3322
3320
3320
3319
3319
3319
3319
3320
3320
3320
3320
3320
3319
3319
3318
3318
3319
3317
3318
3313
3314
3318
3317
3311
3310
3313
3315
3316
3310
3310
3314
3313
3309
3309
3311
3315
3316
3316
3316
3311
3312
3312
3316
3316
3311
3312
3316
3315
3312
3311
3311
3311
3311
3309
3310
3310
3309
3309
3307
3308
3304
3303
3308
3305
3306
3301
3300
3305
3304
3299
3298
3300
3302
3301
3300
3300
3301
3300
3296
3296
3297
3300
3298
3297
3298
3297
3297
3297
3297
3296
3292
3292
3297
3296
3294
3295
3295
3294
3293
3289
3288
3293
3293
3293
3293
3292
3291
3291
3290
3291
3290
3287
3286
3288
3287
3286
3286
3283
3281
3282
3286
3284
3280
3282
3285
3284
3282
3278
3279
3283
3282
3283
3281
3283
3284
3285
3283
3285
3285
3285
3285
3285
3285
3285
3285
3280
3282
3287
3286
3286
3285
3286
3282
3280
3286
3286
3286
3285
3284
3279
3281
3286
3284
3282
3280
3279
3284
3284
3284
3282
3283
3283
3284
3282
3282
3280
3280
3279
3279
3280
3279
3280
3279
3278
3271
3274
3276
3280
3279
3278
3277
3274
3275
3281
3281
3280
3281
3282
3279
3280
3285
3284
3284
3280
3280
3284
3285
3278
3280
3282
3284
3284
3280
3278
3283
3281
3281
3280
3280
3279
3279
3278
3277
3275
3276
3276
3274
3274
3269
3270
3276
3274
3272
3273
3271
3271
3271
3267
3267
3273
3273
3272
3273
3271
3270
3270
3271
3270
3269
3269
3270
3266
3267
3271
3269
3269
3267
3268
3267
3267
3267
3266
3265
3265
3266
3260
3261
3265
3264
3259
3260
3261
3263
3263
3263
3263
3259
3260
3264
3265
3264
3265
3264
3266
3266
3266
3265
3265
3261
3263
3266
3266
3266
3267
3267
3266
3264
3264
3264
3263
3262
3261
3261
3262
3256
3257
3262
3263
3256
3258
3258
3262
3259
3259
3259
3259
3259
3258
3253
3254
3259
3258
3252
3253
3256
3259
3257
3257
3256
3254
3255
3254
3254
3254
3255
3254
3253
3252
3253
3251
3251
3247
3246
3251
3250
3252
3251
3249
3249
3249
3246
3247
3251
3250
3249
3249
3250
3246
3247
3251
3251
3245
3247
3249
3251
3250
3250
3251
3246
3248
3250
3252
3250
3245
3246
3250
3250
3250
3250
3250
3246
3247
3252
3250
3249
3248
3248
3248
3246
3247
3247
3244
3245
3245
3245
3245
3241
3240
3246
3244
3242
3242
3242
3241
3240
3239
3239
3234
3234
3234
3238
3237
3235
3235
3234
3235
3233
3232
3233
3237
3237
3235
3236
3237
3235
3235
3230
3230
3235
3235
3229
3228
3230
3234
3234
3235
3233
3228
3229
3232
3233
3233
3232
3232
3231
3233
3229
3230
3230
3233
3233
3233
3234
3236
3236
3238
3241
3241
3242
3242
3242
3242
3243
3244
3243
3244
3243
3245
3243
3243
3243
3240
3238
3240
3240
3239
3233
3232
3233
3235
3233
3228
3229
3232
3232
3229
3227
3228
3232
3232
3232
3232
3231
3232
3230
3230
3230
3229
3228
3222
3222
3223
3226
3225
3225
3224
3225
3226
3226
3227
3227
3227
3228
3227
3228
3223
3223
3223
3228
3226
3221
3223
3228
3226
3226
3225
3224
3224
3222
3222
3221
3221
3220
3220
3220
3221
3219
3218
3214
3217
3219
3224
3224
3225
3226
3221
3225
3227
3230
3232
3231
3234
3234
3234
3234
3233
3234
3237
3236
3236
3234
3234
3234
3232
3231
3230
3222
3224
3227
3226
3224
3224
3223
3222
3224
3221
3221
3221
3220
3221
3220
3221
3222
3222
3224
3223
3223
3224
3223
3222
3219
3219
3220
3220
3221
3221
3218
3219
3227
3226
3226
3227
3226
3224
3225
3231
3233
3228
3230
3233
3239
3242
3240
3243
3252
3255
3258
3260
3266
3276
3280
3287
3292
3297
3302
3307
3312
3318
3323
3328
3332
3339
3344
3350
3356
3356
3363
3374
3378
3383
3388
3392
3396
3399
3398
3403
3409
3415
3417
3420
3422
3418
3420
3426
3427
