3428
3427
3427
3427
3427
3427
3424
3423
3421
3419
3416
3413
3410
3408
3403
3398
3396
3398
3395
3388
3387
3388
3386
3382
3376
3373
3375
3369
3367
3364
3363
3359
3357
3354
3350
3347
3345
3341
3339
3338
3336
3334
3332
3330
3328
3326
3325
3320
3319
3325
3322
3313
3316
3313
3314
3313
3311
3310
3309
3306
3304
3300
3300
3302
3299
3297
3295
3291
3290
3287
3285
3284
3277
3278
3281
3280
3278
3276
3276
3275
3273
3270
3269
3267
3265
3264
3263
3264
3263
3261
3256
3254
3255
3258
3254
3254
3253
3254
3255
3253
3250
3250
3254
3255
3252
3252
3249
3248
3246
3241
3240
3244
3241
3240
3238
3237
3233
3233
3237
3235
3234
3232
3232
3227
3227
3230
3229
3224
3224
3225
3227
3226
3226
3225
3223
3224
3224
3223
3223
3219
3222
3226
3226
3225
3224
3223
3222
3221
3219
3218
3218
3218
3217
3215
3215
3215
3214
3210
3210
3215
3214
3213
3211
3210
3205
3205
3210
3209
3207
3208
3208
3208
3207
3205
3207
3208
3208
3208
3205
3206
3210
3210
3208
3209
3209
3205
3207
3210
3210
3205
3205
3204
3209
3206
3207
3205
3203
3203
3202
3201
3200
3200
3200
3200
3199
3199
3198
3198
3197
3199
3198
3198
3193
3193
3194
3198
3197
3199
3198
3193
3193
3194
3197
3195
3190
3190
3196
3194
3194
3193
3193
3189
3191
3196
3195
3195
3194
3194
3194
3195
3194
3193
3194
3192
3192
3191
3191
3191
3192
3186
3188
3191
3191
3188
3189
3187
3187
3188
3182
3185
3186
3191
3192
3188
3189
3194
3193
3192
3190
3190
3190
3189
3189
3189
3190
3190
3190
3189
3190
3189
3189
3188
3189
3188
3184
3185
3188
3187
3182
3183
3185
3187
3188
3186
3188
3188
3187
3183
3184
3184
3189
3189
3189
3190
3187
3188
3190
3194
3194
3192
3192
3192
3192
3193
3193
3194
3194
3197
3192
3193
3197
3197
3196
3194
3195
3190
3192
3196
3195
3194
3194
3194
3193
3192
3194
3193
3192
3196
3195
3190
3192
3198
3197
3197
3198
3197
3197
3197
3192
3194
3199
3199
3200
3197
3198
3203
3201
3203
3203
3204
3205
3205
3206
3207
3208
3208
3211
3213
3215
3216
3216
3212
3213
3220
3220
3220
3223
3225
3222
3225
3231
3230
3230
3232
3233
3230
3233
3238
3238
3238
3239
3242
3244
3246
3251
3252
3256
3259
3263
3264
3264
3272
3271
3273
3273
3274
3273
3275
3272
3275
3282
3283
3281
3285
3287
3291
3292
3291
3295
3303
3304
3305
3307
3309
3312
3316
3313
3317
3320
3327
3330
3333
3337
3340
3342
3346
3349
3354
3358
3360
3364
3367
3366
3372
3377
3383
3386
3388
3393
3392
3397
3400
3404
3409
3411
3416
3415
3421
3430
3433
3436
3435
3442
3450
3451
3455
3459
3464
3468
3472
3476
3482
3486
3489
3495
3501
3504
3509
3516
3521
3526
3530
3535
3541
3547
3552
3553
3561
3574
3577
3582
3582
3590
3601
3604
3609
3618
3621
3623
3629
3640
3645
3649
3654
3657
3665
3670
3682
3688
3689
3696
3709
3717
3723
3730
3740
3748
3754
3762
3770
3776
3780
3787
3792
3799
3805
3811
3819
3826
3831
3839
3844
3851
3856
3865
3872
3878
3881
3889
3899
3906
3906
3912
3922
3931
3934
3941
3948
3949
3956
3970
3976
3983
3986
3995
4006
4013
4020
4025
4033
4041
4048
4058
4064
4071
4080
4087
4097
4105
4112
4122
4131
4140
4151
4157
4166
4170
4177
4192
4199
4202
4211
4222
4236
4245
4247
4260
4275
4281
4290
4295
4305
4318
4328
4331
4340
4356
4362
4369
4379
4389
4397
4407
4416
4425
4437
4445
4455
4466
4474
4483
4491
4498
4508
4514
4518
4530
4540
4550
4554
4562
4574
4585
4595
4604
4610
4621
4628
4635
4643
4652
4656
4665
4673
4676
4686
4692
4699
4709
4715
4718
4725
4740
4744
4749
4754
4760
4772
4777
4784
4790
4796
4804
4811
4818
4825
4825
4832
4840
4851
4859
4861
4868
4878
4882
4884
4890
4894
4896
4902
4916
4920
4926
4937
4942
4952
4959
4968
4976
4983
4993
5005
5020
5032
5042
5053
5064
5073
5084
5094
5104
5115
5126
5138
5147
5153
5164
5177
5194
5201
5214
5221
5232
5242
5250
5258
5267
5283
5289
5299
5306
5313
5323
5335
5348
5361
5366
5378
5386
5394
5403
5406
5417
5431
5442
5448
5460
5464
5468
5480
5490
5501
5505
5517
5520
5526
5536
5547
5554
5561
5565
5567
5575
5584
5597
5601
5605
5610
5612
5616
5624
5633
5638
5643
5650
5657
5663
5669
5676
5684
5691
5699
5698
5708
5719
5720
5725
5726
5730
5730
5734
5735
5736
5736
5741
5744
5740
5745
5754
5755
5754
5755
5762
5768
5770
5771
5771
5775
5775
5778
5780
5782
5784
5784
5779
5780
5786
5790
5788
5791
5794
5797
5794
5802
5804
5808
5809
5815
5828
5831
5838
5848
5851
5860
5866
5868
5877
5886
5889
5897
5898
5906
5918
5921
5928
5934
5934
5944
5951
5962
5970
5975
5981
5988
5994
6003
6007
6011
6015
6018
6025
6025
6028
6033
6032
6036
6036
6036
6037
6031
6030
6031
6029
6024
6018
6015
6019
6016
6013
6004
6003
6007
6006
6008
6009
6007
6009
6012
6023
6022
6029
6035
6036
6041
6048
6052
6058
6062
6068
6072
6077
6080
6080
6089
6097
6096
6094
6099
6106
6108
6109
6110
6114
6109
6112
6120
6121
6124
6121
6122
6132
6135
6136
6139
6141
6145
6150
6152
6156
6160
6162
6161
6163
6167
6170
6171
6164
6169
6175
6173
6172
6169
6167
6171
6170
6162
6164
6161
6165
6163
6161
6163
6160
6163
6160
6156
6156
6160
6160
6160
6161
6158
6156
6154
6155
6150
6150
6146
6146
6143
6140
6137
6135
6131
6132
6128
6128
6128
6131
6130
6130
6131
6124
6124
6126
6122
6119
6112
6109
6110
6105
6103
6101
6100
6095
6095
6101
6100
6100
6099
6096
6092
6093
6087
6087
6092
6089
6085
6085
6086
6090
6087
6087
6087
6085
6082
6080
6078
6080
6077
6077
6076
6078
6076
6076
6074
6077
6076
6075
6078
6076
6080
6081
6074
6073
6080
6079
6072
6073
6072
6075
6072
6062
6060
6063
6058
6056
6054
6049
6046
6048
6039
6037
6043
6040
6040
6037
6033
6027
6025
6033
6031
6029
6024
6025
6032
6029
6027
6031
6028
6028
6029
6028
6027
6018
6020
6028
6021
6018
6013
6013
6010
6006
6002
5998
5997
5996
5993
5990
5989
5986
5987
5983
5979
5978
5974
5973
5962
5959
5960
5958
5954
5948
5945
5941
5935
5932
5929
5925
5922
5917
5913
5911
5905
5907
5907
5909
5906
5899
5900
5905
5899
5892
5892
5887
5891
5888
5881
5879
5882
5876
5874
5869
5868
5872
5866
5865
5861
5857
5854
5848
5846
5845
5843
5839
5836
5833
5830
5827
5824
5822
5820
5810
5813
5808
5809
5805
5802
5800
5798
5798
5794
5788
5786
5790
5790
5787
5784
5784
5784
5782
5777
5776
5781
5780
5780
5775
5778
5773
5772
5771
5769
5767
5764
5763
5763
5758
5755
5754
5754
5754
5746
5745
5743
5747
5743
5734
5734
5741
5737
5733
5735
5731
5721
5719
5721
5715
5707
5697
5690
5692
5680
5670
5666
5662
5656
5649
5640
5637
5630
5623
5619
5612
5607
5600
5593
5588
5579
5572
5567
5557
5550
5544
5533
5528
5527
5524
5514
5510
5505
5500
5496
5492
5486
5483
5480
5474
5474
5471
5468
5468
5456
5454
5455
5458
5453
5453
5450
5443
5442
5447
5446
5443
5441
5439
5432
5433
5434
5430
5430
5425
5425
5417
5414
5416
5415
5409
5406
5403
5397
5395
5399
5397
5393
5390
5387
5385
5385
5378
5377
5381
5381
5376
5373
5370
5369
5365
5358
5356
5354
5354
5350
5346
5342
5339
5333
5328
5324
5318
5312
5306
5294
5289
5292
5283
5278
5272
5268
5264
5261
5258
5254
5251
5247
5244
5248
5244
5242
5238
5239
5235
5231
5231
5228
5221
5221
5226
5223
5220
5215
5214
5204
5200
5207
5198
5196
5188
5184
5182
5177
5175
5169
5161
5159
5158
5158
5154
5153
5148
5143
5141
5138
5142
5137
5136
5133
5135
5131
5128
5124
5124
5129
5125
5122
5122
5119
5120
5114
5116
5113
5109
5110
5106
5104
5101
5098
5093
5091
5091
5087
5084
5081
5074
5074
5079
5071
5064
5064
5066
5064
5061
5052
5053
5055
5052
5049
5047
5045
5039
5035
5040
5037
5036
5034
5029
5024
5023
5024
5019
5014
5014
5008
5006
5004
5001
5000
4995
4992
4990
4984
4984
4976
4973
4976
4969
4965
4962
4959
4955
4954
4949
4947
4944
4937
4929
4925
4924
4927
4921
4919
4912
4909
4905
4899
4899
4896
4893
4891
4888
4885
4881
4876
4873
4877
4874
4869
4869
4865
4865
4863
4856
4855
4858
4854
4847
4844
4845
4848
4842
4836
4832
4837
4832
4828
4826
4822
4818
4813
4817
4812
4811
4808
4805
4803
4799
4799
4793
4792
4789
4787
4784
4780
4778
4773
4773
4769
4766
4767
4761
4760
4755
4747
4747
4750
4748
4745
4737
4738
4739
4738
4726
4730
4724
4727
4723
4714
4713
4714
4708
4704
4699
4697
4686
4686
4687
4682
4680
4674
4674
4667
4666
4662
4660
4658
4656
4652
4649
4647
4645
4641
4634
4632
4632
4634
4631
4628
4624
4624
4620
4619
4614
4612
4604
4603
4609
4603
4602
4599
4597
4594
4592
4594
4588
4582
4582
4582
4584
4581
4578
4574
4567
4566
4569
4568
4564
4562
4559
4558
4556
4547
4548
4544
4547
4544
4540
4536
4533
4531
4527
4521
4518
4524
4519
4518
4514
4513
4509
4509
4504
4502
4495
4495
4500
4496
4495
4493
4492
4489
4488
4484
4484
4480
4479
4476
4472
4471
4469
4465
4463
4462
4461
4450
4452
4451
4447
4436
4436
4434
4436
4434
4423
4423
4426
4423
4418
4414
4411
4412
4410
4406
4404
4399
4398
4393
4391
4387
4386
4382
4380
4378
4378
4369
4370
4373
4370
4367
4367
4365
4365
4363
4358
4356
4360
4360
4354
4353
4354
4356
4355
4349
4347
4355
4349
4347
4346
4347
4344
4343
4342
4339
4338
4337
4334
4332
4329
4328
4327
4319
4318
4318
4320
4318
4316
4316
4310
4313
4310
4309
4306
4301
4297
4303
4298
4296
4297
4294
4291
4290
4283
4282
4285
4282
4280
4278
4275
4266
4265
4271
4268
4268
4263
4261
4256
4254
4244
4245
4245
4247
4243
4242
4236
4237
4232
4230
4227
4225
4221
4222
4215
4218
4222
4221
4219
4219
4215
4208
4206
4210
4207
4202
4199
4193
4191
4187
4185
4181
4175
4172
4172
4172
4171
4170
4166
4165
4162
4161
4162
4161
4158
4158
4153
4154
4148
4144
4144
4149
4145
4144
4140
4133
4131
4130
4132
4129
4122
4122
4125
4123
4120
4114
4113
4115
4113
4112
4107
4107
4106
4106
4104
4103
4104
4099
4099
4097
4093
4093
4091
4090
4086
4086
4082
4080
4076
4072
4079
4076
4076
4075
4072
4068
4067
4071
4068
4063
4061
4067
4063
4063
4062
4059
4059
4058
4058
4055
4057
4052
4053
4046
4047
4049
4049
4046
4048
4046
4047
4043
4044
4041
4035
4035
4035
4035
4034
4029
4029
4025
4025
4022
4018
4017
4019
4018
4010
4010
4011
4012
4009
4006
4004
4003
4001
4001
4000
4001
3999
3998
3997
3993
3993
3990
3990
3984
3985
3987
3985
3977
3979
3980
3981
3981
3979
3979
3974
3973
3972
3971
3969
3963
3965
3967
3966
3958
3959
3959
3962
3963
3961
3961
3961
3959
3958
3955
3954
3954
3951
3950
3946
3943
3942
3938
3935
3931
3934
3931
3923
3924
3924
3924
3922
3915
3917
3922
3916
3920
3917
3918
3919
3917
3912
3912
3916
3915
3914
3912
3911
3910
3905
3907
3903
3903
3901
3897
3898
3895
3896
3894
3894
3895
3894
3895
3892
3886
3888
3889
3890
3885
3881
3879
3885
3882
3879
3881
3877
3877
3878
3878
3879
3873
3874
3873
3877
3871
3866
3865
3873
3870
3868
3867
3864
3862
3859
3859
3856
3855
3852
3851
3849
3846
3847
3844
3838
3838
3840
3840
3837
3830
3830
3834
3832
3828
3830
3827
3820
3822
3825
3823
3816
3815
3814
3816
3814
3811
3812
3808
3806
3806
3802
3802
3801
3798
3799
3796
3791
3791
3791
3796
3794
3790
3790
3796
3794
3792
3792
3793
3786
3788
3790
3790
3787
3786
3785
3779
3779
3782
3781
3777
3778
3776
3771
3769
3772
3771
3768
3768
3767
3764
3766
3763
3761
3762
3758
3758
3757
3753
3755
3752
3750
3751
3747
3748
3746
3744
3744
3741
3741
3740
3738
3739
3733
3732
3737
3735
3733
3734
3733
3734
3731
3728
3727
3732
3731
3724
3723
3724
3728
3726
3723
3723
3728
3725
3725
3718
3721
3725
3723
3725
3724
3721
3721
3721
3718
3718
3718
3716
3715
3715
3712
3712
3713
3712
3711
3710
3709
3709
3710
3710
3703
3707
3711
3709
3708
3704
3703
3699
3696
3702
3700
3694
3693
3693
3698
3695
3689
3689
3693
3693
3691
3684
3684
3687
3685
3684
3683
3680
3680
3681
3677
3678
3677
3676
3676
3674
3673
3675
3677
3672
3673
3682
3680
3682
3682
3682
3681
3683
3684
3682
3681
3681
3679
3678
3679
3679
3677
3672
3672
3671
3675
3671
3667
3664
3666
3663
3659
3658
3656
3652
3649
3644
3643
3644
3649
3646
3646
3647
3647
3647
3642
3643
3640
3646
3645
3644
3643
3643
3642
3641
3639
3639
3637
3634
3629
3629
3629
3631
3630
3624
3622
3628
3624
3619
3620
3618
3621
3619
3618
3615
3616
3613
3613
3605
3604
3610
3606
3606
3606
3602
3600
3600
3604
3603
3604
3601
3602
3601
3600
3601
3602
3601
3601
3602
3600
3600
3601
3598
3596
3599
3597
3595
3595
3594
3594
3593
3590
3586
3587
3590
3590
3589
3589
3590
3587
3589
3587
3587
3586
3581
3580
3583
3581
3577
3575
3577
3578
3578
3577
3575
3572
3572
3576
3576
3576
3573
3573
3574
3572
3572
3573
3572
3571
3569
3569
3569
3562
3563
3564
3566
3564
3558
3558
3564
3561
3558
3559
3556
3555
3556
3550
3548
3554
3553
3551
3545
3547
3550
3548
3547
3547
3547
3544
3544
3541
3541
3545
3545
3545
3543
3545
3543
3541
3535
3538
3541
3541
3539
3538
3538
3536
3536
3536
3535
3532
3533
3533
3531
3532
3527
3526
3532
3531
3528
3527
3529
3527
3525
3526
3527
3525
3525
3526
3525
3525
3524
3523
3520
3517
3518
3522
3520
3518
3516
3519
3520
3519
3513
3514
3519
3517
3510
3513
3510
3514
3513
3515
3513
3507
3509
3509
3511
3510
3509
3511
3510
3510
3509
3507
3506
3508
3507
3506
3506
3507
3507
3506
3506
3505
3498
3499
3505
3502
3500
3500
3500
3499
3498
3497
3496
3493
3492
3491
3493
3495
3491
3494
3487
3487
3488
3491
3490
3489
3489
3489
3487
3487
3490
3488
3488
3489
3488
3489
3487
3488
3490
3490
3489
3485
3486
3490
3488
3488
3482
3481
3485
3485
3478
3478
3481
3484
3482
3481
3482
3480
3479
3479
3479
3477
3471
3472
3476
3474
3468
3468
3467
3472
3471
3469
3468
3468
3466
3466
3464
3466
3466
3465
3464
3465
3466
3463
3465
3464
3467
3466
3466
3463
3467
3466
3473
3476
3476
3474
3471
3474
3473
3471
3471
3467
3466
3470
3467
3462
3460
3460
3462
3459
3458
3457
3449
3449
3450
3454
3451
3450
3450
3442
3441
3443
3447
3444
3446
3446
3443
3444
3444
3444
3443
3442
3443
3442
3441
3432
3435
3436
3439
3439
3435
3436
3440
3439
3437
3434
3433
3437
3438
3438
3435
3435
3434
3434
3432
3431
3432
3430
3430
3428
3431
3430
3428
3428
3429
3429
3427
3426
3427
3426
3420
3421
3427
3424
3418
3418
3418
3425
3422
3422
3421
3419
3418
3419
3423
3424
3423
3422
3419
3420
3419
3420
3417
3412
3414
3419
3418
3416
3415
3417
3412
3413
3417
3418
3414
3413
3412
3412
3412
3410
3408
3410
3409
3408
3407
3406
3406
3405
3403
3405
3401
3401
3402
3409
3409
3403
3403
3412
3411
3410
3408
3406
3409
3408
3408
3406
3405
3402
3403
3397
3396
3401
3401
3399
3400
3398
3394
3397
3401
3399
3395
3397
3398
3400
3400
3399
3401
3400
3399
3397
3395
3395
3398
3397
3394
3393
3392
3392
3392
3391
3389
3389
3389
3390
3391
3391
3391
3391
3388
3389
3388
3388
3387
3386
3385
3382
3381
3380
3381
3382
3383
3382
3379
3379
3380
3382
3382
3381
3382
3377
3379
3384
3382
3381
3380
3379
3376
3376
3381
3380
3381
3381
3376
3375
3375
3380
3381
3376
3376
3380
3380
3378
3378
3375
3374
3375
3373
3371
3370
3369
3369
3370
3369
3367
3364
3365
3366
3366
3366
3366
3362
3364
3369
3369
3370
3368
3369
3373
3373
3374
3375
3376
3374
3375
3371
3373
3378
3377
3377
3375
3376
3372
3372
3374
3372
3365
3366
3362
3366
3362
3362
3360
3359
3358
3358
3358
3358
3357
3357
3351
3352
3356
3354
3354
3352
3351
3346
3346
3351
3348
3347
3346
3346
3345
3345
3345
3342
3343
3344
3343
3342
3342
3338
3337
3342
3341
3340
3336
3335
3339
3339
3339
3341
3340
3339
3341
3343
3343
3340
3338
3341
3344
3344
3340
3339
3344
3344
3343
3343
3342
3341
3339
3340
3339
3340
3339
3337
3333
3334
3338
3337
3335
3335
3335
3334
3333
3329
3328
3334
3332
3330
3329
3329
3326
3329
3329
3329
3325
3329
3329
3333
3332
3332
3331
3332
3332
3330
3331
3330
3329
3327
3326
3325
3321
3321
3320
3323
3323
3326
3327
3325
3324
3323
3320
3321
3326
3324
3324
3323
3323
3323
3320
3316
3314
3320
3319
3318
3318
3317
3313
3313
3320
3320
3321
3322
3322
3322
3322
3321
3322
3323
3323
3320
3317
3315
3320
3319
3316
3314
3318
3315
3316
3315
3313
3308
3309
3316
3315
3316
3316
3316
3315
3315
3314
3314
3314
3314
3313
3307
3307
3314
3312
3311
3310
3309
3309
3308
3306
3306
3305
3305
3305
3300
3300
3304
3304
3298
3299
3300
3302
3302
3301
3301
3301
3301
3300
3300
3297
3299
3298
3297
3298
3293
3294
3295
3299
3299
3295
3295
3299
3298
3298
3297
3298
3298
3296
3295
3295
3289
3289
3289
3294
3292
3291
3290
3289
3290
3290
3289
3290
3286
3287
3293
3293
3292
3292
3292
3288
3290
3295
3295
3295
3294
3294
3294
3295
3295
3295
3288
3289
3288
3293
3292
3291
3291
3286
3288
3291
3292
3292
3290
3291
3285
3288
3291
3291
3291
3289
3290
3290
3289
3288
3288
3288
3286
3286
3285
3285
3284
3283
3284
3284
3282
3283
3283
3283
3282
3279
3278
3279
3285
3284
3277
3277
3284
3281
3282
3281
3281
3277
3278
3284
3283
3283
3283
3286
3290
3292
3288
3289
3294
3293
3293
3293
3293
3292
3291
3291
3291
3288
3288
3286
3284
3284
3282
3282
3281
3277
3277
3281
3278
3277
3276
3275
3274
3275
3273
3273
3269
3269
3275
3275
3275
3271
3271
3276
3276
3275
3276
3276
3277
3276
3278
3278
3277
3278
3277
3276
3277
3275
3274
3269
3267
3273
3272
3272
3266
3267
3271
3269
3268
3268
3267
3268
3269
3265
3266
3272
3271
3269
3269
3269
3265
3266
3271
3271
3265
3266
3267
3272
3271
3271
3270
3268
3267
3267
3264
3266
3263
3262
3260
3258
3259
3259
3259
3258
3259
3254
3254
3258
3257
3256
3251
3250
3255
3253
3254
3252
3250
3246
3247
3251
3250
3249
3248
3248
3248
3247
3244
3244
3248
3247
3248
3246
3247
3248
3248
3248
3248
3248
3248
3245
3246
3246
3247
3249
3244
3245
3250
3250
3249
3250
3249
3248
3251
3257
3258
3262
3260
3262
3257
3259
3265
3263
3260
3260
3258
3257
3256
3254
3252
3250
3248
3247
3246
3246
3246
3247
3247
3248
3248
3247
3247
3246
3248
3242
3242
3243
3246
3244
3241
3243
3249
3248
3243
3243
3244
3248
3246
3240
3241
3245
3244
3244
3243
3244
3243
3242
3242
3241
3239
3239
3239
3235
3236
3241
3240
3240
3240
3242
3243
3246
3246
3248
3249
3249
3249
3244
3243
3248
3246
3241
3240
3241
3242
3240
3236
3238
3242
3240
3239
3236
3235
3234
3234
3234
3235
3235
3236
3235
3235
3235
3230
3231
3234
3234
3232
3231
3231
3232
3229
3230
3232
3232
3231
3232
3227
3230
3233
3233
3233
3232
3233
3229
3231
3235
3234
3227
3227
3229
3231
3230
3227
3227
3230
3230
3229
3229
3230
3228
3228
3225
3225
3230
3228
3228
3226
3227
3227
3227
3225
3223
3223
3224
3225
3221
3221
3226
3225
3225
3224
3224
3225
3224
3224
3223
3224
3225
3225
3223
3222
3221
3223
3222
3221
3219
3217
3218
3222
3222
3215
3217
3221
3221
3221
3215
3216
3220
3220
3215
3214
3215
3218
3219
3215
3214
3219
3217
3217
3216
3215
3215
3215
3214
3214
3214
3212
3213
3211
3214
3215
3215
3214
3213
3214
3215
3216
3212
3213
3220
3219
3218
3217
3216
3216
3217
3215
3214
3213
3212
3211
3209
3207
3209
3207
3202
3202
3204
3206
3207
3204
3207
3201
3201
3203
3208
3207
3205
3205
3199
3202
3206
3205
3205
3206
3206
3203
3203
3203
3203
3202
3202
3202
3201
3201
3200
3201
3200
3199
3200
3206
3206
3205
3206
3202
3201
3202
3205
3205
3204
3204
3205
3205
3205
3204
3202
3198
3200
3203
3202
3200
3198
3197
3201
3200
3196
3197
3202
3204
3202
3201
3201
3200
3201
3200
3200
3200
3199
3199
3198
3200
3202
3202
3203
3199
3198
3203
3204
3203
3202
3201
3200
3202
3203
3204
3204
3204
3203
3205
3205
3206
3206
3205
3204
3205
3207
3207
3208
3207
3206
3206
3203
3205
3209
3208
3209
3205
3208
3215
3213
3214
3218
3220
3222
3223
3222
3227
3236
3240
3242
3242
3248
3258
3262
3262
3270
3279
3286
3291
3291
3299
3309
3315
3313
3320
3327
3336
3342
3341
3347
3358
3363
3366
3367
3373
3383
3385
3388
3390
3395
3399
3400
3403
3406
3404
3405
