4798
4797
4798
4797
4796
4795
4795
4793
4790
4782
4783
4785
4778
4774
4768
4763
4763
4757
4754
4749
4744
4738
4732
4728
4724
4714
4709
4710
4704
4699
4693
4686
4682
4679
4674
4669
4666
4658
4654
4656
4652
4647
4642
4639
4634
4629
4627
4624
4619
4614
4612
4609
4606
4604
4600
4593
4594
4585
4581
4581
4582
4578
4570
4570
4574
4568
4565
4564
4562
4557
4556
4558
4553
4553
4552
4552
4552
4550
4544
4543
4548
4542
4540
4535
4532
4534
4532
4525
4523
4526
4526
4525
4521
4521
4520
4518
4515
4513
4513
4512
4509
4502
4503
4506
4505
4500
4502
4499
4498
4501
4500
4499
4497
4497
4496
4495
4495
4493
4495
4499
4495
4494
4494
4494
4492
4490
4483
4484
4483
4487
4488
4486
4490
4495
4492
4494
4494
4492
4491
4487
4486
4484
4483
4479
4477
4475
4473
4472
4471
4469
4467
4465
4466
4465
4464
4465
4461
4463
4465
4466
4466
4462
4462
4469
4470
4464
4466
4467
4469
4467
4467
4466
4457
4457
4456
4459
4455
4454
4455
4453
4451
4452
4453
4452
4451
4452
4453
4452
4451
4451
4451
4446
4445
4451
4447
4445
4444
4446
4449
4448
4447
4449
4455
4455
4457
4455
4456
4456
4458
4455
4455
4448
4448
4449
4454
4450
4446
4446
4448
4446
4444
4443
4442
4441
4440
4438
4438
4439
4437
4440
4442
4440
4441
4444
4443
4444
4447
4442
4443
4447
4444
4438
4440
4437
4442
4439
4435
4436
4427
4430
4433
4432
4433
4431
4429
4431
4429
4424
4426
4426
4431
4430
4430
4429
4432
4433
4431
4433
4433
4435
4433
4434
4436
4434
4434
4436
4432
4432
4439
4436
4434
4435
4436
4433
4433
4429
4428
4433
4432
4429
4426
4429
4431
4430
4427
4426
4432
4432
4431
4431
4433
4433
4433
4433
4435
4438
4438
4440
4440
4440
4440
4441
4442
4444
4444
4440
4442
4446
4446
4441
4440
4440
4444
4443
4443
4442
4443
4444
4445
4443
4446
4445
4446
4449
4448
4448
4448
4449
4456
4455
4450
4454
4457
4459
4457
4458
4458
4462
4465
4464
4464
4469
4468
4472
4472
4478
4474
4477
4482
4487
4489
4491
4495
4496
4499
4500
4501
4505
4508
4509
4514
4515
4513
4518
4521
4529
4530
4532
4536
4539
4540
4545
4543
4545
4553
4555
4552
4557
4562
4569
4570
4572
4575
4579
4583
4585
4591
4593
4603
4605
4609
4616
4619
4624
4632
4635
4640
4646
4651
4655
4661
4662
4668
4672
4676
4681
4681
4684
4695
4699
4701
4704
4708
4707
4713
4721
4724
4729
4732
4738
4741
4748
4755
4759
4763
4768
4775
4786
4792
4797
4803
4816
4823
4829
4835
4842
4855
4863
4868
4877
4886
4895
4906
4913
4923
4928
4939
4955
4963
4976
4982
4996
5008
5020
5031
5043
5055
5063
5074
5080
5089
5098
5103
5113
5117
5126
5138
5148
5156
5168
5176
5188
5199
5209
5216
5228
5239
5251
5260
5272
5279
5295
5311
5322
5327
5342
5359
5373
5387
5396
5414
5435
5449
5466
5480
5497
5513
5531
5541
5560
5582
5596
5613
5629
5647
5659
5676
5700
5714
5733
5749
5766
5781
5800
5816
5833
5850
5865
5883
5900
5916
5931
5950
5967
5983
5999
6016
6032
6050
6066
6076
6095
6114
6131
6148
6165
6180
6197
6213
6228
6247
6261
6278
6298
6311
6326
6352
6365
6382
6398
6415
6438
6455
6467
6488
6507
6527
6544
6560
6579
6588
6608
6631
6644
6664
6680
6696
6708
6727
6748
6763
6778
6794
6810
6823
6838
6847
6865
6879
6896
6910
6920
6933
6937
6952
6972
6985
6999
7013
7029
7043
7057
7074
7088
7106
7116
7132
7149
7162
7176
7185
7201
7217
7231
7249
7262
7279
7296
7307
7325
7339
7358
7367
7368
7380
7394
7397
7405
7404
7415
7422
7426
7436
7446
7455
7466
7479
7499
7513
7529
7547
7562
7572
7586
7597
7611
7622
7636
7653
7670
7686
7706
7723
7735
7759
7782
7799
7816
7830
7847
7866
7878
7886
7902
7918
7930
7942
7956
7970
7986
7994
8003
8010
8015
8018
8028
8041
8052
8066
8082
8099
8115
8132
8146
8167
8181
8198
8209
8229
8245
8266
8283
8295
8311
8323
8339
8354
8375
8388
8392
8407
8422
8433
8443
8451
8458
8463
8467
8480
8490
8499
8510
8525
8532
8543
8558
8566
8579
8592
8599
8612
8627
8639
8653
8668
8683
8697
8710
8727
8744
8757
8769
8779
8778
8788
8791
8797
8800
8800
8799
8801
8814
8822
8838
8848
8857
8866
8874
8875
8878
8878
8881
8882
8887
8895
8897
8902
8901
8903
8903
8906
8918
8923
8927
8938
8948
8956
8968
8977
8988
9006
9016
9024
9031
9036
9047
9052
9061
9070
9073
9082
9097
9110
9120
9130
9143
9160
9169
9185
9197
9207
9224
9235
9238
9250
9259
9270
9279
9290
9297
9308
9319
9328
9338
9346
9356
9362
9370
9378
9386
9395
9397
9399
9399
9399
9399
9393
9390
9386
9382
9375
9363
9357
9357
9352
9351
9348
9347
9350
9355
9359
9368
9367
9376
9384
9395
9403
9411
9418
9420
9433
9440
9450
9456
9458
9468
9479
9485
9493
9503
9508
9516
9524
9535
9544
9551
9561
9570
9576
9583
9588
9594
9590
9596
9600
9609
9613
9612
9614
9623
9627
9626
9628
9627
9629
9626
9629
9626
9621
9628
9631
9642
9642
9647
9652
9655
9658
9657
9664
9664
9672
9675
9683
9685
9686
9684
9681
9673
9673
9668
9664
9659
9665
9663
9667
9670
9672
9673
9678
9684
9685
9688
9691
9686
9682
9686
9678
9669
9665
9661
9662
9661
9651
9652
9659
9655
9652
9649
9649
9650
9648
9647
9643
9639
9640
9636
9632
9631
9623
9627
9630
9631
9629
9621
9622
9629
9619
9614
9609
9601
9593
9585
9572
9567
9568
9563
9561
9557
9559
9553
9556
9565
9566
9569
9571
9574
9569
9561
9558
9554
9553
9552
9549
9547
9546
9546
9546
9537
9537
9541
9544
9544
9540
9545
9549
9544
9538
9535
9531
9527
9524
9516
9517
9519
9514
9505
9501
9495
9487
9485
9484
9479
9480
9480
9478
9472
9476
9476
9470
9464
9456
9454
9454
9450
9437
9433
9437
9428
9420
9414
9407
9399
9391
9386
9380
9372
9359
9354
9349
9336
9321
9312
9302
9287
9274
9261
9249
9235
9225
9216
9208
9199
9194
9189
9188
9191
9192
9193
9195
9204
9209
9208
9213
9227
9226
9220
9221
9223
9227
9226
9214
9217
9219
9212
9209
9202
9195
9192
9185
9179
9172
9169
9161
9160
9163
9162
9155
9155
9163
9159
9158
9158
9158
9153
9151
9146
9146
9142
9148
9143
9145
9142
9141
9138
9137
9134
9129
9124
9124
9125
9123
9122
9118
9115
9114
9111
9112
9112
9112
9113
9109
9104
9106
9108
9106
9099
9101
9103
9102
9098
9097
9094
9092
9089
9083
9078
9077
9079
9075
9065
9063
9065
9060
9055
9047
9044
9044
9040
9035
9028
9029
9021
9016
9013
9007
9000
8998
8990
8985
8981
8968
8961
8960
8947
8941
8933
8926
8922
8911
8906
8899
8891
8886
8875
8860
8851
8838
8829
8822
8818
8810
8806
8795
8784
8778
8762
8755
8751
8742
8732
8716
8712
8715
8708
8703
8701
8702
8701
8701
8701
8703
8694
8696
8701
8691
8686
8675
8662
8660
8648
8642
8633
8627
8624
8619
8613
8610
8605
8599
8593
8591
8583
8571
8566
8565
8556
8552
8538
8533
8521
8514
8511
8500
8488
8483
8477
8479
8472
8468
8466
8454
8452
8450
8446
8444
8438
8438
8433
8433
8428
8424
8421
8411
8408
8408
8399
8386
8387
8379
8379
8374
8370
8365
8360
8359
8359
8360
8361
8359
8360
8361
8359
8359
8360
8354
8354
8351
8345
8340
8331
8327
8322
8319
8312
8302
8294
8290
8283
8275
8267
8258
8247
8232
8218
8202
8187
8173
8158
8141
8133
8130
8121
8108
8106
8098
8097
8091
8086
8081
8079
8075
8069
8063
8060
8056
8053
8051
8047
8044
8042
8040
8042
8039
8032
8030
8023
8020
8013
8008
8001
7989
7987
7991
7984
7978
7971
7969
7970
7965
7955
7953
7953
7949
7948
7943
7937
7935
7929
7922
7919
7917
7911
7906
7904
7898
7893
7892
7890
7886
7885
7878
7881
7882
7882
7878
7878
7876
7871
7866
7859
7850
7848
7838
7828
7816
7807
7800
7788
7769
7762
7751
7745
7737
7728
7719
7713
7706
7698
7697
7690
7686
7687
7686
7683
7683
7678
7683
7682
7678
7676
7675
7678
7676
7673
7670
7667
7665
7663
7659
7653
7645
7639
7635
7632
7628
7615
7612
7612
7603
7599
7591
7583
7572
7569
7569
7563
7556
7547
7542
7535
7529
7521
7516
7515
7512
7506
7504
7498
7488
7486
7488
7482
7479
7466
7465
7463
7458
7449
7442
7441
7433
7429
7424
7416
7411
7405
7400
7396
7390
7383
7384
7383
7379
7377
7376
7370
7370
7368
7363
7357
7351
7347
7347
7345
7342
7338
7336
7333
7333
7323
7323
7321
7323
7320
7316
7313
7306
7302
7296
7295
7290
7286
7278
7272
7267
7263
7254
7251
7241
7235
7230
7222
7217
7210
7202
7199
7191
7182
7178
7180
7173
7167
7157
7150
7154
7147
7139
7133
7126
7115
7112
7111
7103
7094
7088
7091
7085
7078
7076
7071
7066
7064
7059
7054
7054
7044
7045
7046
7044
7043
7040
7040
7040
7035
7027
7028
7034
7027
7025
7018
7012
7005
6999
6992
6985
6976
6966
6957
6944
6932
6931
6920
6903
6894
6886
6882
6870
6863
6855
6846
6841
6832
6828
6822
6817
6813
6802
6801
6805
6799
6798
6794
6791
6787
6784
6780
6779
6776
6770
6769
6770
6769
6765
6764
6761
6757
6755
6750
6746
6750
6744
6743
6741
6738
6735
6732
6729
6727
6714
6713
6709
6705
6701
6693
6691
6683
6676
6678
6675
6676
6672
6669
6669
6667
6664
6664
6658
6658
6652
6650
6647
6636
6634
6634
6632
6631
6627
6626
6618
6616
6617
6615
6613
6610
6609
6607
6601
6593
6592
6593
6593
6587
6581
6579
6581
6571
6569
6564
6559
6553
6551
6549
6547
6544
6538
6535
6531
6526
6519
6517
6520
6515
6507
6505
6503
6500
6499
6488
6490
6486
6487
6481
6476
6474
6479
6471
6468
6465
6457
6450
6447
6448
6443
6440
6439
6435
6432
6431
6427
6428
6425
6424
6421
6419
6416
6413
6411
6404
6401
6404
6401
6396
6393
6387
6385
6380
6373
6371
6371
6371
6367
6363
6356
6354
6350
6344
6340
6333
6332
6327
6320
6319
6307
6303
6298
6297
6294
6282
6284
6285
6282
6279
6273
6271
6265
6262
6257
6253
6247
6239
6237
6235
6233
6229
6222
6221
6213
6211
6203
6199
6199
6198
6188
6187
6185
6185
6185
6181
6178
6176
6175
6173
6166
6164
6168
6164
6163
6162
6159
6156
6155
6151
6149
6144
6144
6149
6145
6143
6140
6139
6137
6131
6132
6130
6128
6124
6121
6112
6112
6114
6108
6103
6098
6097
6097
6096
6092
6088
6079
6076
6075
6076
6073
6070
6070
6061
6058
6056
6054
6051
6046
6044
6039
6033
6031
6027
6022
6017
6014
6008
6007
5999
5996
5991
5988
5980
5971
5968
5967
5961
5956
5951
5946
5938
5934
5936
5928
5918
5915
5913
5913
5908
5905
5902
5893
5892
5888
5892
5887
5885
5881
5883
5878
5877
5874
5873
5869
5865
5861
5857
5854
5848
5843
5841
5836
5829
5826
5831
5823
5825
5820
5818
5815
5810
5819
5813
5812
5809
5808
5807
5804
5800
5797
5801
5794
5790
5781
5777
5780
5775
5774
5770
5769
5765
5765
5764
5764
5762
5764
5763
5761
5758
5756
5754
5751
5745
5738
5729
5725
5723
5718
5709
5706
5707
5703
5700
5690
5689
5690
5685
5674
5676
5673
5673
5668
5667
5660
5653
5647
5651
5646
5645
5642
5644
5641
5641
5638
5637
5634
5635
5629
5630
5627
5626
5624
5624
5617
5615
5618
5613
5605
5601
5605
5600
5599
5593
5593
5587
5587
5583
5582
5575
5575
5571
5569
5564
5554
5556
5552
5556
5554
5554
5551
5552
5549
5546
5548
5546
5544
5541
5543
5541
5540
5539
5540
5534
5534
5538
5537
5530
5532
5531
5534
5533
5532
5532
5529
5529
5527
5528
5524
5521
5521
5515
5518
5521
5519
5520
5515
5516
5511
5511
5508
5509
5506
5502
5502
5507
5504
5505
5501
5501
5497
5495
5494
5493
5485
5484
5489
5487
5489
5489
5488
5484
5484
5487
5483
5480
5481
5477
5473
5472
5467
5465
5465
5466
5460
5461
5455
5456
5452
5447
5446
5445
5447
5446
5444
5446
5447
5447
5444
5444
5444
5441
5441
5434
5436
5436
5438
5434
5436
5432
5431
5429
5430
5428
5425
5420
5418
5422
5421
5416
5416
5416
5421
5419
5414
5414
5421
5418
5417
5416
5415
5412
5411
5406
5407
5403
5403
5396
5395
5393
5392
5389
5384
5383
5383
5382
5381
5373
5373
5377
5371
5370
5367
5365
5365
5362
5354
5354
5360
5356
5353
5350
5346
5340
5340
5345
5339
5337
5336
5333
5328
5327
5323
5320
5317
5315
5312
5311
5310
5307
5305
5302
5301
5300
5304
5303
5299
5300
5299
5297
5299
5296
5296
5303
5303
5297
5300
5303
5303
5303
5299
5298
5295
5291
5293
5290
5286
5286
5285
5278
5277
5284
5279
5280
5279
5275
5270
5269
5273
5272
5271
5269
5269
5264
5263
5266
5266
5265
5260
5261
5260
5258
5258
5258
5256
5253
5254
5253
5255
5248
5249
5249
5245
5238
5238
5235
5237
5234
5229
5226
5228
5228
5226
5222
5221
5221
5222
5219
5218
5221
5220
5221
5217
5219
5222
5217
5217
5214
5210
5202
5202
5205
5201
5192
5193
5190
5189
5189
5187
5183
5183
5181
5178
5174
5171
5172
5171
5165
5167
5172
5169
5167
5166
5165
5163
5164
5159
5161
5161
5163
5164
5159
5160
5167
5166
5163
5162
5163
5164
5164
5163
5162
5162
5159
5157
5155
5151
5143
5140
5143
5140
5137
5137
5131
5131
5126
5123
5120
5120
5111
5109
5115
5113
5107
5107
5112
5109
5109
5110
5107
5107
5106
5098
5097
5094
5098
5096
5091
5090
5091
5089
5086
5083
5083
5082
5078
5073
5073
5075
5072
5068
5064
5062
5064
5063
5062
5062
5062
5058
5056
5059
5057
5058
5058
5056
5056
5056
5055
5052
5053
5055
5049
5049
5048
5053
5053
5050
5052
5058
5055
5057
5055
5055
5056
5056
5056
5057
5057
5056
5057
5063
5062
5062
5062
5062
5061
5059
5059
5058
5053
5055
5060
5056
5058
5060
5057
5055
5057
5056
5053
5052
5048
5049
5051
5044
5040
5039
5041
5040
5037
5036
5034
5034
5031
5030
5031
5027
5018
5016
5020
5017
5012
5010
5007
5006
5002
4996
4997
5001
4998
4997
4998
4994
4992
4995
4992
4992
4994
4994
4993
4992
4992
5000
4999
4998
4999
4998
4999
4995
4990
4990
4992
4988
4984
4981
4981
4984
4980
4980
4976
4975
4974
4973
4968
4967
4973
4969
4970
4969
4967
4968
4968
4962
4964
4971
4968
4968
4970
4969
4972
4973
4967
4970
4976
4972
4976
4975
4973
4976
4973
4974
4975
4971
4971
4973
4969
4969
4962
4960
4964
4963
4960
4956
4956
4957
4956
4950
4950
4949
4951
4951
4950
4949
4948
4945
4944
4945
4945
4947
4947
4939
4941
4945
4944
4943
4940
4937
4936
4932
4931
4930
4927
4925
4926
4922
4924
4917
4917
4918
4921
4917
4913
4915
4918
4917
4917
4914
4915
4910
4908
4916
4916
4915
4918
4917
4918
4917
4914
4917
4908
4911
4912
4913
4913
4908
4907
4915
4913
4915
4916
4917
4912
4911
4909
4907
4902
4900
4897
4905
4901
4897
4897
4888
4891
4891
4890
4891
4889
4889
4890
4887
4889
4889
4888
4887
4886
4886
4888
4882
4883
4885
4888
4885
4880
4880
4882
4880
4877
4875
4874
4869
4868
4866
4863
4863
4860
4860
4861
4857
4853
4853
4856
4856
4854
4855
4856
4849
4851
4859
4854
4855
4850
4849
4855
4851
4850
4852
4851
4849
4851
4847
4846
4849
4851
4847
4846
4849
4847
4844
4846
4844
4844
4843
4843
4843
4842
4837
4840
4846
4841
4844
4843
4843
4843
4844
4837
4840
4844
4840
4842
4838
4836
4841
4841
4839
4840
4839
4839
4839
4832
4834
4836
4835
4836
4835
4833
4831
4830
4831
4830
4829
4829
4828
4829
4828
4821
4823
4828
4824
4825
4826
4824
4821
4824
4831
4832
4831
4831
4830
4830
4827
4827
4824
4821
4818
4817
4814
4813
4808
4806
4812
4806
4805
4801
4799
4805
4801
4802
4800
4799
4799
4797
4798
4798
4794
4794
4801
4799
4801
4796
4798
4805
4804
4798
4798
4798
4799
4797
4797
4795
4794
4791
4789
4786
4788
4790
4786
4788
4788
4781
4784
4779
4785
4784
4778
4778
4784
4785
4784
4784
4786
4785
4786
4790
4789
4788
4788
4785
4786
4785
4777
4777
4783
4779
4780
4777
4774
4774
4773
4765
4768
4767
4768
4766
4764
4765
4765
4763
4760
4761
4758
4764
4763
4761
4764
4761
4760
4761
4757
4758
4762
4762
4759
4760
4761
4757
4760
4759
4759
4752
4752
4753
4755
4754
4747
4749
4752
4751
4746
4748
4745
4751
4750
4746
4746
4745
4742
4742
4740
4738
4741
4741
4738
4737
4738
4736
4737
4737
4736
4736
4735
4734
4735
4735
4731
4732
4735
4734
4733
4734
4734
4734
4732
4728
4729
4732
4731
4730
4728
4730
4725
4724
4729
4729
4727
4729
4727
4722
4725
4726
4724
4724
4720
4722
4721
4720
4719
4719
4719
4719
4719
4718
4719
4718
4719
4719
4718
4713
4716
4717
4719
4717
4718
4718
4708
4712
4713
4715
4714
4712
4712
4718
4715
4715
4715
4716
4717
4713
4709
4706
4707
4702
4700
4696
4696
4693
4691
4691
4690
4687
4686
4685
4686
4686
4686
4684
4677
4674
4676
4678
4674
4674
4673
4669
4670
4670
4667
4667
4668
4664
4667
4668
4666
4670
4672
4670
4672
4666
4669
4674
4671
4672
4666
4667
4673
4669
4666
4667
4667
4672
4669
4670
4668
4663
4663
4663
4661
4661
4656
4655
4660
4660
4654
4655
4657
4659
4658
4658
4658
4657
4654
4656
4654
4650
4654
4654
4648
4650
4651
4653
4652
4648
4650
4656
4653
4653
4655
4654
4654
4658
4659
4661
4663
4664
4664
4664
4661
4663
4665
4663
4666
4662
4658
4660
4662
4660
4653
4652
4656
4655
4652
4652
4650
4648
4645
4647
4647
4645
4643
4643
4646
4646
4640
4639
4642
4646
4646
4646
4645
4648
4646
4643
4643
4639
4645
4642
4633
4635
4640
4635
4633
4633
4631
4631
4629
4627
4630
4628
4626
4628
4626
4623
4628
4624
4623
4625
4624
4620
4622
4625
4624
4619
4620
4622
4624
4624
4624
4621
4621
4623
4622
4620
4622
4620
4621
4618
4619
4623
4624
4621
4616
4618
4620
4619
4619
4618
4618
4621
4620
4615
4620
4623
4623
4624
4621
4620
4621
4622
4625
4624
4623
4620
4620
4620
4618
4619
4619
4616
4615
4615
4612
4613
4613
4611
4615
4616
4615
4615
4615
4614
4611
4608
4607
4608
4607
4607
4605
4605
4605
4602
4602
4601
4599
4600
4601
4595
4599
4606
4604
4603
4601
4600
4604
4605
4604
4602
4603
4600
4600
4597
4597
4600
4600
4601
4599
4599
4594
4594
4596
4595
4589
4587
4589
4592
4587
4588
4586
4579
4582
4586
4586
4582
4580
4584
4581
4580
4575
4576
4577
4582
4580
4580
4581
4584
4585
4587
4584
4588
4587
4587
4588
4587
4585
4586
4586
4584
4582
4581
4579
4572
4574
4575
4576
4575
4576
4574
4570
4570
4571
4575
4571
4573
4575
4573
4575
4570
4569
4572
4575
4574
4576
4573
4575
4575
4575
4574
4573
4578
4581
4575
4577
4580
4581
4579
4577
4576
4578
4579
4576
4578
4578
4575
4575
4574
4573
4573
4571
4569
4570
4567
4560
4564
4568
4565
4566
4563
4563
4568
4568
4567
4568
4568
4569
4567
4565
4564
4564
4565
4564
4565
4564
4571
4569
4571
4570
4569
4569
4567
4568
4565
4572
4571
4564
4567
4572
4568
4567
4566
4565
4562
4560
4559
4558
4558
4556
4557
4551
4551
4556
4552
4552
4545
4545
4552
4549
4549
4550
4547
4546
4547
4546
4544
4544
4542
4543
4542
4542
4543
4545
4545
4547
4545
4547
4545
4542
4544
4545
4544
4539
4538
4540
4541
4539
4542
4543
4538
4538
4543
4540
4540
4537
4535
4531
4531
4534
4535
4535
4535
4535
4536
4538
4539
4539
4539
4540
4537
4538
4539
4532
4536
4541
4540
4542
4538
4539
4544
4542
4543
4542
4537
4540
4540
4538
4539
4532
4533
4537
4534
4534
4527
4528
4532
4527
4528
4525
4525
4525
4523
4519
4519
4522
4525
4523
4524
4524
4524
4525
4525
4524
4521
4520
4520
4525
4522
4524
4523
4523
4523
4521
4520
4520
4519
4521
4516
4515
4514
4518
4517
4517
4515
4514
4515
4515
4515
4514
4510
4511
4516
4514
4517
4516
4518
4516
4517
4522
4523
4516
4520
4522
4524
4523
4522
4524
4522
4521
4520
4521
4520
4518
4516
4515
4515
4515
4514
4513
4509
4509
4512
4513
4509
4511
4508
4504
4506
4510
4510
4511
4511
4508
4508
4507
4510
4507
4510
4506
4507
4509
4510
4515
4515
4518
4520
4513
4518
4519
4520
4521
4520
4522
4520
4517
4519
4516
4519
4514
4514
4521
4517
4513
4514
4514
4519
4515
4518
4518
4516
4516
4515
4512
4511
4511
4510
4506
4502
4503
4500
4499
4498
4496
4497
4496
4496
4496
4496
4495
4497
4493
4491
4496
4495
4495
4495
4498
4495
4494
4502
4498
4499
4498
4496
4496
4493
4490
4489
4485
4487
4485
4490
4488
4484
4486
4489
4487
4486
4485
4485
4487
4485
4485
4483
4481
4482
4479
4480
4480
4477
4479
4477
4473
4477
4477
4477
4478
4478
4472
4475
4477
4479
4479
4476
4475
4478
4478
4476
4475
4476
4476
4476
4475
4477
4474
4477
4481
4490
4491
4490
4495
4503
4507
4514
4515
4524
4534
4539
4546
4556
4564
4576
4585
4595
4605
4615
4622
4629
4640
4647
4661
4670
4673
4679
4695
4701
4707
4710
4720
4731
4733
4742
4749
4754
4760
4769
4773
4777
4784
4786
4788
4792
4794
4796
4797
