3357
3356
3355
3351
3352
3353
3352
3345
3344
3342
3345
3343
3335
3335
3336
3332
3329
3323
3320
3323
3317
3310
3309
3308
3306
3303
3298
3297
3297
3293
3290
3290
3287
3283
3281
3279
3277
3274
3273
3270
3268
3268
3267
3264
3259
3259
3261
3261
3260
3253
3251
3254
3249
3248
3245
3243
3241
3239
3238
3236
3229
3230
3229
3231
3228
3228
3223
3224
3220
3220
3217
3215
3214
3212
3205
3206
3210
3206
3205
3205
3202
3201
3202
3195
3195
3197
3198
3196
3192
3191
3194
3195
3193
3191
3189
3189
3188
3182
3183
3187
3184
3184
3179
3178
3183
3183
3180
3179
3179
3178
3178
3175
3175
3174
3171
3171
3168
3169
3167
3166
3162
3161
3162
3161
3163
3164
3163
3163
3162
3161
3161
3161
3160
3160
3161
3161
3159
3159
3160
3157
3156
3158
3156
3156
3158
3153
3152
3153
3158
3156
3155
3155
3150
3151
3150
3155
3154
3150
3151
3150
3149
3151
3151
3148
3144
3145
3149
3147
3142
3143
3144
3146
3145
3141
3141
3146
3145
3147
3146
3144
3143
3144
3143
3142
3141
3142
3141
3136
3138
3140
3141
3134
3137
3137
3140
3141
3141
3138
3139
3140
3141
3141
3143
3139
3139
3147
3145
3144
3145
3145
3143
3142
3142
3141
3135
3135
3137
3139
3137
3138
3138
3137
3137
3138
3137
3135
3136
3136
3137
3136
3135
3137
3137
3135
3135
3132
3130
3136
3136
3135
3134
3133
3129
3129
3132
3131
3132
3129
3128
3125
3126
3130
3128
3126
3123
3124
3129
3127
3125
3126
3126
3124
3124
3122
3121
3125
3126
3125
3125
3124
3122
3124
3128
3130
3130
3130
3131
3131
3131
3131
3132
3129
3129
3135
3134
3133
3132
3132
3130
3130
3130
3129
3129
3128
3127
3126
3128
3128
3128
3129
3130
3129
3128
3129
3128
3126
3127
3128
3127
3124
3127
3133
3132
3127
3130
3130
3132
3133
3135
3133
3133
3134
3130
3127
3128
3135
3131
3129
3129
3134
3131
3132
3131
3132
3132
3131
3126
3129
3129
3133
3134
3133
3133
3134
3135
3134
3135
3138
3133
3136
3141
3141
3136
3140
3140
3144
3145
3145
3146
3147
3149
3148
3146
3148
3152
3154
3153
3152
3154
3156
3156
3157
3158
3159
3158
3159
3163
3162
3163
3164
3163
3163
3170
3170
3170
3171
3174
3173
3176
3185
3187
3189
3190
3192
3192
3192
3195
3195
3196
3197
3199
3196
3199
3203
3205
3208
3207
3210
3206
3210
3216
3214
3212
3216
3221
3223
3225
3227
3228
3228
3231
3233
3234
3238
3240
3242
3244
3248
3250
3252
3256
3259
3262
3265
3269
3266
3269
3277
3280
3281
3282
3285
3294
3296
3293
3296
3301
3306
3308
3314
3315
3320
3321
3324
3330
3334
3337
3342
3344
3351
3349
3353
3358
3365
3368
3366
3372
3380
3383
3387
3389
3394
3399
3403
3408
3409
3414
3420
3422
3429
3432
3432
3440
3446
3453
3458
3458
3465
3472
3478
3484
3487
3496
3500
3506
3509
3518
3518
3526
3532
3543
3547
3554
3561
3566
3572
3579
3587
3594
3601
3608
3616
3621
3623
3630
3637
3647
3651
3657
3663
3666
3673
3681
3688
3695
3702
3706
3711
3717
3720
3724
3732
3741
3748
3748
3758
3768
3776
3781
3788
3794
3796
3802
3816
3820
3828
3832
3839
3843
3850
3855
3861
3867
3875
3880
3887
3893
3901
3907
3913
3921
3931
3941
3950
3952
3963
3974
3982
3985
3996
4003
4012
4020
4029
4035
4045
4051
4062
4071
4080
4084
4097
4112
4120
4128
4138
4146
4156
4165
4176
4184
4193
4199
4209
4226
4233
4241
4252
4261
4270
4280
4283
4292
4306
4311
4314
4320
4330
4343
4350
4359
4365
4376
4382
4391
4401
4408
4421
4428
4437
4447
4453
4464
4470
4475
4485
4496
4506
4513
4523
4529
4539
4547
4551
4559
4575
4587
4594
4605
4616
4619
4632
4648
4654
4666
4673
4683
4693
4702
4712
4724
4725
4735
4747
4761
4767
4778
4786
4787
4798
4808
4820
4830
4840
4848
4861
4870
4878
4892
4899
4905
4918
4935
4943
4951
4962
4969
4981
4990
4991
5002
5019
5023
5031
5040
5048
5051
5062
5077
5084
5088
5094
5100
5105
5114
5122
5126
5133
5141
5149
5154
5162
5171
5178
5180
5184
5192
5201
5202
5209
5213
5215
5221
5221
5220
5225
5226
5226
5226
5228
5235
5238
5237
5239
5242
5240
5249
5262
5262
5270
5270
5277
5289
5299
5308
5314
5321
5330
5338
5349
5355
5362
5369
5374
5378
5385
5380
5387
5397
5397
5400
5404
5405
5412
5411
5416
5422
5424
5434
5431
5435
5443
5450
5451
5450
5456
5465
5470
5475
5478
5482
5482
5487
5489
5493
5500
5501
5505
5510
5513
5510
5518
5527
5531
5539
5540
5546
5556
5562
5558
5565
5573
5584
5588
5594
5600
5607
5612
5617
5617
5620
5631
5633
5634
5639
5642
5641
5645
5645
5647
5651
5651
5647
5654
5656
5667
5668
5669
5674
5678
5677
5683
5685
5690
5697
5699
5704
5711
5715
5720
5725
5733
5741
5741
5750
5756
5762
5767
5768
5776
5787
5792
5793
5796
5803
5812
5816
5810
5817
5829
5829
5826
5829
5831
5841
5838
5842
5840
5842
5843
5842
5845
5843
5835
5839
5845
5841
5843
5843
5844
5848
5849
5852
5850
5854
5858
5859
5863
5864
5862
5865
5878
5875
5876
5881
5880
5880
5880
5891
5892
5891
5892
5893
5901
5903
5904
5909
5911
5915
5916
5920
5921
5925
5924
5924
5924
5927
5930
5931
5937
5938
5939
5942
5940
5939
5941
5940
5945
5943
5947
5955
5957
5957
5957
5959
5969
5969
5967
5972
5974
5985
5988
5987
5986
5994
5991
5988
5987
5982
5983
5980
5979
5975
5975
5971
5968
5966
5963
5956
5954
5963
5957
5956
5956
5955
5959
5960
5957
5958
5958
5963
5958
5957
5951
5944
5941
5944
5940
5939
5935
5935
5932
5929
5929
5929
5928
5927
5929
5925
5922
5922
5920
5920
5913
5917
5922
5923
5921
5923
5916
5919
5920
5923
5925
5925
5926
5924
5927
5926
5933
5933
5930
5930
5942
5940
5943
5940
5943
5940
5940
5927
5928
5929
5930
5925
5921
5917
5912
5909
5897
5898
5891
5895
5888
5888
5882
5879
5873
5869
5864
5864
5859
5857
5853
5854
5851
5851
5850
5842
5843
5849
5847
5840
5843
5838
5845
5844
5843
5841
5833
5839
5837
5843
5841
5841
5840
5834
5838
5842
5841
5841
5843
5842
5839
5842
5839
5841
5840
5838
5835
5835
5832
5834
5832
5831
5830
5831
5823
5826
5831
5830
5828
5828
5823
5825
5824
5826
5821
5823
5821
5819
5812
5812
5816
5814
5803
5805
5806
5806
5807
5804
5802
5792
5795
5796
5798
5793
5792
5790
5787
5785
5774
5774
5776
5777
5776
5765
5765
5770
5762
5759
5751
5749
5742
5739
5735
5730
5727
5720
5717
5712
5713
5710
5708
5703
5703
5698
5698
5693
5694
5689
5680
5681
5678
5676
5672
5664
5661
5667
5661
5659
5653
5651
5648
5647
5643
5639
5630
5629
5626
5627
5622
5615
5607
5593
5593
5589
5592
5584
5579
5578
5573
5567
5564
5559
5560
5555
5555
5552
5552
5544
5542
5544
5546
5546
5536
5538
5541
5539
5535
5534
5527
5527
5525
5524
5522
5512
5511
5510
5517
5512
5510
5510
5510
5507
5507
5507
5507
5501
5501
5507
5503
5498
5491
5487
5489
5483
5472
5472
5472
5468
5464
5460
5457
5452
5452
5441
5443
5438
5442
5439
5435
5433
5429
5426
5422
5417
5416
5418
5416
5411
5411
5406
5406
5401
5401
5398
5395
5391
5390
5388
5387
5379
5380
5382
5379
5377
5374
5369
5364
5363
5364
5364
5359
5358
5353
5353
5348
5346
5343
5338
5336
5333
5329
5327
5316
5315
5314
5311
5295
5295
5290
5290
5285
5275
5271
5275
5269
5260
5254
5251
5252
5246
5243
5239
5235
5233
5228
5226
5223
5219
5214
5213
5208
5208
5203
5200
5197
5197
5194
5189
5188
5183
5183
5180
5178
5167
5166
5168
5166
5160
5151
5147
5150
5141
5141
5137
5133
5123
5123
5125
5125
5120
5115
5108
5104
5103
5101
5100
5089
5091
5095
5091
5085
5082
5076
5076
5069
5063
5062
5056
5054
5049
5047
5045
5037
5035
5038
5038
5033
5033
5028
5029
5028
5020
5023
5021
5024
5019
5016
5010
5007
5001
5000
4995
4991
4985
4983
4978
4973
4966
4961
4960
4960
4958
4945
4944
4945
4942
4936
4932
4928
4929
4923
4916
4912
4911
4913
4907
4906
4902
4898
4897
4891
4889
4886
4883
4881
4877
4876
4872
4869
4868
4864
4863
4851
4855
4855
4852
4846
4838
4836
4838
4836
4824
4824
4827
4826
4822
4818
4817
4817
4812
4805
4803
4801
4803
4799
4797
4792
4792
4786
4787
4782
4779
4778
4776
4774
4769
4764
4763
4761
4764
4760
4756
4756
4752
4752
4746
4741
4739
4743
4739
4731
4729
4728
4728
4727
4717
4715
4719
4716
4710
4712
4707
4701
4698
4703
4698
4696
4693
4692
4689
4685
4685
4680
4681
4677
4677
4673
4674
4669
4668
4665
4663
4663
4658
4659
4651
4651
4653
4651
4647
4646
4644
4641
4639
4631
4629
4634
4631
4627
4623
4622
4615
4614
4617
4612
4611
4608
4607
4602
4601
4597
4595
4593
4592
4589
4580
4580
4581
4579
4566
4568
4567
4568
4562
4555
4553
4557
4550
4548
4543
4541
4537
4533
4530
4523
4522
4517
4515
4512
4509
4505
4502
4509
4504
4501
4495
4494
4499
4495
4496
4494
4489
4487
4487
4490
4487
4484
4480
4479
4473
4471
4467
4464
4462
4458
4455
4451
4450
4446
4443
4439
4436
4432
4431
4426
4424
4420
4416
4412
4411
4406
4398
4396
4394
4398
4393
4387
4384
4391
4385
4384
4379
4381
4382
4382
4374
4375
4376
4377
4375
4369
4367
4370
4368
4364
4364
4363
4361
4362
4358
4356
4354
4352
4351
4348
4346
4345
4341
4341
4340
4334
4330
4329
4332
4326
4321
4318
4321
4317
4315
4309
4309
4307
4304
4306
4303
4299
4293
4292
4295
4290
4289
4287
4285
4283
4282
4276
4274
4279
4275
4266
4268
4265
4267
4265
4262
4258
4257
4255
4254
4246
4244
4249
4247
4243
4241
4239
4236
4233
4231
4232
4230
4229
4226
4225
4223
4221
4219
4211
4211
4213
4210
4208
4203
4200
4200
4195
4193
4192
4184
4183
4183
4186
4184
4180
4179
4179
4178
4179
4171
4173
4174
4172
4165
4163
4166
4167
4165
4158
4157
4160
4157
4149
4146
4146
4148
4145
4141
4141
4140
4135
4135
4135
4130
4131
4129
4130
4128
4125
4124
4122
4113
4113
4115
4110
4109
4106
4104
4105
4101
4096
4094
4098
4095
4094
4090
4088
4083
4084
4086
4086
4084
4081
4080
4078
4077
4077
4074
4073
4072
4069
4069
4069
4065
4065
4060
4057
4060
4061
4061
4060
4058
4059
4057
4053
4055
4054
4053
4052
4047
4044
4050
4049
4046
4040
4040
4044
4044
4045
4042
4039
4034
4034
4037
4036
4033
4030
4029
4027
4022
4023
4021
4012
4015
4017
4014
4013
4011
4007
3999
4000
4004
4001
3999
3991
3991
3996
3992
3986
3986
3984
3987
3986
3982
3980
3980
3979
3972
3973
3973
3975
3975
3973
3970
3969
3967
3965
3964
3963
3961
3960
3960
3959
3959
3954
3956
3955
3952
3952
3952
3948
3947
3945
3938
3938
3943
3937
3937
3933
3933
3926
3926
3929
3926
3924
3923
3921
3919
3918
3912
3912
3918
3916
3912
3912
3911
3908
3905
3900
3898
3903
3901
3898
3893
3892
3895
3894
3888
3888
3889
3890
3889
3887
3882
3884
3883
3880
3881
3882
3876
3875
3881
3881
3879
3877
3876
3873
3869
3868
3864
3862
3860
3859
3859
3856
3851
3848
3853
3852
3849
3846
3846
3846
3842
3842
3840
3837
3835
3834
3830
3831
3823
3825
3828
3826
3824
3822
3820
3815
3814
3817
3815
3808
3805
3806
3810
3806
3801
3801
3804
3804
3802
3800
3800
3799
3797
3797
3794
3794
3794
3795
3791
3791
3785
3784
3790
3790
3786
3782
3784
3786
3786
3779
3777
3780
3782
3780
3776
3776
3782
3780
3778
3776
3776
3775
3772
3772
3771
3769
3768
3768
3768
3765
3767
3765
3766
3766
3764
3766
3767
3765
3765
3768
3766
3766
3764
3764
3759
3761
3757
3754
3749
3745
3743
3748
3745
3743
3742
3735
3734
3735
3736
3736
3727
3726
3732
3730
3726
3726
3724
3717
3719
3720
3721
3717
3717
3717
3715
3713
3714
3712
3710
3711
3710
3708
3709
3707
3707
3706
3704
3701
3702
3698
3700
3699
3697
3697
3693
3689
3691
3694
3693
3683
3686
3689
3689
3686
3681
3682
3685
3682
3676
3676
3675
3678
3678
3674
3676
3675
3673
3672
3671
3670
3664
3666
3669
3669
3666
3667
3666
3664
3664
3662
3664
3660
3661
3661
3655
3656
3659
3659
3653
3650
3653
3653
3652
3644
3644
3648
3647
3644
3644
3642
3640
3641
3637
3637
3636
3636
3636
3635
3635
3633
3631
3627
3628
3631
3630
3629
3626
3626
3623
3623
3621
3620
3621
3621
3618
3614
3614
3619
3616
3615
3611
3610
3614
3614
3606
3609
3614
3612
3609
3610
3608
3608
3606
3606
3605
3605
3601
3603
3603
3601
3597
3599
3599
3598
3595
3594
3593
3589
3585
3591
3590
3590
3588
3589
3584
3583
3587
3586
3584
3580
3581
3585
3584
3584
3584
3583
3582
3582
3576
3576
3581
3580
3576
3576
3575
3574
3571
3570
3571
3571
3570
3567
3565
3564
3566
3569
3561
3563
3562
3566
3563
3565
3564
3559
3558
3565
3566
3564
3565
3566
3568
3565
3565
3564
3563
3561
3559
3557
3556
3553
3551
3549
3548
3546
3539
3541
3547
3544
3543
3543
3541
3540
3538
3533
3534
3539
3537
3536
3536
3538
3536
3535
3530
3529
3532
3532
3531
3527
3527
3530
3527
3523
3522
3522
3525
3524
3524
3524
3521
3519
3519
3519
3518
3516
3516
3515
3515
3515
3510
3510
3514
3512
3508
3507
3512
3513
3512
3512
3509
3510
3510
3508
3507
3507
3502
3503
3508
3506
3501
3504
3503
3507
3509
3508
3507
3506
3507
3508
3507
3504
3505
3506
3506
3505
3504
3502
3500
3501
3498
3493
3491
3494
3491
3489
3486
3484
3488
3485
3487
3485
3484
3484
3483
3479
3479
3483
3482
3474
3474
3475
3478
3476
3471
3468
3474
3470
3468
3468
3468
3464
3464
3463
3461
3462
3461
3460
3460
3458
3456
3457
3456
3455
3457
3453
3455
3458
3457
3454
3454
3456
3455
3458
3450
3452
3457
3456
3452
3450
3449
3456
3454
3453
3452
3450
3451
3449
3447
3446
3442
3443
3448
3446
3445
3444
3442
3442
3441
3441
3441
3439
3440
3442
3437
3437
3443
3442
3442
3440
3440
3442
3441
3436
3435
3441
3440
3439
3436
3435
3431
3432
3437
3435
3430
3431
3431
3434
3431
3429
3429
3428
3427
3425
3424
3425
3423
3424
3421
3419
3418
3419
3419
3414
3414
3420
3419
3420
3419
3418
3418
3420
3420
3421
3415
3416
3417
3422
3420
3420
3419
3416
3415
3414
3418
3418
3417
3415
3415
3414
3409
3408
3408
3411
3409
3407
3405
3405
3404
3404
3403
3401
3401
3401
3395
3397
3398
3401
3399
3400
3401
3401
3403
3397
3395
3397
3400
3400
3395
3398
3402
3398
3398
3397
3397
3396
3394
3393
3393
3394
3395
3398
3398
3398
3399
3398
3399
3398
3394
3393
3393
3387
3388
3390
3388
3387
3381
3382
3384
3383
3384
3383
3381
3378
3380
3384
3383
3383
3383
3385
3384
3382
3379
3381
3387
3385
3378
3379
3379
3382
3379
3379
3380
3381
3379
3378
3379
3378
3376
3374
3369
3368
3371
3372
3371
3365
3363
3369
3366
3366
3364
3362
3364
3364
3362
3361
3370
3370
3369
3369
3368
3367
3366
3364
3364
3363
3362
3360
3359
3359
3358
3358
3358
3355
3354
3353
3355
3354
3353
3348
3347
3348
3351
3351
3347
3349
3353
3353
3350
3350
3350
3350
3350
3343
3341
3347
3346
3346
3346
3345
3342
3342
3348
3347
3348
3348
3348
3348
3347
3346
3347
3348
3348
3348
3349
3349
3341
3342
3347
3346
3346
3343
3343
3346
3346
3340
3343
3343
3346
3345
3343
3343
3338
3338
3340
3339
3339
3336
3334
3334
3334
3333
3332
3333
3334
3333
3332
3332
3331
3332
3331
3330
3329
3328
3330
3324
3323
3329
3328
3327
3327
3327
3322
3322
3328
3324
3325
3318
3320
3325
3325
3318
3319
3320
3323
3320
3320
3321
3320
3320
3320
3318
3319
3319
3320
3319
3316
3317
3316
3316
3314
3313
3308
3309
3314
3313
3311
3310
3309
3310
3310
3305
3308
3311
3313
3311
3304
3303
3309
3308
3308
3308
3308
3304
3303
3307
3305
3305
3305
3306
3305
3304
3302
3302
3298
3300
3306
3307
3309
3303
3304
3309
3309
3308
3309
3307
3305
3306
3303
3303
3302
3301
3300
3298
3297
3302
3300
3297
3298
3295
3295
3295
3290
3289
3295
3293
3292
3291
3291
3291
3290
3288
3288
3286
3286
3286
3287
3286
3287
3285
3285
3285
3282
3282
3282
3285
3285
3281
3280
3285
3286
3286
3281
3281
3286
3285
3278
3282
3282
3286
3283
3279
3280
3284
3281
3280
3279
3279
3280
3281
3281
3282
3284
3283
3282
3281
3281
3281
3282
3281
3279
3281
3281
3281
3281
3280
3278
3279
3277
3277
3277
3271
3271
3275
3274
3268
3268
3268
3272
3270
3270
3268
3262
3263
3265
3268
3266
3265
3265
3266
3266
3262
3261
3261
3266
3266
3266
3264
3263
3261
3262
3263
3263
3259
3258
3264
3263
3262
3263
3262
3260
3261
3269
3267
3270
3269
3268
3268
3268
3268
3269
3262
3261
3262
3265
3265
3259
3259
3262
3261
3262
3259
3259
3258
3257
3256
3257
3257
3257
3256
3254
3254
3254
3255
3255
3255
3255
3250
3250
3256
3255
3254
3254
3253
3253
3254
3252
3252
3252
3251
3246
3247
3245
3250
3248
3244
3244
3248
3247
3245
3242
3243
3248
3245
3238
3239
3241
3245
3244
3245
3245
3246
3248
3249
3249
3250
3248
3247
3252
3253
3252
3252
3252
3254
3254
3252
3254
3253
3252
3251
3247
3247
3251
3251
3251
3249
3248
3246
3245
3245
3244
3243
3242
3237
3236
3235
3239
3237
3239
3238
3233
3233
3233
3236
3235
3230
3231
3236
3233
3232
3232
3234
3230
3231
3236
3232
3233
3233
3234
3234
3232
3227
3227
3234
3233
3233
3232
3230
3231
3231
3232
3233
3231
3232
3231
3234
3233
3234
3234
3230
3231
3233
3236
3236
3238
3237
3232
3236
3238
3240
3240
3235
3234
3240
3239
3237
3237
3235
3235
3235
3228
3229
3236
3234
3232
3232
3232
3232
3231
3225
3228
3228
3230
3229
3228
3227
3226
3224
3225
3225
3223
3220
3221
3226
3225
3220
3223
3221
3229
3228
3226
3225
3226
3227
3227
3226
3224
3224
3224
3220
3221
3224
3225
3224
3224
3224
3224
3222
3220
3219
3220
3218
3217
3212
3213
3218
3217
3215
3209
3210
3215
3214
3210
3209
3215
3213
3213
3213
3212
3212
3213
3213
3212
3212
3212
3213
3212
3213
3213
3213
3212
3208
3208
3210
3209
3207
3207
3207
3207
3207
3205
3204
3199
3200
3207
3206
3204
3204
3204
3204
3206
3203
3205
3207
3213
3211
3207
3208
3212
3210
3211
3207
3208
3203
3200
3206
3206
3206
3206
3205
3200
3200
3204
3204
3203
3203
3202
3202
3202
3202
3203
3203
3205
3202
3203
3203
3204
3201
3197
3196
3200
3199
3198
3196
3196
3195
3197
3196
3194
3193
3193
3194
3190
3189
3192
3192
3192
3191
3190
3185
3186
3192
3191
3189
3188
3187
3184
3185
3188
3189
3185
3186
3185
3187
3185
3185
3184
3179
3180
3183
3185
3185
3183
3186
3181
3183
3188
3187
3185
3185
3185
3184
3185
3185
3184
3184
3182
3182
3178
3180
3185
3183
3182
3182
3184
3180
3181
3186
3185
3184
3184
3182
3182
3183
3183
3181
3183
3179
3182
3179
3181
3178
3179
3173
3175
3177
3179
3178
3178
3177
3173
3174
3179
3176
3176
3175
3175
3176
3176
3170
3171
3173
3176
3177
3170
3171
3177
3176
3175
3176
3174
3174
3173
3174
3173
3173
3173
3173
3168
3168
3173
3173
3172
3172
3170
3170
3171
3170
3170
3164
3165
3172
3173
3173
3175
3175
3174
3175
3170
3173
3174
3177
3177
3174
3174
3171
3173
3172
3174
3174
3174
3172
3171
3171
3168
3168
3168
3170
3173
3171
3170
3168
3169
3168
3168
3167
3166
3165
3165
3165
3165
3161
3162
3164
3164
3164
3165
3163
3161
3160
3165
3165
3166
3165
3164
3163
3164
3163
3163
3162
3160
3157
3158
3159
3161
3160
3161
3161
3156
3157
3161
3162
3165
3165
3165
3164
3162
3163
3164
3164
3159
3162
3169
3170
3171
3174
3176
3175
3175
3170
3171
3176
3173
3168
3167
3165
3168
3167
3166
3164
3165
3165
3164
3164
3162
3162
3162
3161
3161
3160
3156
3155
3159
3159
3159
3160
3157
3157
3157
3162
3161
3161
3159
3160
3160
3160
3162
3161
3156
3155
3161
3160
3160
3160
3161
3160
3158
3157
3157
3156
3156
3157
3153
3154
3158
3158
3153
3152
3153
3157
3157
3157
3156
3156
3156
3155
3155
3156
3151
3152
3157
3157
3156
3159
3158
3158
3160
3155
3157
3162
3161
3160
3160
3159
3158
3157
3157
3156
3157
3158
3157
3158
3158
3155
3156
3160
3158
3158
3157
3156
3155
3155
3150
3151
3150
3154
3154
3153
3152
3153
3152
3152
3147
3147
3153
3151
3146
3148
3154
3153
3155
3156
3155
3155
3155
3155
3155
3154
3154
3153
3153
3151
3152
3151
3150
3150
3148
3148
3148
3145
3147
3147
3146
3145
3144
3143
3140
3140
3145
3144
3143
3138
3136
3141
3140
3138
3139
3138
3135
3137
3142
3139
3142
3142
3143
3147
3149
3146
3150
3155
3157
3154
3156
3161
3168
3169
3168
3174
3183
3186
3191
3196
3202
3207
3211
3216
3222
3225
3228
3237
3247
3250
3258
3264
3268
3274
3281
3281
3287
3296
3300
3305
3310
3314
3318
3322
3327
3330
3333
3335
3336
3336
3340
3346
3346
