3347
3347
3342
3344
3343
3347
3345
3344
3342
3335
3334
3334
3336
3334
3332
3330
3325
3324
3320
3318
3316
3310
3308
3310
3306
3302
3299
3297
3294
3290
3287
3285
3284
3282
3279
3276
3274
3271
3267
3265
3261
3257
3254
3253
3255
3253
3246
3244
3247
3243
3240
3234
3233
3236
3232
3226
3225
3223
3227
3225
3220
3218
3221
3219
3215
3213
3211
3209
3208
3206
3204
3202
3202
3199
3199
3197
3196
3195
3193
3192
3192
3186
3186
3190
3188
3183
3182
3182
3183
3183
3180
3180
3180
3179
3177
3177
3174
3174
3173
3173
3174
3168
3169
3169
3172
3172
3171
3169
3169
3168
3167
3166
3164
3164
3163
3157
3159
3164
3162
3162
3162
3160
3161
3160
3161
3161
3160
3162
3162
3160
3161
3167
3165
3165
3163
3160
3161
3159
3160
3159
3153
3154
3154
3156
3155
3150
3151
3156
3155
3155
3149
3150
3153
3153
3152
3152
3151
3150
3149
3148
3148
3143
3144
3148
3148
3146
3141
3141
3146
3143
3144
3144
3145
3143
3144
3142
3142
3143
3141
3139
3136
3137
3141
3140
3136
3136
3142
3141
3141
3140
3140
3140
3139
3139
3139
3138
3138
3137
3136
3135
3136
3135
3133
3134
3135
3131
3134
3140
3140
3141
3142
3142
3144
3144
3140
3141
3148
3149
3148
3149
3149
3145
3146
3151
3150
3148
3147
3143
3142
3142
3135
3136
3141
3138
3137
3134
3134
3132
3131
3128
3127
3128
3131
3130
3129
3129
3130
3129
3124
3125
3125
3129
3129
3125
3127
3132
3130
3132
3133
3134
3131
3132
3138
3138
3137
3136
3136
3135
3135
3134
3134
3134
3133
3133
3132
3132
3131
3130
3128
3128
3126
3126
3125
3124
3125
3119
3120
3123
3126
3125
3125
3126
3120
3122
3121
3125
3124
3127
3128
3123
3125
3132
3133
3132
3133
3134
3130
3130
3135
3134
3134
3129
3130
3133
3131
3130
3131
3128
3127
3127
3127
3127
3126
3127
3125
3125
3125
3121
3122
3126
3125
3125
3123
3124
3122
3122
3122
3122
3118
3121
3125
3123
3125
3121
3123
3126
3125
3125
3125
3125
3126
3127
3128
3129
3129
3130
3131
3133
3134
3134
3135
3131
3133
3134
3137
3136
3138
3139
3141
3141
3142
3143
3144
3145
3147
3148
3150
3150
3152
3153
3149
3152
3158
3158
3153
3154
3158
3161
3162
3160
3163
3169
3169
3172
3171
3171
3173
3173
3173
3172
3168
3170
3172
3177
3177
3175
3177
3185
3184
3185
3185
3186
3188
3189
3191
3190
3193
3196
3198
3196
3199
3205
3207
3209
3210
3211
3212
3214
3211
3213
3221
3222
3224
3226
3227
3230
3231
3233
3237
3240
3242
3245
3246
3250
3259
3263
3259
3262
3266
3274
3275
3277
3279
3281
3286
3290
3293
3297
3297
3303
3309
3311
3313
3315
3318
3321
3325
3328
3330
3334
3336
3338
3342
3344
3347
3351
3350
3354
3362
3366
3369
3369
3373
3383
3384
3382
3389
3394
3401
3405
3409
3415
3413
3417
3423
3432
3437
3442
3450
3450
3457
3464
3472
3477
3481
3488
3494
3499
3505
3509
3513
3514
3520
3531
3535
3539
3544
3548
3556
3561
3568
3575
3581
3585
3590
3598
3604
3612
3618
3624
3630
3638
3646
3652
3658
3663
3670
3678
3679
3686
3693
3704
3710
3715
3720
3733
3739
3745
3750
3757
3768
3776
3783
3791
3797
3803
3810
3815
3825
3836
3842
3850
3860
3868
3875
3882
3890
3899
3901
3909
3922
3931
3936
3945
3953
3961
3968
3973
3984
3992
4003
4013
4021
4027
4032
4042
4050
4064
4072
4073
4083
4099
4105
4113
4120
4128
4136
4144
4149
4158
4167
4174
4182
4188
4198
4207
4214
4221
4231
4241
4249
4256
4263
4275
4282
4290
4297
4305
4312
4327
4334
4336
4346
4362
4367
4375
4381
4389
4404
4412
4420
4428
4439
4446
4457
4460
4470
4487
4494
4503
4510
4520
4530
4539
4548
4557
4564
4573
4584
4591
4600
4605
4612
4628
4636
4645
4651
4659
4664
4670
4684
4690
4694
4699
4704
4719
4724
4731
4740
4746
4757
4761
4766
4774
4780
4787
4789
4796
4804
4815
4818
4825
4829
4828
4838
4848
4853
4862
4869
4875
4877
4886
4900
4909
4913
4923
4930
4930
4938
4950
4955
4959
4966
4971
4976
4984
4990
4997
5003
5010
5018
5022
5030
5036
5043
5051
5057
5067
5072
5080
5087
5094
5094
5101
5105
5116
5118
5118
5123
5133
5140
5141
5143
5148
5160
5166
5167
5174
5188
5192
5197
5206
5209
5217
5223
5230
5238
5243
5251
5256
5263
5268
5275
5279
5281
5286
5290
5300
5301
5306
5310
5315
5318
5322
5324
5331
5335
5339
5337
5345
5350
5357
5365
5370
5377
5382
5390
5394
5400
5409
5419
5427
5426
5433
5443
5448
5452
5450
5458
5467
5467
5472
5475
5478
5483
5486
5491
5495
5500
5505
5511
5512
5520
5524
5527
5527
5533
5546
5548
5554
5556
5562
5578
5582
5590
5599
5604
5607
5614
5623
5626
5627
5630
5632
5633
5636
5637
5639
5639
5639
5636
5637
5640
5644
5641
5636
5635
5643
5637
5636
5633
5630
5630
5629
5626
5625
5626
5626
5627
5628
5628
5630
5633
5637
5641
5643
5640
5644
5650
5651
5651
5653
5652
5652
5655
5651
5652
5661
5662
5663
5666
5667
5665
5666
5676
5676
5677
5679
5680
5679
5681
5693
5694
5695
5695
5699
5699
5703
5703
5706
5707
5709
5713
5712
5716
5715
5721
5731
5734
5740
5742
5750
5747
5754
5769
5770
5773
5777
5783
5794
5799
5802
5810
5811
5815
5819
5824
5826
5831
5831
5837
5839
5835
5841
5846
5857
5856
5853
5855
5864
5862
5862
5866
5865
5866
5868
5860
5863
5866
5868
5864
5865
5865
5867
5865
5861
5861
5867
5872
5875
5870
5876
5884
5886
5887
5890
5895
5890
5896
5904
5909
5906
5907
5910
5918
5918
5922
5922
5924
5928
5926
5930
5929
5931
5932
5924
5928
5930
5935
5934
5930
5929
5926
5924
5921
5919
5914
5914
5910
5906
5906
5901
5902
5895
5895
5889
5890
5886
5886
5885
5886
5884
5886
5886
5890
5889
5892
5888
5889
5891
5895
5894
5891
5889
5893
5894
5892
5897
5894
5888
5885
5892
5889
5885
5884
5879
5877
5872
5865
5857
5854
5843
5837
5830
5826
5821
5815
5813
5810
5808
5799
5799
5805
5802
5793
5792
5794
5796
5794
5790
5790
5789
5788
5788
5790
5788
5785
5785
5793
5792
5786
5786
5789
5792
5792
5785
5788
5793
5792
5793
5789
5792
5790
5791
5787
5785
5782
5777
5774
5772
5767
5764
5760
5757
5752
5745
5744
5739
5731
5724
5736
5730
5728
5727
5728
5719
5721
5727
5723
5724
5721
5722
5713
5716
5721
5715
5715
5710
5709
5704
5704
5697
5699
5693
5692
5688
5682
5678
5682
5675
5675
5667
5665
5660
5657
5652
5651
5644
5642
5637
5635
5630
5625
5622
5613
5611
5613
5607
5602
5594
5590
5592
5590
5579
5578
5580
5580
5578
5574
5575
5572
5573
5570
5569
5567
5564
5561
5564
5562
5561
5561
5558
5553
5553
5560
5558
5556
5555
5552
5546
5551
5554
5555
5546
5549
5555
5551
5552
5549
5550
5547
5550
5549
5549
5545
5546
5547
5545
5539
5538
5531
5526
5520
5514
5511
5503
5501
5496
5486
5484
5484
5483
5480
5476
5475
5464
5466
5461
5466
5459
5461
5459
5455
5455
5448
5447
5446
5450
5447
5444
5442
5437
5439
5433
5435
5429
5431
5425
5426
5422
5420
5415
5416
5418
5415
5407
5407
5408
5407
5405
5394
5395
5397
5389
5387
5381
5379
5373
5366
5363
5361
5354
5354
5347
5341
5336
5338
5332
5329
5326
5323
5321
5318
5318
5317
5313
5311
5309
5306
5301
5301
5297
5288
5287
5290
5285
5277
5268
5263
5263
5258
5245
5239
5237
5232
5227
5220
5213
5208
5202
5201
5196
5194
5185
5183
5185
5183
5175
5175
5174
5175
5171
5167
5166
5162
5161
5157
5157
5153
5154
5152
5152
5150
5148
5144
5142
5140
5138
5139
5136
5126
5128
5127
5129
5126
5120
5118
5124
5117
5117
5115
5110
5103
5101
5107
5099
5093
5089
5091
5091
5088
5079
5079
5083
5081
5078
5076
5073
5069
5070
5064
5059
5053
5051
5047
5046
5041
5032
5030
5031
5027
5022
5019
5013
5008
5003
4999
4992
4989
4986
4985
4980
4979
4971
4970
4972
4973
4968
4966
4965
4956
4955
4961
4956
4954
4952
4951
4941
4942
4947
4943
4941
4937
4935
4933
4929
4927
4923
4919
4913
4912
4915
4912
4904
4902
4909
4904
4902
4897
4897
4892
4891
4881
4881
4880
4883
4881
4875
4872
4868
4863
4858
4852
4850
4843
4840
4835
4831
4825
4823
4817
4814
4808
4805
4802
4792
4790
4787
4790
4785
4784
4777
4769
4764
4766
4762
4757
4751
4746
4744
4737
4730
4726
4725
4724
4719
4717
4712
4704
4700
4701
4701
4700
4692
4690
4696
4690
4684
4681
4677
4683
4678
4677
4674
4671
4670
4667
4665
4662
4658
4658
4654
4653
4649
4650
4645
4645
4642
4639
4638
4638
4636
4634
4627
4626
4628
4626
4625
4619
4619
4609
4611
4616
4610
4607
4604
4601
4596
4594
4598
4593
4592
4589
4584
4584
4580
4573
4575
4579
4573
4573
4566
4566
4556
4556
4559
4555
4555
4551
4549
4549
4548
4541
4540
4545
4539
4536
4533
4528
4527
4523
4522
4520
4509
4510
4506
4510
4506
4496
4495
4496
4494
4491
4486
4484
4480
4478
4476
4471
4470
4465
4462
4461
4458
4455
4454
4448
4447
4445
4441
4441
4432
4433
4436
4432
4431
4423
4422
4427
4421
4415
4413
4416
4417
4412
4410
4407
4405
4403
4394
4395
4395
4396
4397
4394
4391
4388
4385
4384
4382
4377
4375
4370
4370
4369
4365
4362
4360
4358
4356
4352
4353
4357
4354
4353
4348
4345
4343
4340
4335
4332
4328
4327
4325
4316
4317
4319
4317
4314
4311
4311
4302
4302
4307
4301
4296
4294
4294
4296
4293
4291
4290
4282
4283
4282
4283
4281
4277
4276
4275
4272
4268
4265
4265
4267
4264
4262
4259
4259
4256
4253
4250
4248
4252
4252
4248
4246
4244
4240
4238
4237
4232
4224
4225
4223
4222
4219
4212
4211
4213
4209
4208
4203
4201
4199
4195
4195
4195
4191
4191
4190
4182
4182
4186
4181
4180
4176
4174
4175
4172
4172
4168
4166
4166
4163
4161
4160
4152
4152
4156
4152
4150
4147
4145
4139
4138
4143
4139
4136
4136
4135
4132
4129
4125
4124
4124
4125
4124
4120
4119
4112
4110
4115
4114
4109
4109
4106
4102
4102
4100
4100
4093
4093
4096
4095
4091
4091
4086
4084
4083
4074
4073
4072
4073
4071
4068
4065
4065
4062
4059
4056
4053
4059
4055
4054
4052
4051
4049
4049
4046
4045
4038
4040
4041
4040
4038
4033
4033
4026
4024
4031
4027
4024
4022
4019
4015
4016
4021
4018
4016
4016
4013
4012
4010
4008
4007
4000
3998
3997
4000
3996
3995
3993
3989
3988
3987
3983
3981
3981
3977
3971
3971
3971
3971
3970
3964
3962
3967
3962
3962
3959
3956
3955
3953
3945
3944
3951
3948
3944
3942
3941
3945
3944
3943
3940
3938
3938
3935
3933
3932
3931
3928
3926
3926
3922
3920
3918
3919
3918
3911
3911
3909
3914
3912
3911
3908
3904
3903
3906
3905
3905
3897
3900
3904
3900
3900
3899
3897
3893
3895
3897
3896
3893
3892
3894
3891
3889
3887
3886
3884
3883
3883
3877
3877
3869
3867
3872
3871
3863
3862
3861
3865
3861
3856
3856
3861
3860
3859
3856
3855
3855
3853
3850
3850
3848
3845
3845
3843
3843
3843
3841
3841
3839
3839
3835
3835
3839
3839
3835
3836
3833
3831
3829
3823
3821
3825
3822
3822
3821
3817
3811
3809
3811
3809
3806
3803
3800
3799
3799
3797
3794
3794
3793
3788
3787
3786
3778
3778
3784
3780
3775
3774
3776
3777
3778
3776
3777
3774
3773
3771
3770
3770
3767
3767
3768
3769
3766
3769
3768
3761
3762
3767
3764
3759
3758
3757
3760
3758
3753
3752
3758
3755
3752
3753
3750
3743
3745
3749
3746
3746
3742
3742
3741
3740
3737
3736
3738
3735
3732
3733
3732
3729
3728
3726
3724
3725
3722
3721
3715
3714
3720
3717
3715
3710
3710
3714
3713
3711
3709
3705
3704
3703
3706
3707
3707
3705
3705
3705
3704
3701
3702
3699
3698
3703
3704
3704
3703
3703
3699
3699
3705
3704
3703
3699
3701
3701
3697
3696
3694
3687
3688
3688
3692
3688
3684
3683
3675
3675
3674
3677
3675
3673
3671
3670
3669
3667
3667
3667
3662
3662
3667
3666
3664
3663
3664
3663
3661
3660
3660
3659
3658
3655
3649
3647
3652
3650
3648
3648
3644
3640
3641
3645
3644
3643
3643
3645
3644
3642
3642
3640
3639
3639
3631
3631
3632
3635
3633
3629
3627
3633
3631
3630
3627
3626
3623
3622
3626
3623
3623
3621
3619
3617
3617
3616
3613
3613
3614
3613
3606
3608
3612
3610
3608
3606
3606
3606
3602
3602
3602
3602
3599
3598
3598
3599
3598
3597
3597
3600
3592
3592
3594
3597
3596
3590
3590
3596
3595
3590
3590
3588
3593
3591
3583
3584
3591
3587
3585
3581
3580
3585
3584
3582
3580
3579
3579
3579
3575
3576
3575
3574
3573
3571
3570
3572
3573
3571
3572
3571
3572
3573
3567
3567
3572
3571
3564
3564
3563
3568
3567
3560
3561
3566
3562
3560
3557
3557
3558
3557
3553
3553
3559
3557
3558
3554
3554
3550
3549
3549
3548
3547
3545
3546
3545
3544
3537
3540
3544
3545
3543
3541
3542
3544
3545
3538
3538
3539
3541
3541
3535
3533
3539
3538
3533
3535
3534
3534
3534
3528
3530
3533
3532
3533
3532
3531
3530
3528
3527
3524
3521
3521
3519
3516
3517
3514
3515
3513
3512
3511
3508
3510
3515
3512
3508
3505
3505
3509
3507
3504
3505
3504
3501
3503
3500
3499
3498
3500
3494
3497
3497
3502
3501
3501
3498
3497
3496
3493
3490
3488
3493
3492
3485
3484
3488
3486
3485
3483
3481
3481
3480
3474
3473
3473
3477
3474
3470
3470
3474
3473
3471
3471
3471
3468
3468
3467
3467
3467
3466
3466
3461
3459
3464
3463
3457
3459
3459
3459
3458
3459
3457
3458
3457
3456
3453
3454
3454
3453
3453
3452
3446
3445
3446
3449
3448
3448
3447
3445
3445
3445
3444
3443
3439
3438
3442
3441
3441
3441
3441
3433
3436
3439
3437
3435
3435
3434
3434
3433
3427
3426
3432
3432
3430
3429
3427
3427
3427
3427
3426
3420
3419
3422
3424
3423
3416
3419
3422
3422
3421
3422
3420
3422
3419
3419
3417
3418
3417
3418
3412
3413
3419
3419
3419
3419
3417
3418
3418
3418
3418
3413
3414
3413
3419
3418
3413
3412
3417
3415
3414
3414
3414
3411
3408
3407
3406
3405
3404
3404
3399
3401
3405
3405
3401
3401
3401
3404
3403
3400
3400
3405
3403
3401
3401
3399
3398
3398
3397
3396
3396
3396
3395
3396
3397
3395
3394
3393
3391
3390
3387
3386
3381
3380
3385
3384
3383
3377
3374
3380
3379
3379
3377
3375
3373
3374
3375
3373
3374
3372
3366
3366
3368
3372
3370
3369
3368
3368
3367
3368
3364
3366
3369
3368
3364
3365
3368
3369
3367
3367
3366
3366
3366
3365
3365
3365
3364
3363
3364
3365
3363
3363
3361
3362
3361
3361
3362
3362
3362
3359
3356
3356
3362
3359
3354
3355
3359
3357
3356
3354
3354
3355
3353
3351
3352
3352
3356
3357
3354
3355
3360
3360
3357
3356
3356
3360
3358
3353
3353
3357
3355
3354
3353
3353
3351
3350
3349
3349
3351
3346
3348
3353
3352
3352
3352
3353
3353
3352
3351
3350
3346
3346
3351
3348
3347
3345
3346
3345
3345
3343
3343
3342
3339
3340
3337
3336
3341
3339
3336
3335
3332
3337
3338
3333
3333
3337
3337
3335
3330
3329
3334
3332
3329
3327
3327
3327
3326
3326
3327
3327
3326
3326
3325
3324
3322
3321
3316
3318
3323
3323
3320
3318
3317
3322
3320
3318
3317
3316
3316
3317
3316
3316
3315
3311
3312
3313
3313
3315
3314
3309
3308
3313
3312
3313
3308
3309
3313
3311
3310
3312
3310
3310
3307
3310
3307
3308
3306
3305
3305
3304
3300
3298
3302
3301
3295
3296
3297
3301
3301
3299
3297
3296
3296
3295
3296
3296
3294
3295
3289
3289
3292
3295
3293
3293
3293
3292
3294
3291
3291
3291
3288
3287
3291
3289
3288
3289
3289
3289
3287
3282
3284
3289
3286
3286
3285
3284
3280
3282
3285
3284
3280
3280
3280
3284
3284
3283
3284
3280
3280
3279
3285
3284
3284
3283
3283
3283
3284
3283
3284
3284
3284
3284
3283
3283
3281
3280
3280
3280
3280
3280
3279
3277
3277
3274
3274
3278
3276
3271
3271
3273
3275
3275
3274
3274
3273
3272
3271
3273
3273
3269
3270
3273
3272
3268
3270
3271
3277
3275
3276
3276
3274
3275
3270
3269
3270
3275
3277
3275
3277
3276
3274
3273
3272
3271
3269
3269
3270
3269
3268
3263
3261
3266
3262
3264
3265
3264
3264
3264
3261
3262
3265
3264
3263
3262
3262
3258
3258
3263
3263
3260
3262
3259
3260
3260
3255
3257
3262
3261
3262
3263
3263
3262
3261
3255
3257
3262
3262
3261
3256
3255
3261
3258
3256
3258
3256
3253
3254
3248
3250
3255
3252
3251
3249
3249
3247
3247
3247
3246
3245
3245
3244
3244
3244
3242
3241
3235
3237
3237
3241
3239
3234
3235
3240
3240
3237
3236
3237
3241
3242
3242
3242
3241
3239
3240
3242
3243
3239
3240
3246
3245
3244
3243
3243
3242
3242
3242
3241
3240
3238
3238
3234
3234
3239
3237
3237
3236
3234
3233
3235
3229
3231
3235
3234
3232
3232
3232
3232
3231
3231
3229
3227
3226
3227
3232
3230
3229
3231
3226
3226
3227
3232
3231
3230
3231
3227
3230
3230
3232
3234
3234
3233
3235
3235
3234
3233
3234
3231
3230
3234
3233
3232
3231
3231
3231
3231
3230
3230
3230
3229
3229
3226
3224
3231
3230
3230
3231
3228
3227
3228
3232
3232
3232
3233
3230
3231
3234
3238
3236
3235
3233
3232
3230
3229
3224
3223
3227
3225
3222
3222
3219
3218
3216
3216
3216
3214
3213
3213
3213
3212
3206
3206
3210
3209
3209
3209
3208
3204
3206
3210
3208
3203
3203
3204
3206
3206
3205
3204
3199
3200
3207
3206
3205
3206
3205
3206
3207
3206
3208
3209
3208
3209
3210
3211
3207
3207
3210
3212
3211
3211
3209
3203
3203
3208
3206
3205
3207
3206
3200
3200
3206
3205
3206
3201
3204
3209
3210
3210
3209
3208
3209
3209
3209
3209
3208
3209
3210
3209
3209
3208
3208
3208
3209
3208
3208
3209
3208
3208
3206
3206
3203
3206
3207
3208
3208
3208
3210
3204
3204
3210
3207
3207
3201
3201
3207
3205
3203
3202
3202
3198
3198
3202
3199
3199
3198
3195
3196
3193
3190
3190
3193
3193
3192
3191
3189
3189
3189
3185
3185
3190
3189
3186
3186
3185
3187
3188
3183
3184
3186
3188
3189
3187
3187
3187
3186
3181
3181
3182
3187
3185
3183
3185
3184
3183
3183
3184
3186
3183
3185
3190
3192
3193
3194
3195
3196
3195
3193
3194
3194
3191
3191
3191
3189
3188
3187
3182
3184
3183
3186
3185
3181
3181
3186
3183
3183
3182
3181
3181
3181
3177
3178
3182
3183
3180
3175
3175
3180
3179
3177
3175
3175
3174
3173
3173
3171
3171
3170
3167
3165
3165
3170
3169
3167
3167
3167
3168
3168
3163
3163
3167
3165
3160
3162
3163
3167
3165
3165
3164
3161
3163
3165
3166
3166
3166
3166
3167
3167
3166
3166
3166
3166
3166
3166
3164
3165
3164
3164
3160
3162
3166
3164
3164
3166
3166
3165
3165
3163
3164
3170
3169
3168
3170
3169
3165
3166
3170
3169
3169
3169
3168
3166
3164
3160
3160
3166
3164
3162
3160
3160
3162
3162
3161
3160
3161
3161
3160
3159
3158
3157
3159
3152
3154
3155
3157
3156
3151
3151
3156
3155
3151
3150
3150
3156
3155
3155
3155
3155
3155
3155
3155
3153
3152
3153
3154
3153
3152
3151
3150
3147
3150
3154
3154
3152
3151
3150
3150
3150
3146
3148
3153
3151
3153
3152
3154
3155
3154
3148
3149
3150
3154
3153
3153
3152
3152
3153
3151
3152
3154
3159
3160
3156
3158
3164
3165
3163
3162
3160
3155
3155
3161
3160
3160
3159
3159
3158
3158
3157
3156
3154
3155
3154
3153
3152
3151
3152
3147
3148
3146
3150
3148
3144
3144
3149
3148
3148
3150
3149
3148
3149
3149
3148
3149
3150
3152
3154
3154
3154
3154
3149
3150
3151
3154
3154
3148
3148
3155
3154
3151
3150
3149
3147
3145
3146
3144
3141
3138
3140
3144
3143
3143
3144
3140
3142
3144
3149
3148
3143
3144
3149
3147
3144
3139
3140
3143
3142
3141
3140
3139
3138
3136
3137
3136
3136
3135
3136
3137
3137
3140
3141
3141
3141
3144
3145
3146
3142
3142
3145
3143
3138
3139
3142
3143
3141
3141
3140
3139
3138
3136
3137
3136
3133
3135
3140
3142
3138
3141
3143
3148
3146
3145
3144
3143
3143
3142
3142
3140
3140
3140
3138
3138
3138
3138
3138
3138
3137
3133
3134
3138
3135
3134
3130
3131
3134
3133
3128
3130
3132
3136
3135
3132
3134
3140
3140
3139
3139
3139
3137
3137
3137
3135
3134
3134
3134
3127
3130
3134
3133
3133
3134
3132
3134
3134
3135
3138
3133
3136
3141
3141
3140
3140
3138
3137
3137
3135
3134
3133
3133
3132
3131
3132
3131
3132
3130
3129
3130
3132
3131
3126
3128
3133
3131
3130
3130
3129
3129
3128
3128
3127
3126
3124
3124
3123
3123
3120
3121
3123
3124
3124
3124
3124
3123
3121
3121
3121
3120
3119
3121
3119
3118
3119
3118
3118
3119
3121
3121
3122
3118
3119
3121
3122
3121
3117
3116
3119
3119
3119
3123
3125
3121
3126
3132
3136
3136
3142
3145
3154
3158
3156
3164
3173
3175
3179
3182
3188
3197
3202
3202
3209
3219
3225
3229
3235
3241
3245
3250
3256
3261
3266
3269
3274
3279
3283
3287
3291
3297
3302
3305
3308
3309
3313
3317
3319
3322
3324
3321
3323
