3319
3317
3315
3314
3314
3311
3307
3307
3306
3303
3300
3299
3294
3291
3293
3290
3283
3280
3279
3279
3276
3272
3270
3267
3264
3260
3258
3256
3248
3245
3248
3245
3238
3235
3232
3235
3233
3230
3228
3225
3224
3222
3221
3219
3216
3214
3211
3210
3208
3204
3203
3198
3197
3200
3198
3192
3192
3190
3193
3190
3188
3186
3187
3185
3183
3182
3182
3181
3182
3175
3177
3178
3177
3177
3169
3171
3173
3170
3168
3167
3165
3163
3161
3162
3159
3157
3155
3155
3155
3155
3151
3152
3159
3159
3159
3156
3157
3163
3163
3157
3159
3164
3164
3162
3161
3163
3162
3162
3162
3160
3159
3160
3156
3156
3156
3154
3151
3150
3148
3146
3146
3143
3140
3140
3144
3143
3143
3143
3143
3142
3143
3138
3138
3137
3140
3141
3137
3139
3138
3137
3137
3136
3136
3137
3137
3132
3133
3136
3136
3135
3134
3132
3131
3130
3124
3124
3123
3125
3124
3118
3118
3124
3122
3119
3116
3116
3121
3120
3118
3118
3114
3111
3111
3115
3114
3113
3112
3112
3112
3111
3110
3111
3109
3108
3109
3108
3109
3109
3109
3109
3109
3108
3107
3106
3105
3105
3110
3109
3109
3109
3109
3109
3109
3105
3105
3109
3109
3106
3106
3105
3101
3100
3104
3101
3100
3100
3099
3099
3099
3099
3098
3093
3095
3100
3100
3099
3099
3101
3101
3100
3099
3099
3099
3099
3099
3099
3098
3099
3098
3093
3094
3094
3098
3097
3094
3094
3094
3093
3094
3088
3089
3095
3095
3094
3095
3093
3091
3091
3096
3095
3090
3091
3094
3096
3096
3096
3097
3098
3098
3098
3098
3097
3096
3097
3097
3097
3095
3095
3094
3093
3091
3087
3088
3091
3089
3090
3089
3088
3088
3087
3082
3083
3089
3087
3088
3085
3085
3089
3089
3082
3086
3088
3091
3092
3092
3091
3089
3088
3092
3093
3093
3093
3095
3096
3096
3097
3098
3099
3100
3100
3101
3099
3100
3099
3098
3097
3098
3098
3099
3096
3095
3099
3099
3098
3097
3098
3098
3099
3093
3096
3096
3101
3100
3096
3096
3101
3102
3103
3103
3103
3104
3102
3105
3105
3105
3107
3108
3108
3110
3106
3108
3114
3111
3112
3112
3114
3114
3116
3112
3113
3114
3118
3118
3115
3118
3123
3124
3124
3127
3127
3129
3131
3132
3135
3135
3137
3139
3137
3138
3144
3145
3146
3147
3148
3151
3152
3154
3156
3152
3154
3160
3162
3163
3160
3163
3169
3170
3170
3175
3179
3184
3186
3189
3191
3193
3194
3196
3197
3200
3202
3204
3207
3209
3208
3209
3211
3217
3219
3220
3222
3219
3223
3226
3234
3235
3236
3239
3241
3243
3246
3249
3254
3256
3259
3262
3265
3268
3272
3278
3277
3281
3290
3292
3292
3296
3302
3310
3313
3312
3318
3328
3332
3338
3342
3348
3352
3356
3359
3362
3365
3372
3375
3380
3385
3386
3390
3401
3404
3409
3408
3412
3421
3424
3428
3434
3439
3442
3447
3448
3454
3466
3469
3473
3479
3485
3492
3498
3503
3509
3515
3522
3528
3534
3540
3542
3548
3562
3568
3573
3574
3581
3595
3599
3607
3612
3619
3626
3634
3635
3643
3654
3660
3666
3670
3676
3683
3691
3692
3698
3711
3717
3721
3728
3734
3740
3747
3752
3756
3763
3770
3775
3782
3787
3795
3803
3809
3814
3823
3831
3838
3844
3852
3856
3864
3874
3885
3890
3896
3904
3912
3918
3923
3929
3936
3950
3957
3965
3970
3970
3979
3984
3998
4005
4009
4017
4034
4041
4048
4053
4064
4076
4084
4089
4098
4114
4123
4130
4138
4147
4153
4163
4172
4180
4190
4196
4203
4213
4219
4228
4239
4244
4254
4262
4271
4280
4290
4298
4302
4312
4319
4334
4342
4344
4359
4371
4381
4388
4393
4405
4413
4421
4427
4433
4440
4443
4454
4466
4473
4482
4488
4497
4508
4514
4522
4531
4535
4543
4548
4554
4563
4567
4577
4582
4591
4597
4606
4614
4619
4628
4642
4649
4654
4665
4677
4688
4693
4700
4710
4725
4729
4736
4743
4755
4768
4779
4784
4794
4795
4806
4813
4830
4837
4843
4851
4867
4872
4879
4886
4893
4901
4908
4914
4919
4927
4933
4939
4941
4945
4953
4959
4961
4967
4970
4976
4978
4987
4989
4992
4998
5012
5015
5019
5020
5024
5035
5037
5043
5048
5055
5058
5063
5068
5075
5081
5084
5091
5093
5100
5110
5115
5121
5126
5133
5142
5149
5155
5161
5164
5169
5183
5183
5186
5187
5191
5189
5193
5205
5204
5209
5208
5212
5225
5231
5238
5244
5251
5258
5264
5273
5277
5287
5294
5303
5309
5319
5325
5337
5342
5352
5352
5363
5372
5384
5392
5399
5407
5410
5420
5434
5442
5449
5452
5456
5469
5471
5474
5475
5481
5481
5486
5482
5490
5500
5506
5509
5514
5520
5529
5534
5543
5549
5558
5566
5571
5581
5585
5590
5597
5612
5617
5623
5626
5629
5636
5638
5642
5645
5652
5660
5663
5668
5669
5675
5678
5681
5680
5684
5679
5686
5693
5695
5696
5701
5702
5699
5704
5712
5716
5716
5723
5723
5729
5734
5737
5742
5745
5751
5753
5758
5762
5765
5772
5774
5781
5783
5788
5790
5789
5792
5796
5799
5788
5795
5797
5802
5805
5795
5801
5809
5807
5806
5808
5810
5811
5812
5814
5817
5816
5818
5817
5818
5817
5811
5813
5821
5820
5819
5817
5820
5829
5829
5829
5834
5837
5842
5844
5843
5844
5851
5853
5847
5853
5854
5862
5860
5860
5862
5860
5861
5860
5855
5854
5862
5861
5858
5859
5857
5859
5860
5861
5860
5863
5862
5863
5862
5864
5865
5864
5866
5865
5864
5866
5868
5868
5870
5863
5867
5875
5874
5873
5872
5877
5871
5874
5878
5881
5878
5876
5876
5877
5880
5879
5879
5880
5879
5880
5875
5877
5881
5880
5874
5875
5881
5879
5879
5876
5877
5876
5876
5877
5875
5875
5876
5877
5872
5872
5877
5877
5874
5871
5869
5877
5875
5868
5868
5873
5870
5868
5868
5865
5866
5863
5864
5862
5864
5861
5861
5857
5856
5856
5853
5854
5848
5849
5855
5851
5849
5849
5839
5836
5836
5838
5836
5833
5830
5819
5820
5816
5819
5817
5812
5810
5806
5804
5796
5793
5785
5783
5777
5774
5769
5765
5761
5759
5748
5749
5750
5745
5734
5730
5726
5727
5725
5715
5713
5716
5714
5710
5709
5702
5701
5705
5704
5703
5696
5695
5697
5704
5702
5704
5703
5706
5705
5707
5706
5707
5708
5704
5703
5700
5698
5695
5694
5688
5685
5688
5685
5682
5679
5676
5669
5670
5676
5672
5672
5668
5667
5660
5658
5661
5655
5651
5646
5644
5633
5630
5631
5627
5619
5617
5605
5603
5599
5602
5598
5590
5591
5579
5579
5578
5580
5577
5571
5570
5566
5562
5558
5554
5552
5549
5546
5542
5539
5535
5535
5529
5523
5519
5521
5515
5513
5509
5505
5502
5499
5492
5488
5494
5489
5486
5481
5478
5476
5474
5464
5466
5471
5469
5467
5464
5464
5461
5462
5456
5456
5451
5454
5449
5443
5441
5446
5443
5440
5432
5429
5432
5429
5426
5422
5422
5416
5416
5412
5411
5401
5400
5405
5401
5400
5394
5396
5392
5393
5384
5385
5382
5386
5382
5377
5373
5377
5371
5369
5364
5360
5359
5357
5354
5349
5347
5345
5340
5337
5332
5326
5325
5311
5314
5307
5311
5307
5305
5303
5294
5294
5293
5295
5288
5282
5277
5282
5276
5274
5270
5267
5262
5259
5254
5252
5251
5248
5242
5239
5238
5236
5232
5229
5228
5221
5222
5219
5225
5220
5221
5219
5218
5215
5213
5204
5204
5210
5208
5201
5200
5203
5205
5206
5201
5200
5205
5200
5198
5195
5189
5187
5181
5180
5177
5173
5168
5168
5162
5160
5155
5153
5151
5146
5142
5139
5141
5129
5129
5136
5130
5123
5120
5117
5119
5113
5111
5107
5104
5099
5095
5090
5084
5087
5081
5071
5071
5068
5069
5064
5059
5054
5047
5044
5037
5036
5028
5025
5023
5019
5017
5015
5010
5007
4998
4994
4999
4992
4990
4988
4983
4974
4974
4975
4972
4968
4966
4963
4963
4959
4951
4953
4954
4953
4948
4947
4944
4941
4940
4931
4932
4935
4932
4932
4929
4928
4925
4922
4921
4920
4912
4910
4904
4909
4902
4901
4894
4894
4889
4888
4882
4882
4879
4877
4869
4866
4862
4862
4861
4851
4851
4856
4852
4850
4846
4843
4836
4837
4839
4841
4837
4835
4832
4831
4826
4815
4813
4818
4813
4807
4801
4797
4800
4795
4786
4786
4787
4788
4783
4782
4779
4777
4774
4769
4765
4763
4768
4764
4761
4760
4752
4753
4749
4752
4745
4744
4738
4736
4733
4726
4721
4722
4723
4719
4714
4713
4709
4708
4703
4701
4698
4697
4691
4693
4689
4688
4688
4687
4683
4683
4680
4677
4675
4673
4670
4670
4668
4668
4665
4656
4654
4656
4655
4654
4648
4648
4640
4638
4639
4641
4640
4635
4634
4625
4627
4630
4626
4623
4616
4616
4618
4615
4603
4605
4602
4605
4601
4600
4595
4595
4591
4590
4588
4583
4578
4575
4572
4567
4560
4558
4555
4556
4552
4548
4548
4537
4538
4536
4541
4536
4534
4531
4529
4523
4520
4515
4512
4506
4504
4500
4497
4491
4489
4483
4480
4476
4472
4466
4458
4455
4456
4455
4454
4441
4444
4447
4444
4441
4436
4432
4438
4434
4431
4428
4427
4423
4419
4418
4414
4413
4408
4402
4399
4399
4401
4397
4389
4388
4391
4388
4385
4384
4379
4378
4376
4375
4371
4372
4367
4368
4363
4365
4357
4352
4359
4358
4356
4355
4351
4346
4343
4349
4344
4342
4337
4336
4325
4327
4328
4325
4321
4317
4314
4313
4306
4299
4296
4300
4294
4292
4289
4286
4279
4278
4283
4278
4277
4273
4272
4268
4268
4265
4265
4260
4263
4257
4257
4255
4249
4247
4253
4248
4248
4243
4243
4235
4236
4240
4238
4233
4228
4228
4233
4231
4229
4227
4227
4226
4223
4223
4222
4217
4216
4221
4218
4215
4216
4213
4211
4208
4209
4205
4203
4202
4201
4200
4197
4188
4190
4193
4191
4186
4179
4177
4182
4179
4171
4169
4169
4172
4170
4166
4166
4162
4160
4159
4157
4153
4155
4150
4149
4149
4148
4144
4142
4142
4144
4137
4138
4137
4135
4133
4125
4127
4129
4127
4126
4124
4121
4116
4115
4118
4114
4112
4109
4104
4103
4102
4105
4103
4100
4100
4096
4097
4095
4091
4089
4094
4091
4087
4084
4081
4080
4076
4077
4073
4074
4071
4067
4064
4065
4067
4064
4061
4061
4056
4058
4053
4048
4044
4049
4045
4043
4040
4040
4036
4035
4028
4028
4034
4028
4021
4022
4020
4024
4022
4019
4018
4016
4016
4015
4011
4013
4008
4009
4004
4004
4000
3999
3997
3995
3994
3991
3990
3988
3987
3985
3982
3978
3985
3981
3973
3972
3972
3974
3972
3969
3966
3975
3967
3966
3959
3960
3961
3961
3951
3952
3955
3953
3952
3948
3949
3946
3943
3942
3940
3937
3934
3934
3931
3930
3926
3925
3924
3921
3922
3916
3915
3918
3914
3914
3912
3911
3911
3913
3910
3911
3904
3905
3905
3910
3908
3905
3907
3903
3904
3899
3895
3891
3896
3892
3885
3884
3886
3885
3883
3880
3878
3875
3875
3869
3870
3869
3870
3867
3867
3866
3857
3859
3860
3862
3859
3858
3855
3855
3851
3849
3849
3847
3847
3846
3844
3841
3837
3835
3836
3836
3838
3832
3831
3839
3835
3836
3836
3832
3829
3827
3834
3829
3827
3825
3821
3821
3815
3816
3812
3805
3804
3804
3806
3805
3804
3802
3803
3802
3799
3799
3795
3790
3789
3795
3791
3786
3785
3783
3788
3784
3780
3779
3783
3780
3776
3776
3774
3773
3771
3769
3769
3766
3766
3763
3761
3762
3758
3759
3753
3751
3750
3755
3752
3746
3747
3752
3748
3747
3743
3743
3736
3738
3740
3738
3736
3736
3733
3732
3732
3726
3725
3731
3731
3727
3726
3724
3719
3718
3724
3722
3720
3719
3717
3716
3713
3715
3714
3712
3709
3710
3714
3715
3713
3714
3713
3712
3711
3710
3711
3708
3706
3707
3704
3704
3702
3699
3694
3693
3698
3695
3691
3688
3685
3690
3688
3682
3681
3687
3683
3684
3681
3681
3681
3676
3677
3678
3675
3675
3676
3670
3670
3676
3673
3673
3671
3670
3670
3667
3661
3660
3664
3660
3660
3659
3657
3655
3654
3653
3653
3649
3649
3646
3642
3640
3647
3642
3643
3643
3641
3643
3640
3636
3637
3636
3639
3637
3634
3635
3627
3627
3634
3632
3630
3625
3627
3630
3630
3628
3629
3625
3625
3627
3624
3622
3621
3621
3618
3615
3616
3614
3613
3609
3608
3614
3612
3610
3610
3609
3607
3607
3603
3601
3604
3605
3604
3605
3601
3597
3598
3599
3599
3598
3595
3593
3592
3590
3589
3589
3587
3582
3583
3587
3583
3579
3577
3579
3581
3580
3577
3577
3575
3575
3575
3573
3573
3573
3571
3570
3570
3569
3568
3569
3562
3563
3569
3568
3567
3568
3565
3562
3562
3569
3568
3568
3568
3568
3566
3567
3560
3561
3566
3563
3563
3562
3560
3555
3553
3558
3555
3553
3552
3552
3550
3548
3549
3546
3541
3542
3545
3547
3545
3546
3541
3542
3544
3541
3540
3540
3533
3532
3538
3535
3529
3531
3529
3532
3532
3525
3524
3529
3526
3525
3524
3523
3517
3516
3522
3518
3519
3519
3517
3515
3516
3510
3511
3517
3512
3513
3513
3510
3511
3510
3507
3508
3510
3507
3508
3503
3502
3509
3509
3509
3509
3511
3512
3512
3513
3513
3512
3513
3510
3509
3508
3506
3504
3506
3501
3501
3501
3499
3496
3494
3497
3498
3495
3493
3494
3492
3490
3490
3487
3483
3483
3482
3487
3485
3479
3481
3484
3485
3481
3480
3481
3485
3482
3482
3483
3481
3481
3484
3478
3480
3484
3483
3481
3481
3481
3480
3478
3479
3479
3477
3478
3476
3474
3475
3466
3468
3472
3469
3463
3461
3463
3467
3465
3467
3467
3461
3464
3463
3467
3467
3463
3464
3463
3462
3462
3462
3461
3458
3458
3455
3454
3449
3448
3447
3451
3447
3442
3442
3445
3443
3441
3434
3436
3441
3439
3437
3437
3436
3437
3435
3436
3438
3437
3437
3432
3432
3432
3435
3435
3436
3434
3436
3436
3434
3436
3437
3437
3436
3436
3436
3434
3435
3431
3428
3425
3430
3427
3425
3424
3422
3423
3420
3417
3417
3420
3420
3417
3413
3413
3415
3416
3414
3412
3408
3408
3407
3412
3409
3408
3408
3405
3403
3404
3403
3402
3402
3402
3401
3400
3402
3401
3398
3398
3399
3397
3398
3393
3391
3392
3395
3393
3393
3392
3391
3392
3391
3386
3388
3391
3392
3390
3391
3389
3390
3392
3386
3385
3390
3391
3385
3386
3385
3392
3390
3386
3388
3390
3389
3388
3387
3386
3387
3388
3386
3386
3387
3386
3385
3386
3385
3379
3381
3386
3385
3383
3380
3382
3387
3383
3382
3383
3381
3380
3379
3375
3374
3378
3376
3375
3373
3373
3372
3371
3369
3369
3367
3366
3365
3364
3363
3364
3364
3356
3360
3359
3363
3364
3359
3360
3364
3365
3364
3363
3365
3363
3363
3363
3363
3358
3360
3359
3357
3359
3353
3351
3358
3355
3355
3355
3356
3352
3356
3362
3359
3360
3358
3356
3356
3353
3354
3355
3348
3348
3349
3350
3351
3348
3347
3348
3347
3347
3348
3346
3345
3341
3349
3346
3342
3339
3339
3344
3340
3337
3336
3339
3337
3338
3335
3334
3336
3336
3337
3336
3337
3338
3337
3339
3340
3342
3340
3341
3342
3341
3341
3340
3339
3340
3333
3335
3333
3338
3338
3331
3332
3335
3336
3333
3329
3329
3334
3333
3331
3332
3331
3328
3329
3331
3332
3329
3330
3329
3326
3327
3326
3325
3327
3325
3326
3325
3324
3326
3323
3324
3323
3316
3318
3318
3321
3318
3316
3317
3310
3309
3314
3312
3312
3308
3307
3307
3305
3306
3304
3304
3299
3301
3305
3305
3300
3300
3304
3306
3305
3307
3305
3307
3305
3305
3305
3303
3304
3301
3300
3298
3299
3298
3296
3295
3292
3299
3296
3294
3293
3296
3296
3296
3291
3292
3295
3293
3293
3293
3294
3288
3287
3294
3291
3292
3292
3291
3291
3291
3292
3291
3292
3289
3291
3287
3288
3286
3288
3287
3285
3281
3281
3279
3284
3283
3278
3277
3281
3280
3281
3278
3279
3273
3275
3279
3278
3277
3276
3278
3275
3277
3270
3272
3274
3275
3274
3272
3273
3272
3271
3272
3270
3271
3270
3269
3271
3269
3270
3269
3269
3271
3269
3267
3267
3275
3272
3269
3268
3269
3272
3270
3266
3266
3273
3270
3269
3269
3270
3266
3268
3261
3262
3261
3267
3264
3264
3262
3263
3260
3261
3259
3259
3258
3257
3258
3256
3257
3254
3256
3251
3253
3255
3256
3249
3252
3251
3254
3250
3253
3251
3251
3248
3251
3248
3247
3247
3248
3246
3249
3243
3246
3245
3249
3249
3245
3242
3251
3246
3246
3241
3242
3246
3246
3247
3246
3246
3246
3246
3245
3244
3243
3242
3242
3241
3241
3241
3243
3239
3243
3247
3246
3245
3244
3245
3247
3250
3250
3248
3245
3242
3243
3244
3244
3239
3240
3238
3237
3237
3236
3236
3237
3238
3237
3239
3236
3234
3233
3240
3236
3231
3230
3236
3233
3232
3228
3229
3228
3226
3221
3221
3222
3224
3224
3224
3223
3225
3223
3225
3224
3225
3217
3221
3223
3222
3220
3220
3219
3219
3219
3214
3216
3219
3220
3218
3221
3219
3222
3221
3224
3223
3225
3225
3225
3226
3226
3226
3226
3220
3223
3223
3226
3225
3222
3221
3225
3225
3224
3226
3224
3221
3221
3225
3225
3222
3219
3219
3217
3217
3214
3215
3212
3212
3213
3216
3219
3213
3217
3220
3221
3220
3219
3219
3217
3218
3215
3216
3213
3211
3211
3214
3214
3212
3213
3206
3205
3206
3209
3207
3205
3204
3209
3208
3209
3209
3208
3210
3211
3211
3213
3215
3216
3215
3211
3212
3216
3213
3213
3210
3208
3208
3208
3205
3206
3206
3203
3204
3204
3201
3202
3201
3194
3196
3197
3197
3197
3196
3197
3197
3195
3191
3191
3189
3193
3193
3186
3188
3194
3192
3191
3188
3190
3190
3188
3188
3187
3187
3188
3187
3187
3188
3182
3182
3187
3187
3184
3179
3181
3186
3183
3177
3178
3179
3183
3180
3180
3182
3181
3180
3180
3177
3179
3180
3181
3181
3180
3179
3182
3182
3179
3181
3182
3183
3181
3182
3183
3180
3180
3187
3186
3184
3185
3185
3183
3182
3183
3185
3183
3183
3185
3185
3184
3184
3182
3179
3179
3179
3179
3178
3173
3175
3178
3175
3168
3172
3173
3174
3173
3170
3170
3173
3171
3170
3169
3168
3163
3163
3169
3168
3166
3166
3166
3166
3165
3164
3165
3164
3165
3163
3163
3165
3166
3164
3159
3161
3165
3166
3167
3164
3165
3170
3172
3167
3168
3168
3173
3173
3173
3174
3176
3175
3174
3175
3175
3174
3174
3174
3173
3172
3172
3173
3168
3169
3174
3172
3174
3171
3170
3167
3165
3169
3168
3166
3163
3163
3162
3160
3161
3160
3153
3155
3159
3158
3157
3155
3158
3156
3156
3153
3153
3151
3157
3158
3151
3151
3156
3155
3151
3149
3148
3151
3152
3150
3148
3150
3150
3149
3150
3152
3151
3152
3154
3155
3156
3157
3159
3158
3159
3154
3153
3153
3157
3154
3152
3153
3153
3152
3146
3148
3146
3151
3150
3144
3145
3151
3146
3146
3147
3147
3146
3147
3147
3144
3144
3141
3141
3146
3147
3148
3147
3148
3147
3148
3145
3147
3147
3145
3142
3144
3144
3149
3151
3147
3147
3155
3157
3159
3160
3160
3161
3164
3165
3165
3165
3165
3167
3164
3164
3159
3157
3162
3161
3159
3158
3156
3155
3153
3147
3148
3149
3149
3149
3145
3145
3148
3148
3147
3147
3146
3142
3144
3147
3145
3145
3146
3145
3144
3146
3144
3143
3144
3143
3142
3141
3142
3137
3136
3140
3140
3136
3138
3136
3131
3132
3138
3137
3137
3139
3139
3139
3140
3139
3138
3139
3137
3138
3140
3139
3134
3136
3140
3138
3133
3135
3136
3140
3138
3133
3135
3138
3137
3135
3132
3132
3137
3135
3133
3133
3133
3133
3131
3132
3133
3133
3132
3132
3132
3134
3132
3130
3132
3133
3130
3130
3130
3131
3131
3123
3126
3131
3130
3128
3126
3126
3128
3129
3122
3122
3126
3124
3125
3124
3124
3122
3123
3123
3121
3120
3121
3121
3120
3119
3119
3120
3119
3116
3117
3120
3121
3115
3117
3122
3118
3120
3120
3118
3114
3117
3121
3120
3120
3119
3121
3116
3117
3124
3123
3123
3123
3122
3122
3121
3123
3122
3122
3121
3121
3119
3119
3123
3124
3120
3121
3121
3125
3125
3124
3122
3122
3120
3120
3119
3119
3118
3118
3118
3118
3114
3112
3114
3119
3116
3117
3115
3115
3116
3117
3116
3116
3114
3114
3111
3109
3111
3112
3112
3111
3113
3106
3107
3112
3112
3110
3110
3111
3106
3106
3111
3111
3110
3105
3104
3109
3110
3110
3111
3108
3106
3108
3113
3112
3112
3112
3112
3113
3112
3112
3112
3112
3112
3113
3110
3113
3111
3111
3109
3108
3109
3107
3105
3104
3105
3102
3101
3106
3106
3106
3106
3105
3101
3103
3106
3105
3106
3106
3104
3101
3103
3108
3107
3102
3104
3105
3108
3108
3107
3106
3106
3106
3101
3102
3102
3105
3104
3103
3104
3098
3100
3099
3103
3104
3103
3103
3103
3102
3103
3102
3103
3102
3100
3101
3101
3100
3101
3102
3101
3101
3095
3096
3102
3101
3099
3095
3096
3098
3098
3099
3098
3096
3093
3095
3098
3097
3093
3094
3096
3098
3097
3091
3093
3098
3096
3088
3091
3092
3095
3095
3095
3094
3092
3092
3093
3093
3092
3093
3093
3089
3090
3094
3096
3094
3095
3095
3095
3094
3095
3094
3093
3094
3094
3094
3092
3093
3092
3091
3093
3091
3091
3091
3091
3090
3092
3091
3089
3088
3087
3092
3091
3092
3091
3090
3092
3093
3094
3095
3094
3097
3100
3104
3107
3104
3108
3117
3119
3119
3125
3128
3137
3142
3140
3147
3158
3161
3167
3169
3174
3185
3189
3188
3196
3201
3213
3216
3223
3227
3229
3234
3243
3251
3253
3252
3258
3268
3271
3271
3276
3279
3287
3291
3290
3293
3297
3297
3298
3298
