3300
3298
3300
3298
3298
3298
3294
3295
3289
3289
3291
3286
3285
3281
3280
3274
3269
3273
3268
3267
3264
3259
3258
3254
3253
3247
3244
3243
3240
3239
3235
3227
3226
3228
3225
3218
3215
3214
3215
3214
3205
3204
3206
3203
3201
3195
3193
3196
3192
3190
3186
3186
3184
3180
3179
3178
3175
3172
3172
3170
3167
3167
3165
3163
3162
3159
3159
3159
3156
3155
3150
3149
3155
3151
3147
3145
3143
3147
3146
3143
3142
3137
3136
3137
3139
3139
3133
3133
3138
3137
3134
3134
3131
3132
3131
3130
3129
3129
3126
3126
3126
3124
3120
3121
3122
3123
3121
3121
3120
3115
3116
3119
3120
3117
3118
3116
3114
3116
3115
3114
3117
3114
3113
3110
3110
3115
3112
3107
3109
3106
3112
3110
3109
3109
3108
3107
3106
3104
3106
3100
3101
3106
3102
3103
3099
3100
3100
3100
3096
3096
3101
3102
3099
3101
3099
3096
3097
3101
3100
3098
3099
3097
3093
3093
3098
3097
3093
3093
3091
3097
3096
3095
3095
3094
3095
3094
3093
3093
3092
3093
3092
3091
3091
3086
3086
3092
3088
3089
3089
3086
3086
3085
3089
3088
3085
3084
3089
3090
3087
3089
3087
3086
3086
3085
3085
3083
3083
3082
3083
3080
3080
3083
3080
3082
3081
3081
3082
3082
3082
3077
3078
3080
3083
3082
3080
3080
3081
3079
3078
3075
3074
3079
3078
3074
3073
3076
3077
3075
3071
3073
3077
3076
3072
3072
3073
3078
3075
3073
3071
3078
3077
3076
3075
3075
3075
3075
3074
3072
3070
3070
3071
3076
3076
3069
3070
3076
3074
3075
3072
3071
3075
3074
3073
3072
3073
3073
3073
3073
3073
3072
3071
3071
3071
3069
3070
3070
3071
3071
3072
3071
3071
3069
3070
3070
3070
3072
3071
3071
3070
3071
3066
3067
3073
3070
3071
3073
3072
3073
3073
3070
3070
3076
3076
3075
3070
3071
3077
3076
3075
3076
3076
3073
3073
3078
3078
3075
3076
3080
3082
3082
3081
3082
3083
3084
3084
3085
3085
3084
3085
3081
3082
3089
3089
3087
3089
3089
3089
3090
3084
3087
3091
3093
3092
3091
3092
3097
3096
3092
3093
3095
3099
3099
3100
3101
3102
3105
3104
3104
3106
3109
3110
3112
3113
3116
3117
3120
3118
3120
3127
3128
3125
3127
3127
3132
3134
3135
3137
3134
3135
3138
3144
3144
3146
3146
3148
3148
3148
3150
3151
3153
3156
3158
3161
3163
3164
3167
3170
3170
3172
3173
3174
3176
3178
3181
3182
3184
3185
3183
3189
3195
3199
3200
3197
3203
3212
3214
3212
3215
3219
3226
3230
3232
3236
3236
3241
3245
3248
3252
3250
3255
3264
3266
3269
3273
3277
3280
3282
3286
3289
3294
3299
3302
3306
3309
3311
3317
3325
3327
3331
3333
3337
3345
3348
3355
3359
3364
3368
3371
3373
3379
3390
3394
3400
3406
3410
3411
3417
3427
3432
3437
3443
3448
3449
3457
3466
3473
3478
3483
3489
3495
3501
3506
3510
3516
3524
3529
3534
3540
3547
3554
3557
3564
3575
3579
3587
3594
3600
3602
3611
3624
3626
3629
3636
3642
3654
3660
3667
3672
3681
3687
3693
3701
3708
3716
3721
3730
3737
3742
3748
3758
3765
3771
3777
3786
3793
3798
3806
3813
3820
3825
3834
3840
3845
3853
3861
3867
3869
3877
3890
3894
3901
3909
3915
3919
3928
3940
3947
3950
3960
3966
3979
3985
3992
4001
4001
4011
4019
4030
4037
4046
4054
4060
4067
4075
4080
4088
4094
4099
4106
4112
4115
4119
4129
4139
4146
4156
4162
4164
4176
4185
4197
4207
4210
4220
4238
4245
4255
4265
4274
4281
4291
4303
4310
4322
4334
4342
4354
4364
4366
4380
4394
4404
4413
4415
4427
4441
4449
4457
4466
4474
4485
4491
4498
4508
4515
4523
4528
4534
4543
4557
4563
4569
4578
4586
4594
4602
4603
4613
4626
4632
4641
4649
4656
4663
4673
4683
4689
4700
4707
4715
4724
4732
4738
4747
4752
4758
4774
4783
4788
4796
4805
4811
4820
4828
4835
4842
4846
4852
4865
4869
4865
4874
4882
4887
4891
4890
4892
4902
4906
4911
4912
4916
4919
4922
4933
4941
4944
4952
4958
4966
4970
4978
4986
4994
5001
5010
5021
5030
5039
5050
5051
5063
5082
5088
5097
5105
5112
5126
5136
5141
5149
5159
5168
5174
5185
5192
5200
5207
5215
5219
5223
5230
5234
5232
5239
5246
5248
5251
5246
5250
5258
5259
5258
5263
5267
5268
5270
5273
5280
5290
5294
5299
5302
5307
5310
5317
5314
5317
5328
5335
5337
5344
5350
5355
5363
5369
5375
5381
5389
5395
5394
5401
5411
5410
5410
5408
5412
5420
5419
5417
5417
5417
5417
5417
5419
5419
5419
5424
5423
5422
5423
5425
5424
5425
5428
5423
5427
5433
5440
5446
5443
5451
5462
5464
5470
5473
5477
5483
5483
5487
5495
5499
5505
5512
5517
5525
5530
5535
5535
5544
5556
5559
5565
5567
5570
5580
5581
5582
5584
5587
5586
5590
5593
5597
5596
5599
5608
5615
5615
5620
5622
5620
5627
5636
5641
5646
5642
5649
5659
5660
5664
5666
5670
5673
5677
5679
5681
5685
5693
5692
5697
5701
5701
5706
5712
5715
5718
5723
5726
5732
5737
5744
5747
5754
5760
5765
5765
5773
5785
5788
5782
5789
5794
5797
5795
5791
5791
5795
5792
5785
5782
5780
5784
5781
5776
5776
5773
5769
5769
5765
5762
5762
5757
5757
5753
5748
5746
5740
5736
5731
5726
5723
5721
5720
5718
5709
5711
5719
5719
5712
5714
5719
5720
5717
5712
5710
5718
5714
5713
5707
5709
5714
5715
5714
5718
5718
5718
5723
5722
5728
5729
5732
5736
5738
5743
5739
5743
5750
5754
5754
5756
5757
5757
5759
5752
5755
5762
5758
5760
5762
5762
5761
5765
5767
5769
5765
5769
5770
5774
5775
5767
5769
5775
5773
5769
5763
5762
5770
5767
5770
5767
5765
5768
5767
5770
5770
5774
5773
5776
5775
5776
5777
5778
5773
5774
