5782
5777
5778
5778
5778
5777
5776
5776
5772
5771
5768
5769
5762
5759
5757
5753
5744
5743
5742
5742
5743
5733
5735
5741
5739
5738
5734
5735
5734
5733
5733
5731
5733
5728
5727
5727
5724
5728
5728
5721
5723
5722
5726
5722
5720
5720
5715
5716
5714
5711
5710
5716
5714
5713
5711
5710
5708
5702
5701
5698
5687
5688
5691
5687
5680
5680
5673
5673
5673
5667
5666
5664
5658
5654
5663
5659
5659
5657
5650
5646
5641
5647
5641
5634
5631
5637
5634
5629
5626
5626
5631
5631
5622
5626
5620
5628
5624
5622
5618
5616
5611
5610
5607
5604
5602
5598
5592
5588
5583
5579
5576
5569
5565
5559
5558
5555
5548
5547
5538
5538
5541
5540
5529
5532
5534
5535
5534
5531
5530
5529
5526
5524
5522
5519
5513
5509
5511
5504
5500
5494
5492
5484
5480
5472
5469
5470
5466
5465
5459
5457
5457
5454
5453
5449
5449
5447
5447
5446
5444
5437
5438
5444
5440
5439
5440
5437
5433
5431
5422
5425
5427
5424
5424
5419
5417
5406
5407
5410
5402
5399
5394
5391
5379
5378
5378
5372
5365
5359
5356
5349
5343
5341
5335
5331
5328
5325
5323
5323
5311
5312
5315
5310
5308
5301
5302
5306
5305
5296
5297
5297
5301
5299
5297
5296
5297
5294
5292
5292
5287
5286
5282
5278
5278
5268
5270
5266
5272
5265
5263
5260
5252
5248
5238
5239
5232
5229
5224
5215
5212
5213
5210
5207
5198
5196
5199
5193
5186
5185
5182
5186
5184
5176
5175
5181
5176
5176
5172
5171
5168
5169
5166
5166
5161
5160
5159
5159
5156
5154
5155
5149
5150
5145
5143
5140
5139
5135
5128
5128
5126
5127
5125
5116
5116
5118
5113
5108
5106
5101
5099
5096
5092
5088
5085
5083
5080
5080
5077
5070
5069
5074
5069
5068
5060
5063
5064
5062
5059
5059
5052
5047
5047
5052
5049
5045
5041
5039
5039
5036
5027
5022
5025
5022
5015
5011
5005
5005
5000
4997
4992
4991
4984
4983
4981
4977
4973
4973
4962
4964
4967
4966
4960
4958
4956
4955
4950
4944
4940
4940
4941
4940
4931
4930
4931
4932
4926
4925
4923
4917
4914
4918
4914
4912
4909
4906
4905
4904
4899
4895
4890
4889
4888
4879
4874
4877
4873
4870
4863
4862
4856
4853
4849
4847
4840
4836
4832
4828
4826
4819
4816
4809
4810
4804
4800
4801
4798
4798
4790
4788
4794
4789
4785
4782
4781
4784
4781
4772
4771
4773
4769
4765
4762
4759
4754
4752
4748
4746
4742
4739
4735
4733
4730
4723
4721
4710
4707
4703
4707
4699
4692
4689
4695
4687
4685
4681
4678
4674
4673
4663
4664
4662
4665
4661
4655
4653
4659
4652
4649
4649
4646
4643
4644
4641
4639
4636
4635
4634
4630
4629
4626
4625
4620
4622
4617
4616
4612
4611
4610
4600
4601
4600
4602
4597
4595
4591
4588
4588
4578
4578
4576
4581
4578
4573
4570
4576
4572
4570
4565
4565
4570
4566
4560
4560
4563
4561
4557
4557
4553
4553
4550
4539
4539
4538
4540
4535
4535
4529
4528
4523
4521
4513
4511
4514
4510
4510
4505
4499
4496
4495
4496
4494
4485
4483
4488
4482
4479
4476
4476
4471
4471
4468
4466
4463
4460
4461
4458
4456
4454
4450
4449
4444
4441
4440
4434
4432
4429
4420
4420
4417
4421
4417
4413
4411
4408
4407
4405
4396
4397
4398
4395
4394
4388
4384
4380
4380
4380
4379
4371
4369
4375
4373
4368
4362
4360
4362
4358
4356
4351
4349
4346
4343
4339
4340
4337
4335
4337
4334
4331
4328
4326
4331
4326
4324
4321
4321
4317
4314
4308
4303
4308
4304
4299
4293
4291
4292
4291
4285
4283
4282
4279
4280
4277
4274
4273
4269
4266
4263
4259
4258
4251
4251
4247
4245
4244
4238
4236
4232
4236
4234
4224
4224
4227
4224
4224
4223
4221
4215
4216
4221
4221
4217
4216
4216
4212
4214
4209
4209
4211
4214
4213
4206
4207
4209
4207
4204
4201
4201
4194
4194
4191
4186
4183
4182
4177
4172
4170
4167
4164
4156
4154
4153
4153
4152
4149
4146
4141
4140
4140
4142
4138
4136
4136
4134
4130
4124
4125
4122
4128
4128
4125
4123
4123
4122
4119
4118
4116
4113
4110
4109
4104
4098
4096
4094
4096
4094
4088
4086
4091
4089
4085
4082
4083
4082
4081
4078
4077
4077
4080
4078
4069
4069
4071
4067
4065
4062
4060
4055
4055
4054
4049
4047
4047
4046
4042
4040
4040
4037
4034
4031
4031
4027
4027
4021
4019
4024
4022
4019
4019
4018
4012
4007
4014
4012
4009
4009
4009
4003
4004
4008
4004
4001
4002
4001
3999
3998
3997
3997
3996
3993
3989
3986
3986
3988
3984
3979
3975
3979
3977
3974
3969
3969
3969
3966
3958
3959
3956
3962
3960
3957
3955
3953
3953
3951
3951
3950
3945
3945
3948
3946
3942
3940
3938
3938
3933
3927
3928
3931
3930
3928
3925
3923
3922
3918
3917
3916
3910
3907
3907
3908
3908
3902
3903
3907
3906
3901
3901
3899
3896
3896
3893
3890
3889
3889
3888
3884
3885
3888
3888
3885
3881
3882
3879
3876
3874
3873
3871
3868
3868
3867
3863
3860
3860
3851
3854
3855
3858
3856
3851
3852
3857
3854
3853
3852
3850
3848
3845
3839
3837
3841
3837
3837
3834
3834
3833
3830
3821
3823
3823
3825
3822
3817
3816
3820
3818
3816
3815
3813
3812
3808
3810
3809
3807
3804
3802
3802
3801
3794
3796
3803
3801
3798
3797
3796
3790
3790
3794
3791
3787
3787
3785
3783
3780
3779
3780
3773
3772
3771
3775
3776
3768
3767
3773
3772
3770
3769
3766
3769
3769
3767
3766
3766
3766
3765
3762
3760
3757
3757
3749
3748
3748
3752
3749
3740
3742
3748
3744
3743
3744
3744
3740
3741
3740
3738
3733
3731
3731
3733
3731
3728
3727
3725
3722
3721
3720
3718
3715
3714
3714
3712
3709
3707
3706
3705
3702
3695
3694
3699
3698
3696
3691
3688
3695
3692
3691
3689
3686
3681
3680
3685
3682
3681
3681
3682
3676
3676
3681
3681
3679
3678
3678
3677
3675
3673
3674
3672
3672
3669
3671
3669
3664
3665
3667
3664
3659
3659
3659
3659
3659
3657
3654
3654
3651
3649
3649
3648
3644
3645
3642
3639
3640
3638
3637
3636
3636
3633
3632
3635
3635
3635
3633
3631
3625
3625
3633
3631
3627
3628
3629
3623
3622
3626
3626
3619
3620
3620
3625
3624
3623
3621
3615
3617
3618
3622
3620
3619
3618
3616
3618
3613
3612
3614
3614
3613
3608
3608
3616
3613
3611
3608
3608
3604
3604
3608
3607
3604
3601
3599
3599
3599
3594
3594
3594
3595
3595
3594
3592
3589
3588
3589
3588
3587
3585
3585
3578
3579
3582
3580
3578
3571
3572
3576
3573
3567
3566
3569
3570
3567
3566
3565
3563
3561
3561
3561
3559
3558
3557
3557
3557
3555
3555
3553
3552
3549
3548
3550
3548
3548
3546
3545
3543
3543
3542
3537
3538
3541
3540
3540
3538
3538
3537
3536
3535
3536
3536
3532
3532
3536
3535
3528
3531
3534
3535
3534
3528
3529
3533
3533
3526
3525
3523
3528
3527
3526
3526
3524
3523
3523
3522
3521
3516
3517
3521
3521
3523
3523
3523
3522
3521
3521
3521
3519
3519
3519
3514
3515
3518
3515
3513
3513
3511
3510
3508
3506
3504
3503
3502
3498
3498
3497
3501
3500
3497
3496
3490
3491
3492
3496
3495
3489
3490
3495
3494
3491
3491
3489
3490
3488
3487
3487
3487
3485
3485
3481
3481
3485
3484
3482
3483
3481
3481
3480
3480
3480
3479
3479
3479
3478
3476
3477
3477
3477
3477
3473
3470
3470
3473
3472
3465
3467
3473
3470
3467
3463
3464
3470
3469
3468
3466
3467
3467
3467
3462
3464
3468
3465
3463
3463
3461
3456
3457
3458
3458
3451
3450
3450
3452
3451
3451
3451
3451
3453
3451
3450
3449
3449
3447
3446
3445
3444
3443
3441
3441
3441
3440
3440
3440
3440
3438
3440
3438
3437
3438
3430
3431
3430
3432
3429
3425
3424
3429
3427
3426
3426
3425
3420
3420
3424
3423
3419
3420
3420
3422
3424
3417
3417
3423
3423
3421
3419
3418
3418
3417
3411
3412
3414
3415
3411
3412
3411
3411
3411
3404
3405
3404
3408
3407
3407
3407
3406
3405
3404
3403
3405
3405
3405
3403
3403
3403
3404
3403
3400
3402
3405
3404
3403
3402
3403
3402
3401
3394
3395
3399
3397
3396
3396
3395
3391
3391
3389
3388
3384
3382
3382
3386
3384
3381
3381
3381
3380
3379
3379
3377
3372
3374
3378
3376
3376
3376
3377
3377
3378
3372
3375
3377
3378
3378
3373
3374
3380
3377
3376
3374
3373
3373
3371
3371
3368
3369
3367
3367
3367
3367
3362
3363
3368
3368
3364
3362
3362
3365
3366
3363
3362
3362
3360
3360
3361
3360
3358
3357
3357
3358
3357
3354
3353
3356
3355
3349
3349
3352
3352
3352
3344
3346
3350
3348
3347
3347
3347
3346
3346
3340
3342
3349
3347
3345
3344
3344
3338
3342
3344
3343
3340
3336
3338
3341
3342
3340
3340
3339
3338
3339
3338
3336
3337
3337
3337
3336
3335
3336
3334
3334
3334
3328
3327
3330
3330
3330
3329
3330
3324
3325
3329
3328
3327
3325
3324
3323
3322
3321
3322
3323
3323
3324
3324
3324
3319
3320
3325
3325
3324
3324
3323
3323
3324
3319
3319
3320
3324
3321
3321
3321
3321
3321
3321
3318
3319
3317
3316
3311
3311
3314
3313
3311
3307
3307
3313
3311
3311
3310
3310
3310
3309
3308
3308
3308
3308
3306
3306
3305
3301
3300
3306
3304
3301
3298
3299
3303
3303
3303
3303
3302
3304
3304
3302
3302
3306
3304
3304
3303
3301
3298
3297
3303
3300
3300
3298
3297
3298
3297
3296
3295
3294
3291
3291
3291
3292
3292
3291
3290
3290
3290
3290
3288
3287
3287
3291
3292
3287
3287
3291
3292
3290
3286
3286
3289
3290
3289
3290
3292
3289
3292
3297
3297
3298
3297
3296
3294
3295
3299
3298
3296
3297
3295
3294
3292
3291
3289
3287
3285
3285
3284
3282
3281
3280
3279
3278
3278
3276
3277
3272
3273
3276
3275
3268
3269
3273
3273
3273
3268
3270
3275
3273
3273
3274
3275
3274
3274
3274
3273
3273
3272
3271
3268
3269
3273
3272
3266
3266
3269
3267
3267
3261
3264
3268
3267
3267
3266
3265
3265
3265
3263
3262
3256
3257
3257
3260
3260
3261
3260
3255
3257
3260
3260
3259
3257
3257
3256
3254
3254
3254
3253
3249
3250
3252
3252
3252
3252
3252
3251
3252
3253
3253
3253
3253
3253
3253
3253
3249
3249
3254
3252
3252
3251
3249
3249
3249
3249
3247
3243
3243
3243
3248
3245
3241
3242
3247
3245
3240
3240
3239
3244
3242
3240
3240
3234
3235
3237
3239
3240
3240
3238
3238
3240
3241
3241
3242
3243
3242
3245
3244
3246
3248
3248
3249
3250
3250
3248
3242
3244
3243
3248
3246
3242
3244
3250
3249
3250
3249
3250
3251
3251
3250
3249
3247
3244
3244
3239
3237
3242
3240
3233
3232
3232
3235
3233
3232
3231
3225
3226
3228
3231
3230
3228
3229
3228
3229
3228
3226
3226
3230
3229
3228
3228
3227
3228
3228
3227
3226
3222
3222
3229
3229
3227
3229
3228
3228
3228
3224
3225
3230
3230
3231
3232
3229
3229
3229
3228
3227
3226
3226
3225
3225
3222
3224
3223
3223
3223
3222
3215
3217
3226
3224
3220
3219
3219
3224
3222
3217
3218
3222
3222
3221
3220
3218
3218
3219
3218
3218
3216
3218
3216
3215
3215
3207
3207
3208
3210
3208
3207
3208
3202
3201
3205
3203
3204
3203
3203
3198
3199
3204
3202
3201
3199
3198
3197
3196
3195
3195
3195
3194
3193
3189
3191
3195
3194
3194
3194
3195
3194
3194
3195
3194
3189
3191
3192
3196
3197
3197
3198
3193
3193
3197
3196
3196
3198
3198
3193
3193
3199
3198
3198
3198
3197
3197
3198
3197
3197
3194
3194
3192
3191
3191
3192
3192
3191
3191
3190
3186
3187
3193
3190
3190
3189
3190
3189
3188
3186
3187
3191
3189
3189
3183
3184
3189
3189
3190
3191
3189
3190
3192
3200
3199
3199
3198
3198
3198
3194
3193
3192
3192
3193
3192
3192
3191
3185
3186
3190
3187
3181
3181
3184
3184
3182
3181
3181
3178
3178
3177
3177
3178
3177
3175
3176
3175
3175
3175
3174
3171
3171
3175
3176
3171
3173
3177
3177
3176
3171
3172
3176
3174
3171
3172
3174
3178
3178
3178
3178
3178
3177
3176
3177
3177
3174
3175
3176
3176
3173
3174
3175
3175
3174
3173
3174
3173
3174
3173
3168
3169
3173
3171
3166
3167
3166
3169
3169
3167
3167
3162
3162
3166
3168
3167
3165
3164
3164
3164
3159
3161
3160
3165
3166
3166
3166
3165
3166
3167
3166
3167
3167
3166
3160
3161
3165
3165
3165
3162
3163
3167
3167
3168
3167
3167
3167
3167
3167
3165
3159
3159
3160
3162
3161
3160
3159
3159
3158
3155
3153
3152
3148
3147
3151
3151
3151
3151
3151
3147
3147
3153
3152
3151
3148
3150
3149
3147
3148
3147
3142
3143
3146
3146
3146
3141
3142
3148
3145
3145
3144
3144
3143
3144
3138
3140
3144
3143
3142
3141
3142
3141
3142
3141
3141
3141
3140
3143
3144
3143
3142
3143
3143
3145
3143
3143
3143
3143
3143
3139
3138
3139
3143
3141
3136
3136
3140
3139
3135
3135
3135
3139
3137
3135
3135
3136
3135
3135
3134
3135
3135
3134
3128
3130
3131
3135
3136
3134
3135
3133
3133
3130
3130
3131
3135
3134
3133
3132
3127
3128
3129
3132
3132
3132
3130
3130
3128
3129
3128
3127
3122
3124
3129
3128
3124
3123
3124
3128
3127
3127
3127
3129
3129
3130
3133
3133
3134
3134
3132
3132
3132
3129
3129
3124
3124
3128
3128
3128
3127
3128
3123
3124
3127
3126
3126
3125
3125
3125
3125
3126
3125
3120
3120
3119
3123
3122
3117
3119
3124
3122
3118
3118
3120
3123
3121
3121
3121
3120
3121
3120
3121
3121
3120
3119
3122
3123
3125
3125
3126
3123
3124
3130
3131
3131
3130
3129
3126
3126
3131
3130
3132
3132
3132
3134
3132
3127
3128
3133
3131
3131
3130
3128
3128
3127
3127
3125
3122
3122
3121
3116
3115
3120
3118
3115
3115
3114
3113
3114
3109
3110
3115
3114
3111
3109
3110
3115
3116
3117
3117
3116
3115
3115
3114
3114
3115
3115
3115
3115
3115
3113
3113
3118
3118
3114
3114
3115
3118
3116
3114
3114
3108
3108
3111
3111
3111
3110
3109
3105
3106
3111
3111
3110
3109
3109
3109
3110
3109
3110
3110
3108
3108
3107
3107
3106
3106
3105
3107
3107
3101
3102
3107
3106
3107
3106
3108
3108
3107
3102
3103
3108
3108
3107
3108
3107
3106
3106
3106
3108
3104
3103
3102
3105
3104
3103
3102
3098
3098
3098
3103
3101
3095
3097
3100
3099
3099
3099
3101
3100
3100
3101
3102
3101
3103
3102
3102
3101
3097
3096
3101
3099
3099
3098
3096
3096
3095
3097
3098
3096
3091
3091
3096
3095
3091
3093
3095
3095
3096
3095
3094
3095
3097
3098
3098
3100
3101
3101
3096
3098
3104
3102
3100
3097
3097
3101
3101
3100
3103
3102
3102
3103
3104
3105
3104
3105
3105
3105
3105
3101
3103
3107
3106
3100
3103
3102
3106
3103
3102
3101
3095
3095
3096
3097
3096
3090
3090
3093
3092
3091
3091
3089
3089
3088
3086
3087
3087
3086
3084
3085
3084
3084
3085
3083
3085
3085
3084
3082
3084
3084
3080
3080
3086
3084
3083
3079
3078
3084
3083
3082
3082
3083
3083
3083
3082
3082
3084
3085
3085
3085
3085
3080
3080
3086
3084
3083
3083
3083
3083
3082
3081
3081
3081
3081
3080
3080
3079
3078
3079
3075
3076
3078
3079
3077
3074
3076
3082
3082
3080
3081
3083
3087
3087
3087
3086
3079
3082
3083
3087
3087
3086
3088
3083
3085
3089
3093
3094
3091
3094
3103
3105
3104
3109
3112
3122
3126
3133
3138
3137
3145
3150
3159
3164
3170
3175
3181
3187
3192
3196
3202
3207
3212
3218
3222
3226
3232
3237
3241
3245
3249
3252
3256
3260
3265
3269
3271
3273
3275
3271
3274
3279
3282
3282
3276
3279
