3271
3271
3269
3269
3268
3263
3264
3263
3265
3262
3259
3259
3251
3250
3250
3249
3245
3237
3237
3239
3236
3228
3225
3223
3223
3222
3218
3215
3211
3209
3206
3203
3201
3198
3195
3192
3191
3188
3185
3183
3179
3177
3176
3174
3172
3168
3166
3165
3164
3157
3157
3161
3158
3158
3150
3150
3155
3153
3151
3150
3149
3150
3146
3142
3142
3145
3143
3135
3135
3133
3137
3134
3131
3130
3129
3128
3125
3123
3123
3121
3120
3119
3119
3117
3115
3116
3114
3113
3114
3112
3108
3107
3108
3113
3111
3106
3106
3113
3112
3111
3111
3110
3106
3106
3111
3109
3107
3104
3103
3108
3106
3107
3106
3105
3104
3103
3103
3101
3101
3101
3099
3099
3099
3097
3096
3092
3090
3096
3095
3093
3093
3092
3090
3090
3088
3088
3084
3085
3084
3085
3084
3079
3080
3084
3082
3081
3078
3078
3081
3079
3076
3076
3076
3078
3078
3073
3072
3078
3078
3073
3073
3074
3077
3076
3076
3075
3074
3074
3074
3073
3071
3071
3070
3066
3067
3066
3068
3068
3068
3068
3063
3064
3069
3068
3067
3067
3066
3062
3062
3068
3065
3065
3065
3064
3059
3060
3064
3062
3062
3062
3062
3062
3061
3061
3060
3056
3057
3058
3060
3060
3060
3060
3059
3059
3059
3058
3057
3056
3056
3056
3057
3056
3052
3052
3057
3056
3051
3051
3055
3055
3054
3050
3051
3054
3053
3049
3050
3051
3054
3053
3053
3052
3046
3047
3048
3050
3052
3052
3051
3052
3052
3052
3052
3052
3049
3048
3050
3050
3050
3051
3050
3045
3046
3050
3049
3049
3049
3049
3047
3047
3050
3049
3049
3049
3049
3049
3048
3048
3049
3045
3046
3051
3050
3050
3045
3046
3050
3050
3045
3046
3047
3050
3049
3049
3049
3049
3050
3049
3049
3050
3047
3047
3052
3050
3051
3050
3051
3047
3046
3052
3052
3050
3050
3050
3050
3051
3047
3047
3052
3052
3053
3053
3054
3053
3052
3052
3054
3054
3053
3054
3054
3054
3050
3050
3056
3056
3056
3055
3055
3056
3057
3052
3053
3058
3059
3058
3056
3055
3060
3061
3056
3058
3059
3061
3062
3065
3063
3063
3064
3065
3065
3065
3061
3062
3068
3068
3069
3069
3070
3070
3070
3071
3071
3072
3074
3073
3075
3075
3077
3077
3073
3075
3077
3082
3083
3079
3080
3087
3087
3085
3086
3088
3092
3094
3089
3091
3098
3099
3102
3103
3104
3101
3103
3110
3111
3112
3114
3115
3117
3119
3120
3121
3124
3125
3125
3127
3129
3130
3134
3131
3134
3137
3143
3144
3141
3143
3150
3152
3152
3155
3157
3157
3160
3167
3168
3169
3172
3175
3179
3181
3178
3181
3189
3193
3195
3196
3198
3201
3204
3207
3209
3212
3215
3219
3216
3221
3230
3233
3231
3236
3240
3248
3251
3252
3255
3259
3263
3267
3267
3272
3280
3283
3287
3291
3294
3294
3299
3308
3312
3317
3320
3321
3325
3331
3339
3344
3347
3351
3354
3360
3364
3368
3374
3379
3384
3389
3394
3399
3404
3408
3408
3415
3425
3428
3428
3432
3438
3448
3453
3458
3465
3469
3475
3481
3482
3488
3499
3503
3508
3513
3518
3520
3529
3540
3546
3552
3559
3565
3571
3578
3581
3586
3598
3602
3606
3615
3621
3629
3635
3638
3646
3659
3665
3671
3678
3686
3695
3701
3708
3715
3722
3728
3736
3742
3750
3755
3763
3764
3773
3781
3795
3802
3809
3817
3825
3833
3841
3848
3853
3858
3865
3877
3882
3887
3895
3902
3909
3918
3921
3930
3944
3952
3958
3966
3974
3981
3989
3997
4004
4012
4019
4030
4034
4044
4058
4066
4075
4083
4091
4101
4110
4118
4128
4132
4143
4152
4165
4171
4180
4186
4190
4196
4203
4202
4211
4223
4230
4237
4243
4246
4254
4262
4278
4282
4292
4300
4308
4319
4328
4335
4344
4351
4360
4369
4377
4386
4395
4404
4409
4415
4416
4425
4436
4445
4450
4452
4463
4474
4480
4483
4492
4497
4508
4513
4518
4526
4531
4539
4546
4549
4557
4570
4578
4587
4599
4608
4615
4625
4635
4646
4654
4665
4672
4680
4689
4697
4705
4709
4717
4731
4739
4742
4745
4748
4759
4761
4767
4771
4775
4778
4784
4786
4791
4795
4802
4809
4817
4825
4827
4838
4850
4858
4857
4866
4876
4887
4893
4900
4908
4918
4926
4933
4941
4948
4957
4965
4971
4976
4973
4982
4989
4997
5002
5008
5016
5021
5028
5033
5038
5045
5057
5064
5070
5078
5083
5089
5098
5099
5105
5116
5121
5123
5129
5137
5146
5153
5154
5160
5166
5171
5174
5180
5185
5189
5192
5198
5201
5205
5206
5212
5211
5214
5223
5225
5230
5237
5240
5239
5245
5257
5257
5260
5263
5271
5273
5278
5281
5287
5284
5289
5300
5305
5309
5315
5320
5320
5329
5339
5342
5347
5353
5358
5361
5367
5370
5373
5380
5386
5389
5395
5401
5409
5414
5418
5425
5435
5448
5455
5463
5470
5479
5486
5491
5500
5504
5511
5519
5520
5525
5535
5546
5550
5548
5556
5567
5571
5576
5579
5583
5582
5588
5597
5598
5596
5600
5603
5614
5616
5619
5622
5624
5624
5628
5630
5632
5634
5635
5635
5636
5637
5634
5637
5632
5633
5642
5644
5638
5645
5646
5651
5653
5652
5653
5649
5651
5653
5653
5653
5653
5652
5653
5653
5655
5656
5658
5658
5663
5662
5666
5659
5665
5669
5676
5677
5675
5681
5692
5691
5694
5698
5701
5701
5704
5709
5712
5715
5715
5720
5718
5722
5730
5731
5725
5728
5729
5734
5732
5732
5731
5732
5733
5734
5734
5737
5737
5739
5742
5743
5740
5743
5744
5750
5754
5748
5753
5762
5761
5767
5766
5769
5772
5770
5773
5774
5777
5776
5776
5774
5774
5781
5777
5772
5773
5777
5782
5781
5780
5780
5778
5777
5773
5769
5770
5776
5772
5763
5768
5770
5774
5772
5766
5769
5778
5778
5780
5778
5780
5782
5785
5786
5786
5784
5785
5786
5786
5785
5778
5778
5785
5783
5779
5777
5779
5774
5774
5771
5770
5762
5763
5761
5764
5760
5752
5752
5761
5759
5757
5757
5756
5756
5755
5755
5753
5750
5747
5751
5755
5755
5756
5755
5752
5753
5749
5747
5748
5740
5741
5744
5742
5741
5738
5737
5731
5731
5738
5732
5727
5725
5722
5719
5718
5716
5716
5710
5710
5708
5702
5699
5697
5692
5691
5686
5681
5677
5673
5665
5668
5671
5669
5667
5656
5656
5659
5653
5649
5645
5634
5630
5625
5627
5620
5610
5607
5614
5608
5605
5604
5603
5603
5602
5598
5596
5594
5596
5591
5589
5589
5589
5588
5580
5580
5582
5586
5582
5575
5577
5581
5577
5575
5568
5564
5569
5566
5564
5563
5560
5553
5555
5555
5555
5553
5552
5548
5545
5545
5543
5537
5536
5534
5528
5525
5523
5521
5514
5513
5507
5505
5498
5498
5493
5488
5480
5477
5479
5474
5467
5463
5462
5462
5459
5453
5452
5447
5444
5440
5431
5428
5431
5427
5423
5421
5419
5417
5413
5413
5412
5410
5407
5408
5406
5405
5395
5394
5400
5397
5393
5392
5393
5393
5391
5389
5390
5383
5385
5389
5394
5392
5386
5387
5393
5389
5387
5386
5381
5380
5377
5366
5366
5372
5367
5362
5357
5353
5350
5346
5346
5342
5340
5338
5336
5328
5327
5327
5321
5312
5310
5307
5309
5305
5303
5302
5296
5296
5292
5291
5287
5283
5279
5277
5274
5271
5267
5264
5263
5262
5252
5250
5254
5248
5248
5237
5237
5240
5235
5235
5231
5228
5227
5224
5222
5223
5221
5218
5214
5207
5205
5207
5204
5197
5193
5183
5180
5177
5178
5173
5166
5164
5159
5156
5150
5153
5149
5147
5146
5137
5136
5137
5139
5137
5134
5133
5131
5129
5126
5126
5122
5119
5114
5109
5108
5098
5098
5094
5095
5093
5084
5084
5086
5083
5079
5072
5068
5071
5067
5065
5061
5060
5055
5052
5050
5051
5048
5044
5038
5039
5038
5041
5039
5034
5032
5030
5027
5024
5017
5013
5015
5012
5002
5001
5001
4996
4992
4989
4984
4976
4975
4971
4969
4966
4958
4956
4953
4951
4948
4946
4939
4935
4934
4939
4936
4933
4929
4928
4929
4927
4919
4918
4922
4919
4918
4915
4913
4906
4905
4910
4908
4907
4903
4900
4897
4897
4890
4889
4891
4887
4885
4882
4879
4877
4873
4868
4865
4858
4856
4852
4848
4844
4839
4834
4833
4828
4825
4824
4821
4812
4811
4815
4812
4802
4802
4799
4801
4801
4793
4794
4798
4794
4786
4783
4779
4773
4770
4760
4758
4753
4753
4749
4744
4742
4740
4736
4733
4727
4724
4723
4719
4717
4713
4707
4705
4703
4701
4700
4690
4690
4695
4690
4688
4681
4681
4684
4682
4672
4672
4674
4669
4665
4663
4660
4656
4653
4648
4644
4638
4634
4630
4626
4620
4616
4609
4606
4604
4602
4591
4590
4590
4586
4581
4575
4572
4569
4565
4553
4552
4553
4548
4543
4536
4534
4535
4531
4528
4523
4521
4519
4516
4513
4511
4509
4505
4501
4498
4498
4500
4498
4496
4495
4487
4487
4487
4490
4487
4480
4480
4484
4480
4477
4473
4471
4469
4467
4464
4462
4455
4453
4450
4451
4447
4443
4441
4438
4434
4430
4428
4426
4418
4414
4419
4413
4409
4406
4404
4402
4398
4395
4393
4383
4382
4383
4384
4379
4377
4374
4370
4368
4363
4361
4356
4353
4352
4349
4348
4346
4341
4339
4341
4339
4333
4334
4338
4337
4332
4332
4329
4323
4322
4327
4323
4323
4320
4318
4315
4312
4309
4307
4305
4304
4302
4299
4299
4290
4290
4295
4291
4288
4287
4283
4275
4278
4286
4281
4280
4272
4270
4273
4270
4268
4266
4264
4263
4261
4259
4257
4255
4251
4250
4248
4245
4243
4240
4240
4238
4229
4230
4227
4230
4226
4219
4219
4227
4223
4221
4219
4217
4209
4209
4215
4210
4209
4204
4203
4201
4201
4193
4194
4199
4195
4191
4188
4187
4183
4181
4179
4175
4171
4170
4169
4167
4164
4163
4162
4155
4153
4151
4155
4155
4153
4152
4145
4143
4142
4144
4143
4141
4137
4136
4135
4132
4130
4126
4126
4125
4116
4118
4120
4117
4116
4109
4109
4113
4109
4104
4102
4100
4098
4097
4096
4093
4085
4085
4086
4087
4084
4082
4079
4078
4077
4075
4073
4072
4065
4064
4070
4068
4067
4066
4063
4061
4059
4057
4055
4047
4047
4049
4049
4046
4039
4041
4045
4042
4035
4034
4034
4038
4038
4035
4035
4030
4029
4026
4021
4020
4017
4013
4011
4006
4006
4004
4001
3999
3996
3988
3986
3990
3990
3988
3984
3983
3982
3980
3974
3972
3970
3973
3970
3968
3965
3963
3962
3961
3954
3955
3958
3955
3948
3949
3953
3954
3953
3948
3949
3952
3949
3948
3947
3947
3941
3940
3944
3941
3939
3937
3934
3931
3928
3926
3923
3923
3922
3919
3919
3917
3911
3909
3912
3911
3910
3908
3909
3909
3909
3908
3907
3907
3907
3907
3906
3903
3901
3899
3897
3895
3891
3889
3888
3885
3885
3877
3875
3880
3878
3876
3870
3869
3872
3871
3869
3869
3869
3870
3869
3863
3863
3866
3862
3856
3854
3854
3856
3853
3847
3847
3852
3847
3845
3842
3839
3838
3837
3831
3833
3833
3835
3834
3832
3832
3826
3827
3830
3829
3827
3826
3824
3823
3823
3817
3816
3818
3821
3818
3814
3812
3817
3811
3809
3807
3805
3802
3801
3799
3797
3794
3794
3792
3788
3785
3788
3788
3788
3786
3785
3784
3785
3785
3782
3782
3779
3777
3777
3775
3772
3772
3769
3768
3762
3758
3760
3764
3762
3761
3759
3753
3755
3753
3755
3753
3753
3749
3749
3746
3745
3737
3738
3743
3738
3732
3734
3738
3737
3734
3727
3728
3732
3728
3725
3722
3721
3718
3718
3716
3716
3714
3713
3712
3711
3709
3712
3712
3710
3711
3704
3704
3705
3709
3708
3708
3705
3698
3699
3697
3703
3700
3699
3696
3695
3694
3691
3688
3688
3690
3687
3684
3683
3683
3682
3680
3679
3676
3674
3672
3672
3673
3671
3670
3669
3669
3670
3671
3673
3673
3669
3669
3673
3671
3665
3665
3667
3665
3664
3656
3656
3660
3657
3650
3650
3648
3653
3650
3646
3645
3650
3647
3646
3644
3644
3641
3640
3638
3637
3636
3636
3636
3635
3636
3635
3633
3634
3633
3633
3629
3627
3630
3628
3626
3624
3621
3621
3620
3617
3618
3616
3614
3613
3611
3611
3605
3604
3607
3605
3605
3604
3604
3599
3599
3603
3601
3594
3596
3598
3600
3599
3598
3597
3595
3592
3593
3594
3593
3592
3590
3582
3583
3588
3586
3584
3576
3576
3581
3578
3576
3576
3575
3574
3573
3572
3571
3569
3569
3569
3568
3568
3564
3564
3567
3566
3558
3561
3561
3563
3561
3556
3555
3559
3558
3554
3555
3554
3553
3552
3544
3545
3548
3548
3547
3546
3546
3545
3542
3541
3540
3539
3539
3539
3538
3537
3536
3536
3533
3532
3533
3531
3531
3525
3525
3529
3529
3529
3528
3527
3523
3521
3516
3516
3516
3516
3514
3512
3511
3505
3503
3503
3505
3503
3496
3496
3501
3498
3496
3494
3493
3492
3491
3491
3492
3491
3491
3490
3485
3488
3493
3491
3486
3486
3485
3485
3484
3478
3480
3484
3482
3480
3479
3478
3478
3476
3476
3475
3476
3478
3478
3476
3477
3483
3481
3477
3478
3480
3483
3482
3481
3480
3479
3476
3473
3474
3470
3468
3468
3465
3463
3461
3458
3457
3451
3451
3456
3455
3455
3453
3452
3447
3447
3450
3447
3447
3447
3445
3446
3444
3439
3438
3441
3441
3438
3437
3434
3435
3434
3431
3432
3425
3426
3428
3430
3429
3427
3426
3421
3421
3426
3425
3423
3423
3422
3421
3421
3419
3419
3417
3418
3418
3415
3417
3421
3421
3422
3422
3422
3417
3416
3420
3415
3409
3410
3411
3413
3412
3411
3410
3408
3407
3405
3398
3398
3402
3401
3400
3399
3396
3396
3396
3397
3397
3393
3394
3398
3398
3397
3398
3399
3398
3399
3400
3399
3398
3397
3397
3394
3394
3397
3394
3392
3389
3388
3393
3391
3389
3388
3386
3386
3385
3381
3380
3382
3380
3379
3378
3379
3379
3377
3371
3373
3377
3375
3374
3372
3372
3370
3371
3369
3367
3367
3364
3363
3363
3362
3362
3361
3355
3357
3357
3362
3361
3359
3359
3359
3360
3359
3358
3358
3353
3353
3358
3356
3352
3353
3354
3358
3357
3356
3356
3357
3355
3355
3354
3354
3349
3348
3351
3351
3348
3345
3343
3348
3349
3346
3346
3340
3340
3342
3345
3344
3338
3340
3344
3341
3341
3339
3339
3338
3336
3337
3335
3335
3336
3335
3337
3335
3337
3337
3336
3338
3337
3337
3337
3338
3338
3337
3337
3339
3335
3336
3337
3339
3340
3337
3336
3332
3331
3334
3331
3326
3323
3329
3326
3325
3320
3321
3323
3322
3319
3320
3317
3316
3317
3318
3315
3317
3317
3318
3316
3315
3315
3315
3315
3313
3311
3307
3310
3312
3313
3309
3310
3309
3309
3308
3308
3307
3303
3301
3307
3304
3303
3305
3304
3300
3302
3307
3310
3312
3311
3309
3310
3310
3305
3308
3313
3312
3310
3311
3311
3304
3305
3307
3307
3304
3302
3299
3298
3297
3294
3294
3290
3291
3290
3288
3287
3280
3283
3285
3283
3283
3281
3281
3275
3277
3281
3281
3279
3280
3278
3280
3279
3279
3279
3276
3277
3278
3282
3283
3285
3286
3286
3286
3283
3285
3281
3278
3277
3282
3281
3277
3279
3278
3279
3278
3274
3275
3280
3281
3279
3275
3277
3280
3279
3277
3275
3276
3270
3273
3275
3274
3273
3274
3271
3271
3268
3269
3267
3267
3265
3265
3264
3262
3262
3261
3255
3257
3262
3259
3259
3256
3256
3256
3254
3250
3252
3253
3259
3256
3258
3258
3255
3256
3255
3254
3253
3252
3251
3246
3246
3252
3249
3250
3247
3247
3253
3250
3247
3248
3248
3252
3250
3245
3247
3251
3250
3250
3249
3249
3243
3242
3247
3244
3245
3245
3246
3242
3240
3247
3244
3244
3244
3243
3242
3242
3241
3239
3239
3238
3238
3239
3239
3240
3237
3238
3236
3233
3232
3235
3239
3238
3238
3236
3234
3234
3237
3239
3241
3240
3240
3241
3241
3240
3243
3242
3237
3238
3241
3241
3240
3238
3237
3236
3235
3232
3230
3230
3229
3227
3226
3227
3226
3226
3227
3228
3227
3228
3228
3228
3227
3222
3223
3228
3225
3224
3220
3220
3222
3221
3214
3214
3216
3218
3216
3213
3212
3217
3212
3211
3210
3210
3215
3215
3214
3216
3213
3213
3213
3210
3213
3212
3212
3211
3212
3210
3206
3208
3209
3209
3207
3207
3205
3204
3204
3211
3209
3203
3205
3209
3208
3208
3207
3207
3207
3206
3200
3201
3205
3204
3206
3206
3203
3199
3200
3203
3204
3202
3201
3201
3199
3199
3200
3197
3199
3197
3196
3199
3196
3196
3196
3196
3197
3198
3196
3198
3196
3195
3198
3199
3197
3195
3195
3195
3193
3189
3191
3189
3194
3193
3187
3189
3192
3191
3193
3190
3192
3192
3191
3194
3194
3193
3197
3197
3196
3197
3196
3195
3195
3195
3195
3189
3191
3194
3193
3186
3188
3188
3189
3188
3186
3187
3183
3185
3180
3182
3181
3185
3183
3177
3180
3184
3182
3182
3179
3180
3182
3178
3175
3173
3174
3178
3174
3175
3176
3175
3174
3177
3176
3176
3178
3177
3177
3178
3177
3175
3175
3172
3171
3175
3177
3177
3180
3181
3177
3180
3186
3184
3185
3182
3180
3181
3180
3177
3177
3171
3170
3176
3175
3173
3171
3172
3169
3171
3166
3166
3168
3170
3169
3169
3167
3167
3167
3165
3166
3167
3165
3165
3166
3162
3164
3162
3163
3164
3162
3159
3157
3163
3163
3159
3158
3159
3162
3163
3156
3156
3162
3158
3158
3155
3154
3157
3155
3156
3158
3159
3162
3164
3162
3164
3165
3164
3163
3164
3162
3164
3162
3159
3157
3162
3161
3160
3158
3159
3151
3153
3157
3155
3154
3150
3150
3156
3155
3153
3152
3155
3152
3152
3153
3152
3150
3151
3150
3147
3149
3149
3147
3144
3145
3149
3149
3148
3147
3146
3146
3144
3140
3140
3142
3142
3144
3142
3142
3138
3137
3143
3142
3142
3141
3140
3140
3139
3134
3136
3136
3140
3141
3139
3140
3140
3140
3140
3136
3137
3143
3140
3137
3137
3142
3142
3140
3135
3137
3143
3140
3141
3140
3137
3137
3138
3136
3136
3136
3136
3135
3132
3131
3136
3136
3130
3134
3139
3139
3142
3141
3142
3145
3145
3145
3146
3144
3143
3141
3140
3141
3139
3139
3139
3137
3138
3138
3136
3135
3136
3129
3128
3128
3132
3130
3129
3131
3130
3132
3131
3126
3127
3132
3130
3127
3126
3129
3132
3131
3132
3133
3131
3132
3131
3129
3129
3127
3125
3126
3124
3118
3121
3118
3124
3122
3122
3123
3122
3124
3122
3122
3123
3119
3121
3123
3122
3123
3122
3124
3117
3119
3122
3121
3116
3116
3118
3122
3121
3121
3120
3114
3116
3117
3119
3119
3117
3118
3116
3119
3117
3118
3118
3118
3117
3118
3115
3110
3112
3112
3118
3118
3117
3117
3112
3112
3115
3116
3115
3112
3112
3117
3115
3115
3115
3113
3114
3114
3113
3113
3114
3112
3112
3112
3111
3107
3108
3113
3111
3111
3110
3109
3110
3109
3108
3109
3107
3108
3108
3102
3102
3109
3108
3108
3105
3109
3110
3109
3111
3109
3106
3107
3106
3111
3108
3105
3106
3109
3109
3109
3109
3107
3108
3107
3105
3105
3105
3103
3104
3101
3101
3098
3096
3102
3101
3099
3096
3096
3101
3101
3093
3096
3100
3098
3098
3097
3099
3097
3097
3094
3093
3096
3102
3100
3102
3100
3101
3103
3102
3103
3104
3104
3103
3105
3105
3105
3105
3105
3102
3102
3107
3106
3106
3107
3106
3107
3108
3102
3105
3110
3107
3107
3102
3103
3107
3105
3104
3103
3097
3097
3098
3100
3099
3098
3096
3097
3096
3095
3096
3095
3095
3098
3099
3099
3101
3100
3099
3097
3096
3102
3101
3095
3096
3095
3098
3098
3093
3095
3099
3100
3100
3099
3097
3093
3093
3097
3095
3094
3094
3092
3088
3090
3093
3092
3091
3091
3088
3088
3088
3087
3086
3084
3085
3086
3086
3087
3086
3087
3086
3086
3083
3079
3082
3086
3084
3085
3086
3084
3087
3090
3083
3085
3090
3086
3087
3087
3086
3088
3088
3083
3085
3090
3087
3087
3087
3085
3086
3085
3083
3083
3084
3081
3081
3082
3081
3076
3080
3086
3086
3088
3082
3083
3087
3085
3085
3085
3084
3082
3083
3083
3082
3082
3083
3081
3080
3080
3081
3079
3075
3076
3079
3080
3079
3073
3074
3078
3076
3072
3073
3075
3075
3076
3077
3076
3072
3076
3080
3077
3079
3078
3077
3075
3077
3076
3072
3074
3074
3072
3073
3073
3066
3067
3070
3070
3071
3070
3068
3065
3066
3070
3070
3070
3069
3069
3069
3066
3068
3069
3069
3068
3069
3064
3064
3069
3068
3066
3062
3063
3067
3066
3067
3065
3065
3065
3065
3064
3064
3060
3059
3066
3065
3063
3064
3065
3066
3066
3067
3067
3064
3063
3061
3067
3066
3061
3061
3064
3065
3064
3059
3060
3064
3062
3061
3061
3061
3060
3059
3061
3062
3060
3061
3060
3060
3061
3059
3059
3055
3054
3059
3060
3058
3053
3052
3058
3058
3057
3057
3059
3053
3055
3060
3061
3062
3062
3060
3062
3062
3058
3058
3065
3063
3062
3061
3062
3062
3060
3055
3057
3063
3060
3059
3059
3060
3059
3058
3060
3060
3057
3057
3058
3062
3063
3062
3062
3062
3062
3064
3058
3059
3064
3064
3058
3061
3060
3063
3065
3064
3062
3063
3062
3060
3060
3060
3059
3058
3056
3056
3060
3061
3061
3062
3063
3065
3064
3062
3065
3065
3070
3069
3067
3069
3068
3067
3068
3066
3066
3062
3062
3069
3066
3066
3068
3067
3066
3067
3067
3066
3068
3067
3067
3067
3067
3063
3064
3067
3066
3065
3059
3060
3062
3061
3061
3059
3057
3058
3059
3068
3069
3065
3068
3077
3078
3082
3083
3088
3091
3097
3097
3102
3109
3116
3122
3125
3129
3141
3143
3147
3151
3158
3167
3172
3175
3181
3187
3193
3197
3196
3203
3213
3217
3221
3227
3229
3230
3234
3242
3246
3247
3251
3251
3255
3254
3257
3256
3255
